 #p(MeV) \t \delta f_\\nu \t \delta f_\\nubar
  2.0292581768960993E-02  9.9232431694007889E-02  2.1282279798106111E-06
  2.0494750693329830E-02  9.8985291723732063E-02  2.1093310574920975E-06
  2.0698933766240515E-02  9.8752181722848692E-02  2.0905826884298822E-06
  2.0905151054052724E-02  9.8541333326963826E-02  2.0719823675166138E-06
  2.1113422823041246E-02  9.8365136692024888E-02  2.0535296782991286E-06
  2.1323769541387736E-02  9.8147200118667371E-02  2.0352242689825209E-06
  2.1536211881192192E-02  9.7920264104924992E-02  2.0170658294721821E-06
  2.1750770720504572E-02  9.7643080319722672E-02  1.9990540844218046E-06
  2.1967467145376621E-02  9.7403309833236071E-02  1.9811887960244625E-06
  2.2186322451934089E-02  9.7160097154762454E-02  1.9634697258321202E-06
  2.2407358148469676E-02  9.6963287224553565E-02  1.9458965499782989E-06
  2.2630595957556766E-02  9.6749295234780416E-02  1.9284687694812252E-06
  2.2856057818184224E-02  9.6525593065918208E-02  1.9111856549190818E-06
  2.3083765887912548E-02  9.6288917351808972E-02  1.8940462370998090E-06
  2.3313742545051329E-02  9.6046853236545104E-02  1.8770493314368933E-06
  2.3546010390858633E-02  9.5794390483479153E-02  1.8601935782795861E-06
  2.3780592251762038E-02  9.5580815667356100E-02  1.8434774857294912E-06
  2.4017511181602013E-02  9.5347338870097081E-02  1.8268994668024233E-06
  2.4256790463897573E-02  9.5119265749327803E-02  1.8104578757905901E-06
  2.4498453614134434E-02  9.4905506215722496E-02  1.7941510344366262E-06
  2.4742524382076105E-02  9.4704215785436238E-02  1.7779772228614204E-06
  2.4989026754097848E-02  9.4471980963424684E-02  1.7619346749358888E-06
  2.5237984955544013E-02  9.4286129500865540E-02  1.7460216195487167E-06
  2.5489423453108860E-02  9.4069335633391288E-02  1.7302363556688522E-06
  2.5743366957240929E-02  9.3837433208010274E-02  1.7145773239081985E-06
  2.5999840424571655E-02  9.3604254573234166E-02  1.6990431466997453E-06
  2.6258869060367871E-02  9.3397709395008591E-02  1.6836326335123636E-06
  2.6520478321008945E-02  9.3171237611749322E-02  1.6683447624800057E-06
  2.6784693916488592E-02  9.2942049967455434E-02  1.6531786512507388E-06
  2.7051541812941449E-02  9.2731765183990081E-02  1.6381335269014223E-06
  2.7321048235195034E-02  9.2517708438557320E-02  1.6232086958410229E-06
  2.7593239669346948E-02  9.2298051097047265E-02  1.6084035133800011E-06
  2.7868142865367866E-02  9.2077488207645053E-02  1.5937173812329664E-06
  2.8145784839730452E-02  9.1852837485705996E-02  1.5791497685464279E-06
  2.8426192878064357E-02  9.1627591677772985E-02  1.5647002174181281E-06
  2.8709394537837867E-02  9.1394163878751530E-02  1.5503683172976810E-06
  2.8995417651066027E-02  9.1214593031707453E-02  1.5361536608879703E-06
  2.9284290327045940E-02  9.0988901201202760E-02  1.5220558035327798E-06
  2.9576040955119263E-02  9.0803530395047849E-02  1.5080742396210124E-06
  2.9870698207462139E-02  9.0600134253004699E-02  1.4942083960058144E-06
  3.0168291041903026E-02  9.0372779388929514E-02  1.4804576370226994E-06
  3.0468848704768604E-02  9.0141393301573544E-02  1.4668212748992294E-06
  3.0772400733757914E-02  8.9898010634776260E-02  1.4532985815882322E-06
  3.1078976960845318E-02  8.9678982678910321E-02  1.4398888014134456E-06
  3.1388607515212150E-02  8.9460247983526517E-02  1.4265911597066282E-06
  3.1701322826207835E-02  8.9245092450832550E-02  1.4134048720670009E-06
  3.2017153626340271E-02  8.9033404519860138E-02  1.4003291692744783E-06
  3.2336130954296112E-02  8.8847421403317833E-02  1.3873633373130783E-06
  3.2658286157991254E-02  8.8648297107438628E-02  1.3745067569282804E-06
  3.2983650897651429E-02  8.8462152500313709E-02  1.3617589271636876E-06
  3.3312257148923746E-02  8.8249412148346917E-02  1.3491194672076611E-06
  3.3644137206019151E-02  8.8034204617754741E-02  1.3365881015650506E-06
  3.3979323684886126E-02  8.7815266721556054E-02  1.3241646370644286E-06
  3.4317849526416137E-02  8.7600174989391752E-02  1.3118489387721262E-06
  3.4659747999680836E-02  8.7386549329727933E-02  1.2996409088135641E-06
  3.5005052705201760E-02  8.7168343176975471E-02  1.2875404702893463E-06
  3.5353797578252355E-02  8.6967821966405234E-02  1.2755475527581864E-06
  3.5706016892193035E-02  8.6763698474577836E-02  1.2636620627006198E-06
  3.6061745261839508E-02  8.6552532238955093E-02  1.2518838295255544E-06
  3.6421017646864493E-02  8.6342121623039600E-02  1.2402125396414253E-06
  3.6783869355233471E-02  8.6141695305146135E-02  1.2286476827881666E-06
  3.7150336046674684E-02  8.5953187109775578E-02  1.2171885286966142E-06
  3.7520453736183505E-02  8.5769989208993619E-02  1.2058341369483155E-06
  3.7894258797562023E-02  8.5576819368529053E-02  1.1945833901483371E-06
  3.8271787966993542E-02  8.5352662517449648E-02  1.1834350367016143E-06
  3.8653078346653075E-02  8.5115572816111471E-02  1.1723877326039774E-06
  3.9038167408353454E-02  8.4865366370232592E-02  1.1614400768678843E-06
  3.9427092997227950E-02  8.4647090707574799E-02  1.1505906393749818E-06
  3.9819893335449670E-02  8.4435604060215066E-02  1.1398379847937561E-06
  4.0216607025987720E-02  8.4248677450269566E-02  1.1291807075978923E-06
  4.0617273056401060E-02  8.4096092174157033E-02  1.1186174828614410E-06
  4.1021930802670102E-02  8.3915943061990669E-02  1.1081471174168964E-06
  4.1430620033066287E-02  8.3723077632775367E-02  1.0977685831143202E-06
  4.1843380912060538E-02  8.3517012514320615E-02  1.0874810230425133E-06
  4.2260254004270310E-02  8.3316976607119037E-02  1.0772837337363980E-06
  4.2681280278446296E-02  8.3098958318027494E-02  1.0671761333478305E-06
  4.3106501111498545E-02  8.2899051013936506E-02  1.0571577267385970E-06
  4.3535958292562862E-02  8.2677043142171697E-02  1.0472280747254893E-06
  4.3969694027107833E-02  8.2500470522962568E-02  1.0373867703099561E-06
  4.4407750941082381E-02  8.2294227692558411E-02  1.0276334212282306E-06
  4.4850172085105063E-02  8.2099595001163525E-02  1.0179676350193931E-06
  4.5297000938694904E-02  8.1896782842765734E-02  1.0083889948309648E-06
  4.5748281414544310E-02  8.1702111653013484E-02  9.9889702423155433E-07
  4.6204057862834803E-02  8.1506939731830139E-02  9.8949116044468883E-07
  4.6664375075595385E-02  8.1304122733220768E-02  9.8017075179637449E-07
  4.7129278291104769E-02  8.1097759803180153E-02  9.7093508029169536E-07
  4.7598813198337038E-02  8.0899430533930533E-02  9.6178339793146844E-07
  4.8073025941451845E-02  8.0697764928464921E-02  9.5271496226274937E-07
  4.8551963124329398E-02  8.0506683542430166E-02  9.4372906193247817E-07
  4.9035671815150346E-02  8.0307587154565166E-02  9.3482502987778319E-07
  4.9524199551021546E-02  8.0106180381215086E-02  9.2600224625327026E-07
  5.0017594342647922E-02  7.9916765723373709E-02  9.1726013517471982E-07
  5.0515904679050587E-02  7.9736133072428036E-02  9.0859816006912834E-07
  5.1019179532332370E-02  7.9556650898224404E-02  9.0001582653758945E-07
  5.1527468362490420E-02  7.9365575838723182E-02  8.9151269528230915E-07
  5.2040821122277155E-02  7.9173252797162558E-02  8.8308838653446749E-07
  5.2559288262109233E-02  7.8965164227534315E-02  8.7474256008951590E-07
  5.3082920735025754E-02  7.8757410433588207E-02  8.6647487219981073E-07
  5.3611770001695778E-02  7.8546693736854495E-02  8.5828492319409469E-07
  5.4145888035475535E-02  7.8361979914969432E-02  8.5017221446866400E-07
  5.4685327327516270E-02  7.8166103962038935E-02  8.4213612587694837E-07
  5.5230140891922956E-02  7.7995852217626976E-02  8.3417591367153340E-07
  5.5780382270964129E-02  7.7805172379430992E-02  8.2629072346167652E-07
  5.6336105540334053E-02  7.7617217519227052E-02  8.1847961101780095E-07
  5.6897365314466840E-02  7.7457107248031218E-02  8.1074156462376674E-07
  5.7464216751903996E-02  7.7279955354851576E-02  8.0307552174803504E-07
  5.8036715560715005E-02  7.7082712691130553E-02  7.9548037587769979E-07
  5.8614918003972186E-02  7.6885581776425821E-02  7.8795498744888934E-07
  5.9198880905280103E-02  7.6686663382537393E-02  7.8049821503156698E-07
  5.9788661654359830E-02  7.6484119792451594E-02  7.7310896748536299E-07
  6.0384318212689060E-02  7.6271207669509400E-02  7.6578626506625987E-07
  6.0985909119198441E-02  7.6091606499082962E-02  7.5852929046238202E-07
  6.1593493496024401E-02  7.5909629471046167E-02  7.5133741504469316E-07
  6.2207131054319541E-02  7.5727628650850337E-02  7.4421019916687602E-07
  6.2826882100120870E-02  7.5541047981122364E-02  7.3714737284804251E-07
  6.3452807540276407E-02  7.5349037386886822E-02  7.3014880573225629E-07
  6.4084968888430849E-02  7.5154576865533326E-02  7.2321447413252329E-07
  6.4723428271070901E-02  7.4951014079591718E-02  7.1634443198017080E-07
  6.5368248433631038E-02  7.4772512873923544E-02  7.0953879242774629E-07
  6.6019492746659553E-02  7.4587176983275397E-02  7.0279771513179435E-07
  6.6677225212046651E-02  7.4420882401313129E-02  6.9612138556010420E-07
  6.7341510469314247E-02  7.4270162491370570E-02  6.8950997977988061E-07
  6.8012413801968472E-02  7.4102361660504407E-02  6.8296361817224247E-07
  6.8690001143915422E-02  7.3918783405202346E-02  6.7648231936146520E-07
  6.9374339085941122E-02  7.3722710101464389E-02  6.7006596898465659E-07
  7.0065494882255636E-02  7.3524071289291282E-02  6.6371430820144796E-07
  7.0763536457102580E-02  7.3330083299188956E-02  6.5742693977293391E-07
  7.1468532411434485E-02  7.3133034224538693E-02  6.5120334606715539E-07
  7.2180552029654746E-02  7.2952551945519917E-02  6.4504291261665458E-07
  7.2899665286426496E-02  7.2770392834373879E-02  6.3894495171928189E-07
  7.3625942853549425E-02  7.2590456855828919E-02  6.3290871895910491E-07
  7.4359456106905447E-02  7.2411781659676613E-02  6.2693341922286218E-07
  7.5100277133472879E-02  7.2226749709926374E-02  6.2101820938371275E-07
  7.5848478738411010E-02  7.2051198604976899E-02  6.1516220651282389E-07
  7.6604134452215311E-02  7.1877418318618477E-02  6.0936450610234703E-07
  7.7367318537943569E-02  7.1709717778635315E-02  6.0362420859016393E-07
  7.8138105998514090E-02  7.1527476992725492E-02  5.9794044577897024E-07
  7.8916572584076888E-02  7.1340291773246994E-02  5.9231240061549280E-07
  7.9702794799458174E-02  7.1171506766666490E-02  5.8673931798712313E-07
  8.0496849911678714E-02  7.0989700255696245E-02  5.8122050666997754E-07
  8.1298815957547510E-02  7.0788877664749519E-02  5.7575533485716243E-07
  8.2108771751331106E-02  7.0604862898592038E-02  5.7034322224363764E-07
  8.2926796892498905E-02  7.0434752140507165E-02  5.6498363280058104E-07
  8.3752971773545945E-02  7.0258626168591159E-02  5.5967607324419816E-07
  8.4587377587893808E-02  7.0084707829281820E-02  5.5442009556141226E-07
  8.5430096337869840E-02  6.9897317502514350E-02  5.4921529744339293E-07
  8.6281210842765965E-02  6.9735162203838325E-02  5.4406131535833122E-07
  8.7140804746977940E-02  6.9576501691063400E-02  5.3895780927879179E-07
  8.8008962528225779E-02  6.9395958186381917E-02  5.3390444327215942E-07
  8.8885769505855611E-02  6.9226034017740204E-02  5.2890086763417558E-07
  8.9771311849224683E-02  6.9045153080729615E-02  5.2394670593167990E-07
  9.0665676586169960E-02  6.8856418323217636E-02  5.1904154864995239E-07
  9.1568951611560562E-02  6.8663504187197452E-02  5.1418495272151551E-07
  9.2481225695935879E-02  6.8489842552734229E-02  5.0937644493860541E-07
  9.3402588494229805E-02  6.8309030146629993E-02  5.0461552725415690E-07
  9.4333130554581479E-02  6.8126718073794307E-02  4.9990168131709613E-07
  9.5272943327233975E-02  6.7966462792504470E-02  4.9523437216579113E-07
  9.6222119173521845E-02  6.7806728452970769E-02  4.9061305396889032E-07
  9.7180751374948082E-02  6.7641104638135302E-02  4.8603718088434429E-07
  9.8148934142351291E-02  6.7461820148076626E-02  4.8150622350864200E-07
  9.9126762625164497E-02  6.7278293590381802E-02  4.7701968749738949E-07
  1.0011433292076621E-01  6.7109354571073407E-02  4.7257712898783833E-07
  1.0111174208392425E-01  6.6941478293542925E-02  4.6817816378827973E-07
  1.0211908813633401E-01  6.6757560168428612E-02  4.6382246911156000E-07
  1.0313647007625190E-01  6.6590142815841649E-02  4.5950977889328926E-07
  1.0416398788822440E-01  6.6414342084279973E-02  4.5523987525605643E-07
  1.0520174255291379E-01  6.6241018443059740E-02  4.5101257832307244E-07
  1.0624983605702279E-01  6.6067551948048447E-02  4.4682773620680927E-07
  1.0730837140331716E-01  6.5890843255323961E-02  4.4268521674966758E-07
  1.0837745262074822E-01  6.5725432511613474E-02  4.3858490198012590E-07
  1.0945718477467670E-01  6.5556249305896805E-02  4.3452668503764750E-07
  1.1054767397719827E-01  6.5398518160297250E-02  4.3051046782972453E-07
  1.1164902739757140E-01  6.5235531852322906E-02  4.2653615817720580E-07
  1.1276135327275001E-01  6.5072585090390433E-02  4.2260366730003527E-07
  1.1388476091802040E-01  6.4911905108317153E-02  4.1871290755413264E-07
  1.1501936073774449E-01  6.4754437297247752E-02  4.1486379030087482E-07
  1.1616526423620953E-01  6.4579130045318137E-02  4.1105622423676910E-07
  1.1732258402858690E-01  6.4403832738975153E-02  4.0729011414510837E-07
  1.1849143385199933E-01  6.4228301708400951E-02  4.0356535997582617E-07
  1.1967192857669826E-01  6.4040030585553478E-02  3.9988185620625540E-07
  1.2086418421735313E-01  6.3835131820977928E-02  3.9623949447947435E-07
  1.2206831794445308E-01  6.3668582712663221E-02  3.9263817912509672E-07
  1.2328444809582154E-01  6.3498784479715312E-02  3.8907786470018244E-07
  1.2451269418824633E-01  6.3331884564961277E-02  3.8555861663882381E-07
  1.2575317692922539E-01  6.3195323368439818E-02  3.8208068584074107E-07
  1.2700601822882945E-01  6.3035072255215929E-02  3.7864458009424073E-07
  1.2827134121168246E-01  6.2884415464209781E-02  3.7525111448822703E-07
  1.2954927022906251E-01  6.2716748739160152E-02  3.7190142919281263E-07
  1.3083993087112231E-01  6.2557153433162621E-02  3.6859697307364945E-07
  1.3214344997923141E-01  6.2379922136360608E-02  3.6533946077537763E-07
  1.3345995565844226E-01  6.2212032605118164E-02  3.6213081537107059E-07
  1.3478957729007962E-01  6.2040546860899902E-02  3.5897310824783151E-07
  1.3613244554445553E-01  6.1871335559833623E-02  3.5586850412179936E-07
  1.3748869239371142E-01  6.1706514487532491E-02  3.5281920897264655E-07
  1.3885845112478767E-01  6.1547488512242982E-02  3.4982741701021030E-07
  1.4024185635252276E-01  6.1375367038387453E-02  3.4689525357573153E-07
  1.4163904403288213E-01  6.1221842458000227E-02  3.4402471295767194E-07
  1.4305015147632022E-01  6.1059567384761794E-02  3.4121759666571331E-07
  1.4447531736127442E-01  6.0897907354304386E-02  3.3847546812488042E-07
  1.4591468174779385E-01  6.0737649368673881E-02  3.3579962924969309E-07
  1.4736838609130390E-01  6.0582191010905659E-02  3.3319112135615361E-07
  1.4883657325650834E-01  6.0417055350460762E-02  3.3065074797601751E-07
  1.5031938753142909E-01  6.0262646966458396E-02  3.2817911226587694E-07
  1.5181697464158644E-01  6.0111956337682293E-02  3.2577666019259031E-07
  1.5332948176432062E-01  5.9939190017102482E-02  3.2344372321289516E-07
  1.5485705754325577E-01  5.9788988814673767E-02  3.2118056978355330E-07
  1.5639985210290755E-01  5.9629827315903508E-02  3.1898748867246615E-07
  1.5795801706343771E-01  5.9475939596928262E-02  3.1686492068917369E-07
  1.5953170555555435E-01  5.9324730052538834E-02  3.1481364002821193E-07
  1.6112107223556080E-01  5.9168019018788959E-02  3.1283496808216368E-07
  1.6272627330055484E-01  5.9017339732332343E-02  3.1093097898399674E-07
  1.6434746650377963E-01  5.8872441105549303E-02  3.0910465599668539E-07
  1.6598481117012634E-01  5.8711580088071653E-02  3.0735997033298069E-07
  1.6763846821179243E-01  5.8558179268941843E-02  3.0570187318644895E-07
  1.6930860014409566E-01  5.8396988593948755E-02  3.0413621475048856E-07
  1.7099537110144536E-01  5.8230561798579938E-02  3.0266961860770764E-07
  1.7269894685347240E-01  5.8081334474627787E-02  3.0130934386215586E-07
  1.7441949482132141E-01  5.7930113654036747E-02  3.0006315396517705E-07
  1.7615718409410377E-01  5.7766019865606213E-02  2.9893918517757459E-07
  1.7791218544551496E-01  5.7626246748560352E-02  2.9794580893306950E-07
  1.7968467135061764E-01  5.7479695030350435E-02  2.9709147795259875E-07
  1.8147481600279231E-01  5.7339005821169034E-02  2.9638454621570359E-07
  1.8328279533085570E-01  5.7201961848284064E-02  2.9583308994992898E-07
  1.8510878701635072E-01  5.7067255764924905E-02  2.9544476873063076E-07
  1.8695297051100873E-01  5.6933427649081082E-02  2.9522674284978572E-07
  1.8881552705438470E-01  5.6809936878130067E-02  2.9518566503068698E-07
  1.9069663969166903E-01  5.6687733701073280E-02  2.9532774756879471E-07
  1.9259649329167691E-01  5.6547187290639962E-02  2.9565888901790859E-07
  1.9451527456501619E-01  5.6428290083356668E-02  2.9618483554683654E-07
  1.9645317208243651E-01  5.6298876968820744E-02  2.9691134755840149E-07
  1.9841037629336150E-01  5.6172772227549642E-02  2.9784434855700433E-07
  2.0038707954460577E-01  5.6043262607376514E-02  2.9899002703323688E-07
  2.0238347609927740E-01  5.5911739716921594E-02  3.0035487605202155E-07
  2.0439976215586969E-01  5.5770561106300388E-02  3.0194567592054710E-07
  2.0643613586754317E-01  5.5649503717176793E-02  3.0376943284816191E-07
  2.0849279736159906E-01  5.5514297755508486E-02  3.0583327630909355E-07
  2.1056994875914647E-01  5.5398472324394793E-02  3.0814435567996970E-07
  2.1266779419496729E-01  5.5272530593706966E-02  3.1070976881592811E-07
  2.1478653983757726E-01  5.5142014057673931E-02  3.1353654165720597E-07
  2.1692639390948665E-01  5.5034511247559412E-02  3.1663166291225622E-07
  2.1908756670766505E-01  5.4918970549049081E-02  3.2000216336798586E-07
  2.2127027062420790E-01  5.4816918416794702E-02  3.2365521872011363E-07
  2.2347472016720885E-01  5.4709276829272790E-02  3.2759824987059179E-07
  2.2570113198184225E-01  5.4594109993405866E-02  3.3183898004149306E-07
  2.2794972487165358E-01  5.4488266843493463E-02  3.3638540575509569E-07
  2.3022071982006159E-01  5.4371920230123841E-02  3.4124565648269674E-07
  2.3251434001207855E-01  5.4253507026364604E-02  3.4642773845006462E-07
  2.3483081085624072E-01  5.4130584612365869E-02  3.5193915286335719E-07
  2.3717036000676223E-01  5.4017095167679260E-02  3.5778643206126595E-07
  2.3953321738590952E-01  5.3898478375922106E-02  3.6397466361891069E-07
  2.4191961520659419E-01  5.3774126447231681E-02  3.7050707252475281E-07
  2.4432978799519656E-01  5.3657072067593924E-02  3.7738471646265254E-07
  2.4676397261461311E-01  5.3545662334409716E-02  3.8460631449151667E-07
  2.4922240828753386E-01  5.3417479397491585E-02  3.9216818585397018E-07
  2.5170533661995370E-01  5.3308456158674557E-02  4.0006425820238421E-07
  2.5421300162491578E-01  5.3190759023950845E-02  4.0828611961189021E-07
  2.5674564974649150E-01  5.3070749499723416E-02  4.1682307303457062E-07
  2.5930352988400152E-01  5.2935404666812333E-02  4.2566219818474799E-07
  2.6188689341647620E-01  5.2820075486399401E-02  4.3478847563808984E-07
  2.6449599422735903E-01  5.2696957179733050E-02  4.4418495203383030E-07
  2.6713108872945929E-01  5.2580596049907009E-02  4.5383292177655270E-07
  2.6979243589015034E-01  5.2456631781083847E-02  4.6371213977006613E-07
  2.7248029725681910E-01  5.2338961667624716E-02  4.7380102126123551E-07
  2.7519493698257197E-01  5.2217886064110541E-02  4.8407677571807354E-07
  2.7793662185219353E-01  5.2094953077594132E-02  4.9451543399725484E-07
  2.8070562130836452E-01  5.1976586162963689E-02  5.0509175888201414E-07
  2.8350220747814425E-01  5.1846487969437763E-02  5.1577906998228112E-07
  2.8632665519971107E-01  5.1733594626927178E-02  5.2654902525318050E-07
  2.8917924204937384E-01  5.1609179767865165E-02  5.3737144354094964E-07
  2.9206024836885280E-01  5.1481661590000033E-02  5.4821424013677325E-07
  2.9496995729282710E-01  5.1356063986239535E-02  5.5904351634403509E-07
  2.9790865477676304E-01  5.1228194697963601E-02  5.6982384759604314E-07
  3.0087662962501582E-01  5.1094477952254011E-02  5.8051882567153226E-07
  3.0387417351921109E-01  5.0967041270417714E-02  5.9109179710551144E-07
  3.0690158104691234E-01  5.0839607748130566E-02  6.0150670396277412E-07
  3.0995914973057076E-01  5.0717508067639784E-02  6.1172889124445041E-07
  3.1304718005676391E-01  5.0592584832672309E-02  6.2172573397021915E-07
  3.1616597550572817E-01  5.0464549493339256E-02  6.3146698156929845E-07
  3.1931584258118284E-01  5.0330799762652881E-02  6.4092481338151961E-07
  3.2249709084045092E-01  5.0207778897796998E-02  6.5007364728949092E-07
  3.2571003292488382E-01  5.0082430082761240E-02  6.5888983042106771E-07
  3.2895498459058492E-01  4.9962656969303527E-02  6.6735135827076531E-07
  3.3223226473944040E-01  4.9834573668873366E-02  6.7543767968374269E-07
  3.3554219545046160E-01  4.9708602254795384E-02  6.8312957795800073E-07
  3.3888510201143657E-01  4.9584713353114949E-02  6.9040927715318239E-07
  3.4226131295089723E-01  4.9460852703381387E-02  6.9726072070503963E-07
  3.4567116007040921E-01  4.9330562860100284E-02  7.0366994274504642E-07
  3.4911497847717593E-01  4.9214254229444289E-02  7.0962546841047186E-07
  3.5259310661697368E-01  4.9096670506174306E-02  7.1511865541430208E-07
  3.5610588630741491E-01  4.8975783368657107E-02  7.2014389597314343E-07
  3.5965366277153632E-01  4.8849412717334388E-02  7.2469863963327207E-07
  3.6323678467172971E-01  4.8718230398257727E-02  7.2878324150802484E-07
  3.6685560414400642E-01  4.8588761774239715E-02  7.3240067647566478E-07
  3.7051047683260208E-01  4.8457033833155617E-02  7.3555621191038950E-07
  3.7420176192493093E-01  4.8330565076930801E-02  7.3825708937192504E-07
  3.7792982218688370E-01  4.8203116443984763E-02  7.4051219340757067E-07
  3.8169502399847832E-01  4.8072026356007484E-02  7.4233177684060168E-07
  3.8549773738986842E-01  4.7941339133280830E-02  7.4372725674587292E-07
  3.8933833607770729E-01  4.7816267750564918E-02  7.4471102246382381E-07
  3.9321719750187434E-01  4.7699656008859809E-02  7.4529625118178517E-07
  3.9713470286257097E-01  4.7573756770711580E-02  7.4549673510014821E-07
  4.0109123715778200E-01  4.7447730697950531E-02  7.4532673258233290E-07
  4.0508718922111092E-01  4.7323305461064703E-02  7.4480085742049784E-07
  4.0912295175999547E-01  4.7212503553777034E-02  7.4393400920508849E-07
  4.1319892139429998E-01  4.7090324076914644E-02  7.4274133818974621E-07
  4.1731549869529239E-01  4.6971344443513682E-02  7.4123822026381565E-07
  4.2147308822501522E-01  4.6853670815806076E-02  7.3944022021401956E-07
  4.2567209857603922E-01  4.6728301907710913E-02  7.3736303204529654E-07
  4.2991294241162065E-01  4.6611494858905513E-02  7.3502238574217699E-07
  4.3419603650625910E-01  4.6486390087425798E-02  7.3243391318998870E-07
  4.3852180178665068E-01  4.6367164982359009E-02  7.2961299223049840E-07
  4.4289066337306016E-01  4.6236366339994041E-02  7.2657458783133583E-07
  4.4730305062109843E-01  4.6115683588328411E-02  7.2333311409959199E-07
  4.5175939716391650E-01  4.5988526711194050E-02  7.1990234122789559E-07
  4.5626014095482431E-01  4.5860582281665417E-02  7.1629536410192151E-07
  4.6080572431032940E-01  4.5735529382249063E-02  7.1252463352321326E-07
  4.6539659395360533E-01  4.5606502343510998E-02  7.0860204203171204E-07
  4.7003320105839630E-01  4.5492414192714013E-02  7.0453903288708111E-07
  4.7471600129335573E-01  4.5367518153474756E-02  7.0034669714879910E-07
  4.7944545486682588E-01  4.5260002552901565E-02  6.9603584383205051E-07
  4.8422202657206892E-01  4.5140604943214091E-02  6.9161703928389225E-07
  4.8904618583294307E-01  4.5025070216976479E-02  6.8710058612781363E-07
  4.9391840675003468E-01  4.4917959539265667E-02  6.8249645635031460E-07
  4.9883916814725404E-01  4.4796047699648935E-02  6.7781419255341005E-07
  5.0380895361889066E-01  4.4671308647070092E-02  6.7306279035995711E-07
  5.0882825157713818E-01  4.4549136774602961E-02  6.6825058332961791E-07
  5.1389755530009606E-01  4.4424790534958424E-02  6.6338515696523112E-07
  5.1901736298024614E-01  4.4302698594740356E-02  6.5847331190756265E-07
  5.2418817777341098E-01  4.4172816844898710E-02  6.5352108861241130E-07
  5.2941050784820776E-01  4.4051849408988819E-02  6.4853385252162025E-07
  5.3468486643598245E-01  4.3936352500400622E-02  6.4351641056868742E-07
  5.4001177188125127E-01  4.3820099203012719E-02  6.3847313564688294E-07
  5.4539174769264542E-01  4.3703698202555173E-02  6.3340810579175411E-07
  5.5082532259435213E-01  4.3582266244846485E-02  6.2832520767954896E-07
  5.5631303057808168E-01  4.3477864474492596E-02  6.2322819953909129E-07
  5.6185541095554425E-01  4.3368256666132983E-02  6.1812076469891505E-07
  5.6745300841144963E-01  4.3252739998562287E-02  6.1300656078953177E-07
  5.7310637305704015E-01  4.3132524942635815E-02  6.0788927003571713E-07
  5.7881606048415202E-01  4.3012158608894499E-02  6.0277265081113693E-07
  5.8458263181981474E-01  4.2892984857514839E-02  5.9766057951593248E-07
  5.9040665378140078E-01  4.2765257029738227E-02  5.9255706719766113E-07
  5.9628869873231838E-01  4.2652214231018129E-02  5.8746623796576612E-07
  6.0222934473825884E-01  4.2527282705543845E-02  5.8239228068109207E-07
  6.0822917562401180E-01  4.2409862676720603E-02  5.7733939066273839E-07
  6.1428878103083784E-01  4.2285777734935560E-02  5.7231169747133845E-07
  6.2040875647441596E-01  4.2174195439629789E-02  5.6731319056684678E-07
  6.2658970340337139E-01  4.2054415030413614E-02  5.6234766605111643E-07
  6.3283222925838190E-01  4.1939900431570948E-02  5.5741867399023321E-07
  6.3913694753187311E-01  4.1826331142748578E-02  5.5252946148077922E-07
  6.4550447782831621E-01  4.1713303823361435E-02  5.4768291279976938E-07
  6.5193544592511277E-01  4.1604866210874267E-02  5.4288149459868513E-07
  6.5843048383409775E-01  4.1487073377941011E-02  5.3812722331777929E-07
  6.6499022986365464E-01  4.1373319174606363E-02  5.3342167101699942E-07
  6.7161532868143803E-01  4.1260520934931835E-02  5.2876600975986465E-07
  6.7830643137773605E-01  4.1139026008516613E-02  5.2416107334271401E-07
  6.8506419552945486E-01  4.1022649916992594E-02  5.1960742409882588E-07
  6.9188928526474081E-01  4.0894014947856938E-02  5.1510542657036831E-07
  6.9878237132825216E-01  4.0776855978210992E-02  5.1065532740989670E-07
  7.0574413114707579E-01  4.0666343982363760E-02  5.0625730277612024E-07
  7.1277524889730004E-01  4.0553357353741423E-02  5.0191148484992901E-07
  7.1987641557125692E-01  4.0437573217146507E-02  4.9761797596479116E-07
  7.2704832904542860E-01  4.0310645309647834E-02  4.9337685186958594E-07
  7.3429169414902984E-01  4.0201076149594506E-02  4.8918815425687357E-07
  7.4160722273328039E-01  4.0085608359798984E-02  4.8505187497073728E-07
  7.4899563374136047E-01  3.9974761279598585E-02  4.8096794393061784E-07
  7.5645765327906433E-01  3.9858911223112518E-02  4.7693623150394465E-07
  7.6399401468616313E-01  3.9745383558995845E-02  4.7295656159793034E-07
  7.7160545860847329E-01  3.9620981524951013E-02  4.6902871761657012E-07
  7.7929273307064062E-01  3.9517699562330595E-02  4.6515244225919073E-07
  7.8705659354966218E-01  3.9405132772018042E-02  4.6132744188350280E-07
  7.9489780304912216E-01  3.9292095907793159E-02  4.5755339271210943E-07
  8.0281713217418094E-01  3.9167677796587475E-02  4.5382994934056056E-07
  8.1081535920731251E-01  3.9062630220084216E-02  4.5015675787698773E-07
  8.1889327018478097E-01  3.8937473108538706E-02  4.4653347064993114E-07
  8.2705165897389787E-01  3.8829386917186237E-02  4.4295975815950495E-07
  8.3529132735103739E-01  3.8714301910413147E-02  4.3943531418373544E-07
  8.4361308508042931E-01  3.8593463054891620E-02  4.3595984788182125E-07
  8.5201774999374524E-01  3.8474298529188405E-02  4.3253306985947346E-07
  8.6050614807046855E-01  3.8350279341139930E-02  4.2915469443666654E-07
  8.6907911351906741E-01  3.8242842615875433E-02  4.2582445021825581E-07
  8.7773748885898162E-01  3.8126236209436649E-02  4.2254207831741257E-07
  8.8648212500342038E-01  3.8007626428202219E-02  4.1930732124496583E-07
  8.9531388134298395E-01  3.7888789040820776E-02  4.1611991435068636E-07
  9.0423362583012712E-01  3.7774877518186811E-02  4.1297958285226407E-07
  9.1324223506445523E-01  3.7652182037387377E-02  4.0988603762144287E-07
  9.2234059437887073E-01  3.7546355845315536E-02  4.0683896989544456E-07
  9.3152959792658596E-01  3.7426178863338995E-02  4.0383804827933289E-07
  9.4081014876899383E-01  3.7315133581235192E-02  4.0088291935887492E-07
  9.5018315896441474E-01  3.7195836183280831E-02  3.9797320515164197E-07
  9.5964954965773985E-01  3.7078724357691356E-02  3.9510848879265901E-07
  9.6921025117094561E-01  3.6966585906509218E-02  3.9228829754749991E-07
  9.7886620309452788E-01  3.6851666759195718E-02  3.8951210749302804E-07
  9.8861835437984813E-01  3.6734156709368235E-02  3.8677936662084752E-07
  9.9846766343237925E-01  3.6616505895262295E-02  3.8408950546511627E-07
  1.0084150982059050E+00  3.6490115345570034E-02  3.8144194227800522E-07
  1.0184616362976442E+00  3.6372884177672891E-02  3.7883608523771462E-07
  1.0286082650443200E+00  3.6265865646035227E-02  3.7627133464411190E-07
  1.0388559816192005E+00  3.6138531140354938E-02  3.7374708990004000E-07
  1.0492057931300918E+00  3.6025938295015880E-02  3.7126276079712324E-07
  1.0596587167183118E+00  3.5911188878612700E-02  3.6881777711805302E-07
  1.0702157796586556E+00  3.5794882290323779E-02  3.6641159379376047E-07
  1.0808780194603502E+00  3.5669400351411432E-02  3.6404369316034172E-07
  1.0916464839690134E+00  3.5559859073508247E-02  3.6171357041395671E-07
  1.1025222314696395E+00  3.5438709633903963E-02  3.5942070702182766E-07
  1.1135063307905992E+00  3.5319207115122132E-02  3.5716457025332184E-07
  1.1245998614086770E+00  3.5200289392357961E-02  3.5494462408030139E-07
  1.1358039135551656E+00  3.5081017387627006E-02  3.5276033048715355E-07
  1.1471195883230063E+00  3.4965699755285878E-02  3.5061115027739538E-07
  1.1585479977749951E+00  3.4843481960485825E-02  3.4849654754416393E-07
  1.1700902650530858E+00  3.4726864742143197E-02  3.4641599124604916E-07
  1.1817475244887516E+00  3.4603605743184995E-02  3.4436895122761878E-07
  1.1935209217144720E+00  3.4486178775525830E-02  3.4235489660103241E-07
  1.2054116137763273E+00  3.4364909309130116E-02  3.4037330583967090E-07
  1.2174207692476928E+00  3.4243944773209620E-02  3.3842368285777380E-07
  1.2295495683440969E+00  3.4122836695215056E-02  3.3650556357621167E-07
  1.2417992030392011E+00  3.4002488488350920E-02  3.3461850292888458E-07
  1.2541708771819418E+00  3.3883397843878199E-02  3.3276205166276485E-07
  1.2666658066148448E+00  3.3764609385657701E-02  3.3093575827069446E-07
  1.2792852192935122E+00  3.3633415641884039E-02  3.2913918114492298E-07
  1.2920303554072967E+00  3.3519610729907050E-02  3.2737188391977656E-07
  1.3049024675011904E+00  3.3400910598863555E-02  3.2563343024228794E-07
  1.3179028205989163E+00  3.3266978048483505E-02  3.2392338341199603E-07
  1.3310326923272475E+00  3.3141289103893648E-02  3.2224131159914722E-07
  1.3442933730415736E+00  3.3024357025580306E-02  3.2058679491603940E-07
  1.3576861659527095E+00  3.2899094457178021E-02  3.1895942562898975E-07
  1.3712123872549657E+00  3.2767207296380822E-02  3.1735880445578682E-07
  1.3848733662555073E+00  3.2649548746200421E-02  3.1578454727422407E-07
  1.3986704455049888E+00  3.2522979041189157E-02  3.1423629619469206E-07
  1.4126049809294905E+00  3.2401499288690884E-02  3.1271370053804478E-07
  1.4266783419637881E+00  3.2277984518369968E-02  3.1121639106017548E-07
  1.4408919116859182E+00  3.2151713084289719E-02  3.0974398708273053E-07
  1.4552470869531100E+00  3.2022102546585419E-02  3.0829610489960196E-07
  1.4697452785390726E+00  3.1900366743786476E-02  3.0687235819022314E-07
  1.4843879112726217E+00  3.1775818215915484E-02  3.0547235707636624E-07
  1.4991764241777217E+00  3.1659436762884081E-02  3.0409570651588379E-07
  1.5141122706149031E+00  3.1531639354951187E-02  3.0274200458220062E-07
  1.5291969184240877E+00  3.1410466833849009E-02  3.0141084571871856E-07
  1.5444318500688525E+00  3.1283013117213258E-02  3.0010183115556953E-07
  1.5598185627821159E+00  3.1156069941752663E-02  2.9881457991345383E-07
  1.5753585687132754E+00  3.1031035412890796E-02  2.9754873836187867E-07
  1.5910533950768253E+00  3.0891464521642351E-02  2.9630398389921115E-07
  1.6069045843024412E+00  3.0769942388443664E-02  2.9508000693043889E-07
  1.6229136941865601E+00  3.0637629829065365E-02  2.9387648946167494E-07
  1.6390822980454831E+00  3.0508392377445813E-02  2.9269311033860636E-07
  1.6554119848699924E+00  3.0374920722022240E-02  2.9152955216773495E-07
  1.6719043594815037E+00  3.0246147664430293E-02  2.9038549738138153E-07
  1.6885610426897950E+00  3.0114599232091220E-02  2.8926062516818440E-07
  1.7053836714522868E+00  2.9983913577420179E-02  2.8815461068145028E-07
  1.7223738990349116E+00  2.9853617115485089E-02  2.8706712358430496E-07
  1.7395333951746015E+00  2.9724393105282611E-02  2.8599782456496895E-07
  1.7568638462433788E+00  2.9594656107188810E-02  2.8494636053736284E-07
  1.7743669554140784E+00  2.9461895939101691E-02  2.8391236561315879E-07
  1.7920444428277491E+00  2.9332472616569020E-02  2.8289547865067216E-07
  1.8098980457626803E+00  2.9199342732269568E-02  2.8189535658066236E-07
  1.8279295188051459E+00  2.9066683046747848E-02  2.8091164812977136E-07
  1.8461406340218482E+00  2.8931966293041858E-02  2.7994398638452777E-07
  1.8645331811340482E+00  2.8800167466980480E-02  2.7899200815561670E-07
  1.8831089676934711E+00  2.8663836920186675E-02  2.7805536261214229E-07
  1.9018698192599408E+00  2.8530053365936822E-02  2.7713371664080925E-07
  1.9208175795807807E+00  2.8396203051795438E-02  2.7622676268699283E-07
  1.9399541107720242E+00  2.8260679282925198E-02  2.7533422866138461E-07
  1.9592812935014099E+00  2.8122523088516465E-02  2.7445589037655199E-07
  1.9788010271731999E+00  2.7983622223671036E-02  2.7359158957467426E-07
  1.9985152301148605E+00  2.7849806832065564E-02  2.7274125565911429E-07
  2.0184258397655799E+00  2.7713735884162059E-02  2.7190491536118081E-07
  2.0385348128666672E+00  2.7576558458991863E-02  2.7108270062244144E-07
  2.0588441256538674E+00  2.7440054916911150E-02  2.7027484515099421E-07
  2.0793557740515678E+00  2.7303363151549579E-02  2.6948164608837200E-07
  2.1000717738689576E+00  2.7166237517850730E-02  2.6870342529482739E-07
  2.1209941609981220E+00  2.7027407262556039E-02  2.6794051418094478E-07
  2.1421249916141374E+00  2.6890894066279189E-02  2.6719324093443923E-07
  2.1634663423771374E+00  2.6753740382091683E-02  2.6646191540762177E-07
  2.1850203106363941E+00  2.6619249030841625E-02  2.6574681512065624E-07
  2.2067890146364477E+00  2.6482586272359918E-02  2.6504817141276105E-07
  2.2287745937252774E+00  2.6344216678459511E-02  2.6436615317096576E-07
  2.2509792085645399E+00  2.6204901410690526E-02  2.6370084944530107E-07
  2.2734050413419222E+00  2.6066292599826655E-02  2.6305226332898026E-07
  2.2960542959855963E+00  2.5928451447270129E-02  2.6242032182235410E-07
  2.3189291983808102E+00  2.5789043496677409E-02  2.6180489186630060E-07
  2.3420319965886365E+00  2.5649772331961970E-02  2.6120578848019369E-07
  2.3653649610669132E+00  2.5513671164861099E-02  2.6062277553962629E-07
  2.3889303848933734E+00  2.5376270100993747E-02  2.6005558710315590E-07
  2.4127305839909883E+00  2.5237362035537336E-02  2.5950395458626815E-07
  2.4367678973555860E+00  2.5099338509108327E-02  2.5896761983745003E-07
  2.4610446872857095E+00  2.4966790558322394E-02  2.5844633896849016E-07
  2.4855633396147692E+00  2.4833260779908391E-02  2.5793988581865671E-07
  2.5103262639455273E+00  2.4699531444411841E-02  2.5744805733126554E-07
  2.5353358938868964E+00  2.4561164424506451E-02  2.5697067934369890E-07
  2.5605946872931082E+00  2.4433577561923842E-02  2.5650761084167951E-07
  2.5861051265052541E+00  2.4299048329871696E-02  2.5605874466433543E-07
  2.6118697185952557E+00  2.4167696380651710E-02  2.5562400911520669E-07
  2.6378909956122416E+00  2.4035714515222351E-02  2.5520337707454676E-07
  2.6641715148313811E+00  2.3903954803393936E-02  2.5479683711331384E-07
  2.6907138590052200E+00  2.3771944604044668E-02  2.5440436129207527E-07
  2.7175206366174947E+00  2.3640127742279551E-02  2.5402589820695011E-07
  2.7445944821394774E+00  2.3508256820891454E-02  2.5366136594902465E-07
  2.7719380562888976E+00  2.3377284035166462E-02  2.5331064067084652E-07
  2.7995540462914179E+00  2.3245474788067606E-02  2.5297354126081537E-07
  2.8274451661447282E+00  2.3114953401380939E-02  2.5264980867624010E-07
  2.8556141568852587E+00  2.2984733163480896E-02  2.5233908085945103E-07
  2.8840637868575736E+00  2.2855140536051092E-02  2.5204086778295395E-07
  2.9127968519864273E+00  2.2725755761286236E-02  2.5175453388696012E-07
  2.9418161760515265E+00  2.2596868504472085E-02  2.5147929658925876E-07
  2.9711246109650604E+00  2.2463935433194915E-02  2.5121424372284746E-07
  3.0007250370519660E+00  2.2334795393481526E-02  2.5095836902965693E-07
  3.0306203633329880E+00  2.2205901859611504E-02  2.5071061214947447E-07
  3.0608135278105837E+00  2.2081505073448242E-02  2.5046987732958086E-07
  3.0913074977576471E+00  2.1948651749572320E-02  2.5023505750049463E-07
  3.1221052700091279E+00  2.1823375630956956E-02  2.5000506350358161E-07
  3.1532098712565384E+00  2.1694548647555611E-02  2.4977885614081222E-07
  3.1846243583454199E+00  2.1563463931451515E-02  2.4955548423381968E-07
  3.2163518185757547E+00  2.1434139088436943E-02  2.4933413042455692E-07
  3.2483953700053605E+00  2.1305313007302675E-02  2.4911416122987986E-07
  3.2807581617563426E+00  2.1172514301094809E-02  2.4889517221652901E-07
  3.3134433743245690E+00  2.1041303676732757E-02  2.4867702129569192E-07
  3.3464542198922258E+00  2.0907730341584992E-02  2.4845984148380176E-07
  3.3797939426435204E+00  2.0773722433718028E-02  2.4824402823774675E-07
  3.4134658190834974E+00  2.0639924073592799E-02  2.4803016956958022E-07
  3.4474731583600318E+00  2.0505744190748330E-02  2.4781895938349294E-07
  3.4818193025890585E+00  2.0371482355267173E-02  2.4761113937270501E-07
  3.5165076271830116E+00  2.0239839405850623E-02  2.4740746930259674E-07
  3.5515415411825528E+00  2.0105716578258267E-02  2.4720870510250577E-07
  3.5869244875915869E+00  1.9971484156110317E-02  2.4701557110377903E-07
  3.6226599437156466E+00  1.9835244060148027E-02  2.4682872652237277E-07
  3.6587514215036205E+00  1.9704124089769938E-02  2.4664872834991153E-07
  3.6952024678928836E+00  1.9571267468662393E-02  2.4647599595981358E-07
  3.7320166651578970E+00  1.9439555968568209E-02  2.4631078487746591E-07
  3.7691976312622519E+00  1.9308926194171641E-02  2.4615317692443206E-07
  3.8067490202142173E+00  1.9179144137965360E-02  2.4600309954021313E-07
  3.8446745224258665E+00  1.9049037948018523E-02  2.4586040219531117E-07
  3.8829778650757389E+00  1.8920401408376555E-02  2.4572491765488178E-07
  3.9216628124751454E+00  1.8789833782207953E-02  2.4559649602344547E-07
  3.9607331664380916E+00  1.8667570796957050E-02  2.4547503737844256E-07
  4.0001927666549308E+00  1.8540521236078324E-02  2.4536049431778443E-07
  4.0400454910697059E+00  1.8414532212332902E-02  2.4525284910671775E-07
  4.0802952562612402E+00  1.8289156156701465E-02  2.4515210146539383E-07
  4.1209460178280768E+00  1.8163943273019272E-02  2.4505827616214306E-07
  4.1620017707772021E+00  1.8039360219495097E-02  2.4497142622217821E-07
  4.2034665499166506E+00  1.7915079470275225E-02  2.4489162633388502E-07
  4.2453444302520582E+00  1.7790636328044854E-02  2.4481896188580486E-07
  4.2876395273871131E+00  1.7661299632533163E-02  2.4475350911462303E-07
  4.3303559979280415E+00  1.7543390610700895E-02  2.4469530322059175E-07
  4.3734980398920804E+00  1.7419440226123812E-02  2.4464429599706182E-07
  4.4170698931200709E+00  1.7295627967642571E-02  2.4460030993014092E-07
  4.4610758396931196E+00  1.7166671505570812E-02  2.4456300840132248E-07
  4.5055202043534122E+00  1.7046429846798418E-02  2.4453192667314553E-07
  4.5504073549292645E+00  1.6927897472106747E-02  2.4450656084101306E-07
  4.5957417027643581E+00  1.6804306069471829E-02  2.4448642928286936E-07
  4.6415277031512581E+00  1.6681869665167499E-02  2.4447105526348054E-07
  4.6877698557692904E+00  1.6555906456442875E-02  2.4445994761219499E-07
  4.7344727051267386E+00  1.6437749318229583E-02  2.4445261736032269E-07
  4.7816408410074676E+00  1.6315786933667194E-02  2.4444859111204654E-07
  4.8292788989219693E+00  1.6195285478682809E-02  2.4444742819903166E-07
  4.8773915605629590E+00  1.6075599664811622E-02  2.4444874577846843E-07
  4.9259835542654535E+00  1.5954504346757506E-02  2.4445225357048422E-07
  4.9750596554714450E+00  1.5834037277565095E-02  2.4445779997440544E-07
  5.0246246871992390E+00  1.5714135088514943E-02  2.4446538446117106E-07
  5.0746835205174321E+00  1.5591358124833515E-02  2.4447510512512705E-07
  5.1252410750236059E+00  1.5474775423445358E-02  2.4448704685323574E-07
  5.1763023193278350E+00  1.5355881151773018E-02  2.4450120010880753E-07
  5.2278722715409662E+00  1.5237361407356457E-02  2.4451750289505083E-07
  5.2799559997677905E+00  1.5118822130369169E-02  2.4453590931035502E-07
  5.3325586226050934E+00  1.4999638293099341E-02  2.4455637598211585E-07
  5.3856853096447281E+00  1.4882728586706721E-02  2.4457885526769890E-07
  5.4393412819816440E+00  1.4762556474703788E-02  2.4460329810979607E-07
  5.4935318127269843E+00  1.4645552356721643E-02  2.4462964120353488E-07
  5.5482622275263331E+00  1.4528775071826422E-02  2.4465779479745718E-07
  5.6035379050830949E+00  1.4412623717705539E-02  2.4468763814143858E-07
  5.6593642776870672E+00  1.4300243887136800E-02  2.4471900636939486E-07
  5.7157468317483469E+00  1.4183661538685154E-02  2.4475168802983478E-07
  5.7726911083364829E+00  1.4069511385431509E-02  2.4478548587594837E-07
  5.8302027037250550E+00  1.3954703398086995E-02  2.4482029585633724E-07
  5.8882872699416229E+00  1.3840001865769303E-02  2.4485609670221033E-07
  5.9469505153232234E+00  1.3725503094188877E-02  2.4489289076211648E-07
  6.0061982050773510E+00  1.3614407523138337E-02  2.4493071909699276E-07
  6.0660361618485190E+00  1.3501840203615390E-02  2.4496965899281407E-07
  6.1264702662905250E+00  1.3389055267097097E-02  2.4500978492126771E-07
  6.1875064576443615E+00  1.3278457709023875E-02  2.4505117450529116E-07
  6.2491507343218871E+00  1.3166746976244070E-02  2.4509390853777208E-07
  6.3114091544953599E+00  1.3056782035105081E-02  2.4513807635192244E-07
  6.3742878366927913E+00  1.2946829850469486E-02  2.4518378697344658E-07
  6.4377929603992659E+00  1.2836329860301098E-02  2.4523116502302619E-07
  6.5019307666642092E+00  1.2727718793358387E-02  2.4528032446443038E-07
  6.5667075587147741E+00  1.2618425604029272E-02  2.4533133014068783E-07
  6.6321297025752850E+00  1.2510409808179230E-02  2.4538418034424855E-07
  6.6982036276928412E+00  1.2403146967126733E-02  2.4543881616899880E-07
  6.7649358275692189E+00  1.2295191953377633E-02  2.4549511877122302E-07
  6.8323328603990134E+00  1.2188771697251903E-02  2.4555293802754142E-07
  6.9004013497141301E+00  1.2082136371211069E-02  2.4561215578542890E-07
  6.9691479850347644E+00  1.1976357570557924E-02  2.4567267223677965E-07
  7.0385795225267929E+00  1.1871095085500244E-02  2.4573438874088595E-07
  7.1087027856657592E+00  1.1766319898928601E-02  2.4579720750854045E-07
  7.1795246659074339E+00  1.1662037849405039E-02  2.4586102966472470E-07
  7.2510521233651195E+00  1.1554155335606298E-02  2.4592575585407675E-07
  7.3232921874936494E+00  1.1455380562644387E-02  2.4599128772469900E-07
  7.3962519577801897E+00  1.1352384579108509E-02  2.4605753370428610E-07
  7.4699386044419969E+00  1.1250481754359590E-02  2.4612442331111551E-07
  7.5443593691310582E+00  1.1148445855062333E-02  2.4619192718967356E-07
  7.6195215656457504E+00  1.1047259108844314E-02  2.4626005831164860E-07
  7.6954325806496620E+00  1.0947505096980972E-02  2.4632883807693429E-07
  7.7720998743974912E+00  1.0846402233124905E-02  2.4639825647168444E-07
  7.8495309814682326E+00  1.0743360208749230E-02  2.4646827826991691E-07
  7.9277335115056156E+00  1.0648937068979902E-02  2.4653886931232694E-07
  8.0067151499659968E+00  1.0549205964082610E-02  2.4661000110178071E-07
  8.0864836588736377E+00  1.0451881834031179E-02  2.4668164542814696E-07
  8.1670468775835001E+00  1.0353725946650337E-02  2.4675377843037363E-07
  8.2484127235517235E+00  1.0256849965301514E-02  2.4682638977272023E-07
  8.3305891931136902E+00  1.0161133470314268E-02  2.4689947708528179E-07
  8.4135843622698641E+00  1.0064483434795414E-02  2.4697302588362949E-07
  8.4974063874795007E+00  9.9698562923817222E-03  2.4704699099952833E-07
  8.5820635064622230E+00  9.8752002123743080E-03  2.4712130050200256E-07
  8.6675640390075923E+00  9.7804274468005128E-03  2.4719588695560790E-07
  8.7539163877927226E+00  9.6862090989631115E-03  2.4727070276368254E-07
  8.8411290392081128E+00  9.5936664508008192E-03  2.4734574894290022E-07
  8.9292105641916351E+00  9.5002500343326843E-03  2.4742107778593193E-07
  9.0181696190708234E+00  9.4081004779493892E-03  2.4749674317967475E-07
  9.1080149464136397E+00  9.3167751254450946E-03  2.4757279572098138E-07
  9.1987553758876430E+00  9.2251741168966721E-03  2.4764928567021601E-07
  9.2903998251276967E+00  9.1309881058332723E-03  2.4772626797806039E-07
  9.3829573006124214E+00  9.0456536386648283E-03  2.4780380398002301E-07
  9.4764368985492879E+00  8.9556949307912481E-03  2.4788195601990032E-07
  9.5708478057685653E+00  8.8666833880155609E-03  2.4796078638101220E-07
  9.6661993006261397E+00  8.7792114969528368E-03  2.4804035213395302E-07
  9.7625007539154094E+00  8.6909218429372555E-03  2.4812069073590655E-07
  9.8597616297881903E+00  8.6038226541406866E-03  2.4820182932854675E-07
  9.9579914866847759E+00  8.5147609175712374E-03  2.4828376466357180E-07
  1.0057199978273379E+01  8.4313058499518069E-03  2.4836641816748152E-07
  1.0157396854398820E+01  8.3461217668186934E-03  2.4844971336254042E-07
  1.0258591962040672E+01  8.2608522875482395E-03  2.4853359674808858E-07
  1.0360795246281063E+01  8.1765536832547232E-03  2.4861801809344168E-07
  1.0464016751281978E+01  8.0928048131711210E-03  2.4870293773910000E-07
  1.0568266621272404E+01  8.0097537717292080E-03  2.4878833179815282E-07
  1.0673555101545213E+01  7.9271499297843481E-03  2.4887418506578928E-07
  1.0779892539464100E+01  7.8458308972875427E-03  2.4896048120744369E-07
  1.0887289385480447E+01  7.7639404766326903E-03  2.4904719818587283E-07
  1.0995756194160329E+01  7.6830393955361048E-03  2.4913430922009899E-07
  1.1105303625221838E+01  7.6029182805437126E-03  2.4922177735237861E-07
  1.1215942444582648E+01  7.5231607191186189E-03  2.4930956838830894E-07
  1.1327683525418026E+01  7.4442664109287083E-03  2.4939771614310889E-07
  1.1440537849229454E+01  7.3656454859337556E-03  2.4948629261792974E-07
  1.1554516506923832E+01  7.2883273557908497E-03  2.4957536427793036E-07
  1.1669630699903452E+01  7.2108673819161560E-03  2.4966500556213169E-07
  1.1785891741166797E+01  7.1338695778874438E-03  2.4975529778646577E-07
  1.1903311056420399E+01  7.0578166655360401E-03  2.4984632573903856E-07
  1.2021900185201696E+01  6.9816424271645508E-03  2.4993817914395165E-07
  1.2141670782013049E+01  6.9069357310275097E-03  2.5003095231912796E-07
  1.2262634617467176E+01  6.8317732128158788E-03  2.5012474227203200E-07
  1.2384803579443890E+01  6.7578493875012843E-03  2.5021964362374135E-07
  1.2508189674258357E+01  6.6847525078266301E-03  2.5031574258044833E-07
  1.2632805027841115E+01  6.6113570845880371E-03  2.5041311303564033E-07
  1.2758661886929715E+01  6.5362665091505236E-03  2.5051179702591290E-07
  1.2885772620272256E+01  6.4648671296398050E-03  2.5061181244150587E-07
  1.3014149719843020E+01  6.3967733179196799E-03  2.5071319187410474E-07
  1.3143805802070068E+01  6.3252147408598119E-03  2.5081598912840858E-07
  1.3274753609075191E+01  6.2556345294793887E-03  2.5092027117823993E-07
  1.3407006009926073E+01  6.1854400689109433E-03  2.5102611324987670E-07
  1.3540576001901124E+01  6.1168083700352096E-03  2.5113359843512117E-07
  1.3675476711766743E+01  6.0454495064504697E-03  2.5124281664287319E-07
  1.3811721397067346E+01  5.9780480351581226E-03  2.5135386091129851E-07
  1.3949323447428334E+01  5.9107573071929672E-03  2.5146682488564794E-07
  1.4088296385871944E+01  5.8440269115759350E-03  2.5158179916326840E-07
  1.4228653870146198E+01  5.7778592496304263E-03  2.5169886376595005E-07
  1.4370409694067222E+01  5.7122680541721533E-03  2.5181808608497613E-07
  1.4513577788874791E+01  5.6496371720586207E-03  2.5193953231240181E-07
  1.4658172224601472E+01  5.5835185311656488E-03  2.5206327257423980E-07
  1.4804207211455312E+01  5.5212307224973582E-03  2.5218937425983545E-07
  1.4951697101216460E+01  5.4575838956241601E-03  2.5231790217524967E-07
  1.5100656388647561E+01  5.3925171374258401E-03  2.5244892183533465E-07
  1.5251099712918196E+01  5.3332907136589888E-03  2.5258249976075604E-07
  1.5403041859043658E+01  5.2714543858168282E-03  2.5271870408298891E-07
  1.5556497759337939E+01  5.2100863762257988E-03  2.5285760377164843E-07
  1.5711482494881151E+01  5.1496131466901079E-03  2.5299926731275097E-07
  1.5868011297001750E+01  5.0898393340640686E-03  2.5314376003926060E-07
  1.6026099548773349E+01  5.0305799590614876E-03  2.5329113955018286E-07
  1.6185762786526535E+01  4.9722181862636551E-03  2.5344144839324668E-07
  1.6347016701375669E+01  4.9137634413433983E-03  2.5359470586122933E-07
  1.6509877140761031E+01  4.8565722092786361E-03  2.5375090969427248E-07
  1.6674360110006219E+01  4.7972893245884773E-03  2.5391005089812073E-07
  1.6840481773891032E+01  4.7434776169812121E-03  2.5407212581866341E-07
  1.7008258458240189E+01  4.6870414697670190E-03  2.5423713690964697E-07
  1.7177706651527714E+01  4.6303427617565380E-03  2.5440508836422161E-07
  1.7348843006497315E+01  4.5775701017538402E-03  2.5457598385696153E-07
  1.7521684341799066E+01  4.5226646274429631E-03  2.5474982522336447E-07
  1.7696247643642202E+01  4.4693506077570491E-03  2.5492661123558174E-07
  1.7872550067464498E+01  4.4162410406161229E-03  2.5510633566789745E-07
  1.8050608939618169E+01  4.3637054877173889E-03  2.5528898251344058E-07
  1.8230441759072750E+01  4.3103766673581144E-03  2.5547451747344512E-07
  1.8412066199134792E+01  4.2607578240477150E-03  2.5566287681248629E-07
  1.8595500109184638E+01  4.2096616863412789E-03  2.5585396120536179E-07
  1.8780761516430736E+01  4.1590530817100825E-03  2.5604764470813288E-07
  1.8967868627681227E+01  4.1090440090662990E-03  2.5624378669297115E-07
  1.9156839831133173E+01  4.0596657709504845E-03  2.5644223398688358E-07
  1.9347693698179800E+01  4.0108688658433136E-03  2.5664282097445689E-07
  1.9540448985235557E+01  3.9627212352219676E-03  2.5684537197155078E-07
  1.9735124635579467E+01  3.9149534963939239E-03  2.5704970254853850E-07
  1.9931739781216709E+01  3.8673223768577649E-03  2.5725561987926727E-07
  2.0130313744758968E+01  3.8192819484817336E-03  2.5746292584497275E-07
  2.0330866041323354E+01  3.7747530174827258E-03  2.5767142224255882E-07
  2.0533416380450120E+01  3.7288172304471338E-03  2.5788091534302766E-07
  2.0737984668039925E+01  3.6819869594153475E-03  2.5809121673165697E-07
  2.0944591008309995E+01  3.6389921374484296E-03  2.5830214057002846E-07
  2.1153255705769602E+01  3.5941447297623522E-03  2.5851350015283603E-07
  2.1363999267216034E+01  3.5489566189549149E-03  2.5872510834153700E-07
  2.1576842403749620E+01  3.5055477685929405E-03  2.5893678385933175E-07
  2.1791806032809106E+01  3.4637931379099783E-03  2.5914835226494872E-07
  2.2008911280227426E+01  3.4200034725773020E-03  2.5935964160282968E-07
  2.2228179482307990E+01  3.3792187961421394E-03  2.5957047755947577E-07
  2.2449632187921310E+01  3.3375789106600108E-03  2.5978067821920756E-07
  2.2673291160622828E+01  3.2963099528715125E-03  2.5999004878816379E-07
  2.2899178380791934E+01  3.2555728642693952E-03  2.6019837423548685E-07
  2.3127316047791815E+01  3.2139232273972309E-03  2.6040540967283359E-07
  2.3357726582151283E+01  3.1751325876201355E-03  2.6061086857999943E-07
  2.3590432627768315E+01  3.1355831973188500E-03  2.6081440776842015E-07
  2.3825457054135128E+01  3.0962519020729679E-03  2.6101561643666261E-07
  2.4062822958585851E+01  3.0575176406823995E-03  2.6121402821468050E-07
  2.4302553668566595E+01  3.0191440603350426E-03  2.6140914203218224E-07
  2.4544672743927698E+01  2.9810584392820638E-03  2.6160044153446389E-07
  2.4789203979239225E+01  2.9433919959131593E-03  2.6178740814967113E-07
  2.5036171406129601E+01  2.9060243266570448E-03  2.6196952671256370E-07
  2.5285599295647003E+01  2.8690824667738537E-03  2.6214628584522239E-07
  2.5537512160644830E+01  2.8324217451842671E-03  2.6231717971152654E-07
  2.5791934758190845E+01  2.7963060201299586E-03  2.6248171213751714E-07
  2.6048892091999925E+01  2.7605069136768545E-03  2.6263940303197632E-07
  2.6308409414891479E+01  2.7249591631416312E-03  2.6278979476810184E-07
  2.6570512231271373E+01  2.6898292841174387E-03  2.6293245399288254E-07
  2.6835226299638062E+01  2.6550404210962529E-03  2.6306696405824562E-07
  2.7102577635114248E+01  2.6206481551530585E-03  2.6319290095945603E-07
  2.7372592512003656E+01  2.5866273671418978E-03  2.6330981352168685E-07
  2.7645297466372892E+01  2.5529591718263800E-03  2.6341721990071724E-07
  2.7920719298659467E+01  2.5196438149511055E-03  2.6351460881314924E-07
  2.8198885076305782E+01  2.4866860427212958E-03  2.6360144089020260E-07
  2.8479822136418932E+01  2.4540911904760163E-03  2.6367714857788994E-07
  2.8763558088457405E+01  2.4218506242877614E-03  2.6374113665745633E-07
  2.9050120816944606E+01  2.3899444437929210E-03  2.6379278437781677E-07
  2.9339538484209164E+01  2.3583602998283569E-03  2.6383144849665932E-07
  2.9631839533152210E+01  2.3271307812280937E-03  2.6385646895172641E-07
  2.9927052690043343E+01  2.2961601923413640E-03  2.6386717899765354E-07
  3.0225206967343414E+01  2.2654068433681420E-03  2.6386291844049941E-07
  3.0526331666555368E+01  2.2350180178745591E-03  2.6384304807300408E-07
  3.0830456381104639E+01  2.2048828406013056E-03  2.6380696389753858E-07
  3.1137610999247102E+01  2.1750067002039054E-03  2.6375410686220742E-07
  3.1447825707006018E+01  2.1454276041266130E-03  2.6368397119565693E-07
  3.1761130991139343E+01  2.1160295480422194E-03  2.6359611325286754E-07
  3.2077557642135439E+01  2.0868708085811736E-03  2.6349015863459013E-07
  3.2397136757238954E+01  2.0579626390829567E-03  2.6336580465022509E-07
  3.2719899743507085E+01  2.0286141088539252E-03  2.6322281862122508E-07
  3.3045878320896357E+01  2.0003551539195482E-03  2.6306103177766043E-07
  3.3375104525379534E+01  1.9726481208418877E-03  2.6288032987204102E-07
  3.3707610712094187E+01  1.9447019834443605E-03  2.6268064038372690E-07
  3.4043429558522654E+01  1.9169821150627341E-03  2.6246191488861024E-07
  3.4382594067703074E+01  1.8895047533136454E-03  2.6222410473034255E-07
  3.4725137571472970E+01  1.8617040128266293E-03  2.6196713308621719E-07
  3.5071093733745180E+01  1.8347891633832623E-03  2.6169087678463405E-07
  3.5420496553815887E+01  1.8081656518274228E-03  2.6139516447874332E-07
  3.5773380369706047E+01  1.7817208179394680E-03  2.6107978470624005E-07
  3.6129779861536278E+01  1.7556635565503234E-03  2.6074449300226601E-07
  3.6489730054934668E+01  1.7301008916287013E-03  2.6038901683016370E-07
  3.6853266324479144E+01  1.7039578254971534E-03  2.6001306201677739E-07
  3.7220424397174206E+01  1.6785966215178776E-03  2.5961631913290474E-07
  3.7591240355961588E+01  1.6533549519677289E-03  2.5919846699755720E-07
  3.7965750643266603E+01  1.6290928767890257E-03  2.5875917583811681E-07
  3.8343992064579751E+01  1.6042980544391080E-03  2.5829811281511983E-07
  3.8726001792073419E+01  1.5798985100855013E-03  2.5781494959112975E-07
  3.9111817368255224E+01  1.5557584262201024E-03  2.5730936893067804E-07
  3.9501476709657780E+01  1.5313498829740873E-03  2.5678106397334694E-07
  3.9895018110564585E+01  1.5078642196823427E-03  2.5622973164272663E-07
  4.0292480246773572E+01  1.4847636364336352E-03  2.5565506756273089E-07
  4.0693902179398385E+01  1.4610672884082284E-03  2.5505676677902968E-07
  4.1099323358706570E+01  1.4387054144125385E-03  2.5443453100935437E-07
  4.1508783627996941E+01  1.4154817444058593E-03  2.5378807738184765E-07
  4.1922323227515378E+01  1.3935134169229607E-03  2.5311714665529963E-07
  4.2339982798409110E+01  1.3708747377522313E-03  2.5242150942275145E-07
  4.2761803386720892E+01  1.3491752797959941E-03  2.5170096683539336E-07
  4.3187826447423241E+01  1.3270149834916506E-03  2.5095534761033046E-07
  4.3618093848491903E+01  1.3054167654864080E-03  2.5018450537079896E-07
  4.4052647875020718E+01  1.2844666938507990E-03  2.4938831333513971E-07
  4.4491531233377472E+01  1.2633506705757476E-03  2.4856665513048558E-07
  4.4934787055400825E+01  1.2424393298087573E-03  2.4771941673384404E-07
  4.5382458902638476E+01  1.2217844477789134E-03  2.4684648034157160E-07
  4.5834590770629347E+01  1.2009649779979664E-03  2.4594771972300312E-07
  4.6291227093226802E+01  1.1808317852140975E-03  2.4502299864264901E-07
  4.6752412746964794E+01  1.1607650400116904E-03  2.4407217309602530E-07
  4.7218193055469328E+01  1.1413354900493787E-03  2.4309509728415070E-07
  4.7688613793912204E+01  1.1217570276880846E-03  2.4209163419307731E-07
  4.8163721193508913E+01  1.1020903761332886E-03  2.4106166616566278E-07
  4.8643561946063350E+01  1.0833003151870888E-03  2.4000510090438661E-07
  4.9128183208555797E+01  1.0643804276781446E-03  2.3892187430369953E-07
  4.9617632607777217E+01  1.0456992378023527E-03  2.3781195505349366E-07
  5.0111958245010044E+01  1.0269078459758418E-03  2.3667535032940226E-07
  5.0611208700755732E+01  1.0089565470511516E-03  2.3551210336354260E-07
  5.1115433039508410E+01  9.9058936823766958E-04  2.3432228190827291E-07
  5.1624680814577118E+01  9.7310207169995500E-04  2.3310596511740562E-07
  5.2139002072955989E+01  9.5544290872415477E-04  2.3186323730688118E-07
  5.2658447360242093E+01  9.3775322503257075E-04  2.3059418719382692E-07
  5.3183067725603159E+01  9.2083630177315764E-04  2.2929890497800369E-07
  5.3712914726794835E+01  9.0383686685084662E-04  2.2797748276521447E-07
  5.4248040435226940E+01  8.8706033755239961E-04  2.2663002075747441E-07
  5.4788497441081205E+01  8.7049287047567413E-04  2.2525663102795415E-07
  5.5334338858479910E+01  8.5387097410278233E-04  2.2385743283281912E-07
  5.5885618330705142E+01  8.3797768243824183E-04  2.2243254414811727E-07
  5.6442390035470964E+01  8.2179414395745765E-04  2.2098207496463033E-07
  5.7004708690248158E+01  8.0628396508074024E-04  2.1950612831805144E-07
  5.7572629557640923E+01  7.9074446144075585E-04  2.1800481016218118E-07
  5.8146208450818300E+01  7.7537788792906865E-04  2.1647823994642399E-07
  5.8725501738999569E+01  7.6023795485244037E-04  2.1492655183374198E-07
  5.9310566352993362E+01  7.4523843230466782E-04  2.1334988798943245E-07
  5.9901459790792885E+01  7.3053680092376649E-04  2.1174839221424525E-07
  6.0498240123227070E+01  7.1598814261695858E-04  2.1012220855608615E-07
  6.1100965999666769E+01  7.0161067138407754E-04  2.0847148632972751E-07
  6.1709696653788960E+01  6.8745712923431622E-04  2.0679639405992477E-07
  6.2324491909398425E+01  6.7348657352991914E-04  2.0509713516309907E-07
  6.2945412186306257E+01  6.5949724698595143E-04  2.0337395708284568E-07
  6.3572518506268040E+01  6.4608247444838734E-04  2.0162715765541159E-07
  6.4205872498981265E+01  6.3266138933728894E-04  1.9985708806582030E-07
  6.4845536408141257E+01  6.1942403778007023E-04  1.9806414645365837E-07
  6.5491573097558700E+01  6.0637850186620167E-04  1.9624876505826855E-07
  6.6144046057337846E+01  5.9336624605924526E-04  1.9441140133101720E-07
  6.6803019410116065E+01  5.8070036799720668E-04  1.9255253758028256E-07
  6.7468557917364535E+01  5.6821826644396314E-04  1.9067267947208910E-07
  6.8140726985754412E+01  5.5601308159605321E-04  1.8877234655137901E-07
  6.8819592673584012E+01  5.4393167004091489E-04  1.8685206341605205E-07
  6.9505221697269860E+01  5.3187139769748557E-04  1.8491235939751668E-07
  7.0197681437905018E+01  5.2019667179731277E-04  1.8295377539208469E-07
  7.0897039947880273E+01  5.0859608348834010E-04  1.8097686831697475E-07
  7.1603365957571100E+01  4.9719185979946515E-04  1.7898220874802665E-07
  7.2316728882094111E+01  4.8599619699406509E-04  1.7697037927595974E-07
  7.3037198828127757E+01  4.7496864336565712E-04  1.7494197901223066E-07
  7.3764846600802088E+01  4.6412658388976004E-04  1.7289763252361719E-07
  7.4499743710657512E+01  4.5354325856163390E-04  1.7083799550778153E-07
  7.5241962380672987E+01  4.4303751614785294E-04  1.6876375110000988E-07
  7.5991575553362978E+01  4.3262841634465787E-04  1.6667560252263967E-07
  7.6748656897946418E+01  4.2248805375865470E-04  1.6457426878903427E-07
  7.7513280817587074E+01  4.1249903146026770E-04  1.6246047865904950E-07
  7.8285522456704754E+01  4.0279277039706549E-04  1.6033496209774149E-07
  7.9065457708360640E+01  3.9312360330778610E-04  1.5819844993706295E-07
  7.9853163221716244E+01  3.8358828887733858E-04  1.5605168352304058E-07
  8.0648716409565296E+01  3.7433552337958571E-04  1.5389542104451365E-07
  8.1452195455942032E+01  3.6512364622966865E-04  1.5173043713630223E-07
  8.2263679323805349E+01  3.5622379084015705E-04  1.4955751932000378E-07
  8.3083247762797981E+01  3.4739524358226402E-04  1.4737746258560030E-07
  8.3910981317084506E+01  3.3870894238847120E-04  1.4519106626745234E-07
  8.4746961333267436E+01  3.3024701965280243E-04  1.4299913867781172E-07
  8.5591269968380658E+01  3.2185331475258552E-04  1.4080250580036103E-07
  8.6443990197964027E+01  3.1374342391260273E-04  1.3860201306551208E-07
  8.7305205824218390E+01  3.0570341060291793E-04  1.3639851897557586E-07
  8.8175001484240354E+01  2.9778139170891292E-04  1.3419288702999537E-07
  8.9053462658340607E+01  2.9011763742967957E-04  1.3198597814781726E-07
  8.9940675678445146E+01  2.8254749302364406E-04  1.2977864994878557E-07
  9.0836727736578595E+01  2.7506948638964841E-04  1.2757176252176672E-07
  9.1741706893433630E+01  2.6785908311350014E-04  1.2536618067561731E-07
  9.2655702087025858E+01  2.6068159080374281E-04  1.2316277363572655E-07
  9.3578803141433170E+01  2.5375400309062500E-04  1.2096241754508643E-07
  9.4511100775623888E+01  2.4690743138918982E-04  1.1876599859640859E-07
  9.5452686612372830E+01  2.4020752049760686E-04  1.1657441126192154E-07
  9.6403653187264609E+01  2.3364601792343244E-04  1.1438855093817057E-07
  9.7364093957788143E+01  2.2723195838837245E-04  1.1220930977166153E-07
  9.8334103312521790E+01  2.2089511360249607E-04  1.1003757856553315E-07
  9.9313776580409268E+01  2.1478743840970993E-04  1.0787424527300166E-07
  1.0030321004012687E+02  2.0876452395985159E-04  1.0572018700540281E-07
  1.0130250092954775E+02  2.0282774328317415E-04  1.0357626234327164E-07
  1.0231174745529692E+02  1.9711660328607575E-04  1.0144331186476272E-07
  1.0333104880240144E+02  1.9147827608930205E-04  9.9322163406125276E-08
  1.0436050514404032E+02  1.8597775058992283E-04  9.7213632698984070E-08
  1.0540021765138800E+02  1.8059497415155699E-04  9.5118521260246706E-08
  1.0645028850355588E+02  1.7533143526892166E-04  9.3037614766292501E-08
  1.0751082089763652E+02  1.7018328583605420E-04  9.0971684075433334E-08
  1.0858191905884402E+02  1.6517397007740370E-04  8.8921489385699847E-08
  1.0966368825075675E+02  1.6026941386559278E-04  8.6887782896454865E-08
  1.1075623478566258E+02  1.5548509728039329E-04  8.4871306631254061E-08
  1.1185966603500762E+02  1.5079561685413462E-04  8.2872789711006384E-08
  1.1297409043994691E+02  1.4623596849192756E-04  8.0892946557494386E-08
  1.1409961752200228E+02  1.4179721472207618E-04  7.8932471594418814E-08
  1.1523635789382639E+02  1.3744673407064718E-04  7.6992033893242425E-08
  1.1638442327007208E+02  1.3321219708656507E-04  7.5072277923157967E-08
  1.1754392647837179E+02  1.2907417297236727E-04  7.3173826431475005E-08
  1.1871498147042665E+02  1.2504219977779255E-04  7.1297280741910828E-08
  1.1989770333320385E+02  1.2111407687517848E-04  6.9443219581785555E-08
  1.2109220830024753E+02  1.1728296115753267E-04  6.7612197267763827E-08
  1.2229861376310269E+02  1.1353864030267236E-04  6.5804740687409875E-08
  1.2351703828285042E+02  1.0991253666331801E-04  6.4021347320147487E-08
  1.2474760160176039E+02  1.0635927862526864E-04  6.2262488418031236E-08
  1.2599042465505948E+02  1.0291975698275502E-04  6.0528613953198268E-08
  1.2724562958281530E+02  9.9533361705100100E-05  5.8820153371739016E-08
  1.2851333974194043E+02  9.6264988161652817E-05  5.7137513130501048E-08
  1.2979367971831630E+02  9.3099004791339577E-05  5.5481072105197530E-08
  1.3108677533903534E+02  9.0000244940261886E-05  5.3851179135506006E-08
  1.3239275368476780E+02  8.6982205022516761E-05  5.2248154771541872E-08
  1.3371174310225135E+02  8.4035280004191319E-05  5.0672292716647166E-08
  1.3504387321690311E+02  8.1203529199605376E-05  4.9123859769075081E-08
  1.3638927494555938E+02  7.8426001710838988E-05  4.7603096103366836E-08
  1.3774808050934266E+02  7.5729492989717997E-05  4.6110216772165859E-08
  1.3912042344665400E+02  7.3101919046063052E-05  4.4645413394233284E-08
  1.4050643862629781E+02  7.0553279227413164E-05  4.3208853635019220E-08
  1.4190626226073675E+02  6.8083852733730936E-05  4.1800679188586809E-08
  1.4332003191947672E+02  6.5671945921101351E-05  4.0421006175762325E-08
  1.4474788654258745E+02  6.3333542068600603E-05  3.9069926769899309E-08
  1.4618996645435797E+02  6.1063780149834472E-05  3.7747508445008674E-08
  1.4764641337708528E+02  5.8860953568726933E-05  3.6453790956132732E-08
  1.4911737044500330E+02  5.6724122782773201E-05  3.5188785251323449E-08
  1.5060298221835012E+02  5.4649000377019614E-05  3.3952475785815866E-08
  1.5210339469757452E+02  5.2633349569163488E-05  3.2744821998522704E-08
  1.5361875533768233E+02  5.0678785895401157E-05  3.1565758602277220E-08
  1.5514921306273129E+02  4.8778892678096569E-05  3.0415195564480753E-08
  1.5669491828046506E+02  4.6943957947109740E-05  2.9293018102729716E-08
  1.5825602289709275E+02  4.5159725985416863E-05  2.8199087595853759E-08
  1.5983268033222149E+02  4.3430480845784816E-05  2.7133243699878244E-08
  1.6142504553393218E+02  4.1752409020732461E-05  2.6095305865283607E-08
  1.6303327499400504E+02  4.0131932664139305E-05  2.5085073998957408E-08
  1.6465752676330317E+02  3.8560459201212994E-05  2.4102329339130190E-08
  1.6629796046730277E+02  3.7037453971729218E-05  2.3146834159590231E-08
  1.6795473732178036E+02  3.5560221247919994E-05  2.2218330792156720E-08
  1.6962802014865684E+02  3.4138198802067057E-05  2.1316542075343760E-08
  1.7131797339200048E+02  3.2755321131031144E-05  2.0441172788904143E-08
  1.7302476313418541E+02  3.1418599367020184E-05  1.9591910838304136E-08
  1.7474855711221491E+02  3.0123162009949719E-05  1.8768428085997088E-08
  1.7648952473420684E+02  2.8873237152861584E-05  1.7970381156647693E-08
  1.7824783709604048E+02  2.7663734907306894E-05  1.7197412067774478E-08
  1.8002366699817213E+02  2.6492528653758671E-05  1.6449148495260258E-08
  1.8181718896261856E+02  2.5362574595332562E-05  1.5725204585061150E-08
  1.8362857925010596E+02  2.4270195618977142E-05  1.5025182887269675E-08
  1.8545801587739356E+02  2.3214752743432993E-05  1.4348676067843265E-08
  1.8730567863476941E+02  2.2195961647302296E-05  1.3695267860517758E-08
  1.8917174910371733E+02  2.1214212951133412E-05  1.3064533067251478E-08
  1.9105641067476307E+02  2.0265170572358301E-05  1.2456037373418850E-08
  1.9295984856549862E+02  1.9349295711406212E-05  1.1869338243770681E-08
  1.9488224983878226E+02  1.8466094752649343E-05  1.1303986275826929E-08
  1.9682380342112356E+02  1.7612563955604302E-05  1.0759526152371947E-08
  1.9878470012125160E+02  1.6793692491142981E-05  1.0235497335830895E-08
  2.0076513264886464E+02  1.6003912082816916E-05  9.7314348157869381E-09
  2.0276529563356996E+02  1.5241443878692432E-05  9.2468700735251564E-09
  2.0478538564401268E+02  1.4508631057725424E-05  8.7813320618615220E-09
  2.0682560120719134E+02  1.3802479382974048E-05  8.3343478275287879E-09
  2.0888614282796959E+02  1.3124749897743540E-05  7.9054431034548713E-09
  2.1096721300878229E+02  1.2471505908705146E-05  7.4941431895349858E-09
  2.1306901626953388E+02  1.1845124199120986E-05  7.0999736378590886E-09
  2.1519175916770112E+02  1.1242316262947092E-05  6.7224604269662767E-09
  2.1733565031862994E+02  1.0664048123244356E-05  6.3611302579987910E-09
  2.1950090041603843E+02  1.0108686097365718E-05  6.0155113375537116E-09
  2.2168772225272460E+02  9.5763000736570992E-06  5.6851341594908733E-09
  2.2389633074147625E+02  9.0654568594083776E-06  5.3695321278072645E-09
  2.2612694293619276E+02  8.5764553934521913E-06  5.0682421133712114E-09
  2.2837977805321822E+02  8.1078448665916928E-06  4.7808049640866193E-09
  2.3065505749288212E+02  7.6594797065175532E-06  4.5067659543058879E-09
  2.3295300486125925E+02  7.2307545876507788E-06  4.2456752186527056E-09
  2.3527384599214622E+02  6.8205449836986654E-06  3.9970883367092774E-09
  2.3761780896925288E+02  6.4291895199784221E-06  3.7605670649921596E-09
  2.3998512414861884E+02  6.0549787003699356E-06  3.5356799220154822E-09
  2.4237602418125354E+02  5.6989136326391813E-06  3.3220025033464136E-09
  2.4479074403599734E+02  5.3586231515158834E-06  3.1191175736541647E-09
  2.4722952102261490E+02  5.0351866411637491E-06  2.9266152857464726E-09
  2.4969259481511867E+02  4.7269566665738970E-06  2.7440935437210772E-09
  2.5218020747532009E+02  4.4338283379848719E-06  2.5711583446347725E-09
  2.5469260347661995E+02  4.1552603183362070E-06  2.4074240446031139E-09
  2.5723002972803607E+02  3.8909716848411586E-06  2.2525135628970668E-09
  2.5979273559846490E+02  3.6397176610049671E-06  2.1060585704409366E-09
  2.6238097294119268E+02  3.4020217934538444E-06  1.9676996854534723E-09
  2.6499499611864314E+02  3.1772051701142137E-06  1.8370866455157816E-09
  2.6763506202737670E+02  2.9642123192196799E-06  1.7138784014153991E-09
  2.7030143012333912E+02  2.7629322369584621E-06  1.5977432306598772E-09
  2.7299436244735625E+02  2.5726663227835834E-06  1.4883588524411656E-09
  2.7571412365088872E+02  2.3933871867139346E-06  1.3854124227193903E-09
  2.7846098102204189E+02  2.2242472819668480E-06  1.2886004707814962E-09
  2.8123520451183117E+02  2.0648968066324659E-06  1.1976288852066535E-09
  2.8403706676071295E+02  1.9158426017256029E-06  1.1122129463282333E-09
  2.8686684312538080E+02  1.7750372675844649E-06  1.0320773369576559E-09
  2.8972481170582307E+02  1.6432103740997004E-06  9.5695610606726347E-10
  2.9261125337265491E+02  1.5194238512313741E-06  8.8659260766927881E-10
  2.9552645179472336E+02  1.4036464740819788E-06  8.2073942220260971E-10
  2.9847069346698157E+02  1.2953740637034437E-06  7.5915825653152302E-10
  3.0144426773864615E+02  1.1940521735483708E-06  7.0161983746470798E-10
  3.0444746684163522E+02  1.0997677678327419E-06  6.4790381770924340E-10
  3.0748058591928452E+02  1.0116243353079812E-06  5.9779868475437893E-10
  3.1054392305535441E+02  9.2966975057172250E-07  5.5110163374941545E-10
  3.1363777930332640E+02  8.5330809022770529E-07  5.0761838317665735E-10
  3.1676245871598559E+02  7.8247339869775534E-07  4.6716297295534124E-10
  3.1991826837530630E+02  7.1670697960216458E-07  4.2955758762830824E-10
  3.2310551842262703E+02  6.5579869905507162E-07  3.9463238655687684E-10
  3.2632452208913151E+02  5.9947356723587525E-07  3.6222531893131939E-10
  3.2957559572663428E+02  5.4725214085224100E-07  3.3218192592010777E-10
  3.3285905883866627E+02  4.9909235355189302E-07  3.0435513716144570E-10
  3.3617523411187659E+02  4.5462958123134360E-07  2.7860506252479237E-10
  3.3952444744774692E+02  4.1372082832361536E-07  2.5479878137685013E-10
  3.4290702799461604E+02  3.7605150828567033E-07  2.3281013037155379E-10
  3.4632330818002913E+02  3.4143833440897208E-07  2.1251948904717340E-10
  3.4977362374340964E+02  3.0965357397726338E-07  1.9381356601766227E-10
  3.5325831376905052E+02  2.8054483933401799E-07  1.7658517917883738E-10
  3.5677772071943991E+02  2.5387743683058570E-07  1.6073302449823057E-10
  3.6033219046891975E+02  2.2947668133992879E-07  1.4616145023589683E-10
  3.6392207233767238E+02  2.0719130310099055E-07  1.3278024106069377E-10
  3.6754771912605247E+02  1.8684403366852784E-07  1.2050440479586201E-10
  3.7120948714926163E+02  1.6831143187467391E-07  1.0925395949964936E-10
  3.7490773627236081E+02  1.5142684274005452E-07  9.8953721729411161E-11
  3.7864282994563905E+02  1.3609705296729993E-07  8.9533097441015141E-11
  3.8241513524033422E+02  1.2217726243927536E-07  8.0925875987108981E-11
  3.8622502288470213E+02  1.0954678127352585E-07  7.3070027139762267E-11
  3.9007286730045638E+02  9.8148372544514613E-08  6.5907502779269304E-11
  3.9395904663956003E+02  8.7734547576680951E-08  5.9384046763110306E-11
  3.9788394282139058E+02  7.8572250648225173E-08  5.3449009236302964E-11
  4.0184794157027704E+02  6.9907615647238124E-08  4.8055161124988016E-11
  4.0585143245340180E+02  6.2845984748607693E-08  4.3158511916684382E-11