 #p(MeV) \t \delta f_\\nu \t \delta f_\\nubar
  3.4943584486703854E+00  3.5653593361818552E-11  3.4960280192968591E-11
  3.5291716970273499E+00  3.5006227930888941E-11  3.4324626946173897E-11
  3.5643317793679943E+00  3.4371053218667315E-11  3.3700929577016668E-11
  3.5998421510955931E+00  3.3747831845645599E-11  3.3088955929585446E-11
  3.6357063020385625E+00  3.3136336763833163E-11  3.2488483951040336E-11
  3.6719277567934432E+00  3.2536346628723526E-11  3.1899297149391231E-11
  3.7085100750712727E+00  3.1947644188513086E-11  3.1321183013898921E-11
  3.7454568520474245E+00  3.1370016212615248E-11  3.0753932946253558E-11
  3.7827717187149341E+00  3.0803253420670956E-11  3.0197342192195312E-11
  3.8204583422413294E+00  3.0247150412769144E-11  2.9651209774278660E-11
  3.8585204263290374E+00  2.9701505600853749E-11  2.9115338425758329E-11
  3.8969617115793604E+00  2.9166121141295778E-11  2.8589534525577220E-11
  3.9357859758600924E+00  2.8640802868608456E-11  2.8073608034436080E-11
  3.9749970346768007E+00  2.8125360230284330E-11  2.7567372431925582E-11
  4.0145987415477853E+00  2.7619606222734642E-11  2.7070644654702210E-11
  4.0545949883828065E+00  2.7123356775140730E-11  2.6583244494159303E-11
  4.0949897058655491E+00  2.6636426600977550E-11  2.6104990534887494E-11
  4.1357868638399262E+00  2.6158631864009819E-11  2.5635702767296237E-11
  4.1769904717002229E+00  2.5689792526441181E-11  2.5175204888785055E-11
  4.2186045787851159E+00  2.5229732273454450E-11  2.4723324230474189E-11
  4.2606332747756364E+00  2.4778278432437883E-11  2.4279891678703374E-11
  4.3030806900970813E+00  2.4335261894114731E-11  2.3844741598371025E-11
  4.3459509963249383E+00  2.3900517035523786E-11  2.3417711758064343E-11
  4.3892484065948638E+00  2.3473881644801891E-11  2.2998643256932421E-11
  4.4329771760167098E+00  2.3055196847720339E-11  2.2587380453256346E-11
  4.4771416020927317E+00  2.2644307035928138E-11  2.2183770894670508E-11
  4.5217460251399046E+00  2.2241059796857690E-11  2.1787665249992928E-11
  4.5667948287164810E+00  2.1845305990695926E-11  2.1398917384692041E-11
  4.6122924400528058E+00  2.1456903930181273E-11  2.1017388448057669E-11
  4.6582433304863846E+00  2.1075719737648551E-11  2.0642947222575447E-11
  4.7046520159013294E+00  2.0701622108679380E-11  2.0275465001268258E-11
  4.7515230571721485E+00  2.0334481964998216E-11  1.9914815248496119E-11
  4.7988610606119826E+00  1.9974172422472111E-11  1.9560873569139525E-11
  4.8466706784252951E+00  1.9620568759472833E-11  1.9213517678117217E-11
  4.8949566091650656E+00  1.9273548385595924E-11  1.8872627370233237E-11
  4.9437235981945600E+00  1.8932990810730181E-11  1.8538084490347624E-11
  4.9929764381536721E+00  1.8598777614473364E-11  1.8209772903867275E-11
  5.0427199694299345E+00  1.8270792415888460E-11  1.7887578467552119E-11
  5.0929590806342215E+00  1.7948920843596503E-11  1.7571389000633033E-11
  5.1436987090811659E+00  1.7633050501081143E-11  1.7261094251261179E-11
  5.1949438412743936E+00  1.7323068222251797E-11  1.6956583215546847E-11
  5.2466995133965773E+00  1.7018854679104947E-11  1.6657738865680494E-11
  5.2989708118043675E+00  1.6720291515374491E-11  1.6364445125853200E-11
  5.3517628735282710E+00  1.6427263064093652E-11  1.6076588552884826E-11
  5.4050808867774860E+00  1.6139656280653913E-11  1.5794058270829916E-11
  5.4589300914497958E+00  1.5857360677703155E-11  1.5516745907375964E-11
  5.5133157796465131E+00  1.5580268261864382E-11  1.5244545532016152E-11
  5.5682432961925699E+00  1.5308273472216627E-11  1.4977353595939910E-11
  5.6237180391618020E+00  1.5041273120481601E-11  1.4715068873585912E-11
  5.6797454604074327E+00  1.4779166332862011E-11  1.4457592405805417E-11
  5.7363310660978666E+00  1.4521854493478912E-11  1.4204827444584143E-11
  5.7934804172578263E+00  1.4269241189359175E-11  1.3956679399275269E-11
  5.8511991303148516E+00  1.4021233280490995E-11  1.3713056881703318E-11
  5.9094928776512807E+00  1.3777750291300063E-11  1.3473880889276725E-11
  5.9683673881616883E+00  1.3538719178438324E-11  1.3239079689427893E-11
  6.0278284478159261E+00  1.3304067786461872E-11  1.3008582415960080E-11
  6.0878819002277247E+00  1.3073724751436745E-11  1.2782318974915174E-11
  6.1485336472289900E+00  1.2847619507314060E-11  1.2560220051080758E-11
  6.2097896494498217E+00  1.2625682291631265E-11  1.2342217113827125E-11
  6.2716559269042893E+00  1.2407844150558924E-11  1.2128242422293228E-11
  6.3341385595820610E+00  1.2194036943311847E-11  1.1918229029940663E-11
  6.3972436880459309E+00  1.1984193345943837E-11  1.1712110788494462E-11
  6.4609775140352763E+00  1.1778246854545347E-11  1.1509822351289607E-11
  6.5253463010755590E+00  1.1576131787862724E-11  1.1311299176041988E-11
  6.5903563750938590E+00  1.1377783095258611E-11  1.1116477337684494E-11
  6.6560141250405893E+00  1.1183128176088486E-11  1.0925285531300358E-11
  6.7223260035173595E+00  1.0992083974205150E-11  1.0737642229780212E-11
  6.7892985274111135E+00  1.0804568700545816E-11  1.0553467151336648E-11
  6.8569382785346065E+00  1.0620502776520065E-11  1.0372682182588200E-11
  6.9252519042732121E+00  1.0439808767789661E-11  1.0195211313652830E-11
  6.9942461182382178E+00  1.0262411320273371E-11  1.0020980575419057E-11
  7.0639277009266266E+00  1.0088237098293018E-11  9.8499179789128621E-12
  7.1343035003874862E+00  9.9172147247802529E-12  9.6819534566815134E-12
  7.2053804328949278E+00  9.7492747234664807E-12  9.5170188061186819E-12
  7.2771654836278366E+00  9.5843494629823163E-12  9.3550476346583228E-12
  7.3496657073563618E+00  9.4223731027947102E-12  9.1959753067679783E-12
  7.4228882291352090E+00  9.2632815428018127E-12  9.0397388945015380E-12
  7.4968402450038694E+00  9.1070151660577395E-12  8.8862798572207446E-12
  7.5715290226938397E+00  8.9535256462434304E-12  8.7355506948410141E-12
  7.6469619023428352E+00  8.8027676010853315E-12  8.5875067870429764E-12
  7.7231462972161751E+00  8.6546962208386334E-12  8.4421040743979701E-12
  7.8000896944353304E+00  8.5092672672137564E-12  8.2992990574140576E-12
  7.8777996557137131E+00  8.3664370721229204E-12  8.1590487954014164E-12
  7.9562838180998385E+00  8.2261625362447813E-12  8.0213109051545865E-12
  8.0355498947278345E+00  8.0884011274106806E-12  7.8860435594554129E-12
  8.1156056755754999E+00  7.9531108788156847E-12  7.7532054853999969E-12
  8.1964590282298353E+00  7.8202503870586536E-12  7.6227559625535077E-12
  8.2781178986602590E+00  7.6897788100149209E-12  7.4946548209369108E-12
  8.3605903119995233E+00  7.5616558645495435E-12  7.3688624388530033E-12
  8.4438843733323630E+00  7.4358416032503053E-12  7.2453395239291667E-12
  8.5280082684920444E+00  7.3122939434313600E-12  7.1240446955226869E-12
  8.6129702648648632E+00  7.1909698698206489E-12  7.0049356639509771E-12
  8.6987787122025910E+00  7.0718271999792269E-12  6.8879709572044951E-12
  8.7854420434430978E+00  6.9548245904574658E-12  6.7731099269279681E-12
  8.8729687755390749E+00  6.8399215192189590E-12  6.6603127312109938E-12
  8.9613675102950854E+00  6.7270782685306890E-12  6.5495403178324951E-12
  9.0506469352128835E+00  6.6162559083020386E-12  6.4407544079424324E-12
  9.1408158243452036E+00  6.5074162798562473E-12  6.3339174801644184E-12
  9.2318830391580651E+00  6.4005219801183531E-12  6.2289927551039516E-12
  9.3238575294016037E+00  6.2955363462049078E-12  6.1259441802477627E-12
  9.4167483339896414E+00  6.1924234404007959E-12  6.0247364152399808E-12
  9.5105645818880085E+00  6.0911479866787906E-12  5.9253347705288086E-12
  9.6053154930116751E+00  5.9916751097778380E-12  5.8277049620257148E-12
  9.7010103791308868E+00  5.8939707719210583E-12  5.7318135348932902E-12
  9.7976586447862513E+00  5.7980016449105066E-12  5.6376277309933662E-12
  9.8952697882130192E+00  5.7037350531909612E-12  5.5451154330645173E-12
  9.9938534022745102E+00  5.6111389605025786E-12  5.4542451516435232E-12
  1.0093419175404867E+01  5.5201819568775180E-12  5.3649860123223624E-12
  1.0193976892561222E+01  5.4308332459680410E-12  5.2773077433285042E-12
  1.0295536436185296E+01  5.3430626326943242E-12  5.1911806634169520E-12
  1.0398107787174620E+01  5.2568405112003914E-12  5.1065756700627824E-12
  1.0501701025863438E+01  5.1721378531074031E-12  5.0234642279435817E-12
  1.0606326333013335E+01  5.0889261960539462E-12  4.9418183577017251E-12
  1.0711993990813779E+01  5.0071776395748270E-12  4.8616106318033221E-12
  1.0818714383892626E+01  4.9268651751315694E-12  4.7828144892762355E-12
  1.0926498000336677E+01  4.8479625544095889E-12  4.7054041016273127E-12
  1.1035355432722396E+01  4.7704439757771858E-12  4.6293540785536517E-12
  1.1145297379156913E+01  4.6942841262209154E-12  4.5546395100448995E-12
  1.1256334644329424E+01  4.6194581717764246E-12  4.4812359569990156E-12
  1.1368478140572993E+01  4.5459417482230348E-12  4.4091194420946969E-12
  1.1481738888936992E+01  4.4737109520305273E-12  4.3382664409093229E-12
  1.1596128020270234E+01  4.4027423315474799E-12  4.2686538732718075E-12
  1.1711656776314832E+01  4.3330128784207638E-12  4.2002590948404973E-12
  1.1828336510811017E+01  4.2645000192365818E-12  4.1330598888964615E-12
  1.1946178690612943E+01  4.1971816073738061E-12  4.0670344583432789E-12
  1.2065194896815610E+01  4.1310359150773932E-12  4.0021614179199006E-12
  1.2185396825892990E+01  4.0660415806553535E-12  3.9384197447981216E-12
  1.2306796290847531E+01  4.0021778141676920E-12  3.8757889852211318E-12
  1.2429405222371104E+01  3.9394243879678311E-12  3.8142492383388268E-12
  1.2553235670017484E+01  3.8777614359135292E-12  3.7537809586876743E-12
  1.2678299803386540E+01  3.8171694458144367E-12  3.6943649488005615E-12
  1.2804609913320252E+01  3.7576292531328642E-12  3.6359823530318251E-12
  1.2932178413110563E+01  3.6991220348954668E-12  3.5786146515870350E-12
  1.3061017839719321E+01  3.6416293038034404E-12  3.5222436547453068E-12
  1.3191140855010408E+01  3.5851329025295241E-12  3.4668514972628008E-12
  1.3322560246994056E+01  3.5296149981910033E-12  3.4124206329467464E-12
  1.3455288931083608E+01  3.4750580769882946E-12  3.3589338293898518E-12
  1.3589339951364810E+01  3.4214449389995731E-12  3.3063741628557856E-12
  1.3724726481877758E+01  3.3687586674298429E-12  3.2547249880864138E-12
  1.3861461827911542E+01  3.3169819579741283E-12  3.2039692860723720E-12
  1.3999559427311871E+01  3.2660971784730321E-12  3.1540897242761234E-12
  1.4139032851801721E+01  3.2160870524942628E-12  3.1050693201838320E-12
  1.4279895808315056E+01  3.1669346758060879E-12  3.0568914570989714E-12
  1.4422162140343925E+01  3.1186235073741785E-12  3.0095398753010065E-12
  1.4565845829298969E+01  3.0711373606575447E-12  2.9629986634966745E-12
  1.4710960995883436E+01  3.0244603951907502E-12  2.9172522505511370E-12
  1.4857521901480908E+01  2.9785771084399637E-12  2.8722853974869262E-12
  1.5005542949556865E+01  2.9334723279210475E-12  2.8280831897390329E-12
  1.5155038687074233E+01  2.8891312035685643E-12  2.7846310296553008E-12
  1.5306023805922953E+01  2.8455392003449432E-12  2.7419146292315404E-12
  1.5458513144363872E+01  2.8026820928905853E-12  2.6999200049266369E-12
  1.5612521688487019E+01  2.7605468849467130E-12  2.6586343689489941E-12
  1.5768064573684331E+01  2.7191229476663764E-12  2.6180472279834746E-12
  1.5925157086137130E+01  2.6784000435917381E-12  2.5781484691476081E-12
  1.6083814664318410E+01  2.6383680185725864E-12  2.5389280620848519E-12
  1.6244052900510056E+01  2.5990168037273984E-12  2.5003760608940252E-12
  1.6405887542335169E+01  2.5603364173126850E-12  2.4624826059669438E-12
  1.6569334494305721E+01  2.5223169665008165E-12  2.4252379257346308E-12
  1.6734409819385597E+01  2.4849486490670589E-12  2.3886323383227259E-12
  1.6901129740569175E+01  2.4482217549864257E-12  2.3526562531168420E-12
  1.7069510642475667E+01  2.4121266679412149E-12  2.3173001722386933E-12
  1.7239569072959373E+01  2.3766538667402742E-12  2.2825546919340408E-12
  1.7411321744735890E+01  2.3417939266909370E-12  2.2484105039107682E-12
  1.7584785537024604E+01  2.3075369765296245E-12  2.2148578706026175E-12
  1.7759977497207540E+01  2.2738700056733377E-12  2.1818840275770363E-12
  1.7936914842504695E+01  2.2407791201089056E-12  2.1494753641058088E-12
  1.8115614961666033E+01  2.2082508155618354E-12  2.1176186521201052E-12
  1.8296095416680473E+01  2.1762719679929816E-12  2.0863010368348954E-12
  1.8478373944501790E+01  2.1448298219078694E-12  2.0555100252658251E-12
  1.8662468458791697E+01  2.1139119790878391E-12  2.0252334751597014E-12
  1.8848397051680362E+01  2.0835063877258193E-12  1.9954595843217057E-12
  1.9036177995544467E+01  2.0536013319502987E-12  1.9661768803231882E-12
  1.9225829744802883E+01  2.0241854217217652E-12  1.9373742105746247E-12
  1.9417370937730357E+01  1.9952475830865143E-12  1.9090407327489098E-12
  1.9610820398289185E+01  1.9667770487734419E-12  1.8811659055408207E-12
  1.9806197137979208E+01  1.9387634999876453E-12  1.8537396247317519E-12
  2.0003520357706083E+01  1.9111997041093182E-12  1.8267547600270830E-12
  2.0202809449668401E+01  1.8840810437267684E-12  1.8002066996927260E-12
  2.0404083999263438E+01  1.8574029502693933E-12  1.7740908789656921E-12
  2.0607363787011892E+01  1.8311608107577837E-12  1.7484026902890091E-12
  2.0812668790501874E+01  1.8053499727645920E-12  1.7231374881787639E-12
  2.1020019186352275E+01  1.7799657492268268E-12  1.6982905939433512E-12
  2.1229435352195559E+01  1.7550034231101880E-12  1.6738573002556333E-12
  2.1440937868680464E+01  1.7304582519262975E-12  1.6498328755787977E-12
  2.1654547521494589E+01  1.7063254721038731E-12  1.6262125684470755E-12
  2.1870285303407137E+01  1.6826003032151217E-12  1.6029916116025221E-12
  2.2088172416331929E+01  1.6592779520587879E-12  1.5801652259893900E-12
  2.2308230273411180E+01  1.6363536053523928E-12  1.5577286139928371E-12
  2.2530480501119829E+01  1.6138210765025565E-12  1.5356756644263010E-12
  2.2754944941390885E+01  1.5916714110267887E-12  1.5139976150773945E-12
  2.2981645653762016E+01  1.5698955270425998E-12  1.4926855867161838E-12
  2.3210604917543503E+01  1.5484845971723133E-12  1.4717309498721206E-12
  2.3441845234007680E+01  1.5274300406915422E-12  1.4511253171282361E-12
  2.3675389328600357E+01  1.5067235159723464E-12  1.4308605357039220E-12
  2.3911260153174169E+01  1.4863569132085634E-12  1.4109286803140267E-12
  2.4149480888244216E+01  1.4663223474112943E-12  1.3913220462924502E-12
  2.4390074945266065E+01  1.4466121516631067E-12  1.3720331429690566E-12
  2.4633065968936684E+01  1.4272188706199783E-12  1.3530546872890712E-12
  2.4878477839518073E+01  1.4081352542505837E-12  1.3343795976648229E-12
  2.5126334675184129E+01  1.3893542519432843E-12  1.3160009881719061E-12
  2.5376660834390893E+01  1.3708693165909730E-12  1.2979124574314688E-12
  2.5629480918270453E+01  1.3526757217060279E-12  1.2801093471169879E-12
  2.5884819773048601E+01  1.3347693860031155E-12  1.2625876182738330E-12
  2.6142702492486627E+01  1.3171462687964263E-12  1.2453432721269964E-12
  2.6403154420347501E+01  1.2998023693634129E-12  1.2283723494730588E-12
  2.6666201152886529E+01  1.2827337272100213E-12  1.2116709309363511E-12
  2.6931868541366786E+01  1.2659364223199317E-12  1.1952351372088252E-12
  2.7200182694599814E+01  1.2494065753875081E-12  1.1790611292733615E-12
  2.7471169981511444E+01  1.2331403480342545E-12  1.1631451086103364E-12
  2.7744857033733190E+01  1.2171339430085935E-12  1.1474833173872718E-12
  2.8021270748219550E+01  1.2013836043688749E-12  1.1320720386314567E-12
  2.8300438289891385E+01  1.1858856176495259E-12  1.1169075963855256E-12
  2.8582387094305492E+01  1.1706362859721195E-12  1.1019863333797228E-12
  2.8867144870350913E+01  1.1556315640824241E-12  1.0873042631470425E-12
  2.9154739602972104E+01  1.1408671351032794E-12  1.0728571421708194E-12
  2.9445199555919160E+01  1.1263387529805209E-12  1.0586407969013569E-12
  2.9738553274525387E+01  1.1120422531677011E-12  1.0446511339349964E-12
  3.0034829588512796E+01  1.0979735509687962E-12  1.0308841383828510E-12
  3.0334057614825287E+01  1.0841286399194146E-12  1.0173358722772300E-12
  3.0636266760490127E+01  1.0705035902054218E-12  1.0040024730147132E-12
  3.0941486725508007E+01  1.0570945471180138E-12  9.9088015183487865E-13
  3.1249747505771893E+01  1.0438977295442039E-12  9.7796519233372722E-13
  3.1561079396014815E+01  1.0309094284918256E-12  9.6525394901087092E-13
  3.1875512992787169E+01  1.0181260056481035E-12  9.5274284584957611E-13
  3.2193079197463682E+01  1.0055438889867800E-12  9.4042837208998520E-13
  3.2513809219280184E+01  9.9315944075663053E-13  9.2830695843625529E-13
  3.2837734578400799E+01  9.8096892573561337E-13  9.1637494833977186E-13
  3.3164887109015652E+01  9.6896867819779836E-13  9.0462875407742470E-13
  3.3495298962469370E+01  9.5715511014824649E-13  8.9306486425833770E-13
  3.3829002610420808E+01  9.4552470950222868E-13  8.8167984203730088E-13
  3.4166030848034225E+01  9.3407403831362885E-13  8.7047032337636624E-13
  3.4506416797202348E+01  9.2279973105104864E-13  8.5943301535312509E-13
  3.4850193909801384E+01  9.1169849292014557E-13  8.4856469451425234E-13
  3.5197395970978555E+01  9.0076709823081592E-13  8.3786220527293459E-13
  3.5548057102472463E+01  8.9000238880786475E-13  8.2732245834886040E-13
  3.5902211765966385E+01  8.7940127244385792E-13  8.1694242924946898E-13
  3.6259894766474950E+01  8.6896072144523956E-13  8.0671915683869969E-13
  3.6621141255764833E+01  8.5867784680151765E-13  7.9664981215827064E-13
  3.6985986735809277E+01  8.4855008487018877E-13  7.8673187217538076E-13
  3.7354467062276932E+01  8.3857497717259632E-13  7.7696291419046023E-13
  3.7726618448055874E+01  8.2875010580248271E-13  7.6734055541402803E-13
  3.8102477466812353E+01  8.1907309277910689E-13  7.5786245232779910E-13
  3.8482081056585024E+01  8.0954159941089848E-13  7.4852630005606292E-13
  3.8865466523415257E+01  8.0015332566971335E-13  7.3932983174734057E-13
  3.9252671545013385E+01  7.9090600957548510E-13  7.3027081796615978E-13
  3.9643734174461336E+01  7.8179742659110391E-13  7.2134706609475768E-13
  4.0038692843952788E+01  7.7282538902731036E-13  7.1255641974450869E-13
  4.0437586368569647E+01  7.6398774545746686E-13  7.0389675817694854E-13
  4.0840453950096858E+01  7.5528238014197799E-13  6.9536599573416224E-13
  4.1247335180875275E+01  7.4670718436035283E-13  6.8696205539970085E-13
  4.1658270047692127E+01  7.3825979973071869E-13  6.7868263070209735E-13
  4.2073298935711207E+01  7.2993774181797794E-13  6.7052530034683726E-13
  4.2492462632441615E+01  7.2173857876151901E-13  6.6248769476203965E-13
  4.2915802331746079E+01  7.1365993301188660E-13  6.5456749767040997E-13
  4.3343359637889620E+01  7.0569947998025778E-13  6.4676244476579451E-13
  4.3775176569628066E+01  6.9785494672598988E-13  6.3907032242696899E-13
  4.4211295564337448E+01  6.9012411068105431E-13  6.3148896646750029E-13
  4.4651759482184801E+01  6.8250479841022178E-13  6.2401626092057139E-13
  4.5096611610340204E+01  6.7499488440592772E-13  6.1665013685770686E-13
  4.5545895667230724E+01  6.6759228991674356E-13  6.0938857124035605E-13
  4.5999655806837168E+01  6.6029498180844693E-13  6.0222958580332585E-13
  4.6457936623033270E+01  6.5310097528704800E-13  5.9517124933253663E-13
  4.6920783153968038E+01  6.4600843283275496E-13  5.8821176655810737E-13
  4.7388240886492255E+01  6.3901568132362631E-13  5.8134949439533614E-13
  4.7860355760628572E+01  6.3212108799850855E-13  5.7458282884017527E-13
  4.8337174174086179E+01  6.2532305057354105E-13  5.6791019579559550E-13
  4.8818742986821086E+01  6.1861999661068191E-13  5.6133005045095855E-13
  4.9305109525640766E+01  6.1201038290133791E-13  5.5484087667614932E-13
  4.9796321588855506E+01  6.0549269486467547E-13  5.4844118643005421E-13
  5.0292427450976149E+01  5.9906544596025233E-13  5.4212951918301285E-13
  5.0793475867457751E+01  5.9272717711457306E-13  5.3590444135288946E-13
  5.1299516079491532E+01  5.8647645616121684E-13  5.2976454575437328E-13
  5.1810597818844023E+01  5.8031187729417568E-13  5.2370845106118085E-13
  5.2326771312744299E+01  5.7423206033671847E-13  5.1773480111497605E-13
  5.2848087288820459E+01  5.6823561745154202E-13  5.1184223583996205E-13
  5.3374596980084782E+01  5.6232110524475897E-13  5.0602934862297505E-13
  5.3906352129968603E+01  5.5648709534012985E-13  5.0029474877023234E-13
  5.4443404997407704E+01  5.5073218803415558E-13  4.9463707373799656E-13
  5.4985808361978066E+01  5.4505501165812709E-13  4.8905498850726281E-13
  5.5533615529082596E+01  5.3945422195710505E-13  4.8354718497491666E-13
  5.6086880335190187E+01  5.3392850148537341E-13  4.7811238136087969E-13
  5.6645657153126365E+01  5.2847655901789124E-13  4.7274932163080117E-13
  5.7210000897416684E+01  5.2309712897726686E-13  4.6745677493380855E-13
  5.7779967029683881E+01  5.1778897087579235E-13  4.6223353505487629E-13
  5.8355611564098226E+01  5.1255086877211271E-13  4.5707841988137881E-13
  5.8936991072882229E+01  5.0738163074217465E-13  4.5199027088346609E-13
  5.9524162691870906E+01  5.0228008684877238E-13  4.4696795092828647E-13
  6.0117184126126190E+01  4.9724506257602651E-13  4.4201031906262579E-13
  6.0716113655608268E+01  4.9227538802758680E-13  4.3711623981987029E-13
  6.1321010140903525E+01  4.8736991713458869E-13  4.3228460113956936E-13
  6.1931933029008327E+01  4.8252752743688060E-13  4.2751431413491403E-13
  6.2548942359171932E+01  4.7774711953953078E-13  4.2280431256068876E-13
  6.3172098768796708E+01  4.7302761658456969E-13  4.1815355229598047E-13
  6.3801463499397123E+01  4.6836796373746188E-13  4.1356101084118282E-13
  6.4437098402618730E+01  4.6376712768787928E-13  4.0902568682884104E-13
  6.5079065946316561E+01  4.5922409616432471E-13  4.0454659954791417E-13
  6.5727429220693963E+01  4.5473787746219021E-13  4.0012278848103006E-13
  6.6382251944503366E+01  4.5030749998482231E-13  3.9575331285432956E-13
  6.7043598471308030E+01  4.4593201478067609E-13  3.9143725380821264E-13
  6.7711533795806361E+01  4.4161055019655292E-13  3.8717376180785385E-13
  6.8386123560219687E+01  4.3734230472635866E-13  3.8296205008590863E-13
  6.9067434060743196E+01  4.3312649323369181E-13  3.7880134768383964E-13
  6.9755532254060967E+01  4.2896234442021755E-13  3.7469089719839168E-13
  7.0450485763926793E+01  4.2484910054409727E-13  3.7062995450489577E-13
  7.1152362887809645E+01  4.2078601714604418E-13  3.6661778848793879E-13
  7.1861232603605501E+01  4.1677236278276662E-13  3.6265368077916064E-13
  7.2577164576416976E+01  4.1280741876757527E-13  3.5873692550193852E-13
  7.3300229165398861E+01  4.0889047891794330E-13  3.5486682902277240E-13
  7.4030497430673151E+01  4.0502084930978534E-13  3.5104270970913289E-13
  7.4768041140313031E+01  4.0119784803826925E-13  3.4726389769357994E-13
  7.5512932777395008E+01  3.9742080478264667E-13  3.4352973446305702E-13
  7.6265245547123129E+01  3.9368904805780973E-13  3.3983956286652163E-13
  7.7025053384023010E+01  3.9000191660625497E-13  3.3619273922558072E-13
  7.7792430959207550E+01  3.8635876540945945E-13  3.3258863580393973E-13
  7.8567453687715926E+01  3.8275896023105507E-13  3.2902663544872011E-13
  7.9350197735924723E+01  3.7920187742199050E-13  3.2550613139855100E-13
  8.0140740029033211E+01  3.7568690373153025E-13  3.2202652709712127E-13
  8.0939158258623564E+01  3.7221343612389100E-13  3.1858723601198945E-13
  8.1745530890296052E+01  3.6878088160032343E-13  3.1518768145846094E-13
  8.2559937171379914E+01  3.6538865702643447E-13  3.1182729642834100E-13
  8.3382457138722174E+01  3.6203618896458402E-13  3.0850552342337372E-13
  8.4213171626552978E+01  3.5872291351116814E-13  3.0522181429320339E-13
  8.5052162274429492E+01  3.5544827613796786E-13  3.0197563007730381E-13
  8.5899511535259634E+01  3.5221172185148074E-13  2.9876643193422817E-13
  8.6755302683405006E+01  3.4901260319016848E-13  2.9559359801854394E-13
  8.7619619822864493E+01  3.4585022982486294E-13  2.9245646915124892E-13
  8.8492547895540241E+01  3.4272392617848834E-13  2.8935440067240650E-13
  8.9374172689585166E+01  3.3963303153967060E-13  2.8628676250949156E-13
  9.0264580847833557E+01  3.3657689971024419E-13  2.8325293883260974E-13
  9.1163859876316963E+01  3.3355489866432720E-13  2.8025232772071964E-13
  9.2072098152862850E+01  3.3056641021855628E-13  2.7728434083847640E-13
  9.2989384935780492E+01  3.2761082971309916E-13  2.7434840312329391E-13
  9.3915810372633615E+01  3.2468756570305832E-13  2.7144395248225967E-13
  9.4851465509098517E+01  3.2179603965992033E-13  2.6857043949855483E-13
  9.5796442297912662E+01  3.1893568568268857E-13  2.6572732714701583E-13
  9.6750833607911218E+01  3.1610595510673127E-13  2.6291409472592618E-13
  9.7714733233153439E+01  3.1330644114441568E-13  2.6013034607805800E-13
  9.8688235902141102E+01  3.1053688584419447E-13  2.5737581520852690E-13
  9.9671437287127645E+01  3.0779704006989115E-13  2.5465024387340674E-13
  1.0066443401352029E+02  3.0508665588128379E-13  2.5195337491193549E-13
  1.0166732366937666E+02  3.0240548656594890E-13  2.4928495227453308E-13
  1.0268020481499492E+02  2.9975328667043926E-13  2.4664472105001184E-13
  1.0370317699259977E+02  2.9712981203079923E-13  2.4403242749198561E-13
  1.0473634073612561E+02  2.9453481980242594E-13  2.4144781904447524E-13
  1.0577979758109639E+02  2.9196806848928711E-13  2.3889064436672285E-13
  1.0683365007460380E+02  2.8942931797250659E-13  2.3636065335721974E-13
  1.0789800178538587E+02  2.8691832953832249E-13  2.3385759717694203E-13
  1.0897295731400494E+02  2.8443486575844756E-13  2.3138122815173718E-13
  1.1005862230312715E+02  2.8197863784490251E-13  2.2893125472079244E-13
  1.1115510344790560E+02  2.7954922301173812E-13  2.2650727070112282E-13
  1.1226250850646466E+02  2.7714618438204906E-13  2.2410885875963431E-13
  1.1338094631049073E+02  2.7476909407288709E-13  2.2173561032619107E-13
  1.1451052677592835E+02  2.7241753300431569E-13  2.1938712540369786E-13
  1.1565136091378102E+02  2.7009109071417631E-13  2.1706301238350585E-13
  1.1680356084102209E+02  2.6778936517837907E-13  2.1476288786596256E-13
  1.1796723979161280E+02  2.6551196263656994E-13  2.1248637648593716E-13
  1.1914251212763014E+02  2.6325849742299849E-13  2.1023311074315894E-13
  1.2032949335050667E+02  2.6102859180244288E-13  2.0800273083720240E-13
  1.2152830011238110E+02  2.5882187581103547E-13  2.0579488450697417E-13
  1.2273905022756225E+02  2.5663798710152826E-13  2.0360922687432731E-13
  1.2396186268410796E+02  2.5447658222999500E-13  2.0144542997917671E-13
  1.2519685765551853E+02  2.5233740386727876E-13  1.9930323965115631E-13
  1.2644415651254658E+02  2.5022023249377334E-13  1.9718243414960208E-13
  1.2770388183512560E+02  2.4812485142075882E-13  1.9508279433208780E-13
  1.2897615742441627E+02  2.4605104661882361E-13  1.9300410349882253E-13
  1.3026110831497286E+02  2.4399860669541719E-13  1.9094614736433252E-13
  1.3155886078703190E+02  2.4196732287306601E-13  1.8890871402952765E-13
  1.3286954237892218E+02  2.3995698896825730E-13  1.8689159395415105E-13
  1.3419328189959813E+02  2.3796740137099644E-13  1.8489457992959737E-13
  1.3553020944130031E+02  2.3599835902504274E-13  1.8291746705209471E-13
  1.3688045639233849E+02  2.3404966340883411E-13  1.8096005269624243E-13
  1.3824415545000488E+02  2.3212111851710682E-13  1.7902213648889673E-13
  1.3962144063361603E+02  2.3021253084322377E-13  1.7710352020301690E-13
  1.4101244729768177E+02  2.2832370316109686E-13  1.7520400200401398E-13
  1.4241731214520917E+02  2.2645443255947971E-13  1.7332337511944694E-13
  1.4383617324113635E+02  2.2460451864014392E-13  1.7146143505260817E-13
  1.4526917002590068E+02  2.2277376399383810E-13  1.6961797997391054E-13
  1.4671644332914349E+02  2.2096197417161767E-13  1.6779281068201496E-13
  1.4817813538354957E+02  2.1916895765734597E-13  1.6598573056560467E-13
  1.4965438983882504E+02  2.1739452584138751E-13  1.6419654556578708E-13
  1.5114535177581556E+02  2.1563849299550316E-13  1.6242506413911127E-13
  1.5265116772076382E+02  2.1390067624897645E-13  1.6067109722118916E-13
  1.5417198565970921E+02  2.1218089556598999E-13  1.5893445819091303E-13
  1.5570795505303229E+02  2.1047897372427812E-13  1.5721496283524623E-13
  1.5725922685014262E+02  2.0879473626032318E-13  1.5551242929905696E-13
  1.5882595350431319E+02  2.0712800829786401E-13  1.5382667564198436E-13
  1.6040828898766381E+02  2.0547861169301454E-13  1.5215751754112396E-13
  1.6200638880629242E+02  2.0384637063806386E-13  1.5050477270308950E-13
  1.6362041001555721E+02  2.0223111235696730E-13  1.4886826139380570E-13
  1.6525051123551296E+02  2.0063266708305297E-13  1.4724780639866474E-13
  1.6689685266649769E+02  1.9905086803843271E-13  1.4564323298338413E-13
  1.6855959610487747E+02  1.9748555141515172E-13  1.4405436885554232E-13
  1.7023890495894821E+02  1.9593655635813085E-13  1.4248104412678434E-13
  1.7193494426499259E+02  1.9440372494996003E-13  1.4092309127567945E-13
  1.7364788070350116E+02  1.9288690219759276E-13  1.3938034511121370E-13
  1.7537788261555232E+02  1.9138593602101973E-13  1.3785264273690885E-13
  1.7712512001935579E+02  1.8990067724214062E-13  1.3633982351462803E-13
  1.7888976462696237E+02  1.8843098287889568E-13  1.3484173172644616E-13
  1.8067198986113871E+02  1.8697673064352915E-13  1.3335822790498660E-13
  1.8247197087241014E+02  1.8553780634002201E-13  1.3188917864786030E-13
  1.8428988455627473E+02  1.8411409776468702E-13  1.3043445178250929E-13
  1.8612590957058757E+02  1.8270549472446398E-13  1.2899391635096158E-13
  1.8798022635311798E+02  1.8131188906270207E-13  1.2756744259884519E-13
  1.8985301713928339E+02  1.7993317468738261E-13  1.2615490196451828E-13
  1.9174446598005824E+02  1.7856924760195947E-13  1.2475616706831637E-13
  1.9365475876006110E+02  1.7722000593899736E-13  1.2337111170190717E-13
  1.9558408321582408E+02  1.7588534999680761E-13  1.2199961081775575E-13
  1.9753262895424220E+02  1.7456518227930569E-13  1.2064154051869332E-13
  1.9950058747120650E+02  1.7325940753933193E-13  1.1929677804758837E-13
  2.0148815217042579E+02  1.7196793232790705E-13  1.1796520128116777E-13
  2.0349551838243082E+02  1.7069065579856028E-13  1.1664668132738480E-13
  2.0552288338377215E+02  1.6942747182940447E-13  1.1534108454240455E-13
  2.0757044641640886E+02  1.6817827717851768E-13  1.1404827883218176E-13
  2.0963840870728649E+02  1.6694297176687617E-13  1.1276813380514539E-13
  2.1172697348811550E+02  1.6572145873430490E-13  1.1150052074743245E-13
  2.1383634601534300E+02  1.6451364450169706E-13  1.1024531259852414E-13
  2.1596673359032411E+02  1.6331943884001597E-13  1.0900238392727089E-13
  2.1811834557969598E+02  1.6213875494662409E-13  1.0777161090829898E-13
  2.2029139343595293E+02  1.6097150952956025E-13  1.0655287129879029E-13
  2.2248609071822668E+02  1.5981762290044431E-13  1.0534604441562791E-13
  2.2470265311327537E+02  1.5867701907676243E-13  1.0415101111289641E-13
  2.2694129845667973E+02  1.5754962594022368E-13  1.0296765381431987E-13
  2.2920224675425072E+02  1.5643538168998357E-13  1.0179586131943240E-13
  2.3148572020365197E+02  1.5533423999917878E-13  1.0063553228361436E-13
  2.3379194321623595E+02  1.5424615937056633E-13  9.9486567105739793E-14
  2.3612114243909781E+02  1.5317110205930397E-13  9.8348866997581290E-14
  2.3847354677735049E+02  1.5210903426561616E-13  9.7222333977908383E-14
  2.4084938741662017E+02  1.5105992634479466E-13  9.6106870866631372E-14
  2.4324889784576541E+02  1.5002375303636023E-13  9.5002381278984464E-14
  2.4567231387982602E+02  1.4900049371443364E-13  9.3908769619749197E-14
  2.4811987368319518E+02  1.4799013266163479E-13  9.2825941077516589E-14
  2.5059181779302665E+02  1.4699265936911811E-13  9.1753801618984863E-14
  2.5308838914287534E+02  1.4600806886569860E-13  9.0692257983292456E-14
  2.5560983308656898E+02  1.4503636208167895E-13  8.9641217676982101E-14
  2.5815639742232293E+02  1.4407754544369613E-13  8.8600588322292295E-14
  2.6072833241709225E+02  1.4313162826718946E-13  8.7570275481794709E-14
  2.6332589083116585E+02  1.4219862618264439E-13  8.6550184872234894E-14
  2.6594932794300883E+02  1.4127856276768831E-13  8.5540223139318590E-14
  2.6859890157434916E+02  1.4037147013552616E-13  8.4540297847598569E-14
  2.7127487211551477E+02  1.3947738958870588E-13  8.3550317470515375E-14
  2.7397750255102557E+02  1.3859637234678647E-13  8.2570191380561425E-14
  2.7670705848543736E+02  1.3772848035784713E-13  8.1599829839570159E-14
  2.7946380816944406E+02  1.3687378720536534E-13  8.0639143989123249E-14
  2.8224802252624175E+02  1.3603237912385258E-13  7.9688045841073808E-14
  2.8505997517815348E+02  1.3520435613886529E-13  7.8746448268183603E-14
  2.8789994247351859E+02  1.3438983334965465E-13  7.7814264994870164E-14
  2.9076820351385339E+02  1.3358894221163582E-13  7.6891410540744157E-14
  2.9366504018127898E+02  1.3280183143339233E-13  7.5977799933559762E-14
  2.9659073716622294E+02  1.3202866932822528E-13  7.5073348835942553E-14
  2.9954558199539929E+02  1.3126964632772847E-13  7.4177973747337739E-14
  3.0252986506006476E+02  1.3052497739469618E-13  7.3291592002144982E-14
  3.0554387964455628E+02  1.2979490477229894E-13  7.2414121760095692E-14
  3.0858792195511666E+02  1.2907970114022402E-13  7.1545481996763400E-14
  3.1166229114900159E+02  1.2837967325050517E-13  7.0685592494206020E-14
  3.1476728936388065E+02  1.2769516613109111E-13  6.9834373831733393E-14
  3.1790322174753277E+02  1.2702656796429510E-13  6.8991747376797353E-14
  3.2107039648783075E+02  1.2637431577112914E-13  6.8157635276002753E-14
  3.2426912484303210E+02  1.2573890206255201E-13  6.7331960446233588E-14
  3.2749972117236752E+02  1.2512088283400928E-13  6.6514646635368688E-14
  3.3076250296693354E+02  1.2452089131867558E-13  6.5705620721244051E-14
  3.3405779088089668E+02  1.2393964991584783E-13  6.4904813409513212E-14
  3.3738590876300503E+02  1.2337797778751205E-13  6.4112156119148081E-14
  3.4074718368841377E+02  1.2283680612399613E-13  6.3327580718929775E-14
  3.4414194599083135E+02  1.2231719706606963E-13  6.2551019526084984E-14
  3.4757052929498184E+02  1.2182036667259359E-13  6.1782405304926577E-14
  3.5103327054939189E+02  1.2134771298217390E-13  6.1021671265494555E-14
  3.5453051005950653E+02  1.2090085053818878E-13  6.0268751062194105E-14
  3.5806259152113176E+02  1.2048165318122569E-13  5.9523578792430931E-14
  3.6162986205421271E+02  1.2009230750729518E-13  5.8786088995239646E-14
  3.6523267223694535E+02  1.1973538021093305E-13  5.8056216649905714E-14
  3.6887137614023271E+02  1.1941390365414429E-13  5.7333897168261878E-14
  3.7254633136248020E+02  1.1913148222482022E-13  5.6619065001032108E-14
  3.7625789906473830E+02  1.1889242970513764E-13  5.5911651322401978E-14
  3.8000644400619780E+02  1.1870196284794952E-13  5.5211587298064193E-14
  3.8379233458003665E+02  1.1856644974211525E-13  5.4518804820895056E-14
  3.8761594284962257E+02  1.1849374076192605E-13  5.3833236501258231E-14
  3.9147764458508038E+02  1.1849361756919301E-13  5.3154815657455968E-14
  3.9537781930022021E+02  1.1857840982778281E-13  5.2483476306327305E-14
  3.9931685028983480E+02  1.1876385252041407E-13  5.1819153153988572E-14
  4.0329512466736753E+02  1.1907029077941843E-13  5.1161781586713804E-14
  4.0731303340295801E+02  1.1952438700816407E-13  5.0511297661948916E-14
  4.1137097136186497E+02  1.2016154568879932E-13  4.9867638099458923E-14
  4.1546933734326990E+02  1.2102932550704922E-13  4.9230740272604184E-14
  4.1960853411947289E+02  1.2219207713927558E-13  4.8600542807195515E-14
  4.2378896847547384E+02  1.2373665750169605E-13  4.7976988584493753E-14
  4.2801105124894877E+02  1.2577750965420786E-13  4.7360022369946800E-14
  4.3227519737062789E+02  1.2845482835553697E-13  4.6749589254658210E-14
  4.3658182590507170E+02  1.3190890045064141E-13  4.6145634643449015E-14
  4.4093136009185622E+02  1.3620087936457548E-13  4.5548104255129285E-14
  4.4532422738716531E+02  1.4117432545325538E-13  4.4956944122748751E-14
  4.4976085950580250E+02  1.4637795943545324E-13  4.4372100593825893E-14
  4.5424169246361652E+02  1.5124471257448323E-13  4.3793520330553324E-14
  4.5876716662035057E+02  1.5540776271534919E-13  4.3221150309977919E-14
  4.6333772672292150E+02  1.5879974491964903E-13  4.2654937824153571E-14
  4.6795382194912673E+02  1.6152949879284971E-13  4.2094830480266031E-14
  4.7261590595178643E+02  1.6374974550420957E-13  4.1540776119668885E-14
  4.7732443690332951E+02  1.6559594289668992E-13  4.0992722024558439E-14
  4.8207987754081938E+02  1.6717243365107706E-13  4.0450615296445122E-14
  4.8688269521143081E+02  1.6855525782887782E-13  3.9914403428595917E-14
  4.9173336191837740E+02  1.6979825614337720E-13  3.9384034321067320E-14
  4.9663235436730099E+02  1.7093957155719117E-13  3.8859456277264560E-14
  5.0158015401311951E+02  1.7200684640604073E-13  3.8340618000583599E-14
  5.0657724710734010E+02  1.7302052108341002E-13  3.7827468591128997E-14
  5.1162412474585051E+02  1.7399622952527992E-13  3.7319957542503028E-14
  5.1672128291717956E+02  1.7494597039732287E-13  3.6818034738661699E-14
  5.2186922255124000E+02  1.7587807061971586E-13  3.6321650450833297E-14
  5.2706844956856116E+02  1.7679889731608627E-13  3.5830755334493376E-14
  5.3231947493000666E+02  1.7771398729922062E-13  3.5345300429092827E-14
  5.3762281468699121E+02  1.7862847836820213E-13  3.4865236161177523E-14
  5.4297899003219356E+02  1.7954724931202053E-13  3.4390510761554790E-14
  5.4838852735078092E+02  1.8047366941861390E-13  3.3921072635454209E-14
  5.5385195827213875E+02  1.8140948017705386E-13  3.3456870761794493E-14
  5.5936981972211538E+02  1.8235599459652442E-13  3.2997854684457556E-14
  5.6494265397579215E+02  1.8331494049852884E-13  3.2543974503732139E-14
  5.7057100871077557E+02  1.8428823287361216E-13  3.2095180867921252E-14
  5.7625543706101803E+02  1.8527687629826990E-13  3.1651424965109167E-14
  5.8199649767118206E+02  1.8628049541746437E-13  3.1212658515080337E-14
  5.8779475475153993E+02  1.8729917145153348E-13  3.0778833761387175E-14
  5.9365077813342043E+02  1.8833465167802983E-13  3.0349903463560924E-14
  5.9956514332521317E+02  1.8938900853115796E-13  2.9925820889458777E-14
  6.0553843156892526E+02  1.9046381607643820E-13  2.9506540714790921E-14
  6.1157122989730465E+02  1.9155973018690695E-13  2.9092024192999687E-14
  6.1766413119152912E+02  1.9267661432995016E-13  2.8682235174948440E-14
  6.2381773423947641E+02  1.9381455095294691E-13  2.8277137479981422E-14
  6.3003264379456868E+02  1.9497433099028531E-13  2.7876694895724878E-14
  6.3630947063520387E+02  1.9615676398173127E-13  2.7480871185161212E-14
  6.4264883162478395E+02  1.9736148836112961E-13  2.7089630093589519E-14
  6.4905134977233718E+02  1.9858726379189711E-13  2.6702935355472075E-14
  6.5551765429374188E+02  1.9983381280830703E-13  2.6320750701165958E-14
  6.6204838067356866E+02  2.0110245188106849E-13  2.5943039863537927E-14
  6.6864417072752940E+02  2.0239496582896325E-13  2.5569766584463252E-14
  6.7530567266555545E+02  2.0371268971984394E-13  2.5200894621206890E-14
  6.8203354115549735E+02  2.0505634784090421E-13  2.4836387555143484E-14
  6.8882843738746806E+02  2.0642579255659919E-13  2.4476204473266150E-14
  6.9569102913881966E+02  2.0782066289666316E-13  2.4120300343628244E-14
  7.0262199083976827E+02  2.0924135885729000E-13  2.3768630505346400E-14
  7.0962200363967895E+02  2.1068765597498046E-13  2.3421150851103862E-14
  7.1669175547400391E+02  2.1215809854874127E-13  2.3077817817754324E-14
  7.2383194113188847E+02  2.1365211073595910E-13  2.2738588377104263E-14
  7.3104326232445692E+02  2.1517118633968142E-13  2.2403420026868717E-14
  7.3832642775377042E+02  2.1671726184096242E-13  2.2072270781796422E-14
  7.4568215318247792E+02  2.1829095455704779E-13  2.1745099164958657E-14
  7.5311116150415546E+02  2.1989211362000204E-13  2.1421864199198325E-14
  7.6061418281435363E+02  2.2152092688792083E-13  2.1102525398733852E-14
  7.6819195448234689E+02  2.2317769284345258E-13  2.0787042763251727E-14
  7.7584522122359681E+02  2.2486257519137201E-13  2.0475377797613409E-14
  7.8357473517294477E+02  2.2657540575112189E-13  2.0167494617014235E-14
  7.9138125595852694E+02  2.2831470673336727E-13  1.9863357867218400E-14
  7.9926555077642490E+02  2.3007972606559226E-13  1.9562932444600747E-14
  8.0722839446606758E+02  2.3187224792628354E-13  1.9266183494335340E-14
  8.1527056958637672E+02  2.3369401115151802E-13  1.8973076408616553E-14
  8.2339286649267603E+02  2.3554525214075633E-13  1.8683576824911636E-14
  8.3159608341435978E+02  2.3742627820075251E-13  1.8397650624243225E-14
  8.3988102653334556E+02  2.3933814074049631E-13  1.8115263929500255E-14
  8.4824851006330073E+02  2.4128121593221102E-13  1.7836383103776638E-14
  8.5669935632965735E+02  2.4325415994747217E-13  1.7560974748736490E-14
  8.6523439585043195E+02  2.4525530788066498E-13  1.7289005703026128E-14
  8.7385446741784426E+02  2.4728440420089828E-13  1.7020443055583249E-14
  8.8256041818074755E+02  2.4934198949615404E-13  1.6755254424328242E-14
  8.9135310372788786E+02  2.5142929103477334E-13  1.6493407861003121E-14
  9.0023338817198533E+02  2.5354957076236288E-13  1.6234871622841875E-14
  9.0920214423465836E+02  2.5570427167556233E-13  1.5979614168838526E-14
  9.1826025333218615E+02  2.5789156584268100E-13  1.5727604158953035E-14
  9.2740860566213803E+02  2.6010982478348536E-13  1.5478810453321658E-14
  9.3664810029085561E+02  2.6235792964310288E-13  1.5233202111472413E-14
  9.4597964524180668E+02  2.6463556420531612E-13  1.4990748391545032E-14
  9.5540415758482789E+02  2.6694379910830783E-13  1.4751418749515607E-14
  9.6492256352624895E+02  2.6928391803646229E-13  1.4515182838426030E-14
  9.7453579849991297E+02  2.7165685353613303E-13  1.4282010507618179E-14
  9.8424480725911394E+02  2.7406389435208446E-13  1.4051871791193311E-14
  9.9405054396943922E+02  2.7650623052761404E-13  1.3824736594321368E-14
  1.0039539723025439E+03  2.7898340279600879E-13  1.3600574669575242E-14
  1.0139560655308521E+03  2.8149300216431329E-13  1.3379355984580562E-14
  1.0240578066232138E+03  2.8403267495691717E-13  1.3161050740690393E-14
  1.0342601883415030E+03  2.8660356874536629E-13  1.2945629370999683E-14
  1.0445642133381809E+03  2.8920861984314937E-13  1.2733062538386136E-14
  1.0549708942548380E+03  2.9184865101068177E-13  1.2523321133577382E-14
  1.0654812538217107E+03  2.9452451662495576E-13  1.2316376273244149E-14
  1.0760963249581871E+03  2.9723688057243489E-13  1.2112199298119644E-14
  1.0868171508743260E+03  2.9998343785992304E-13  1.1910761771144437E-14
  1.0976447851733747E+03  3.0276177092719236E-13  1.1712035475637120E-14
  1.1085802919553164E+03  3.0557205063668966E-13  1.1515992414132566E-14
  1.1196247459214399E+03  3.0841574559340050E-13  1.1322604950208063E-14
  1.1307792324799655E+03  3.1129492919665555E-13  1.1131845982817711E-14
  1.1420448478527112E+03  3.1421171617342823E-13  1.0943688640760511E-14
  1.1534226991828216E+03  3.1716632659877362E-13  1.0758106232362746E-14
  1.1649139046435805E+03  3.2015624119106591E-13  1.0575072244827765E-14
  1.1765195935482982E+03  3.2317983818768365E-13  1.0394560343590887E-14
  1.1882409064612921E+03  3.2623927569547544E-13  1.0216544371679236E-14
  1.2000789953099847E+03  3.2933462340915923E-13  1.0040998349076598E-14
  1.2120350234981056E+03  3.3246389965190555E-13  9.8678964720932423E-15
  1.2241101660200288E+03  3.3562888578304211E-13  9.6972131127408884E-15
  1.2363056095762427E+03  3.3883166230764313E-13  9.5289228181126689E-15
  1.2486225526899809E+03  3.4207199780576264E-13  9.3630003097666313E-15
  1.2610622058250065E+03  3.4534884927939960E-13  9.1994203823712431E-15
  1.2736257915045667E+03  3.4866071468722145E-13  9.0381574959807653E-15
  1.2863145444315464E+03  3.5200676280241275E-13  8.8791861554083331E-15
  1.2991297116098056E+03  3.5538859144494526E-13  8.7224810893250485E-15
  1.3120725524667275E+03  3.5880840630770756E-13  8.5680172481092223E-15
  1.3251443389769979E+03  3.6226658471429180E-13  8.4157698014952858E-15
  1.3383463557876039E+03  3.6576180558527488E-13  8.2657141362644131E-15
  1.3516799003440885E+03  3.6929186366047987E-13  8.1178258539763997E-15
  1.3651462830180524E+03  3.7285512931529034E-13  7.9720807687421982E-15
  1.3787468272359404E+03  3.7645227039591228E-13  7.8284549050365601E-15
  1.3924828696090999E+03  3.8008596416279796E-13  7.6869244955503116E-15
  1.4063557600651329E+03  3.8375811452244251E-13  7.5474659790818451E-15
  1.4203668619805708E+03  3.8746854948693354E-13  7.4100560316081461E-15
  1.4345175523148580E+03  3.9121530038008110E-13  7.2746719941272571E-15
  1.4488092217456694E+03  3.9499563965561954E-13  7.1412917251691683E-15
  1.4632432748055899E+03  3.9880912259868963E-13  7.0098932311866845E-15
  1.4778211300201417E+03  4.0265784596874941E-13  6.8804546563974702E-15
  1.4925442200471939E+03  4.0654341150089724E-13  6.7529542830505332E-15
  1.5074139918177527E+03  4.1046617265738167E-13  6.6273705316814351E-15
  1.5224319066781702E+03  4.1442487381687389E-13  6.5036819613563844E-15
  1.5375994405337551E+03  4.1841636070539674E-13  6.3818672699052162E-15
  1.5529180839938147E+03  4.2243965494083928E-13  6.2619052941434060E-15
  1.5683893425181561E+03  4.2649823549039691E-13  6.1437750100829116E-15
  1.5840147365650316E+03  4.3059408547104816E-13  6.0274555331321181E-15
  1.5997958017405606E+03  4.3472455648538660E-13  5.9129261127796985E-15
  1.6157340889496511E+03  4.3888671482165902E-13  5.8001657778477671E-15
  1.6318311645484118E+03  4.4307933564503156E-13  5.6891531188252023E-15
  1.6480886104980905E+03  4.4730246298715918E-13  5.5798668779256858E-15
  1.6645080245205370E+03  4.5155724023041250E-13  5.4722860119152686E-15
  1.6810910202552302E+03  4.5584487122130435E-13  5.3663896893517560E-15
  1.6978392274178586E+03  4.6016477899971973E-13  5.2621572878810391E-15
  1.7147542919604734E+03  4.6451459081945432E-13  5.1595683915894733E-15
  1.7318378762332611E+03  4.6889340285887905E-13  5.0586027884109179E-15
  1.7490916591479051E+03  4.7330266489119693E-13  4.9592404675880590E-15
  1.7665173363425779E+03  4.7774224087036086E-13  4.8614616171866834E-15
  1.7841166203485948E+03  4.8220830599675001E-13  4.7652466216619364E-15
  1.8018912407587059E+03  4.8669803431178845E-13  4.6705760595870315E-15
  1.8198429443970788E+03  4.9121166960372465E-13  4.5774308864733876E-15
  1.8379734954909625E+03  4.9575181756767418E-13  4.4857929563983397E-15
  1.8562846758440799E+03  5.0032123838756928E-13  4.3956444244320941E-15
  1.8747782850117310E+03  5.0491810654154578E-13  4.3069675465491724E-15
  1.8934561404776434E+03  5.0953658196833398E-13  4.2197446809068802E-15
  1.9123200778325952E+03  5.1417139447638586E-13  4.1339582891245933E-15
  1.9313719509548077E+03  5.1882264732183244E-13  4.0495909375244474E-15
  1.9506136321921306E+03  5.2349356869221586E-13  3.9666252983336224E-15
  1.9700470125460611E+03  5.2818520621079854E-13  3.8850441508484512E-15
  1.9896740018575770E+03  5.3289484025920818E-13  3.8048303825607536E-15
  2.0094965289948325E+03  5.3761799983896175E-13  3.7259669902465362E-15
  2.0295165420427129E+03  5.4235078442606927E-13  3.6484370810174510E-15
  2.0497360084942961E+03  5.4709308756318179E-13  3.5722238202124517E-15
  2.0701569154442059E+03  5.5184917817529257E-13  3.4973099586753420E-15
  2.0907812697838895E+03  5.5661683431936150E-13  3.4236780915712961E-15
  2.1116110983988583E+03  5.6138665049481978E-13  3.3513109970687292E-15
  2.1326484483678801E+03  5.6615613355909030E-13  3.2801916395937294E-15
  2.1538953871641479E+03  5.7092793182568892E-13  3.2103031674957081E-15
  2.1753540028584807E+03  5.7570108724791154E-13  3.1416289107632414E-15
  2.1970264043245206E+03  5.8047112789315335E-13  3.0741523787891404E-15
  2.2189147214459817E+03  5.8523456760521680E-13  3.0078572581836545E-15
  2.2410211053259795E+03  5.8999012541122404E-13  2.9427274106346671E-15
  2.2633477284984233E+03  5.9473573958158356E-13  2.8787468708140487E-15
  2.2858967851415314E+03  5.9946670814490749E-13  2.8158998443289715E-15
  2.3086704912934561E+03  6.0417753590675073E-13  2.7541707094940651E-15
  2.3316710850700829E+03  6.0886381014336725E-13  2.6935441373647719E-15
  2.3549008268849757E+03  6.1352185910923981E-13  2.6340051108687300E-15
  2.3783619996715165E+03  6.1814823734522528E-13  2.5755387613562971E-15
  2.4020569091072762E+03  6.2273556166535921E-13  2.5181303561884707E-15
  2.4259878838406034E+03  6.2727540977769429E-13  2.4617652981455022E-15
  2.4501572757194649E+03  6.3176693178886201E-13  2.4064291248383518E-15
  2.4745674600225943E+03  6.3621176762084463E-13  2.3521075081226715E-15
  2.4992208356929136E+03  6.4060358042381647E-13  2.2987862535151424E-15
  2.5241198255732993E+03  6.4493063674193221E-13  2.2464512996118688E-15
  2.5492668766446777E+03  6.4918230136126664E-13  2.1950887175086007E-15
  2.5746644602665237E+03  6.5334912130342985E-13  2.1446847102224867E-15
  2.6003150724197271E+03  6.5742239738383938E-13  2.0952256120863201E-15
  2.6262212339518810E+03  6.6139256268696406E-13  2.0466979007959120E-15
  2.6523854908250373E+03  6.6524703977031536E-13  1.9990882480758643E-15
  2.6788104143659070E+03  6.6896933311113360E-13  1.9523834673061762E-15
  2.7054986015185514E+03  6.7254592132975203E-13  1.9065704929488978E-15
  2.7324526750996174E+03  6.7597044214139427E-13  1.8616363803118086E-15
  2.7596752840560871E+03  6.7922779561559295E-13  1.8175683053050158E-15
  2.7871691037256128E+03  6.8228935850997390E-13  1.7743535641899133E-15
  2.8149368360994263E+03  6.8512991301409960E-13  1.7319795733204284E-15
  2.8429812100878994E+03  6.8772846018670769E-13  1.6904338688763361E-15
  2.8713049817887218E+03  6.9005769402007808E-13  1.6497041065886320E-15
  2.8999109347577510E+03  6.9208204699246539E-13  1.6097780614567921E-15
  2.9288018802825891E+03  6.9376074545237778E-13  1.5706436274577778E-15
  2.9579806576588558E+03  6.9504802502205965E-13  1.5322888016607162E-15
  2.9874501344692135E+03  6.9589084977743415E-13  1.4947015467493501E-15
  3.0172132068652040E+03  6.9622698722887866E-13  1.4578698702087915E-15
  3.0472727998518581E+03  6.9598114019903084E-13  1.4217819201025717E-15
  3.0776318675751586E+03  6.9505791512600216E-13  1.3864259849087973E-15
  3.1082933936123532E+03  6.9334070237069787E-13  1.3517904920205750E-15
  3.1392603912651862E+03  6.9069713689219152E-13  1.3178640062722543E-15
  3.1705359038560277E+03  6.8696732307555706E-13  1.2846352284908803E-15
  3.2021230050269469E+03  6.8193947771339194E-13  1.2520929940722192E-15
  3.2340247990418011E+03  6.7534045960174431E-13  1.2202262715807526E-15
  3.2662444210912990E+03  6.6682746390072722E-13  1.1890241613730629E-15
  3.2987850376011088E+03  6.5596224361653952E-13  1.1584758942440581E-15
  3.3316498465430586E+03  6.4217614851839199E-13  1.1285708312205443E-15
  3.3648420777494116E+03  6.2473220775245561E-13  1.0992985112169319E-15
  3.3983649932302874E+03  6.0269313496369150E-13  1.0706486631017265E-15
  3.4322218874942264E+03  5.7491868223849273E-13  1.0426111341393255E-15
  3.4664160878719827E+03  5.4015276544512311E-13  1.0151758838019928E-15
  3.5009509548435153E+03  4.9733490291245928E-13  9.8833298315946887E-16
  3.5358298823682167E+03  4.4630325879507938E-13  9.6207261426885807E-16
  3.5710562982185079E+03  3.8880690089388958E-13  9.3638506956454475E-16
  3.6066336643166887E+03  3.2899243660923547E-13  9.1126075124814243E-16
  3.6425654770751084E+03  2.7219100587918610E-13  8.8669017067829503E-16
  3.6788552677398739E+03  2.2253177976793002E-13  8.6266394776009600E-16
  3.7155066027378316E+03  1.8161346473396639E-13  8.3917281033424142E-16
  3.7525230840270592E+03  1.4899491682214809E-13  8.1620759355456468E-16
  3.7899083494508641E+03  1.2332209168028094E-13  7.9375922543025967E-16
  3.8276660730953217E+03  1.0311582522765797E-13  7.7181869818384037E-16
  3.8657999656503075E+03  8.7102452722107473E-14  7.5037710705564580E-16
  3.9043137747741876E+03  7.4284006662362627E-14  7.2942565889190927E-16
  3.9432112854621537E+03  6.3908443013371191E-14  7.0895567114924676E-16
  3.9824963204181468E+03  5.5416454740161435E-14  6.8895857091108881E-16
  4.0221727404305661E+03  4.8392208907295385E-14  6.6942589391568955E-16
  4.0622444447517159E+03  4.2524635650359173E-14  6.5034928359549315E-16
  4.1027153714809583E+03  3.7578862205891275E-14  6.3172049012762956E-16
  4.1435894979517643E+03  3.3375648941945769E-14  6.1353136949521489E-16
  4.1848708411226116E+03  2.9776692444032514E-14  5.9577388255926782E-16
  4.2265634579717116E+03  2.6674104711480697E-14  5.7844009414096308E-16
  4.2686714458957331E+03  2.3982834662434406E-14  5.6152217027223827E-16
  4.3111989431125130E+03  2.1635161654490258E-14  5.4501236868216558E-16
  4.3541501290676842E+03  1.9576655727179543E-14  5.2890304579874634E-16
  4.3975292248454516E+03  1.7763183180217564E-14  5.1318666032498414E-16
  4.4413404935834405E+03  1.6158664079330375E-14  4.9785577226564948E-16
  4.4855882408916214E+03  1.4733376045622362E-14  4.8290304194905369E-16
  4.5302768152754643E+03  1.3462658773182700E-14  4.6832122906267060E-16
  4.5754106085633293E+03  1.2325915392023950E-14  4.5410319170234393E-16
  4.6209940563380187E+03  1.1305835835354232E-14  4.4024188543478383E-16
  4.6670316383727250E+03  1.0387787780158673E-14  4.2673036237302403E-16
  4.7135278790713037E+03  9.5593352022757601E-15  4.1356177026457274E-16
  4.7604873479128673E+03  8.8098549428791152E-15  4.0072935159200377E-16
  4.8079146599008845E+03  8.1302291664378108E-15  3.8822644309245012E-16
  4.8558144760167488E+03  7.5125971572809782E-15  3.7604648254090141E-16
  4.9041915036777918E+03  6.9501534836628363E-15  3.6418300663441407E-16
  4.9530504971999326E+03  6.4369828451484094E-15  3.5262964167903816E-16
  5.0023962582649410E+03  5.9679244449979199E-15  3.4138010246896658E-16
  5.0522336363923159E+03  5.5384598912433344E-15  3.3042819158873545E-16
  5.1025675294158082E+03  5.1446200637858614E-15  3.1976779872040531E-16
  5.1534028839648809E+03  4.7829073635092895E-15  3.0939289995556835E-16
  5.2047446959507915E+03  4.4502305040315482E-15  2.9929755711218400E-16
  5.2565980110575019E+03  4.1438495833966179E-15  2.8947591705609157E-16
  5.3089679252376791E+03  3.8613296224475775E-15  2.7992221102708479E-16
  5.3618595852134413E+03  3.6005011090042657E-15  2.7063075396952055E-16
  5.4152781889820972E+03  3.3594263645315331E-15  2.6159594381364928E-16
  5.4692289863271126E+03  3.1363706735751089E-15  2.5281225215229230E-16
  5.5237172793339660E+03  2.9297774660411652E-15  2.4427421348621685E-16
  5.5787484229112060E+03  2.7382473062112411E-15  2.3597644426686249E-16
  5.6343278253167327E+03  2.5605195457394499E-15  2.2791364531888763E-16
  5.6904609486893378E+03  2.3954563822998257E-15  2.2008060090646408E-16
  5.7471533095854329E+03  2.2420290058076489E-15  2.1247217781647542E-16
  5.8044104795212324E+03  2.0993055255622084E-15  2.0508332445811563E-16
  5.8622380855203364E+03  1.9664404214733634E-15  1.9790906997842782E-16
  5.9206418106666624E+03  1.8426653035061740E-15  1.9094452339332850E-16
  5.9796273946629944E+03  1.7272807973049362E-15  1.8418487273361860E-16
  6.0392006343950916E+03  1.6196494019905581E-15  1.7762538420552786E-16
  6.0993673845013218E+03  1.5191891894361263E-15  1.7126140136547054E-16
  6.1601335579480619E+03  1.4253682414274247E-15  1.6508834529336126E-16
  6.2215051266108385E+03  1.3376997525089529E-15  1.5910171831626751E-16
  6.2834881218611563E+03  1.2557376084304254E-15  1.5329709887264130E-16
  6.3460886351592671E+03  1.1790724681668131E-15  1.4767013839433017E-16
  6.4093128186528602E+03  1.1073282935516300E-15  1.4221656063052311E-16
  6.4731668857815912E+03  1.0401592510274301E-15  1.3693216098620917E-16
  6.5376571118877628E+03  9.7724694068688428E-16  1.3181280586698538E-16
  6.6027898348330682E+03  9.1829791382734932E-16  1.2685443202989974E-16
  6.6685714556213879E+03  8.6304144533170295E-16  1.2205304594000757E-16
  6.7350084390278880E+03  8.1122753154569881E-16  1.1740472313229640E-16
  6.8021073142343957E+03  7.6262508806243981E-16  1.1290560757865988E-16
  6.8698746754709882E+03  7.1702032504175076E-16  1.0855191105959387E-16
  6.9383171826640773E+03  6.7421528033948649E-16  1.0433991251858079E-16
  7.0074415620909795E+03  6.3402649121493564E-16  1.0026595708508940E-16
  7.0772546070408544E+03  5.9628379476201250E-16  9.6326455563224871E-17
  7.1477631784823734E+03  5.6082924231619760E-16  9.2517884191286507E-17
  7.2189742057380254E+03  5.2751611180728847E-16  8.8836784037358058E-17
  7.2908946871650305E+03  4.9620801015566404E-16  8.5279760383331102E-17
  7.3635316908431414E+03  4.6677805661031746E-16  8.1843482111828867E-17
  7.4368923552693268E+03  4.3910813886286927E-16  7.8524681095696267E-17
  7.5109838900592204E+03  4.1308823468398907E-16  7.5320151589727109E-17
  7.5858135766556961E+03  3.8861579262889747E-16  7.2226749624287810E-17
  7.6613887690444999E+03  3.6559516606238560E-16  6.9241392400514286E-17
  7.7377168944769564E+03  3.4393709537320211E-16  6.6361057686765964E-17
  7.8148054541997753E+03  3.2355823375822885E-16  6.3582783206064660E-17
  7.8926620241924438E+03  3.0438070789482976E-16  6.0903665049926385E-17
  7.9712942559116645E+03  2.8633171541541346E-16  5.8320856320821477E-17
  8.0507098770432203E+03  2.6934316897269186E-16  5.5831568533052220E-17
  8.1309166922616105E+03  2.5335136049753543E-16  5.3433071236868642E-17
  8.2119225839969804E+03  2.3829665090819920E-16  5.1122691370570217E-17
  8.2937355132096636E+03  2.2412318438601970E-16  4.8897812614576903E-17
  8.3763635201727629E+03  2.1077862504975843E-16  4.6755874747103129E-17
  8.4598147252622020E+03  1.9821391407231859E-16  4.4694373001108292E-17
  8.5440973297547498E+03  1.8638304547215729E-16  4.2710857422182035E-17
  8.6292196166340364E+03  1.7524285898063477E-16  4.0802932227050208E-17
  8.7151899514046436E+03  1.6475284853769899E-16  3.8968255162403461E-17
  8.8020167829141101E+03  1.5487498510400047E-16  3.7204536863866740E-17
  8.8897086441833271E+03  1.4557355461977695E-16  3.5509540746302179E-17
  8.9782741532451637E+03  1.3681501350214970E-16  3.3881084242106591E-17
  9.0677220139913297E+03  1.2856783852276860E-16  3.2317035969199400E-17
  9.1580610170277996E+03  1.2080239246647679E-16  3.0815314225714237E-17
  9.2493000405387847E+03  1.1349080316862963E-16  2.9373886410484198E-17
  9.3414480511591300E+03  1.0660685111174786E-16  2.7990768438884682E-17
  9.4345141048555906E+03  1.0012586490426608E-16  2.6664024153003085E-17
  9.5285073478168615E+03  9.4024624027791873E-17  2.5391764726191591E-17
  9.6234370173523221E+03  8.8281268291983582E-17  2.4172148062073485E-17
  9.7193124427999082E+03  8.2875213483864044E-17  2.3003378188084636E-17
  9.8161430464430177E+03  7.7787072741730524E-17  2.1883704643655310E-17
  9.9139383444363757E+03  7.2998583223114414E-17  2.0811421863154156E-17
  1.0012707947741317E+04  6.8492537503988102E-17  1.9784868500075325E-17
  1.0112461563070370E+04  6.4252717536312611E-17  1.8802426159909844E-17
  1.0213208993841075E+04  6.0263836136232629E-17  1.7862519103581446E-17
  1.0314960141139489E+04  5.6511483240888545E-17  1.6963614192479535E-17
  1.0417725004693295E+04  5.2982073645269738E-17  1.6104220237004807E-17
  1.0521513683854406E+04  4.9662798051603633E-17  1.5282887326687324E-17
  1.0626336378591559E+04  4.6541577253433796E-17  1.4498206158263745E-17
  1.0732203390492798E+04  4.3607019232982643E-17  1.3748807361871031E-17
  1.0839125123777734E+04  4.0848378967622814E-17  1.3033360825531055E-17
  1.0947112086320118E+04  3.8255520757027333E-17  1.2350575018113506E-17
  1.1056174890680564E+04  3.5818882897028270E-17  1.1699196310985277E-17
  1.1166324255149391E+04  3.3529444539440103E-17  1.1078008298569955E-17
  1.1277571004800038E+04  3.1378694605765338E-17  1.0485831124704072E-17
  1.1389926072552957E+04  2.9358603753229334E-17  9.9215212116033094E-18
  1.1503400500250045E+04  2.7461597430070062E-17  9.3839707463298635E-18
  1.1618005439739625E+04  2.5680527849636070E-17  8.8721062522369642E-18
  1.1733752153972695E+04  2.4008649631441677E-17  8.3848878559252843E-18
  1.1850652018109660E+04  2.2439597129694663E-17  7.9213086340575255E-18
  1.1968716520638109E+04  2.0967363098482159E-17  7.4803939587055002E-18
  1.2087957264502140E+04  1.9586278607753769E-17  7.0612008416825421E-18
  1.2208385968242515E+04  1.8290994130348158E-17  6.6628172783217853E-18
  1.2330014467148161E+04  1.7076461725910017E-17  6.2843615911585527E-18
  1.2452854714419605E+04  1.5937918252731904E-17  5.9249817739760796E-18
  1.2576918782343510E+04  1.4870869543359202E-17  5.5838548366791713E-18
  1.2702218863479067E+04  1.3871075484181974E-17  5.2601861514406369E-18
  1.2828767271856295E+04  1.2934535889005794E-17  4.9532087775224286E-18
  1.2956576444186281E+04  1.2057477086272768E-17  4.6621827555283273E-18
  1.3085658941083275E+04  1.1236339600373253E-17  4.3863945435941427E-18
  1.3216027448299164E+04  1.0467766381332841E-17  4.1251563950655535E-18
  1.3347694777970280E+04  9.7485916293846941E-18  3.8778057142471723E-18
  1.3480673869876340E+04  9.0758302424917022E-18  3.6437044164635254E-18
  1.3614977792712234E+04  8.4466678499282108E-18  3.4222382928381870E-18
  1.3750619745372423E+04  7.8584513974293715E-18  3.2128163801862989E-18
  1.3887613058247925E+04  7.3086802516493320E-18  3.0148703364064266E-18
  1.4025971194536460E+04  6.7949977937427166E-18  2.8278538217471004E-18
  1.4165707751565649E+04  6.3151834738150361E-18  2.6512418863141038E-18
  1.4306836462129131E+04  5.8671452997799550E-18  2.4845303641732621E-18
  1.4449371195836266E+04  5.4489127630716369E-18  2.3272352869470508E-18
  1.4593325960475264E+04  5.0586303758563183E-18  2.1788924039607075E-18
  1.4738714903389664E+04  4.6945511264750757E-18  2.0390565141907544E-18
  1.4885552312868753E+04  4.3550302658350944E-18  1.9073008008260988E-18
  1.5033852619551857E+04  4.0385196434726175E-18  1.7832162691021594E-18
  1.5183630397846364E+04  3.7435623518479358E-18  1.6664111934715263E-18
  1.5334900367360120E+04  3.4687876580380776E-18  1.5565105727546592E-18
  1.5487677394348115E+04  3.2129062071562090E-18  1.4531555935692792E-18
  1.5641976493173303E+04  2.9747054827500264E-18  1.3560031023180025E-18
  1.5797812827782238E+04  2.7530455102931107E-18  1.2647250859939282E-18
  1.5955201713195444E+04  2.5468547906909670E-18  1.1790081620451790E-18
  1.6114158617012316E+04  2.3551264514775409E-18  1.0985530775199218E-18
  1.6274699160931314E+04  2.1769146040240875E-18  1.0230742176506149E-18
  1.6436839122285306E+04  2.0113308978424713E-18  9.5229912444727850E-19
  1.6600594435591916E+04  1.8575412602386228E-18  8.8596802604558493E-19
  1.6765981194119599E+04  1.7147628026878841E-18  8.2383337308956482E-19
  1.6933015651469301E+04  1.5822608983532521E-18  7.6565938668785638E-19
  1.7101714223171763E+04  1.4593464174844747E-18  7.1122161688219070E-19
  1.7272093488300547E+04  1.3453731116133760E-18  6.6030651140120422E-19
  1.7444170191101777E+04  1.2397351387682456E-18  6.1271099477038910E-19
  1.7617961242639500E+04  1.1418647223524087E-18  5.6824205783201744E-19
  1.7793483722457408E+04  1.0512299367259945E-18  5.2671635771102622E-19
  1.7970754880257813E+04  9.6733261290201944E-19  4.8795982824620601E-19
  1.8149792137596643E+04  8.8970635811873171E-19  4.5180730089022367E-19
  1.8330613089595357E+04  8.1791468338378220E-19  4.1810213606936665E-19
  1.8513235506670586E+04  7.5154923546687095E-19  3.8669586634107749E-19
  1.8697677336280241E+04  6.9022812523576313E-19  3.5744784971925901E-19
  1.8883956704687345E+04  6.3359434166360423E-19  3.3022492870738600E-19
  1.9072091918741444E+04  5.8131425798547256E-19  3.0490110285847826E-19
  1.9262101467677865E+04  5.3307622100624232E-19  2.8135721192811885E-19
  1.9454004024934555E+04  4.8858921880043400E-19  2.5948062908115925E-19
  1.9647818449987324E+04  4.4758162273383300E-19  2.3916496404866577E-19
  1.9843563790203425E+04  4.0979999994354929E-19  2.2030977612068598E-19
  2.0041259282713221E+04  3.7500799260850825E-19  2.0282029684997141E-19
  2.0240924356300846E+04  3.4298526052709355E-19  1.8660716233193510E-19
  2.0442578633313726E+04  3.1352648369398680E-19  1.7158615491717054E-19
  2.0646241931590743E+04  2.8644042173404962E-19  1.5767795420442048E-19
  2.0851934266409979E+04  2.6154902861349513E-19  1.4480789789552995E-19
  2.1059675852455879E+04  2.3868662917023605E-19  1.3290575727398139E-19
  2.1269487105805609E+04  2.1769912086718449E-19  1.2190550947717312E-19
  2.1481388645935614E+04  1.9844322260940814E-19  1.1174511889088119E-19
  2.1695401297748147E+04  1.8078577793738927E-19  1.0236633263652254E-19
  2.1911546093617602E+04  1.6460309917703772E-19  9.3714484270871636E-20
  2.2129844275457624E+04  1.4978035021408226E-19  8.5738305431378233E-20
  2.2350317296808840E+04  1.3621096583287835E-19  7.8389745240877378E-20
  2.2572986824946936E+04  1.2379610566045428E-19  7.1623797281782348E-20
  2.2797874743012202E+04  1.1244414085253485E-19  6.5398333946724510E-20
  2.3025003152160232E+04  1.0207017174981961E-19  5.9673947970139533E-20
  2.3254394373733710E+04  9.2595574819912257E-20  5.4413800943339440E-20
  2.3486070951456153E+04  8.3947577181033951E-20  4.9583478555071501E-20
  2.3720055653647625E+04  7.6058853360597894E-20  4.5150850190964452E-20
  2.3956371475461983E+04  6.8867151226708535E-20  4.1085937403052456E-20
  2.4195041641146952E+04  6.2314947444637647E-20  3.7360792074109864E-20
  2.4436089606326626E+04  5.6349118105163455E-20  3.3949376756799820E-20
  2.4679539060306321E+04  5.0920629734753997E-20  3.0827450559215823E-20
  2.4925413928400820E+04  4.5984250036187569E-20  2.7972460673397180E-20
  2.5173738374285815E+04  4.1498277224494099E-20  2.5363439344038087E-20
  2.5424536802372313E+04  3.7424286881849583E-20  2.2980906077262697E-20
  2.5677833860205181E+04  3.3726895310978846E-20  2.0806774892247327E-20
  2.5933654440885508E+04  3.0373538419928142E-20  1.8824266421648294E-20
  2.6192023685516953E+04  2.7334265221789270E-20  1.7017824670171130E-20
  2.6452966985676165E+04  2.4581545081784071E-20  1.5373038244576609E-20
  2.6716509985908779E+04  2.2090088445492768E-20  1.3876566211255160E-20
  2.6982678586249396E+04  1.9836680020278766E-20  1.2516068250369949E-20
  2.7251498944766579E+04  1.7800020539770610E-20  1.1280137035003536E-20
  2.7522997480134225E+04  1.5960580975913212E-20  1.0158235405776305E-20
  2.7797200874227601E+04  1.4300467235669189E-20  9.1406374002893797E-21
  2.8074136074745165E+04  1.2803294249885085E-20  8.2183726950147712E-21
  2.8353830297857578E+04  1.1454068871238280E-20  7.3831743044902145E-21
  2.8636311030882029E+04  1.0239081030013006E-20  6.6274293868976198E-21
  2.8921606034983502E+04  9.1458026267402172E-21  5.9441330093753056E-21
  2.9209743347903168E+04  8.1627936696113293E-21  5.3268447307633338E-21
  2.9500751286714007E+04  7.2796151920579272E-21  4.7696478638670446E-21
  2.9794658450603347E+04  6.4867485120476868E-21  4.2671112837378900E-21
  3.0091493723683678E+04  5.7755203715059450E-21  3.8142536211857152E-21
  3.0391286277831437E+04  5.1380333842688274E-21  3.4065095990294002E-21
  3.0694065575553570E+04  4.5671022746529085E-21  3.0396989425012539E-21
  3.0999861372883159E+04  4.0561947754663498E-21  2.7099972401336903E-21
  3.1308703722303941E+04  3.5993767960359946E-21  2.4139086022324656E-21
  3.1620622975703362E+04  3.1912617924736455E-21  2.1482401623987992E-21
  3.1935649787355673E+04  2.8269640521070338E-21  1.9100783193790913E-21
  3.2253815116934653E+04  2.5020556198338655E-21  1.6967666197312294E-21
  3.2575150232555890E+04  2.2125266108705360E-21  1.5058851860626238E-21
  3.2899686713849827E+04  1.9547486701936693E-21  1.3352315997755690E-21
  3.3227456455065541E+04  1.7254413539559857E-21  1.1828031513472901E-21
  3.3558491668204777E+04  1.5216412223315991E-21  1.0467803751674439E-21
  3.3892824886187809E+04  1.3406734482560555E-21  9.2551179098505152E-22
  3.4230488966050878E+04  1.1801257895597815E-21  8.1749979867567137E-22
  3.4571517092174850E+04  1.0378246645751418E-21  7.2138759462614354E-22
  3.4915942779546654E+04  9.1181319485911433E-22  6.3594705886422512E-22
  3.5263799877053207E+04  8.0033114779450421E-22  5.6006760508374547E-22
  3.5615122570807573E+04  7.0179658503131528E-22  4.9274589613239275E-22
  3.5969945387508837E+04  6.1478908317989132E-22  4.3307636527553131E-22
  3.6328303197835463E+04  5.3803440498129772E-22  3.8024248862737743E-22
  3.6690231219871777E+04  4.7039050752807001E-22  3.3350875713216471E-22
  3.7055765022569649E+04  4.1083478196430116E-22  2.9221329935939495E-22
  3.7424940529243555E+04  3.5845242648363449E-22  2.5576110915020065E-22
  3.7797794021101188E+04  3.1242586138693449E-22  2.2361783481448413E-22
  3.8174362140809324E+04  2.7202510146087250E-22  1.9530408911621187E-22
  3.8554681896094437E+04  2.3659900238306296E-22  1.7039023834257611E-22
  3.8938790663379892E+04  2.0556731457364124E-22  1.4849163908134677E-22
  3.9326726191459435E+04  1.7841349238700996E-22  1.2926429996018553E-22
  3.9718526605206527E+04  1.5467816540752076E-22  1.1240091475145679E-22
  4.0114230409321332E+04  1.3395322605456014E-22  9.7627245796253157E-23
  4.0513876492115050E+04  1.1587648258637285E-22  8.4698831849094243E-23
  4.0917504129331304E+04  1.0012682817272449E-22  7.3397994493914374E-23
  4.1325152988006157E+04  8.6419880560509068E-23  6.3531119037052825E-23
  4.1736863130366772E+04  7.4504050448167879E-23  5.4926187445184090E-23
  4.2152675017768037E+04  6.4157000028884832E-23  4.7430542468083230E-23
  4.2572629514669214E+04  5.5182456273357831E-23  4.0908863570818613E-23
  4.2996767892650219E+04  4.7407346414361281E-23  3.5241336700562678E-23
  4.3425131834467138E+04  4.0679225917902946E-23  3.0322001336827641E-23
  4.3857763438148846E+04  3.4863971830552240E-23  2.6057259595155182E-23
  4.4294705221134594E+04  2.9843714642428580E-23  2.2364531794058539E-23
  4.4736000124451799E+04  2.5514987812693210E-23  1.9171046864954449E-23
  4.5181691516936866E+04  2.1787073783565040E-23  1.6412755301091622E-23
  4.5631823199496641E+04  1.8580526907694973E-23  1.4033353136976708E-23
  4.6086439409413339E+04  1.5825855870186117E-23  1.1983406691383878E-23
  4.6545584824692269E+04  1.3462349740740616E-23  1.0219568643352464E-23
  4.7009304568452048E+04  1.1437033221637792E-23  8.7038767889576537E-24
  4.7477644213359446E+04  9.7037379733538219E-24  7.4031275511191288E-24
  4.7950649786108370E+04  8.2222781094121649E-24  6.2883169881020598E-24
  4.8428367771942620E+04  6.9577190627869515E-24  5.3341426713450877E-24
  4.8910845119224585E+04  5.8797300394095347E-24  4.5185603782148829E-24
  4.9398129244049444E+04  4.9620111471143125E-24  3.8223900351071601E-24
  4.9890268034904453E+04  4.1817874265964023E-24  3.2289660610153042E-24
  5.0387309857375541E+04  3.5193624397500406E-24  2.7238274473216669E-24
  5.0889303558900843E+04  2.9577247873842017E-24  2.2944433363628201E-24
  5.1396298473570576E+04  2.4822018238814981E-24  1.9299704363573295E-24
  5.1908344426975738E+04  2.0801553113028878E-24  1.6210388781294718E-24
  5.2425491741105128E+04  1.7407142888263225E-24  1.3595634427425606E-24
  5.2947791239290171E+04  1.4545409218636121E-24  1.1385773887417853E-24
  5.3475294251199899E+04  1.2136255381601125E-24  9.5208638168728829E-25
  5.4008052617885849E+04  1.0111074593582075E-24  7.9494027884484740E-25
  5.4546118696876008E+04  8.4111859934742171E-25  6.6272075000620120E-25
  5.5089545367321181E+04  6.9864712846459242E-25  5.5164292307499910E-25
  5.5638386035191041E+04  5.7941879889979207E-25  4.5846943234399769E-25
  5.6192694638522931E+04  4.7979379083488712E-25  3.8043541696422926E-25
  5.6752525652723103E+04  3.9667717853324649E-25  3.1518317258616997E-25
  5.7317934095919634E+04  3.2744133585819415E-25  2.6070530346850328E-25
  5.7888975534369762E+04  2.6985878770394290E-25  2.1529534454921972E-25
  5.8465706087921062E+04  2.2204418827446765E-25  1.7750493862137519E-25
  5.9048182435526069E+04  1.8240426196050876E-25  1.4610675691782612E-25
  5.9636461820812721E+04  1.4959468050604644E-25  1.2006244390116840E-25
  6.0230602057710479E+04  1.2248297313584678E-25  9.8494950043334141E-26
  6.0830661536131345E+04  1.0011667578795873E-25  8.0664690714518749E-26
  6.1436699227708537E+04  8.1696022891377382E-26  6.5949035772832571E-26
  6.2048774691592407E+04  6.6550571467680272E-26  5.3824693784738743E-26
  6.2666948080302951E+04  5.4119223827519490E-26  4.3852607685535185E-26
  6.3291280145641686E+04  4.3933182792034318E-26  3.5665025730090277E-26
  6.3921832244662597E+04  3.5601433117909735E-26  2.8954453357970399E-26
  6.4558666345701247E+04  2.8798395480236426E-26  2.3464228627710739E-26
  6.5201845034465172E+04  2.3253445729292877E-26  1.8980496642216514E-26
  6.5851431520185026E+04  1.8742032873635866E-26  1.5325387329748339E-26
  6.6507489641825581E+04  1.5078164973641101E-26  1.2351226462366262E-26
  6.7170083874360658E+04  1.2108063417486758E-26  9.9356322500938699E-27
  6.7839279335108600E+04  9.7048134003162361E-27  7.9773695750198010E-27
  6.8515141790132038E+04  7.7638622903859155E-27  6.3928512244910512E-27
  6.9197737660701707E+04  6.1992383505277107E-27  5.1131906175439700E-27
  6.9887134029823166E+04  4.9403803535215353E-27  4.0817237381837449E-27