 #p(MeV) \t \delta f_\\nu \t \delta f_\\nubar
  3.3031555896034037E-01  9.9232322129968617E-02  2.0083996781337529E-06
  3.3360639410480913E-01  9.8985182001876226E-02  1.9895519048408725E-06
  3.3693001485581159E-01  9.8752071845842934E-02  1.9708530777839201E-06
  3.4028674784654250E-01  9.8541223299792854E-02  1.9523027817468969E-06
  3.4367692296434488E-01  9.8365026523141538E-02  1.9339006779303700E-06
  3.4710087338313139E-01  9.8147089795645417E-02  1.9156464423535270E-06
  3.5055893559612622E-01  9.7920153624233439E-02  1.8975397432203674E-06
  3.5405144944893496E-01  9.7642969666453708E-02  1.8795802489826820E-06
  3.5757875817294382E-01  9.7403199016378728E-02  1.8617676424029686E-06
  3.6114120841905006E-01  9.7159986171999196E-02  1.8441015903199873E-06
  3.6473915029173076E-01  9.6963176087144845E-02  1.8265816638338943E-06
  3.6837293738344878E-01  9.6749183936407426E-02  1.8092072525164040E-06
  3.7204292680940293E-01  9.6525481602175986E-02  1.7919775124157874E-06
  3.7574947924262458E-01  9.6288805717247059E-02  1.7748913582950770E-06
  3.7949295894942175E-01  9.6046741427655638E-02  1.7579474886190100E-06
  3.8327373382517976E-01  9.5794278495229132E-02  1.7411444261984841E-06
  3.8709217543051488E-01  9.5580703508189466E-02  1.7244805683817336E-06
  3.9094865902779069E-01  9.5347226532153981E-02  1.7079542738180979E-06
  3.9484356361799822E-01  9.5119153231737627E-02  1.6915639185953085E-06
  3.9877727197800122E-01  9.4905393520152176E-02  1.6753079013627417E-06
  4.0275017069815555E-01  9.4704102913135774E-02  1.6591846167775473E-06
  4.0676265022030067E-01  9.4471867903719725E-02  1.6431924381457440E-06
  4.1081510487613138E-01  9.4286016264676392E-02  1.6273297504324772E-06
  4.1490793292595191E-01  9.4069222210301812E-02  1.6115950196617290E-06
  4.1904153659781368E-01  9.3837319592124227E-02  1.5959868595771222E-06
  4.2321632212704713E-01  9.3604140762659771E-02  1.5805040688215102E-06
  4.2743269979618304E-01  9.3397595395798505E-02  1.5651456349678270E-06
  4.3169108397527423E-01  9.3171123417112617E-02  1.5499107155480419E-06
  4.3599189316261927E-01  9.2941935575556384E-02  1.5347986068038922E-06
  4.4033555002588937E-01  9.2731650599173723E-02  1.5198086814257142E-06
  4.4472248144366788E-01  9.2517593658865541E-02  1.5049403222510311E-06
  4.4915311854740148E-01  9.2297936119989668E-02  1.4901929054866502E-06
  4.5362789676377047E-01  9.2077373032006582E-02  1.4755658151370166E-06
  4.5814725585748156E-01  9.1852722109298304E-02  1.4610584767115469E-06
  4.6271163997448489E-01  9.1627476099302635E-02  1.4466703715261803E-06
  4.6732149768562486E-01  9.1394048094679797E-02  1.4324010168645520E-06
  4.7197728203072220E-01  9.1214477055917842E-02  1.4182499265198329E-06
  4.7667945056309813E-01  9.0988785019227941E-02  1.4042165736180292E-06
  4.8142846539454137E-01  9.0803414016755096E-02  1.3903003684565278E-06
  4.8622479324072154E-01  9.0600017671636210E-02  1.3765006525367363E-06
  4.9106890546705684E-01  9.0372662595903624E-02  1.3628167039821976E-06
  4.9596127813503893E-01  9.0141276293840528E-02  1.3492477568254543E-06
  5.0090239204901688E-01  8.9897893406936755E-02  1.3357930353856005E-06
  5.0589273280345082E-01  8.9678865235875024E-02  1.3224517659836285E-06
  5.1093279083063192E-01  8.9460130323335788E-02  1.3092231767786716E-06
  5.1602306144888288E-01  8.9244974572455948E-02  1.2961065001453380E-06
  5.2116404491123391E-01  8.9033286422241148E-02  1.2831009924734368E-06
  5.2635624645458667E-01  8.8847303091769803E-02  1.2702059708370276E-06
  5.3160017634936774E-01  8.8648178576164721E-02  1.2574208501091460E-06
  5.3689634994967439E-01  8.8462033751009819E-02  1.2447451645995171E-06
  5.4224528774392311E-01  8.8249293171339990E-02  1.2321785690583609E-06
  5.4764751540600098E-01  8.8034085410292923E-02  1.2197208236463065E-06
  5.5310356384692649E-01  8.7815147280531997E-02  1.2073717709717716E-06
  5.5861396926702644E-01  8.7600055313885428E-02  1.1951313075958953E-06
  5.6417927320863026E-01  8.7386429418086498E-02  1.1829993374637084E-06
  5.6980002260929263E-01  8.7168223025722177E-02  1.1709757492527662E-06
  5.7547676985554308E-01  8.6967701578413714E-02  1.1590604136384540E-06
  5.8121007283717252E-01  8.6763577846434042E-02  1.1472531628693120E-06
  5.8700049500206197E-01  8.6552411366098897E-02  1.1355537432108132E-06
  5.9284860541155471E-01  8.6342000503044580E-02  1.1239617532027812E-06
  5.9875497879638162E-01  8.6141573938130489E-02  1.1124765925375954E-06
  6.0472019561314494E-01  8.5953065496300662E-02  1.1010974403503499E-06
  6.1074484210136137E-01  8.5769867347543702E-02  1.0898232658721184E-06
  6.1682951034107802E-01  8.5576697252966100E-02  1.0786528617444100E-06
  6.2297479831105673E-01  8.5352540135280069E-02  1.0675848866788240E-06
  6.2918130994754462E-01  8.5115450159974321E-02  1.0566179089994308E-06
  6.3544965520362418E-01  8.4865243432571971E-02  1.0457504688122579E-06
  6.4178045010915763E-01  8.4646967494075021E-02  1.0349811290383512E-06
  6.4817431683132976E-01  8.4435480569153218E-02  1.0243084849066077E-06
  6.5463188373579007E-01  8.4248553685213529E-02  1.0137311849989112E-06
  6.6115378544840686E-01  8.4095968141651337E-02  1.0032479724956758E-06
  6.6774066291763745E-01  8.3915818750232088E-02  9.9285773006173773E-07
  6.7439316347751566E-01  8.3722953034380487E-02  9.8255950924078235E-07
  6.8111194091127192E-01  8.3516887621778904E-02  9.7235253447987696E-07
  6.8789765551558202E-01  8.3316851418698726E-02  9.6223618414546589E-07
  6.9475097416546172E-01  8.3098832824836336E-02  9.5220995842270923E-07
  7.0167257037980224E-01  8.2898925217936306E-02  9.4227344454034379E-07
  7.0866312438756152E-01  8.2676917033293024E-02  9.3242628600727783E-07
  7.1572332319461707E-01  8.2500344111504503E-02  9.2266815167452469E-07
  7.2285386065127877E-01  8.2294100966193953E-02  9.1299870410529132E-07
  7.3005543752047997E-01  8.2099467959994635E-02  9.0341758905660368E-07
  7.3732876154664662E-01  8.1896655480885469E-02  8.9392441881568234E-07
  7.4467454752524942E-01  8.1701983969431666E-02  8.8451874179710943E-07
  7.5209351737305419E-01  8.1506811722892619E-02  8.7520001844456997E-07
  7.5958640019906543E-01  8.1303994393049459E-02  8.6596762035533521E-07
  7.6715393237618501E-01  8.1097631127108633E-02  8.5682085366250157E-07
  7.7479685761357631E-01  8.0899301520794831E-02  8.4775899532716274E-07
  7.8251592702975459E-01  8.0697635573574886E-02  8.3878132825493685E-07
  7.9031189922640566E-01  8.0506553845340917E-02  8.2988716621927811E-07
  7.9818554036293610E-01  8.0307457109074845E-02  8.2107586647555921E-07
  8.0613762423176882E-01  8.0106049982806987E-02  8.1234682883381285E-07
  8.1416893233439147E-01  7.9916634971883588E-02  8.0369947367775418E-07
  8.2228025395815485E-01  7.9736001966591780E-02  7.9513323126456171E-07
  8.3047238625384578E-01  7.9556519434266962E-02  7.8664755065796220E-07
  8.3874613431402423E-01  7.9365444008703476E-02  7.7824191799647881E-07
  8.4710231125214830E-01  7.9173120596166310E-02  7.6991586592050107E-07
  8.5554173828248081E-01  7.8965031645873429E-02  7.6166895742092942E-07
  8.6406524480079716E-01  7.8757277466394715E-02  7.5350074514293630E-07
  8.7267366846589589E-01  7.8546560377993943E-02  7.4541072154082315E-07
  8.8136785528191830E-01  7.8361846167221832E-02  7.3739827798027686E-07
  8.9014865968149226E-01  7.8165969816234804E-02  7.2946268346902121E-07
  8.9901694460970349E-01  7.7995717676020135E-02  7.2160308368874056E-07
  9.0797358160889974E-01  7.7805037429424129E-02  7.1381851771605253E-07
  9.1701945090434689E-01  7.7617082155386652E-02  7.0610797730526076E-07
  9.2615544149072937E-01  7.7456971472920119E-02  6.9847046086321822E-07
  9.3538245121952224E-01  7.7279819156685511E-02  6.9090497459517942E-07
  9.4470138688722460E-01  7.7082576057150617E-02  6.8341052308969798E-07
  9.5411316432447812E-01  7.6885444700431613E-02  6.7598610746464201E-07
  9.6361870848607278E-01  7.6686525857827925E-02  6.6863074684303599E-07
  9.7321895354184484E-01  7.6483981811830401E-02  6.6134352413652672E-07
  9.8291484296848552E-01  7.6271069223710339E-02  6.5412364199511539E-07
  9.9270732964226371E-01  7.6091467593209783E-02  6.4697046958797166E-07
  1.0025973759326678E+00  7.5909490098749199E-02  6.3988356677251544E-07
  1.0125859537969866E+00  7.5727488806684853E-02  6.3286268308104460E-07
  1.0226740448758280E+00  7.5540907658285514E-02  6.2590773660257979E-07
  1.0328626405895938E+00  7.5348896578357583E-02  6.1901875013283124E-07
  1.0431527422359081E+00  7.5154435565181657E-02  6.1219575477969223E-07
  1.0535453610880250E+00  7.4950872278858605E-02  6.0543877052251301E-07
  1.0640415184942125E+00  7.4772370575319158E-02  5.9874781285970307E-07
  1.0746422459781246E+00  7.4587034178363029E-02  5.9212289925222795E-07
  1.0853485853401774E+00  7.4420739089928467E-02  5.8556404280138598E-07
  1.0961615887599336E+00  7.4270018671816790E-02  5.7907122705140486E-07
  1.1070823188995063E+00  7.4102217319657951E-02  5.7264436718772445E-07
  1.1181118490079920E+00  7.3918638529861302E-02  5.6628327033256352E-07
  1.1292512630269484E+00  7.3722564679029198E-02  5.5998760749742717E-07
  1.1405016556969196E+00  7.3523925310009841E-02  5.5375690356517674E-07
  1.1518641326650205E+00  7.3329936755282946E-02  5.4759054436574794E-07
  1.1633398105935981E+00  7.3132887105109429E-02  5.4148780818114546E-07
  1.1749298172699738E+00  7.2952404246060365E-02  5.3544794461250599E-07
  1.1866352917172751E+00  7.2770244543881105E-02  5.2947020904485146E-07
  1.1984573843063766E+00  7.2590307964481279E-02  5.2355385888452630E-07
  1.2103972568689558E+00  7.2411632157200687E-02  5.1769814280475062E-07
  1.2224560828116700E+00  7.2226599583296441E-02  5.1190229066623574E-07
  1.2346350472314749E+00  7.2051047846627761E-02  5.0616551246902105E-07
  1.2469353470320963E+00  7.1877266918236649E-02  5.0048700953828584E-07
  1.2593581910416525E+00  7.1709565727385460E-02  4.9486599494513737E-07
  1.2719048001314535E+00  7.1527324274393095E-02  4.8930171627555760E-07
  1.2845764073359855E+00  7.1340138374934275E-02  4.8379347390588095E-07
  1.2973742579740910E+00  7.1171352683744596E-02  4.7834063098707252E-07
  1.3102996097713488E+00  7.0989545472236334E-02  4.7294261286561828E-07
  1.3233537329836822E+00  7.0788722162469842E-02  4.6759888047219884E-07
  1.3365379105221964E+00  7.0604706671920217E-02  4.6230890538311455E-07
  1.3498534380792542E+00  7.0434595182611470E-02  4.5707216935401671E-07
  1.3633016242558138E+00  7.0258468465107179E-02  4.5188817104974713E-07
  1.3768837906900353E+00  7.0084549368490012E-02  4.4675643552336572E-07
  1.3906012721871639E+00  6.9897158266545009E-02  4.4167651995009848E-07
  1.4044554168507095E+00  6.9735002188728967E-02  4.3664801106953184E-07
  1.4184475862149342E+00  6.9576340884468735E-02  4.3167051394543812E-07
  1.4325791553786607E+00  6.9395796566048537E-02  4.2674363548986893E-07
  1.4468515131404081E+00  6.9225871573096495E-02  4.2186696792704528E-07
  1.4612660621348796E+00  6.9044989792648809E-02  4.1704007650567390E-07
  1.4758242189708111E+00  6.8856254173239886E-02  4.1226249371269480E-07
  1.4905274143701850E+00  6.8663339157766595E-02  4.0753372922252183E-07
  1.5053770933088397E+00  6.8489676634866201E-02  4.0285329189626781E-07
  1.5203747151584770E+00  6.8308863320903579E-02  3.9822069431482087E-07
  1.5355217538300827E+00  6.8126550322605339E-02  3.9363545128270311E-07
  1.5508196979187747E+00  6.7966294107083311E-02  3.8909707764803197E-07
  1.5662700508501002E+00  6.7806558815926760E-02  3.8460508944774789E-07
  1.5818743310277872E+00  6.7640934029223332E-02  3.8015901121749169E-07
  1.5976340719829636E+00  6.7461648543608921E-02  3.7575838915629537E-07
  1.6135508225248698E+00  6.7278120969976513E-02  3.7140280693058970E-07
  1.6296261468930717E+00  6.7109180921508249E-02  3.6709189960003766E-07
  1.6458616249111839E+00  6.6941303595876508E-02  3.6282536198574251E-07
  1.6622588521421306E+00  6.6757384396407798E-02  3.5860295001252503E-07
  1.6788194400449554E+00  6.6589965955935720E-02  3.5442446812999613E-07
  1.6955450161331862E+00  6.6414164112333238E-02  3.5028973152510825E-07
  1.7124372241347767E+00  6.6240839338671018E-02  3.4619855052332448E-07
  1.7294977241536560E+00  6.6067371689009391E-02  3.4215073015436813E-07
  1.7467281928328715E+00  6.5890661817333454E-02  3.3814607102089147E-07
  1.7641303235193615E+00  6.5725249875593583E-02  3.3418437106865940E-07
  1.7817058264303742E+00  6.5556065445598402E-02  3.3026542762546891E-07
  1.7994564288215438E+00  6.5398333054973667E-02  3.2638903903033469E-07
  1.8173838751566322E+00  6.5235345473187739E-02  3.2255500536625195E-07
  1.8354899272789731E+00  6.5072397409886101E-02  3.1876312815782299E-07
  1.8537763645846193E+00  6.4911716098784794E-02  3.1501320924717481E-07
  1.8722449841972164E+00  6.4754246930371004E-02  3.1130504926923513E-07
  1.8908976011446099E+00  6.4578938282400578E-02  3.0763844609791219E-07
  1.9097360485372292E+00  6.4403639547874911E-02  3.0401319328085169E-07
  1.9287621777482358E+00  6.4228107055614728E-02  3.0042907942606005E-07
  1.9479778585954652E+00  6.4039834430671849E-02  2.9688588823986588E-07
  1.9673849795251890E+00  6.3834934120349240E-02  2.9338340129460134E-07
  1.9869854477977080E+00  6.3668383446139523E-02  2.8992141341358224E-07
  2.0067811896747831E+00  6.3498583606954304E-02  2.8649977030660691E-07
  2.0267741506089467E+00  6.3331682046914931E-02  2.8311842930482760E-07
  2.0469662954346926E+00  6.3195119177309175E-02  2.7977753372474281E-07
  2.0673596085615764E+00  6.3034866336460021E-02  2.7647748404830150E-07
  2.0879560941692259E+00  6.2884207777081952E-02  2.7321898817415441E-07
  2.1087577764043171E+00  6.2716539228482346E-02  2.7000307915390589E-07
  2.1297666995794935E+00  6.2556942053740919E-02  2.6683109461583929E-07
  2.1509849283742715E+00  6.2379708828115527E-02  2.6370453354311079E-07
  2.1724145480379526E+00  6.2211817317507426E-02  2.6062485344194673E-07
  2.1940576645945575E+00  6.2040329532866922E-02  2.5759343807304537E-07
  2.2159164050497888E+00  6.1871116128471605E-02  2.5461159936804180E-07
  2.2379929176000739E+00  6.1706292885889968E-02  2.5168057389319730E-07
  2.2602893718436792E+00  6.1547264668637344E-02  2.4880150702175579E-07
  2.2828079589939319E+00  6.1375140865646209E-02  2.4597542192874102E-07
  2.3055508920945553E+00  6.1221613879057508E-02  2.4320317659270854E-07
  2.3285204062371716E+00  6.1059336301945537E-02  2.4048541746384536E-07
  2.3517187587809523E+00  6.0897673667898382E-02  2.3782254114197988E-07
  2.3751482295744615E+00  6.0737412972133302E-02  2.3521467385492148E-07
  2.3988111211797114E+00  6.0581951791894052E-02  2.3266167363432961E-07
  2.4227097590984554E+00  6.0416813180878458E-02  2.3016319031337490E-07
  2.4468464920007222E+00  6.0262401721816281E-02  2.2771882150812814E-07
  2.4712236919556374E+00  6.0111707882307915E-02  2.2532816830079481E-07
  2.4958437546645440E+00  5.9938938193064201E-02  2.2299083719972188E-07
  2.5207090996964427E+00  5.9788733481506422E-02  2.2070645468762412E-07
  2.5458221707257702E+00  5.9629568306836390E-02  2.1847472016264059E-07
  2.5711854357725668E+00  5.9475676744674327E-02  2.1629551534137649E-07
  2.5968013874450171E+00  5.9324463179043357E-02  2.1416906967368411E-07
  2.6226725431844158E+00  5.9167747931111514E-02  2.1209616049125110E-07
  2.6488014455125688E+00  5.9017064233970240E-02  2.1007831031346463E-07
  2.6751906622816741E+00  5.8872160988691802E-02  2.0811793920153733E-07
  2.7018427869266666E+00  5.8711295118930654E-02  2.0621844074188001E-07
  2.7287604387200983E+00  5.8557889215045032E-02  2.0438410591993127E-07
  2.7559462630295548E+00  5.8396693194478898E-02  2.0261955507304545E-07
  2.7834029315776281E+00  5.8230260770383666E-02  2.0092933713923633E-07
  2.8111331427044748E+00  5.8081027522201741E-02  1.9931792323962326E-07
  2.8391396216330169E+00  5.7929800437879278E-02  1.9778972150371048E-07
  2.8674251207367560E+00  5.7765700003911825E-02  1.9634907052419181E-07
  2.8959924198102645E+00  5.7625919848665434E-02  1.9500019284666019E-07
  2.9248443263423773E+00  5.7479360635914918E-02  1.9374710011441127E-07
  2.9539836757921054E+00  5.7338663439978746E-02  1.9259345617392720E-07
  2.9834133318672857E+00  5.7201610936987911E-02  1.9154241972239728E-07
  3.0131361868060198E+00  5.7066895724710874E-02  1.9059649864192681E-07
  3.0431551616609176E+00  5.6933057819898401E-02  1.8975744860866258E-07
  3.0734732065861579E+00  5.6809556541873779E-02  1.8902625416202092E-07
  3.1040933011274228E+00  5.6687342062759001E-02  1.8840348560967188E-07
  3.1350184545147211E+00  5.6546783466160877E-02  1.8788982671977522E-07
  3.1662517059581203E+00  5.6427873148479482E-02  1.8748616086215247E-07
  3.1977961249464260E+00  5.6298445886996562E-02  1.8719357757669418E-07
  3.2296548115488415E+00  5.6172325883666822E-02  1.8701336789728878E-07
  3.2618308967196397E+00  5.6042799778325825E-02  1.8694699439059428E-07
  3.2943275426058478E+00  5.5911259067956506E-02  1.8699602453952875E-07
  3.3271479428580197E+00  5.5770061167964818E-02  1.8716202318353157E-07
  3.3602953229440975E+00  5.5648982912750160E-02  1.8744641003272575E-07
  3.3937729404663979E+00  5.5513754311321641E-02  1.8785029956383164E-07
  3.4275840854817448E+00  5.5397904329830550E-02  1.8837434861064366E-07
  3.4617320808248251E+00  5.5271935901981213E-02  1.8901863948937278E-07
  3.4962202824347344E+00  5.5141390305118734E-02  1.8978277984610282E-07
  3.5310520796847746E+00  5.5033855866748194E-02  1.9066638836240823E-07
  3.5662308957155715E+00  5.4918280659241217E-02  1.9166925279346439E-07
  3.6017601877714776E+00  5.4816190866752053E-02  1.9279132222897712E-07
  3.6376434475403259E+00  5.4708508094712928E-02  1.9403268651113036E-07
  3.6738842014966027E+00  5.4593296154381424E-02  1.9539351990460632E-07
  3.7104860112480047E+00  5.4487403564554816E-02  1.9687395821085474E-07
  3.7474524738854451E+00  5.4371002627529474E-02  1.9847388119898101E-07
  3.7847872223366075E+00  5.4252529643488402E-02  2.0019258421865168E-07
  3.8224939257229229E+00  5.4129541307268735E-02  2.0202834559773293E-07
  3.8605762897201807E+00  5.4015979043570597E-02  2.0397792573376889E-07
  3.8990380569227368E+00  5.3897281583442098E-02  2.0603605896432460E-07
  3.9378830072112656E+00  5.3772840063524827E-02  2.0819520005049386E-07
  3.9771149581242788E+00  5.3655685987856735E-02  2.1044648353169606E-07
  4.0167377652332839E+00  5.3544165044944546E-02  2.1278044341270515E-07
  4.0567553225216795E+00  5.3415857649714037E-02  2.1518699627018529E-07
  4.0971715627674730E+00  5.3306694856899588E-02  2.1765539055284068E-07
  4.1379904579297584E+00  5.3188840598482556E-02  2.2017417431390829E-07
  4.1792160195390622E+00  5.3068653518612494E-02  2.2273119984627312E-07
  4.2208522990915993E+00  5.2933107086542974E-02  2.2531368763101462E-07
  4.2629033884474321E+00  5.2817548034984688E-02  2.2790837145884730E-07
  4.3053734202325886E+00  5.2694165888001597E-02  2.3050173776748272E-07
  4.3482665682452248E+00  5.2577499918017592E-02  2.3308035333446827E-07
  4.3915870478658015E+00  5.2453180432309683E-02  2.3563124978627104E-07
  4.4353391164713409E+00  5.2335092467167450E-02  2.3814226727246361E-07
  4.4795270738538537E+00  5.2213519390019857E-02  2.4060166715222472E-07
  4.5241552626428909E+00  5.2089985536776080E-02  2.4299734603492693E-07
  4.5692280687323068E+00  5.1970879971106880E-02  2.4531675100539650E-07
  4.6147499217113346E+00  5.1839853192255522E-02  2.4754691468121068E-07
  4.6607252952998568E+00  5.1725759613732492E-02  2.4967451075787493E-07
  4.7071587077880848E+00  5.1599734312914078E-02  2.5168595294142580E-07
  4.7540547224806353E+00  5.1469943840450831E-02  2.5356757122390960E-07
  4.8014179481449304E+00  5.1340899444375317E-02  2.5530590752096624E-07
  4.8492530394641831E+00  5.1207177610844215E-02  2.5688817047162334E-07
  4.8975646974948228E+00  5.1061314186576792E-02  2.5830286813131203E-07
  4.9463576701284850E+00  5.0893307442236128E-02  2.5954059340927223E-07
  4.9956367525586449E+00  4.8113420918182364E-04  2.6059486313203893E-07
  5.0454067877518538E+00  6.2320384695120295E-05  2.6146204727995585E-07
  5.0956726669236794E+00  3.3454445383653246E-05  2.6213956229136794E-07
  5.1464393300194189E+00  2.2908599736075697E-05  2.6262530095088794E-07
  5.1977117661995704E+00  1.7431338083648109E-05  2.6291763578093979E-07
  5.2494950143301295E+00  1.4068454450523962E-05  2.6301542822889474E-07
  5.3017941634778234E+00  1.1788068786919350E-05  2.6291804486697006E-07
  5.3546143534102262E+00  1.0135852198875182E-05  2.6262539225722758E-07
  5.4079607751008680E+00  8.8805749256858296E-06  2.6213798747374489E-07
  5.4618386712394109E+00  7.8921516465097264E-06  2.6145708470162235E-07
  5.5162533367468631E+00  7.0917999793494058E-06  2.6058487574465522E-07
  5.5712101192959311E+00  6.4290289932874722E-06  2.5952476929370769E-07
  5.6267144198366186E+00  5.8700026060739469E-06  2.5828172868988009E-07
  5.6827716931269512E+00  5.3912483256700590E-06  2.5686243050085822E-07
  5.7393874482690723E+00  4.9759849615271453E-06  2.5527445542465112E-07
  5.7965672492507023E+00  4.6118691396433154E-06  2.5352570412460723E-07
  5.8543167154918621E+00  4.2896170832988576E-06  2.5162432679646137E-07
  5.9126415223972000E+00  4.0021113709369478E-06  2.4957867725837883E-07
  5.9715474019137247E+00  3.7438030994390925E-06  2.4739726853234278E-07
  6.0310401430940983E+00  3.5103014518066849E-06  2.4508872868113485E-07
  6.0911255926656045E+00  3.2980855511822184E-06  2.4266175446802799E-07
  6.1518096556047190E+00  3.1042981105483588E-06  2.4012505899206583E-07
  6.2130982957174181E+00  2.9265949950918944E-06  2.3748730860628850E-07
  6.2749975362253103E+00  2.7630337038936901E-06  2.3475704527032643E-07
  6.3375134603575605E+00  2.6119891695998613E-06  2.3194259412161679E-07
  6.4006522119487066E+00  2.4720878728028268E-06  2.2905197304201406E-07
  6.4644199960424942E+00  2.3421586311794585E-06  2.2609294126481546E-07
  6.5288230795016622E+00  2.2211989145902478E-06  2.2307311085571713E-07
  6.5938677916238104E+00  2.1083453328069407E-06  2.1999994117008902E-07
  6.6595605247634584E+00  2.0028496121911991E-06  2.1688071804012181E-07
  6.7259077349602423E+00  1.9040593764557960E-06  2.1372253117436465E-07
  6.7929159425733623E+00  1.8114026451613334E-06  2.1053224669344342E-07
  6.8605917329224573E+00  1.7243752285656580E-06  2.0731647037269162E-07
  6.9289417569346927E+00  1.6425303853715622E-06  2.0408149638384652E-07
  6.9979727317984359E+00  1.5654702358311528E-06  2.0083323690114545E-07
  7.0676914416234338E+00  1.4928384802887465E-06  1.9757713086731797E-07
  7.1381047381074394E+00  1.4243138826346024E-06  1.9431803628765282E-07
  7.2092195412096514E+00  1.3596032813812413E-06  1.9106012352262829E-07
  7.2810428398307554E+00  1.2984357218932145E-06  1.8780696145556354E-07
  7.3535816924997368E+00  1.2405644164310757E-06  1.8456188060711751E-07
  7.4268432280676242E+00  1.1857656297441854E-06  1.8132806646498847E-07
  7.5008346464080491E+00  1.1338359206111367E-06  1.7810855888243279E-07
  7.5755632191248168E+00  1.0845897665856029E-06  1.7490625239766027E-07
  7.6510362902665641E+00  1.0378575216538233E-06  1.7172389695613619E-07
  7.7272612770484912E+00  9.9348365104578550E-07  1.6856409680435962E-07
  7.8042456705812704E+00  9.5132519356761479E-07  1.6542930378412887E-07
  7.8819970366072933E+00  9.1125040187702017E-07  1.6232179946201965E-07
  7.9605230162441831E+00  8.7313749848343942E-07  1.5924365933119062E-07
  8.0398313267357064E+00  8.3687343413478800E-07  1.5619669302741073E-07
  8.1199297622102478E+00  8.0235231803158075E-07  1.5318235886654081E-07
  8.2008261944467602E+00  7.6947337968991807E-07  1.5020171902094765E-07
  8.2825285736483547E+00  7.3814186545431375E-07  1.4725564106476544E-07
  8.3650449292236608E+00  7.0826992621003889E-07  1.4434492332822347E-07
  8.4483833705759075E+00  6.7977603735652478E-07  1.4147030056622912E-07
  8.5325520878998482E+00  6.5258442487091477E-07  1.3863244517261557E-07
  8.6175593529867598E+00  6.2662455384882430E-07  1.3583196844468979E-07
  8.7034135200372464E+00  6.0183067257551260E-07  1.3306942265112379E-07
  8.7901230264823180E+00  5.7814140722722366E-07  1.3034530516693128E-07
  8.8776963938126379E+00  5.5549940531076514E-07  1.2766006660589661E-07
  8.9661422284158725E+00  5.3385103152369158E-07  1.2501412547947871E-07
  9.0554692224225874E+00  5.1314613305562451E-07  1.2240789206105847E-07
  9.1456861545604493E+00  4.9333793326539264E-07  1.1984180326753461E-07
  9.2368018910169365E+00  4.7438317278991493E-07  1.1731635912175260E-07
  9.3288253863107276E+00  4.5624171189982314E-07  1.1483207052202821E-07
  9.4217656841716959E+00  4.3887567705070531E-07  1.1238938079534855E-07
  9.5156319184296549E+00  4.2224923085685416E-07  1.0998866071496134E-07
  9.6104333139120754E+00  4.0632843500657266E-07  1.0763021145462404E-07
  9.7061791873506156E+00  3.9108112440110094E-07  1.0531426696796211E-07
  9.8028789482967174E+00  3.7647679020130929E-07  1.0304099490937159E-07
  9.9005421000464047E+00  3.6248646871462323E-07  1.0081049477170089E-07
  9.9991782405741940E+00  3.4908263144840825E-07  9.8622791432253359E-08
  1.0098797063476320E+01  3.3623906811822558E-07  9.6477821923128797E-08
  1.0199408358923458E+01  3.2393074585742108E-07  9.4375413262226841E-08
  1.0301022014622811E+01  3.1213360393662354E-07  9.2315250029733831E-08
  1.0403648016789825E+01  3.0082418065844354E-07  9.0296834908617733E-08
  1.0507296451129690E+01  2.8997946511370695E-07  8.8319519570689350E-08
  1.0611977503828401E+01  2.7957753644455818E-07  8.6382630911925962E-08
  1.0717701462553876E+01  2.6959768217251408E-07  8.4485500309310934E-08
  1.0824478717467059E+01  2.6002032032379197E-07  8.2627463937603468E-08
  1.0932319762242884E+01  2.5082692687300112E-07  8.0807863088380540E-08
  1.1041235195101670E+01  2.4199996878684153E-07  7.9026044595074139E-08
  1.1151235719850645E+01  2.3352284219415885E-07  7.7281361342216824E-08
  1.1262332146935826E+01  2.2537981523084389E-07  7.5573172801750883E-08
  1.1374535394504509E+01  2.1755597509165024E-07  7.3900845485145282E-08
  1.1487856489478228E+01  2.1003717873059488E-07  7.2263753137712835E-08
  1.1602306568636401E+01  2.0281000635685545E-07  7.0661276448409960E-08
  1.1717896879710885E+01  1.9586171589955922E-07  6.9092802042944059E-08
  1.1834638782491325E+01  1.8918019772288685E-07  6.7557721257062015E-08
  1.1952543749941528E+01  1.8275394074995044E-07  6.6055430965752731E-08
  1.2071623369327030E+01  1.7657200144853860E-07  6.4585334407960581E-08
  1.2191889343353834E+01  1.7062397151343864E-07  6.3146841332114493E-08
  1.2313353491318475E+01  1.6489994758579533E-07  6.1739368116391915E-08
  1.2436027750269629E+01  1.5939050304103324E-07  6.0362337951282692E-08
  1.2559924176181230E+01  1.5408666183232132E-07  5.9015181197789814E-08
  1.2685054945137216E+01  1.4897987448480790E-07  5.7697336079702199E-08
  1.2811432354528304E+01  1.4406199653434459E-07  5.6408249921649960E-08
  1.2939068824260360E+01  1.3932527010066638E-07  5.5147381189976496E-08
  1.3067976897975054E+01  1.3476231018020492E-07  5.3914202603177761E-08
  1.3198169244282690E+01  1.3036609959264776E-07  5.2708205506246705E-08
  1.3329658658007052E+01  1.2612999513462558E-07  5.1528903928918928E-08
  1.3462458061442986E+01  1.2204768721845476E-07  5.0375825690984697E-08
  1.3596580505626294E+01  1.1811314186115634E-07  4.9248501961869263E-08
  1.3732039171616302E+01  1.1432058360901684E-07  4.8146466696178857E-08
  1.3868847371791338E+01  1.1066448307063414E-07  4.7069256847723734E-08
  1.4007018551156964E+01  1.0713954495867336E-07  4.6016412403009825E-08
  1.4146566288667282E+01  1.0374069647380773E-07  4.4987476139374107E-08
  1.4287504298559485E+01  1.0046307580086289E-07  4.3981992989070255E-08
  1.4429846431701618E+01  9.7302020370422132E-08  4.2999508869432406E-08
  1.4573606676953736E+01  9.4253054307623971E-08  4.2039568828491660E-08
  1.4718799162542767E+01  9.1311873992643569E-08  4.1101714370925853E-08
  1.4865438157450942E+01  8.8474329472599231E-08  4.0185479897881952E-08
  1.5013538072818047E+01  8.5736397864278252E-08  3.9290388731524303E-08
  1.5163113463357794E+01  8.3094179976084548E-08  3.8415958075721005E-08
  1.5314179028788150E+01  8.0543937940028105E-08  3.7561713055589787E-08
  1.5466749615275921E+01  7.8082096903037258E-08  3.6727189254034153E-08
  1.5620840216895941E+01  7.5705237097819138E-08  3.5911932526161014E-08
  1.5776465977104431E+01  7.3410086400832522E-08  3.5115498876723808E-08
  1.5933642190227340E+01  7.1193513393407737E-08  3.4337454423305044E-08
  1.6092384302963509E+01  6.9052520932872373E-08  3.3577375462337278E-08
  1.6252707915902512E+01  6.6984240259202666E-08  3.2834848654522443E-08
  1.6414628785057989E+01  6.4985925695164946E-08  3.2109471341945468E-08
  1.6578162823416037E+01  6.3054950061867110E-08  3.1400851999710841E-08
  1.6743326102499029E+01  6.1188801068730767E-08  3.0708610806541300E-08
  1.6910134853945152E+01  5.9385079233184942E-08  3.0032380277764116E-08
  1.7078605471103558E+01  5.7641494458764259E-08  2.9371804768872231E-08
  1.7248754510645380E+01  5.5955852616414206E-08  2.8726536897151077E-08
  1.7420598694190964E+01  5.4326047136389726E-08  2.8096236031471338E-08
  1.7594154909953168E+01  5.2750055065227585E-08  2.7480568164492310E-08
  1.7769440214397004E+01  5.1225933344678048E-08  2.6879205759613652E-08
  1.7946471833916000E+01  4.9751815213569264E-08  2.6291827548301023E-08
  1.8125267166525095E+01  4.8325906734714964E-08  2.5718118294341484E-08
  1.8305843783570392E+01  4.6946483453818218E-08  2.5157768548437017E-08
  1.8488219431456109E+01  4.5611887208784799E-08  2.4610474428160807E-08
  1.8672412033388600E+01  4.4320523130213595E-08  2.4075937473313236E-08
  1.8858439691137672E+01  4.3070856922500125E-08  2.3553864644250596E-08
  1.9046320686815797E+01  4.1861412633446793E-08  2.3043968546970299E-08
  1.9236073484674538E+01  4.0690771197481801E-08  2.2545967897793572E-08
  1.9427716732919293E+01  3.9557568444022080E-08  2.2059587618891129E-08
  1.9621269265542061E+01  3.8460492375268663E-08  2.1584558571774840E-08
  1.9816750104172129E+01  3.7398280974663963E-08  2.1120617457278745E-08
  2.0014178459945683E+01  3.6369720248085717E-08  2.0667506816050922E-08
  2.0213573735393698E+01  3.5373642472311138E-08  2.0224975135130157E-08
  2.0414955526348717E+01  3.4408924648089356E-08  1.9792777054160682E-08
  2.0618343623870757E+01  3.3474487159967412E-08  1.9370673660579952E-08
  2.0823758016192247E+01  3.2569292651628699E-08  1.8958432855493965E-08
  2.1031218890682339E+01  3.1692345136267919E-08  1.8555829759882021E-08
  2.1240746635830970E+01  3.0842689379923318E-08  1.8162647112904335E-08
  2.1452361843252504E+01  3.0019410627699494E-08  1.7778675589157048E-08
  2.1666085309709349E+01  2.9221634579568309E-08  1.7403713850660273E-08
  2.1881938039155884E+01  2.8448523587267486E-08  1.7037566816933735E-08
  2.2099941244802615E+01  2.7699269815582516E-08  1.6680043093646968E-08
  2.2320116351200856E+01  2.6973093244687439E-08  1.6330954568522917E-08
  2.2542484996348389E+01  2.6269240614339390E-08  1.5990116350826740E-08
  2.2767069033815890E+01  2.5586984341213208E-08  1.5657346646535660E-08
  2.2993890534894536E+01  2.4925621411833126E-08  1.5332466576922122E-08
  2.3222971790765346E+01  2.4284472255225998E-08  1.5015299952896907E-08
  2.3454335314689562E+01  2.3662879598143955E-08  1.4705673020915781E-08
  2.3688003844221324E+01  2.3060207305794282E-08  1.4403414202816790E-08
  2.3924000343442358E+01  2.2475839213089671E-08  1.4108353861812754E-08
  2.4162348005218512E+01  2.1909177959545235E-08  1.3820324140830202E-08
  2.4403070253479303E+01  2.1359643877035803E-08  1.3539158941062151E-08
  2.4646190745519878E+01  2.0826674794502492E-08  1.3264694411310375E-08
  2.4891733374325845E+01  2.0309727633428410E-08  1.2996770100452418E-08
  2.5139722270921563E+01  1.9808278459694125E-08  1.2735229254491560E-08
  2.5390181806741587E+01  1.9321821777073805E-08  1.2479918748910264E-08
  2.5643136596025688E+01  1.8849869839014607E-08  1.2230689017437790E-08
  2.5898611498238040E+01  1.8391951960182147E-08  1.1987393955676232E-08
  2.6156631620510215E+01  1.7947613788319785E-08  1.1749890765384800E-08
  2.6417222320108564E+01  1.7516416485124588E-08  1.1518039699752761E-08
  2.6680409206926367E+01  1.7097935739632294E-08  1.1291703660363945E-08
  2.6946218146000618E+01  1.6691760489022105E-08  1.1070747584015988E-08
  2.7214675260053863E+01  1.6297491125310678E-08  1.0855037543989727E-08
  2.7485806932061596E+01  1.5914736764150806E-08  1.0644439481552380E-08
  2.7759639807845012E+01  1.5543112204938627E-08  1.0438818161358153E-08
  2.8036200798689570E+01  1.5182242098058368E-08  1.0238039865105187E-08
  2.8315517083989910E+01  1.4831765103644571E-08  1.0041974709824542E-08
  2.8597616113920839E+01  1.4491333577793631E-08  9.8504966673543824E-09
  2.8882525612134952E+01  1.4160613073276877E-08  9.6634835120281728E-09
  2.9170273578487482E+01  1.3839282052494306E-08  9.4808169477894849E-09
  2.9460888291787700E+01  1.3527031979781173E-08  9.3023830649067972E-09
  2.9754398312578182E+01  1.3223568006038516E-08  9.1280732969261581E-09
  3.0050832485941832E+01  1.2928610555004263E-08  8.9577860861468236E-09
  3.0350219944336278E+01  1.2641898303582712E-08  8.7914295192179339E-09
  3.0652590110457233E+01  1.2363193397725665E-08  8.6289252573370648E-09
  3.0957972700129933E+01  1.2092290440211101E-08  8.4702141401118353E-09
  3.1266397725229403E+01  1.1829030140274920E-08  8.3152627939317134E-09
  3.1577895496630088E+01  1.1573288253580966E-08  8.1640553156859688E-09
  3.1892496627184634E+01  1.1324943149370275E-08  8.0165750269250103E-09
  3.2210232034732257E+01  1.1083871359157524E-08  7.8728021308209004E-09
  3.2531132945137493E+01  1.0849947981904454E-08  7.7327139702248368E-09
  3.2855230895358794E+01  1.0623046926003960E-08  7.5962851448313071E-09
  3.3182557736547828E+01  1.0403040814458553E-08  7.4634873268899826E-09
  3.3513145637179846E+01  1.0189800345095051E-08  7.3342885973042894E-09
  3.3847027086214972E+01  9.9831928210590185E-09  7.2086520896227704E-09
  3.4184234896291166E+01  9.7830794167184728E-09  7.0865336735575491E-09
  3.4524802206948763E+01  9.5893104639443837E-09  6.9678783360128498E-09
  3.4868762487887565E+01  9.4017175083509141E-09  6.8526148373578139E-09
  3.5216149542255955E+01  9.2201001543283372E-09  6.7406483541762721E-09
  3.5566997509972893E+01  9.0442237359042261E-09  6.6318612934356732E-09
  3.5921340871083231E+01  8.8738530174827932E-09  6.5261342421200738E-09
  3.6279214449146203E+01  8.7087635834339459E-09  6.4233526976780955E-09
  3.6640653414657670E+01  8.5487413841946080E-09  6.3234069025820439E-09
  3.7005693288506677E+01  8.3935822407325552E-09  6.2261916658296525E-09
  3.7374369945466299E+01  8.2430914821149067E-09  6.1316062913713012E-09
  3.7746719617719222E+01  8.0970837820655794E-09  6.0395546726516199E-09
  3.8122778898418467E+01  7.9553832819529859E-09  5.9499456232198295E-09
  3.8502584745283777E+01  7.8178241309487238E-09  5.8626935326953618E-09
  3.8886174484233642E+01  7.6842516529898174E-09  5.7777194644206032E-09
  3.9273585813053359E+01  7.5545244951558114E-09  5.6949528437487692E-09
  3.9664856805100143E+01  7.4285183844484844E-09  5.6143339137499301E-09
  4.0060025913044669E+01  7.3061295855741729E-09  5.5358153962672124E-09
  4.0459131972649928E+01  7.1872653236012904E-09  5.4593560125245017E-09
  4.0862214206588163E+01  7.0718360982191168E-09  5.3849157233971762E-09
  4.1269312228295306E+01  6.9597552394015297E-09  5.3124555122753126E-09
  4.1680466045864172E+01  6.8509386665112322E-09  5.2419372919098483E-09
  4.2095716065976092E+01  6.7453043171797294E-09  5.1733235532163015E-09
  4.2515103097872213E+01  6.6427711339440076E-09  5.1065765430905873E-09
  4.2938668357363966E+01  6.5432575073103878E-09  5.0416567197567436E-09
  4.3366453470883435E+01  6.4466786268990010E-09  4.9785201612022534E-09
  4.3798500479574543E+01  6.3529417178438462E-09  4.9171144937049285E-09
  4.4234851843424558E+01  6.2619380572151840E-09  4.8573727639104099E-09
  4.4675550445436770E+01  6.1735300894585206E-09  4.7992045127513328E-09
  4.5120639595845141E+01  6.0875336294068340E-09  4.7424852063628151E-09
  4.5570163036370502E+01  6.0037336232975285E-09  4.6870688696018136E-09
  4.6024164944519413E+01  5.9219210473863927E-09  4.6328127603924332E-09
  4.6482689937925585E+01  5.8418969662520300E-09  4.5795800523378726E-09
  4.6945783078734998E+01  5.7634720400112986E-09  4.5272395971652620E-09
  4.7413489878034362E+01  5.6864664274696534E-09  4.4756660400616980E-09
  4.7885856300323525E+01  5.6107104420072500E-09  4.4247406240644583E-09
  4.8362928768033100E+01  5.5360464052632177E-09  4.3743530793090035E-09
  4.8844754166086489E+01  5.4623323217618625E-09  4.3244051043703753E-09
  4.9331379846507396E+01  5.3894483215405798E-09  4.2748161189898057E-09
  4.9822853633073741E+01  5.3173073867071498E-09  4.2255322026043011E-09
  5.0319223826017399E+01  5.2458728829887183E-09  4.1765394223336527E-09
  5.0820539206771045E+01  5.1751862693219711E-09  4.1278823803225730E-09
  5.1326849042762056E+01  5.1053678846176053E-09  4.0796614433318229E-09
  5.1838203092254581E+01  5.0365503125971770E-09  4.0319854696163182E-09
  5.2354651609239490E+01  4.9688586827482882E-09  3.9849583273836344E-09
  5.2876245348372997E+01  4.9024108161961882E-09  3.9386789424051237E-09
  5.3403035569964892E+01  4.8373173665663010E-09  3.8932413051164675E-09
  5.3935074045016165E+01  4.7736815872108204E-09  3.8487341264133203E-09
  5.4472413060306593E+01  4.7115984282835588E-09  3.8052398715256453E-09
  5.5015105423533697E+01  4.6511525613666292E-09  3.7628328270459018E-09
  5.5563204468502285E+01  4.5924147325880108E-09  3.7215757345051938E-09
  5.6116764060365774E+01  4.5354355020508657E-09  3.6815143506835545E-09
  5.6675838600920116E+01  4.4802348407975510E-09  3.6426690674581687E-09
  5.7240483033950092E+01  4.4267850566091208E-09  3.6050224906521936E-09
  5.7810752850628994E+01  4.3749970977858627E-09  3.5685113370514145E-09
  5.8386704094971925E+01  4.3247593151719310E-09  3.5330557337662724E-09
  5.8968393369343929E+01  4.2759639075552210E-09  3.4985781625577825E-09
  5.9555877840022482E+01  4.2285075741105517E-09  3.4650039407785586E-09
  6.0149215242815430E+01  4.1822912564732731E-09  3.4322610684512068E-09
  6.0748463888735344E+01  4.1372199781840211E-09  3.4002801601362268E-09
  6.1353682669730027E+01  4.0932028466085843E-09  3.3689945210881580E-09
  6.1964931064469930E+01  4.0501533021694093E-09  3.3383404436447147E-09
  6.2582269144193923E+01  4.0079897373719831E-09  3.3082578277564061E-09
  6.3205757578612584E+01  3.9666366784185841E-09  3.2786912700251418E-09
  6.3835457641870754E+01  3.9260268394372462E-09  3.2495918201111164E-09
  6.4471431218569052E+01  3.8861045553964099E-09  3.2209196701147714E-09
  6.5113740809846078E+01  3.8468303275852320E-09  3.1926473216844170E-09
  6.5762449539520588E+01  3.8081757547666968E-09  3.1647554154291939E-09
  6.6417621160294829E+01  3.7701142656971029E-09  3.1372258156186811E-09
  6.7079320060020422E+01  3.7326201253258061E-09  3.1100408906119273E-09
  6.7747611268025864E+01  3.6956684069766826E-09  3.0831834995486137E-09
  6.8422560461507189E+01  3.6592349818153403E-09  3.0566369920343365E-09
  6.9104233971982950E+01  3.6232965387774510E-09  3.0303852366844209E-09
  6.9792698791812683E+01  3.5878306548350963E-09  3.0044126985274382E-09
  7.0488022580780807E+01  3.5528159497820856E-09  2.9787045926547725E-09
  7.1190273672745818E+01  3.5182323758825679E-09  2.9532471525636298E-09
  7.1899521082356145E+01  3.4840617155997394E-09  2.9280280669721994E-09
  7.2615834511832588E+01  3.4502884059354200E-09  2.9030371587048367E-09
  7.3339284357818030E+01  3.4169008232652235E-09  2.8782673533227024E-09
  7.4069941718296363E+01  3.3838911499162764E-09  2.8537144722880357E-09
  7.4807878399579366E+01  3.3512524585694703E-09  2.8293749677327212E-09
  7.5553166923363477E+01  3.3189779709834316E-09  2.8052453597665523E-09
  7.6305880533857263E+01  3.2870610535859127E-09  2.7813222330875218E-09
  7.7066093204979381E+01  3.2554952084243720E-09  2.7576022328159477E-09
  7.7833879647628663E+01  3.2242740563096259E-09  2.7340820519277622E-09
  7.8609315317025974E+01  3.1933913063224589E-09  2.7107584030766468E-09
  7.9392476420130251E+01  3.1628406966525680E-09  2.6876279648473112E-09
  8.0183439923127565E+01  3.1326158886828005E-09  2.6646872881615977E-09
  8.0982283558994865E+01  3.1027102904002075E-09  2.6419326423577807E-09
  8.1789085835139716E+01  3.0731167690772661E-09  2.6193597719813585E-09
  8.2603926041115542E+01  3.0438271846247694E-09  2.5969635263408726E-09
  8.3426884256413629E+01  3.0148320625424878E-09  2.5747376365087456E-09
  8.4258041358333514E+01  2.9861216043994574E-09  2.5526755363683052E-09
  8.5097479029931009E+01  2.9576862807921937E-09  2.5307708283662394E-09
  8.5945279768045907E+01  2.9295168357719544E-09  2.5090172917345004E-09
  8.6801526891409026E+01  2.9016042771788335E-09  2.4874088778028513E-09
  8.7666304548831107E+01  2.8739398781142085E-09  2.4659397109011066E-09
  8.8539697727472287E+01  2.8465151897721701E-09  2.4446041026912653E-09
  8.9421792261194142E+01  2.8193220802727772E-09  2.4233965905688600E-09
  9.0312674838995576E+01  2.7923528172495152E-09  2.4023120155806342E-09
  9.1212433013532092E+01  2.7656002192719667E-09  2.3813456623830970E-09
  9.2121155209719831E+01  2.7390579214213247E-09  2.3604934937294944E-09
  9.3038930733426227E+01  2.7127208247982403E-09  2.3397525251586221E-09
  9.3965849780246231E+01  2.6865856669651871E-09  2.3191212667319809E-09
  9.4902003444366713E+01  2.6606503460912904E-09  2.2985991477627089E-09
  9.5847483727518309E+01  2.6349128847112750E-09  2.2781856819133032E-09
  9.6802383548017758E+01  2.6093713423910502E-09  2.2578803964777125E-09
  9.7766796749899143E+01  2.5840238205416267E-09  2.2376828339656789E-09
  9.8740818112136338E+01  2.5588684623636827E-09  2.2175925539948489E-09
  9.9724543357958069E+01  2.5339034500927852E-09  2.1976091347262493E-09
  1.0071806916425497E+02  2.5091270067308239E-09  2.1777321728290198E-09
  1.0172149317108037E+02  2.4845373922627537E-09  2.1579612804903905E-09
  1.0273491399124647E+02  2.4601328917040745E-09  2.1382960772634060E-09
  1.0375843122001542E+02  2.4359117992876621E-09  2.1187361735110841E-09
  1.0479214544488725E+02  2.4118723868360085E-09  2.0992811407991718E-09
  1.0583615825548486E+02  2.3880128461325476E-09  2.0799304656581890E-09
  1.0689057225353848E+02  2.3643312881454648E-09  2.0606835519888254E-09
  1.0795549106296876E+02  2.3408258412672239E-09  2.0415398030827809E-09
  1.0903101934007013E+02  2.3174946703102473E-09  2.0224986389628124E-09
  1.1011726278379668E+02  2.2943359747546083E-09  2.0035594959062417E-09
  1.1121432814614963E+02  2.2713479937170750E-09  1.9847218279733391E-09
  1.1232232324266809E+02  2.2485290151106393E-09  1.9659851131020498E-09
  1.1344135696302553E+02  2.2258773848041340E-09  1.9473488673431555E-09
  1.1457153928173052E+02  2.2033915361551669E-09  1.9288126724647569E-09
  1.1571298126893494E+02  2.1810700485621382E-09  1.9103762246330087E-09
  1.1686579510134897E+02  2.1589117336169825E-09  1.8920394154710607E-09
  1.1803009407326618E+02  2.1369157804553070E-09  1.8738024618468818E-09
  1.1920599260769737E+02  2.1150819956743065E-09  1.8556661057208304E-09
  1.2039360626761514E+02  2.0934109317648179E-09  1.8376317090214209E-09
  1.2159305176731188E+02  2.0719033499981708E-09  1.8197007963852158E-09
  1.2280444698386947E+02  2.0505599567519188E-09  1.8018748340629347E-09
  1.2402791096874361E+02  2.0293813976017994E-09  1.7841552263693250E-09
  1.2526356395946445E+02  2.0083682549949785E-09  1.7665433155510059E-09
  1.2651152739145250E+02  1.9875210460892908E-09  1.7490403794632448E-09
  1.2777192390995323E+02  1.9668402173271374E-09  1.7316476255829940E-09
  1.2904487738208965E+02  1.9463261333773162E-09  1.7143661792084124E-09
  1.3033051290903620E+02  1.9259790566021670E-09  1.6971970627604709E-09
  1.3162895683831300E+02  1.9057991095959609E-09  1.6801411617926420E-09
  1.3294033677620226E+02  1.8857862124775319E-09  1.6631991715395440E-09
  1.3426478160028984E+02  1.8659399870080807E-09  1.6463715155969510E-09
  1.3560242147213049E+02  1.8462596540890669E-09  1.6296582626439487E-09
  1.3695338785003918E+02  1.8267442124342655E-09  1.6130592819518184E-09
  1.3831781350201115E+02  1.8073926473731040E-09  1.5965744178497680E-09
  1.3969583251876938E+02  1.7882039456276998E-09  1.5802035020427776E-09
  1.4108758032694274E+02  1.7691770933023041E-09  1.5639463546120932E-09
  1.4249319370237473E+02  1.7503110780555395E-09  1.5478027867380941E-09
  1.4391281078356602E+02  1.7316048948660163E-09  1.5317726063868069E-09
  1.4534657108524996E+02  1.7130575570806248E-09  1.5158556288331591E-09
  1.4679461551210292E+02  1.6946681201044456E-09  1.5000516948043569E-09
  1.4825708637259299E+02  1.6764357162828309E-09  1.4843607003665569E-09
  1.4973412739296489E+02  1.6583596018416671E-09  1.4687826446299937E-09
  1.5122588373136455E+02  1.6404392384021252E-09  1.4533177041089587E-09
  1.5273250199210548E+02  1.6226744196587632E-09  1.4379663359998792E-09
  1.5425413024007605E+02  1.6050652108352128E-09  1.4227292193819145E-09
  1.5579091801529100E+02  1.5876116768292222E-09  1.4076070214930224E-09
  1.5734301634758697E+02  1.5703138344507543E-09  1.3926003571228717E-09
  1.5891057777146619E+02  1.5531716527252218E-09  1.3777097897324826E-09
  1.6049375634108665E+02  1.5361850533978161E-09  1.3629358334629210E-09
  1.6209270764540119E+02  1.5193539156131469E-09  1.3482789572799741E-09
  1.6370758882344953E+02  1.5026780881490473E-09  1.3337395930588167E-09
  1.6533855857980052E+02  1.4861574064449194E-09  1.3193181502891581E-09
  1.6698577720014868E+02  1.4697917164555337E-09  1.3050150414291031E-09
  1.6864940656706759E+02  1.4535809189469683E-09  1.2908307239327770E-09
  1.7032961017591825E+02  1.4375250500832925E-09  1.2767657678648902E-09
  1.7202655315091721E+02  1.4216244043171582E-09  1.2628209605236880E-09
  1.7374040226136378E+02  1.4058795809787047E-09  1.2489973432115995E-09
  1.7547132593803039E+02  1.3902912095454673E-09  1.2352959730055383E-09
  1.7721949428971485E+02  1.3748598324580671E-09  1.2217178255639727E-09
  1.7898507911995767E+02  1.3595859069380467E-09  1.2082637961192636E-09
  1.8076825394392705E+02  1.3444698126275469E-09  1.1949347020778797E-09
  1.8256919400547102E+02  1.3295118597448381E-09  1.1817312859160126E-09
  1.8438807629433907E+02  1.3147122907660495E-09  1.1686542186224340E-09
  1.8622507956357722E+02  1.3000712800583669E-09  1.1557041040809589E-09
  1.8808038434709445E+02  1.2855889389673342E-09  1.1428814850487904E-09
  1.8995417297740525E+02  1.2712653274814683E-09  1.1301868518256222E-09
  1.9184662960354794E+02  1.2571004713065913E-09  1.1176206554334981E-09
  1.9375794020918312E+02  1.2430943886283737E-09  1.1051833283043569E-09
  1.9568829263087105E+02  1.2292471163862570E-09  1.0928753061729025E-09
  1.9763787657653089E+02  1.2155586595284377E-09  1.0806969926556690E-09
  1.9960688364408560E+02  1.2020289498610278E-09  1.0686487240033587E-09
  2.0159550734029108E+02  1.1886578597176821E-09  1.0567307687912452E-09
  2.0360394309975240E+02  1.1754452020749557E-09  1.0449433295872005E-09
  2.0563238830413198E+02  1.1623907229771116E-09  1.0332865439942771E-09
  2.0768104230154654E+02  1.1494941012649542E-09  1.0217604843216633E-09
  2.0975010642615791E+02  1.1367549500705678E-09  1.0103651548556966E-09
  2.1183978401796074E+02  1.1241728107215047E-09  9.9910048519666548E-10
  2.1395028044276475E+02  1.1117471355695268E-09  9.8796631736048321E-10
  2.1608180311237831E+02  1.0994772611312328E-09  9.7696238321987825E-10
  2.1823456150499081E+02  1.0873623680287267E-09  9.6608826726044219E-10
  2.2040876718576095E+02  1.0754014229787387E-09  9.5534335467903602E-10
  2.2260463382760770E+02  1.0635932233528816E-09  9.4472687249509294E-10
  2.2482237723220891E+02  1.0519365312878466E-09  9.3423800802856111E-10
  2.2706221535121065E+02  1.0404300910804785E-09  9.2387592781543108E-10
  2.2932436830764604E+02  1.0290726336396956E-09  9.1363977905544619E-10
  2.3160905841756750E+02  1.0178628858596875E-09  9.0352869043016984E-10
  2.3391651021189648E+02  1.0067995642942368E-09  8.9354177118231678E-10
  2.3624695045848864E+02  9.9588135973532840E-10  8.8367810686043666E-10
  2.3860060818442022E+02  9.8510692855013385E-10  8.7393674933846435E-10
  2.4097771469849499E+02  9.7447487770235517E-10  8.6431669751189020E-10
  2.4337850361397793E+02  9.6398372709587814E-10  8.5481686330097427E-10
  2.4580321087155315E+02  9.5363184590318692E-10  8.4543601506245768E-10
  2.4825207476251040E+02  9.4341735040708186E-10  8.3617268907101745E-10
  2.5072533595216512E+02  9.3333807852099004E-10  8.2702517109944295E-10
  2.5322323750350935E+02  9.2339181759743736E-10  8.1799169892495804E-10
  2.5574602490109825E+02  9.1357639265034811E-10  8.0907053382220646E-10
  2.5829394607517690E+02  9.0388967085958691E-10  8.0025996084813973E-10
  2.6086725142604513E+02  8.9432954176758743E-10  7.9155828563663316E-10
  2.6346619384866631E+02  8.8489389961831719E-10  7.8296382348324041E-10
  2.6609102875751984E+02  8.7558063056522658E-10  7.7447487342477061E-10
  2.6874201411170412E+02  8.6638755505369437E-10  7.6608966631896879E-10
  2.7141941044028687E+02  8.5731231182169589E-10  7.5780627012224005E-10
  2.7412348086790814E+02  8.4835217505878715E-10  7.4962242683434993E-10
  2.7685449114064102E+02  8.3950375723040094E-10  7.4153528269458135E-10
  2.7961270965210718E+02  8.3076252230875652E-10  7.3354095524170315E-10
  2.8239840746985277E+02  8.2212233280989293E-10  7.2563414134839626E-10
  2.8521185836198993E+02  8.1357643665466319E-10  7.1780899661946299E-10
  2.8805333882410025E+02  8.0511827967952634E-10  7.1005985413741513E-10
  2.9092312810640829E+02  7.9674153304053330E-10  7.0238125234164315E-10
  2.9382150824122436E+02  7.8844009405490627E-10  6.9476793296765236E-10
  2.9674876407066319E+02  7.8020810785658374E-10  6.8721484956499817E-10
  2.9970518327463634E+02  7.7203999902311020E-10  6.7971719794411604E-10
  3.0269105639912334E+02  7.6393053706434675E-10  6.7227048565727398E-10
  3.0570667688472741E+02  7.5587499289895227E-10  6.6487066686031479E-10
  3.0875234109551280E+02  7.4786941830734158E-10  6.5751438290194037E-10
  3.1182834834812928E+02  7.3991109993205003E-10  6.5019936980253180E-10
  3.1493500094122993E+02  7.3199930324869368E-10  6.4292512390379447E-10
  3.1807260418517848E+02  7.2413629375065875E-10  6.3569380040840003E-10
  3.2124146643205506E+02  7.1632646973568616E-10  6.2850943158673929E-10
  3.2444189910595821E+02  7.0857428824656595E-10  6.2137609029492301E-10
  3.2767421673361264E+02  7.0088400547198235E-10  6.1429766243742081E-10
  3.3093873697527914E+02  6.9325967414570766E-10  6.0727784835786857E-10
  3.3423578065597042E+02  6.8570512686976340E-10  6.0032015025010354E-10
  3.3756567179698538E+02  6.7822392532964189E-10  5.9342782548854478E-10
  3.4092873764775089E+02  6.7081923271040663E-10  5.8660377531120125E-10
  3.4432530871797746E+02  6.6349354602814241E-10  5.7985032116609140E-10
  3.4775571881014957E+02  6.5624822323867598E-10  5.7316879458274208E-10
  3.5122030505232505E+02  6.4908268882085475E-10  5.6655882650907005E-10
  3.5471940793126657E+02  6.4199310888640052E-10  5.6001716301169602E-10
  3.5825337132590448E+02  6.3497029006481330E-10  5.5353581298818022E-10
  3.6182254254113423E+02  6.2799951514084923E-10  5.4710192958696620E-10
  3.6542727234194399E+02  6.2106529291708315E-10  5.4070200803413648E-10
  3.6906791498788863E+02  6.1415278636525436E-10  5.3432314260573174E-10
  3.7274482826790722E+02  6.0724781292815703E-10  5.2795302885916178E-10
  3.7645837353548069E+02  6.0033685423745990E-10  5.2157996956599575E-10
  3.8020891574414691E+02  5.9340709948990732E-10  5.1519290879878020E-10
  3.8399682348336881E+02  5.8644654910735602E-10  5.0878151934563719E-10
  3.8782246901475361E+02  5.7944423248124720E-10  5.0233638302942207E-10
  3.9168622830863978E+02  5.7239060253159672E-10  4.9584932604984646E-10
  3.9558848108104803E+02  5.6527819796862576E-10  4.8931400559144230E-10
  3.9952961083099393E+02  5.5810275197193397E-10  4.8272689470774651E-10
  4.0351000487817907E+02  5.5086500824478290E-10  4.7608888185892385E-10
  4.0753005440105790E+02  5.4357217522132343E-10  4.6940653765419636E-10
  4.1159015447527617E+02  5.3623399200588322E-10  4.6268864182348060E-10
  4.1569070411250050E+02  5.2885999415370319E-10  4.5594377743569043E-10
  4.1983210629963367E+02  5.2145940579480312E-10  4.4918023630480060E-10
  4.2401476803841399E+02  5.1404112921037306E-10  4.4240601070619344E-10
  4.2823910038541652E+02  5.0661372831360821E-10  4.3562877985660081E-10
  4.3250551849245250E+02  4.9918539284085850E-10  4.2885588339857511E-10
  4.3681444164736394E+02  4.9176387167586145E-10  4.2209426977592229E-10
  4.4116629331523234E+02  4.8435636430246083E-10  4.1535040042482181E-10
  4.4556150117999778E+02  4.7696933216620691E-10  4.0863008006013831E-10
  4.5000049718648478E+02  4.6960816305426367E-10  4.0193816730868033E-10
  4.5448371758285521E+02  4.6227661735275317E-10  3.9527809641512032E-10
  4.5901160296348337E+02  4.5497612271105964E-10  3.8865125767994980E-10
  4.6358459831225122E+02  4.4770659038804832E-10  3.8205771012676363E-10
  4.6820315304628156E+02  4.4046787728123703E-10  3.7549746159647854E-10
  4.7286772106010790E+02  4.3325993465944274E-10  3.6897060061082336E-10
  4.7757876077028004E+02  4.2608280571372605E-10  3.6247729473162639E-10
  4.8233673516040903E+02  4.1893662791334409E-10  3.5601779101833875E-10
  4.8714211182667907E+02  4.1182164244834320E-10  3.4959242163272053E-10
  4.9199536302379533E+02  4.0473821472361724E-10  3.4320161933691935E-10
  4.9689696571138938E+02  3.9768687188806520E-10  3.3684595037403684E-10
  5.0184740160090502E+02  3.9066837318625674E-10  3.3052617644679614E-10
  5.0684715720293320E+02  3.8368384142303661E-10  3.2424336390539805E-10
  5.1189672387501815E+02  3.7673498086375756E-10  3.1799906775259658E-10
  5.1699659786995869E+02  3.6982440003952365E-10  3.1179561672389864E-10
  5.2214728038457076E+02  3.6295554224953602E-10  3.0563605823638142E-10
  5.2734927760894243E+02  3.5613188798082667E-10  2.9952346303931559E-10
  5.3260310077618180E+02  3.4935675641182312E-10  2.9346075063216251E-10
  5.3790926621266317E+02  3.4263330655804584E-10  2.8745068968142183E-10
  5.4326829538876291E+02  3.3596453810420782E-10  2.8149589820533788E-10
  5.4868071497011044E+02  3.2935328533442742E-10  2.7559884080750929E-10
  5.5414705686935110E+02  3.2280220336982203E-10  2.6976181979888251E-10
  5.5966785829841319E+02  3.1631374296478078E-10  2.6398695529470539E-10
  5.6524366182130711E+02  3.0989010303755210E-10  2.5827614665670732E-10
  5.7087501540744927E+02  3.0353314764001210E-10  2.5263100355657734E-10
  5.7656247248550847E+02  2.9724426886763482E-10  2.4705272886492333E-10
  5.8230659199779791E+02  2.9102416935834448E-10  2.4154192783376699E-10
  5.8810793845520880E+02  2.8487273859902056E-10  2.3609849426156760E-10
  5.9396708199268289E+02  2.7878960835214661E-10  2.3072209214256574E-10
  5.9988459842524514E+02  2.7277445468741674E-10  2.2541242792303496E-10
  6.0586106930459744E+02  2.6682700481451937E-10  2.2016925531142450E-10
  6.1189708197626351E+02  2.6094704599895871E-10  2.1499237349146723E-10
  6.1799322963731538E+02  2.5513443297679184E-10  2.0988162880808744E-10
  6.2415011139467310E+02  2.4938909914006611E-10  2.0483692383305734E-10
  6.3036833232397669E+02  2.4371107985643772E-10  1.9985823983295748E-10
  6.3664850352905364E+02  2.3810056650330312E-10  1.9494568199846660E-10
  6.4299124220197973E+02  2.3255801326141320E-10  1.9009956186615211E-10
  6.4939717168372761E+02  2.2708430890144418E-10  1.8532053898064056E-10
  6.5586692152542878E+02  2.2168104614680928E-10  1.8060985500374130E-10
  6.6240112755024916E+02  2.1635084011462332E-10  1.7596961167067667E-10
  6.6900043191586610E+02  2.1109679190158322E-10  1.7140231514062391E-10
  6.7566548317758270E+02  2.0592176724439407E-10  1.6691025607091721E-10
  6.8239693635206766E+02  2.0082834561336757E-10  1.6249546521230391E-10
  6.8919545298172181E+02  1.9581882149230010E-10  1.5815972269119999E-10
  6.9606170119969408E+02  1.9089520882247042E-10  1.5390456562584327E-10
  7.0299635579554922E+02  1.8605924402142109E-10  1.4973129143355548E-10
  7.1000009828157420E+02  1.8131237716039147E-10  1.4564095286280445E-10
  7.1707361695975874E+02  1.7665575071700796E-10  1.4163433867404331E-10
  7.2421760698944274E+02  1.7209014467559279E-10  1.3771193066314855E-10
  7.3143277045563207E+02  1.6761587150689619E-10  1.3387382284465795E-10
  7.3871981643798676E+02  1.6323260666374542E-10  1.3011958137994990E-10
  7.4607946108052431E+02  1.5893913745169576E-10  1.2644803100235485E-10
  7.5351242766199118E+02  1.5473350913512295E-10  1.2285737474520350E-10
  7.6101944666693441E+02  1.5061371909632949E-10  1.1934577683503691E-10
  7.6860125585750916E+02  1.4657786094939816E-10  1.1591148149727004E-10
  7.7625860034597486E+02  1.4262411995941996E-10  1.1255280918250788E-10
  7.8399223266791159E+02  1.3875076373380688E-10  1.0926815315388528E-10
  7.9180291285619626E+02  1.3495613885297877E-10  1.0605597740390812E-10
  7.9969140851568443E+02  1.3123867696853799E-10  1.0291481700900494E-10
  8.0765849489864615E+02  1.2759690421625975E-10  9.9843282616563674E-11
  8.1570495498095761E+02  1.2402945579887202E-10  9.6840071666987155E-11
  8.2383157953905527E+02  1.2053510292782963E-10  9.3903990330903209E-11
  8.3203916722763881E+02  1.1711279934659790E-10  9.1033992207631108E-11
  8.4032852465816666E+02  1.1376175684568609E-10  8.8229242196318488E-11
  8.4870046647813058E+02  1.1048147061775813E-10  8.5489139533624198E-11
  8.5715581545110695E+02  1.0727149406021127E-10  8.2813131816881271E-11
  8.6569540253761943E+02  1.0413133445475410E-10  8.0200628588372386E-11
  8.7432006697680822E+02  1.0106045432412465E-10  7.7651001867320923E-11
  8.8303065636889664E+02  9.8058276310131953E-11  7.5163588356211649E-11
  8.9182802675849609E+02  9.5124185162204970E-11  7.2737691230130555E-11
  9.0071304271873930E+02  9.2257523444729467E-11  7.0372581107980101E-11
  9.0968657743623737E+02  8.9457587938819186E-11  6.8067495604041171E-11
  9.1874951279689844E+02  8.6723629432596829E-11  6.5821636543800179E-11
  9.2790273947260232E+02  8.4054846686505291E-11  6.3634163448469989E-11
  9.3714715700871989E+02  8.1450368887340599E-11  6.1504181168894239E-11
  9.4648367391252430E+02  7.8909226673497804E-11  5.9430718484815568E-11
  9.5591320774248061E+02  7.6430325123624134E-11  5.7412705373352315E-11
  9.6543668519840844E+02  7.4012514811876830E-11  5.5449028869009121E-11
  9.7505504221256092E+02  7.1654665376630162E-11  5.3538592724622855E-11
  9.8476922404161007E+02  6.9355667691359721E-11  5.1680320780333943E-11
  9.9458018535953181E+02  6.7114430219475211E-11  4.9873156175469220E-11
  1.0044888903514329E+03  6.4929879837372812E-11  4.8116060663061573E-11
  1.0144963128083145E+03  6.2800968375890421E-11  4.6408014104705002E-11
  1.0246034362227601E+03  6.0726673518564701E-11  4.4748014261286689E-11
  1.0348112538855960E+03  5.8705989999456008E-11  4.3135077054585119E-11
  1.0451207689835135E+03  5.6737927413147928E-11  4.1568237565600817E-11
  1.0555329946976474E+03  5.4821518391449029E-11  4.0046552172660414E-11
  1.0660489543031529E+03  5.2955826062501113E-11  3.8569102435760059E-11
  1.0766696812697735E+03  5.1139950055968075E-11  3.7135000893155578E-11
  1.0873962193634056E+03  4.9373017855566469E-11  3.5743385249265113E-11
  1.0982296227486597E+03  4.7654163577978188E-11  3.4393400804946555E-11
  1.1091709560924862E+03  4.5982526009620166E-11  3.3084197629382254E-11
  1.1202212946687939E+03  4.4357248480513758E-11  3.1814930841920467E-11
  1.1313817244641111E+03  4.2777477380548968E-11  3.0584760891448230E-11
  1.1426533422843381E+03  4.1242360768286597E-11  2.9392853820712733E-11
  1.1540372558625252E+03  3.9751048843129478E-11  2.8238381500472414E-11
  1.1655345839677207E+03  3.8302697524652505E-11  2.7120521810603670E-11
  1.1771464565149499E+03  3.6896469662110389E-11  2.6038458733146171E-11
  1.1888740146762402E+03  3.5531529914742149E-11  2.4991382303447739E-11
  1.2007184109927705E+03  3.4207041374578280E-11  2.3978488336620104E-11
  1.2126808094881424E+03  3.2922167717851419E-11  2.2998977817590916E-11
  1.2247623857827843E+03  3.1676077484222475E-11  2.2052056976016417E-11
  1.2369643272094718E+03  3.0467948343642787E-11  2.1136940002195575E-11
  1.2492878329300220E+03  2.9296966033830974E-11  2.0252850204411702E-11
  1.2617341140531501E+03  2.8162322668380904E-11  1.9399020148563934E-11
  1.2743043937534776E+03  2.7063216819962198E-11  1.8574691774154933E-11
  1.2869999073917493E+03  2.5998854234558163E-11  1.7779116487411706E-11
  1.2998219026362469E+03  2.4968448121702047E-11  1.7011555209585160E-11
  1.3127716395853911E+03  2.3971219019254485E-11  1.6271278347873411E-11
  1.3258503908915852E+03  2.3006395385397215E-11  1.5557565639754484E-11
  1.3390594418862972E+03  2.2073214531872505E-11  1.4869705795856634E-11
  1.3524000907063594E+03  2.1170920293831104E-11  1.4206995827270899E-11
  1.3658736484215531E+03  2.0298758496291217E-11  1.3568739885021116E-11
  1.3794814391634641E+03  1.9455976540621848E-11  1.2954248234573495E-11
  1.3932248002555971E+03  1.8641830113268565E-11  1.2362840908211931E-11
  1.4071050823448111E+03  1.7855587168971876E-11  1.1793850807221982E-11
  1.4211236495340643E+03  1.7096528287064857E-11  1.1246623717207443E-11
  1.4352818795164555E+03  1.6363946983860203E-11  1.0720518152304058E-11
  1.4495811637106294E+03  1.5657148882737160E-11  1.0214905217002981E-11
  1.4640229073975256E+03  1.4975450810517237E-11  9.7291684941242935E-12
  1.4786085298584703E+03  1.4318180636002137E-11  9.2627039718395610E-12
  1.4933394645146639E+03  1.3684677510821609E-11  8.8149200294349763E-12
  1.5082171590680632E+03  1.3074292521129115E-11  8.3852375118730501E-12
  1.5232430756436377E+03  1.2486390093105688E-11  7.9730899388832123E-12
  1.5384186909330704E+03  1.1920348913225589E-11  7.5779239175563930E-12
  1.5537454963398914E+03  1.1375560763880609E-11  7.1991997351956377E-12
  1.5692249981260293E+03  1.0851427929629275E-11  6.8363902781383518E-12
  1.5848587175598489E+03  1.0347361805133881E-11  6.4889788098650305E-12
  1.6006481910656644E+03  9.8627833890987398E-12  6.1564587033993293E-12
  1.6165949703747283E+03  9.3971231887334459E-12  5.8383334937857518E-12
  1.6327006226777087E+03  8.9498212370161279E-12  5.5341169209350270E-12
  1.6489667307787445E+03  8.5203268803815972E-12  5.2433329620206970E-12
  1.6653948932509804E+03  8.1080985692146004E-12  4.9655158523502783E-12
  1.6819867245936462E+03  7.7126038732312050E-12  4.7002100930890957E-12
  1.6987438553907652E+03  7.3333196041789397E-12  4.4469704433468707E-12
  1.7156679324713818E+03  6.9697319355344334E-12  4.2053618927629052E-12
  1.7327606190713852E+03  6.6213370222305638E-12  3.9749596085600919E-12
  1.7500235949970074E+03  6.2876420767908703E-12  3.7553488497209149E-12
  1.7674585567898837E+03  5.9681647569642890E-12  3.5461249509646500E-12
  1.7850672178937793E+03  5.6624309295806910E-12  3.3468935067474687E-12
  1.8028513088229879E+03  5.3699745061673800E-12  3.1572703850150603E-12
  1.8208125773324102E+03  5.0903395827750277E-12  2.9768816559075526E-12
  1.8389527885892951E+03  4.8230815525013265E-12  2.8053635131557544E-12
  1.8572737253467253E+03  4.5677670424698400E-12  2.6423621893815404E-12
  1.8757771881188307E+03  4.3239732828849882E-12  2.4875338658764141E-12
  1.8944649953577132E+03  4.0912872181691381E-12  2.3405445776442083E-12
  1.9133389836321701E+03  3.8693051643185576E-12  2.2010701148080844E-12
  1.9324010078081951E+03  3.6576328675946402E-12  2.0687959219552107E-12
  1.9516529412312466E+03  3.4558855084533314E-12  1.9434169976880170E-12
  1.9710966759103621E+03  3.2636879317054470E-12  1.8246377976244562E-12
  1.9907341227041131E+03  3.0806754104367982E-12  1.7121721227339567E-12
  2.0105672115083703E+03  2.9064940622732329E-12  1.6057429009853846E-12
  2.0305978914459804E+03  2.7407997932895289E-12  1.5050819952615114E-12
  2.0508281310583302E+03  2.5832569335975883E-12  1.4099300696310129E-12
  2.0712599184987839E+03  2.4335385233491811E-12  1.3200364533694405E-12
  2.0918952617280829E+03  2.2913271033889614E-12  1.2351590002227541E-12
  2.1127361887116931E+03  2.1563148105847922E-12  1.1550639434565029E-12
  2.1337847476190823E+03  2.0282031205227274E-12  1.0795257473434680E-12
  2.1550430070250172E+03  1.9067024477077437E-12  1.0083269559147122E-12
  2.1765130561128694E+03  1.7915318687401980E-12  9.4125804006251875E-13
  2.1981970048799085E+03  1.6824190420031404E-12  8.7811724448897392E-13
  2.2200969843446728E+03  1.5791001209777065E-12  8.1871043660533157E-13
  2.2422151467564181E+03  1.4813196630942780E-12  7.6285095641809848E-13
  2.2645536658065980E+03  1.3888306632643765E-12  7.1035942095585056E-13
  2.2871147368425090E+03  1.3013946527453654E-12  6.6106350798799019E-13
  2.3099005770830468E+03  1.2187815173441523E-12  6.1479778464329783E-13
  2.3329134258365830E+03  1.1407690181136154E-12  5.7140354048000549E-13
  2.3561555447210485E+03  1.0671425105568195E-12  5.3072861896733011E-13
  2.3796292178862127E+03  9.9769483718268912E-13  4.9262724768507994E-13
  2.4033367522381300E+03  9.3222621892607032E-13  4.5695986751668656E-13
  2.4272804776658718E+03  8.7054423788320108E-13  4.2359296106690344E-13
  2.4514627472705070E+03  8.1246377696245704E-13  3.9239888047188511E-13
  2.4758859375963507E+03  7.5780676726944640E-13  3.6325567467406038E-13
  2.5005524488644896E+03  7.0640192128593643E-13  3.3604691609096431E-13
  2.5254647052087253E+03  6.5808458790624855E-13  3.1066152654963234E-13
  2.5506251549137796E+03  6.1269665692757340E-13  2.8699360869653286E-13
  2.5760362706558722E+03  5.7008642081365387E-13  2.6494228826495470E-13
  2.6017005497457867E+03  5.3010843797559569E-13  2.4441154872260756E-13
  2.6276205143742691E+03  4.9262345390738407E-13  2.2531006420784795E-13
  2.6537987118598649E+03  4.5749814242506563E-13  2.0755103441324292E-13
  2.6802377148993237E+03  4.2460474079420805E-13  1.9105202164521944E-13
  2.7069401218204002E+03  3.9382098640029513E-13  1.7573479026414469E-13
  2.7339085568371993E+03  3.6503011288458691E-13  1.6152514871051627E-13
  2.7611456703080871E+03  3.3812063639727539E-13  1.4835279433209861E-13
  2.7886541389961731E+03  3.1298613202439857E-13  1.3615116124743918E-13
  2.8164366663323417E+03  2.8952508531329844E-13  1.2485727151985654E-13
  2.8444959826809500E+03  2.6764075670241629E-13  1.1441158997483177E-13
  2.8728348456081762E+03  2.4724102342670278E-13  1.0475788131317336E-13
  2.9014560401529893E+03  2.2823819194878308E-13  9.5843063996449371E-14
  2.9303623791008667E+03  2.1054882100762110E-13  8.7617070480871881E-14
  2.9595567032602462E+03  1.9409357769459209E-13  8.0032714584944960E-14
  2.9890418817416717E+03  1.7879710472467877E-13  7.3045562327665197E-14
  3.0188208122397782E+03  1.6458786840178179E-13  6.6613806165100272E-14
  3.0488964213180830E+03  1.5139800839661657E-13  6.0698142678917439E-14
  3.0792716646965637E+03  1.3916321884027242E-13  5.5261653757449488E-14
  3.1099495275421509E+03  1.2782262663453717E-13  5.0269691296254670E-14
  3.1409330247621206E+03  1.1731863961116775E-13  4.5689765430178218E-14
  3.1722252013003481E+03  1.0759678951851260E-13  4.1491436291684704E-14
  3.2038291324365759E+03  9.8605593029545568E-14  3.7646209269489927E-14
  3.2357479240886569E+03  9.0296427440576983E-14  3.4127433846344610E-14
  3.2679847131177562E+03  8.2623413589980554E-14  3.0910207219493010E-14
  3.3005426676366478E+03  7.5543298544229596E-14  2.7971281596208049E-14
  3.3334249873210865E+03  6.9015336082347258E-14  2.5288973783268128E-14
  3.3666349037242198E+03  6.3001177692760121E-14  2.2843078190371560E-14
  3.4001756805941932E+03  5.7464782873713472E-14  2.0614783337640669E-14
  3.4340506141949190E+03  5.2372318012041552E-14  1.8586591815503036E-14
  3.4682630336299731E+03  4.7692006547571978E-14  1.6742243640179355E-14
  3.5028163011698239E+03  4.3393996039899201E-14  1.5066642943483068E-14
  3.5377138125822139E+03  3.9450293433610267E-14  1.3545787931687799E-14
  3.5729589974659034E+03  3.5834693939008479E-14  1.2166704044851086E-14
  3.6085553195877415E+03  3.2522684245926661E-14  1.0917380245344156E-14
  3.6445062772230303E+03  2.9491352419554005E-14  9.7867083574257729E-15
  3.6808154034993395E+03  2.6719301299273230E-14  8.7644252302602614E-15
  3.7174862667437578E+03  2.4186561358565955E-14  7.8410576309396817E-15
  3.7545224708335263E+03  2.1874506747787880E-14  7.0078701902976759E-15
  3.7919276555502370E+03  1.9765776822376245E-14  6.2568161165742253E-15
  3.8297054969375590E+03  1.7844205837546450E-14  5.5804905193512692E-15
  3.8678597076624656E+03  1.6094760277725804E-14  4.9720862568858002E-15
  3.9063940373801179E+03  1.4503475807530482E-14  4.4253522192712894E-15
  3.9453122731023964E+03  1.3057386457699419E-14  3.9345539591746141E-15
  3.9846182395700216E+03  1.1744457446774268E-14  3.4944365814387342E-15
  4.0243157996284644E+03  1.0553534884348134E-14  3.1001898025590553E-15
  4.0644088546075945E+03  9.4743001885682886E-15  2.7474150908563737E-15
  4.1049013447050402E+03  8.4972148552425438E-15  2.4320947982018081E-15
  4.1457972493734369E+03  7.6134638198047078E-15  2.1505632327565859E-15
  4.1871005877115467E+03  6.8149077439905994E-15  1.8994796717630449E-15
  4.2288154188591752E+03  6.0940406822152498E-15  1.6758030239368539E-15
  4.2709458423961569E+03  5.4439487281822663E-15  1.4767680870116315E-15
  4.3134959987451903E+03  4.8582696490650894E-15  1.2998633900673225E-15
  4.3564700695787660E+03  4.3311547624543507E-15  1.1428105420190516E-15
  4.3998722782301556E+03  3.8572334333036121E-15  1.0035450078036553E-15
  4.4437068901084076E+03  3.4315791303761421E-15  8.8019823599863914E-16
  4.4879782131175680E+03  3.0496762085212485E-15  7.7108106390222768E-16
  4.5326905980800693E+03  2.7073891852525946E-15  6.7466832848783892E-16
  4.5778484391642578E+03  2.4009353062833690E-15  5.8958461411220229E-16
  4.6234561743162667E+03  2.1268585078133086E-15  5.1459107040164680E-16
  4.6695182856961874E+03  1.8820043423997273E-15  4.4857323420567162E-16
  4.7160393001185039E+03  1.6634966255403602E-15  3.9052977834495665E-16
  4.7630237894969978E+03  1.4687158764984218E-15  3.3956214816533544E-16
  4.8104763712940930E+03  1.2952792551370188E-15  2.9486504122626111E-16
  4.8584017089745766E+03  1.1410217292896679E-15  2.5571765954473892E-16
  4.9068045124639457E+03  1.0039783404265273E-15  2.2147568145548734E-16
  4.9556895386113019E+03  8.8236766130776188E-16  1.9156390405209144E-16
  5.0050615916567886E+03  7.7457677906053139E-16  1.6546950957203499E-16
  5.0549255237037496E+03  6.7914772162068240E-16  1.4273591145201956E-16
  5.1052862351956201E+03  5.9476394366298529E-16  1.2295713810202682E-16
  5.1561486753974432E+03  5.2023654329267661E-16  1.0577271472023756E-16
  5.2075178428823510E+03  4.5449302951768478E-16  9.0863005690673977E-17
  5.2593987860227380E+03  3.9656849216399183E-16  7.7944982271137036E-17
  5.3117966034864185E+03  3.4559609583192714E-16  6.6768382449687209E-17
  5.3647164447377436E+03  3.0079739990007085E-16  5.7112231620232167E-17
  5.4181635105436062E+03  2.6147399207827359E-16  4.8781694624370849E-17
  5.4721430534845831E+03  2.2700025544183177E-16  4.1605232074630399E-17
  5.5266603784711751E+03  1.9681672410056568E-16  3.5432035466259172E-17
  5.5817208432650868E+03  1.7042375705975895E-16  3.0129717264940815E-17
  5.6373298590058002E+03  1.4737555514882428E-16  2.5582233814906769E-17
  5.6934928907423946E+03  1.2727477805154674E-16  2.1688020491314365E-17
  5.7502154579705675E+03  1.0976788524441591E-16  1.8358320022298529E-17
  5.8075031351750977E+03  9.4540823594942700E-17  1.5515686330274490E-17
  5.8653615523777298E+03  8.1314760943789085E-17  1.3092647589822008E-17
  5.9237963956903914E+03  6.9842372509590425E-17  1.1030513472122440E-17
  5.9828134078740432E+03  5.9904809529326295E-17  9.2783127675926171E-18
  6.0424183889030965E+03  5.1308767211634715E-17  7.7918487157717622E-18
  6.1026171965353324E+03  4.3883658015737512E-17  6.5328602837887151E-18
  6.1634157468876219E+03  3.7479120109538642E-17  5.4682787668750648E-18
  6.2248200150173780E+03  3.1962817244666418E-17  4.5695700082181271E-18
  6.2868360355096747E+03  2.7218462074901841E-17  3.8121533606489575E-18
  6.3494699030704005E+03  2.3144023594461797E-17  3.1748893114716172E-18
  6.4127277731251415E+03  1.9650095616679077E-17  2.6396284331866003E-18
  6.4766158624241425E+03  1.6658445526339895E-17  2.1908150089407106E-18
  6.5411404496533196E+03  1.4100746402564003E-17  1.8151393150254937E-18
  6.6063078760512117E+03  1.1917420788697169E-17  1.5012331263826201E-18