 #p(MeV) \t \delta f_\\nu \t \delta f_\\nubar
  2.1301498922352726E+00  1.0222053560362619E-09  9.8684818872204417E-10
  2.1513719386638996E+00  1.0026641210542376E-09  9.6817584101717773E-10
  2.1728054139953743E+00  9.8350170888371163E-10  9.4985961377423776E-10
  2.1944524246326376E+00  9.6471034536474804E-10  9.3189236117377812E-10
  2.2163150979640882E+00  9.4628269011417941E-10  9.1426734333828519E-10
  2.2383955825726645E+00  9.2821195255704279E-10  8.9697833826049572E-10
  2.2606960484469902E+00  9.1049149535104084E-10  8.8001926081824276E-10
  2.2832186871946365E+00  8.9311479231222434E-10  8.6338412268739134E-10
  2.3059657122575103E+00  8.7607542697056056E-10  8.4706703125272663E-10
  2.3289393591293726E+00  8.5936709113114236E-10  8.3106218851653890E-10
  2.3521418855755454E+00  8.4298358344148333E-10  8.1536389000549736E-10
  2.3755755718547875E+00  8.2691880796531607E-10  7.9996652367636575E-10
  2.3992427209433940E+00  8.1116677276330425E-10  7.8486456882111119E-10
  2.4231456587615288E+00  7.9572158848103725E-10  7.7005259497192014E-10
  2.4472867344017968E+00  7.8057746694470874E-10  7.5552526080665222E-10
  2.4716683203601160E+00  7.6572871916591293E-10  7.4127731247011481E-10
  2.4962928127688668E+00  7.5116965971304778E-10  7.2730349132470255E-10
  2.5211626316323814E+00  7.3689437915212601E-10  7.1359831461705512E-10
  2.5462802210647744E+00  7.2289701514781665E-10  7.0015633732091412E-10
  2.5716480495301339E+00  7.0917183620424857E-10  6.8697223307579487E-10
  2.5972686100851230E+00  6.9571323853286090E-10  6.7404079142797552E-10
  2.6231444206239778E+00  6.8251574297383071E-10  6.6135691511413271E-10
  2.6492780241259628E+00  6.6957399199740304E-10  6.4891561741319333E-10
  2.6756719889052891E+00  6.5688274678290068E-10  6.3671201956457850E-10
  2.7023289088635067E+00  6.4443688437326405E-10  6.2474134825106533E-10
  2.7292514037444389E+00  6.3223139490299830E-10  6.1299893314452363E-10
  2.7564421193916284E+00  6.2026137889752389E-10  6.0148020451285520E-10
  2.7839037280083652E+00  6.0852204478154273E-10  5.9018069102286042E-10
  2.8116389284203067E+00  5.9700873531665553E-10  5.7909604562944604E-10
  2.8396504463406984E+00  5.8571711865968328E-10  5.6822223074811428E-10
  2.8679410346382554E+00  5.7464306987385456E-10  5.5755540364896434E-10
  2.8965134736076981E+00  5.6378253619594147E-10  5.4709178639820563E-10
  2.9253705712429916E+00  5.5313153381412476E-10  5.3682766289940134E-10
  2.9545151635133098E+00  5.4268614691897011E-10  5.2675937812244009E-10
  2.9839501146417318E+00  5.3244252676049682E-10  5.1688333733444756E-10
  3.0136783173867427E+00  5.2239689071147901E-10  5.0719600533289331E-10
  3.0437026933265106E+00  5.1254552133722375E-10  4.9769390568119356E-10
  3.0740261931460129E+00  5.0288476547195612E-10  4.8837361994703266E-10
  3.1046517969270240E+00  4.9341103330200408E-10  4.7923178694367137E-10
  3.1355825144409768E+00  4.8412079745082180E-10  4.7026510196950604E-10
  3.1668213854447571E+00  4.7501058575205764E-10  4.6147030989345541E-10
  3.1983714799794449E+00  4.6607686930430721E-10  4.5284409658144371E-10
  3.2302358986720141E+00  4.5731604981465841E-10  4.4438307684890771E-10
  3.2624177730400663E+00  4.4872459748251597E-10  4.3608392824914887E-10
  3.2949202657995684E+00  4.4029905960462263E-10  4.2794339952576781E-10
  3.3277465711756875E+00  4.3203605876975492E-10  4.1995830898414594E-10
  3.3608999152166970E+00  4.2393229109867124E-10  4.1212554290265860E-10
  3.3943835561110234E+00  4.1598452452811201E-10  4.0444205398257204E-10
  3.4282007845074558E+00  4.0818959713766509E-10  3.9690485983562534E-10
  3.4623549238385283E+00  4.0054441551835182E-10  3.8951104150832638E-10
  3.4968493306471400E+00  3.9304595318182426E-10  3.8225774204199997E-10
  3.5316873949164269E+00  3.8569124900908573E-10  3.7514216506767427E-10
  3.5668725404029078E+00  3.7847740707252299E-10  3.6816157473875169E-10
  3.6024082249729705E+00  3.7140164431225481E-10  3.6131334225624085E-10
  3.6382979409426843E+00  3.6446135070144623E-10  3.5459500438800311E-10
  3.6745452154210265E+00  3.5765398408791852E-10  3.4800416133348578E-10
  3.7111536106565022E+00  3.5097704720095373E-10  3.4153845448013382E-10
  3.7481267243872316E+00  3.4442808695638257E-10  3.3519556580359256E-10
  3.7854681901945297E+00  3.3800469376993285E-10  3.2897321727376787E-10
  3.8231816778599912E+00  3.3170450087845169E-10  3.2286917026645175E-10
  3.8612708937261471E+00  3.2552518366899910E-10  3.1688122498054386E-10
  3.8997395810607149E+00  3.1946445901579038E-10  3.1100721986091461E-10
  3.9385915204244637E+00  3.1352008462497811E-10  3.0524503102693976E-10
  3.9778305300427661E+00  3.0768985838723887E-10  2.9959257170674013E-10
  4.0174604661808235E+00  3.0197161752892440E-10  2.9404779147295221E-10
  4.0574852235226624E+00  2.9636322414371312E-10  2.8860866219077103E-10
  4.0979087355538795E+00  2.9086252170191085E-10  2.8327313576811020E-10
  4.1387349749482061E+00  2.8546737247506653E-10  2.7803918065469673E-10
  4.1799679539579442E+00  2.8017568237786994E-10  2.7290480605188760E-10
  4.2216117248082590E+00  2.7498540025700768E-10  2.6786806127726827E-10
  4.2636703800954230E+00  2.6989451698132498E-10  2.6292703493452945E-10
  4.3061480531890277E+00  2.6490106455221190E-10  2.5807985410123169E-10
  4.3490489186381813E+00  2.6000311523373084E-10  2.5332468353405319E-10
  4.3923771925817858E+00  2.5519878070199955E-10  2.4865972489109791E-10
  4.4361371331628652E+00  2.5048621121338313E-10  2.4408321597088432E-10
  4.4803330409470581E+00  2.4586359479103309E-10  2.3959342996762123E-10
  4.5249692593452471E+00  2.4132915643123643E-10  2.3518867474422783E-10
  4.5700501750404143E+00  2.3688115780644472E-10  2.3086729258465592E-10
  4.6155802184187671E+00  2.3251789097493572E-10  2.2662765404377613E-10
  4.6615638640051111E+00  2.2823768234242847E-10  2.2246816187644933E-10
  4.7080056309026093E+00  2.2403889302374625E-10  2.1838725147952084E-10
  4.7549100832369042E+00  2.1991991771610339E-10  2.1438338983357772E-10
  4.8022818306046471E+00  2.1587918398317970E-10  2.1045507484291051E-10
  4.8501255285265348E+00  2.1191515155532802E-10  2.0660083468999707E-10
  4.8984458789048100E+00  2.0802631164553506E-10  2.0281922720416723E-10
  4.9472476304853750E+00  2.0421118628073100E-10  1.9910883924410173E-10
  4.9965355793244610E+00  2.0046832764808870E-10  1.9546828609383762E-10
  5.0463145692599696E+00  1.9679631745593670E-10  1.9189621087196223E-10
  5.0965894923875226E+00  1.9319376630893678E-10  1.8839128395367820E-10
  5.1473652895412165E+00  1.8965931360004972E-10  1.8495220289675251E-10
  5.1986469507792021E+00  1.8619165235662383E-10  1.8157771674532063E-10
  5.2504395158740964E+00  1.8278954540006940E-10  1.7826664181035900E-10
  5.3027480748082514E+00  1.7945178240658387E-10  1.7501781978235450E-10
  5.3555777682740029E+00  1.7617717377476719E-10  1.7183011177959636E-10
  5.4089337881788566E+00  1.7296455032820954E-10  1.6870239808280608E-10
  5.4628213781557520E+00  1.6981276302064025E-10  1.6563357787155662E-10
  5.5172458340783654E+00  1.6672068264366644E-10  1.6262256896253136E-10
  5.5722125045815796E+00  1.6368719953712670E-10  1.5966830754966016E-10
  5.6277267915871372E+00  1.6071122330208501E-10  1.5676974794618037E-10
  5.6837941508345020E+00  1.5779168251649052E-10  1.5392586232865784E-10
  5.7404200924170397E+00  1.5492752445352169E-10  1.5113564048300748E-10
  5.7976101813235354E+00  1.5211771473403617E-10  1.4839808948622387E-10
  5.8553700379850842E+00  1.4936122516771220E-10  1.4571222185997868E-10
  5.9137053388274659E+00  1.4665699401521180E-10  1.4307701681442727E-10
  5.9726218168289815E+00  1.4400396366467407E-10  1.4049145703789369E-10
  6.0321252620838921E+00  1.4140109944139101E-10  1.3795454705771450E-10
  6.0922215223714282E+00  1.3884738916904139E-10  1.3546531283086752E-10
  6.1529165037304967E+00  1.3634184264435791E-10  1.3302280124968520E-10
  6.2142161710401114E+00  1.3388349112494712E-10  1.3062607965976759E-10
  6.2761265486055855E+00  1.3147138682991168E-10  1.2827423538977478E-10
  6.3386537207505818E+00  1.2910460245293115E-10  1.2596637529278320E-10
  6.4018038324150712E+00  1.2678223068746633E-10  1.2370162529890254E-10
  6.4655830897592157E+00  1.2450338376377017E-10  1.2147912997885941E-10
  6.5299977607732940E+00  1.2226719300444440E-10  1.1929805212508390E-10
  6.5950541758937042E+00  1.2007281037271948E-10  1.1715757427111984E-10
  6.6607587286250887E+00  1.1791943075060040E-10  1.1505692044377148E-10
  6.7271178761686610E+00  1.1580628593540039E-10  1.1299535032152717E-10
  6.7941381400567966E+00  1.1373262262096687E-10  1.1097213776659602E-10
  6.8618261067939592E+00  1.1169770123420590E-10  1.0898656970199797E-10
  6.9301884285039765E+00  1.0970079570025980E-10  1.0703794589368362E-10
  6.9992318235837976E+00  1.0774119321128177E-10  1.0512557873582315E-10
  7.0689630773637600E+00  1.0581819399876333E-10  1.0324879303922975E-10
  7.1393890427744120E+00  1.0393111110936847E-10  1.0140692582288230E-10
  7.2105166410199955E+00  1.0207927018422809E-10  9.9599326108511164E-11
  7.2823528622586480E+00  1.0026200924165013E-10  9.7825354718211826E-11
  7.3549047662893665E+00  9.8478678463219028E-11  9.6084384075067833E-11
  7.4281794832458026E+00  9.6728639986004649E-11  9.4375798011495244E-11
  7.5021842142970003E+00  9.5011265040404881E-11  9.2698988988962404E-11
  7.5769262323551079E+00  9.3325929668772085E-11  9.1053353923176928E-11
  7.6524128827901112E+00  9.1672020898173849E-11  8.9438300214774840E-11
  7.7286515841517183E+00  9.0048937618380944E-11  8.7853246613835390E-11
  7.8056498288984475E+00  8.8456090352087995E-11  8.6297623003618986E-11
  7.8834151841339253E+00  8.6892901029647934E-11  8.4770870188449521E-11
  7.9619552923505656E+00  8.5358802768225456E-11  8.3272439685655728E-11
  8.0412778721806646E+00  8.3853239655278551E-11  8.1801793521489851E-11
  8.1213907191549382E+00  8.2375666536279515E-11  8.0358404030946394E-11
  8.2023017064686368E+00  8.0925548806586194E-11  7.8941753661400782E-11
  8.2840187857553040E+00  7.9502362207379404E-11  7.7551334779992066E-11
  8.3665499878682414E+00  7.8105592587902636E-11  7.6186649447778762E-11
  8.4499034236697241E+00  7.6734734858451783E-11  7.4847208407334620E-11
  8.5340872848281286E+00  7.5389294956556162E-11  7.3532533008742497E-11
  8.6191098446229830E+00  7.4068789458896541E-11  7.2242154832844645E-11
  8.7049794587580180E+00  7.2772744209479605E-11  7.0975614358518054E-11
  8.7917045661823323E+00  7.1500694136526210E-11  6.9732460789186759E-11
  8.8792936899197716E+00  7.0252183079773922E-11  6.8512251889322897E-11
  8.9677554379065079E+00  6.9026763621048450E-11  6.7314553823975090E-11
  9.0570985038370075E+00  6.7823996918039925E-11  6.6138941001264236E-11
  9.1473316680184134E+00  6.6643452541222483E-11  6.4984995917793841E-11
  9.2384637982334539E+00  6.5484708313855595E-11  6.3852309006917750E-11
  9.3305038506119118E+00  6.4347350155008216E-11  6.2740478489813991E-11
  9.4234608705108140E+00  6.3230971927343870E-11  6.1649110231150677E-11
  9.5173439934033901E+00  6.2135175701139385E-11  6.0577817995446235E-11
  9.6121624457768409E+00  6.1059566895459540E-11  5.9526218700584240E-11
  9.7079255460391014E+00  6.0003753729752502E-11  5.8493931899690177E-11
  9.8046427054346292E+00  5.8967352210193729E-11  5.7480584651419873E-11
  9.9023234289692965E+00  5.7949986174603412E-11  5.6485811567322659E-11
  1.0000977316344494E+01  5.6951287124966603E-11  5.5509254651901002E-11
  1.0100614062900570E+01  5.5970894063759955E-11  5.4550563146258906E-11
  1.0201243460569662E+01  5.5008453333991431E-11  5.3609393375252238E-11
  1.0302875398837989E+01  5.4063618462862825E-11  5.2685408598055738E-11
  1.0405519865717759E+01  5.3136050008963631E-11  5.1778278862064152E-11
  1.0509186948728777E+01  5.2225415412912923E-11  5.0887680860047035E-11
  1.0613886835889774E+01  5.1331388851402612E-11  5.0013297790516194E-11
  1.0719629816719667E+01  5.0453650636610476E-11  4.9154818779232438E-11
  1.0826426283248784E+01  4.9591887106592423E-11  4.8311938800887197E-11
  1.0934286731040151E+01  4.8745794595342594E-11  4.7484362534547013E-11
  1.1043221760220913E+01  4.7915075974603638E-11  4.6671800981583933E-11
  1.1153242076524144E+01  4.7099439903954131E-11  4.5873970736435490E-11
  1.1264358492340937E+01  4.6298600715861719E-11  4.5090593876594272E-11
  1.1376581927782990E+01  4.5512278303109443E-11  4.4321397854839419E-11
  1.1489923411755804E+01  4.4740198008542168E-11  4.3566115393660027E-11
  1.1604394083042592E+01  4.3982090517081061E-11  4.2824484381822775E-11
  1.1720005191398911E+01  4.3237691749956636E-11  4.2096247773036595E-11
  1.1836768098658274E+01  4.2506742761109364E-11  4.1381153486667749E-11
  1.1954694279848747E+01  4.1788989635711051E-11  4.0678954310460774E-11
  1.2073795324320683E+01  4.1084183578651845E-11  3.9989407986038067E-11
  1.2194082936885632E+01  4.0392085517501443E-11  3.9312281655286713E-11
  1.2315568938966710E+01  3.9712469361383488E-11  3.8647355040763915E-11
  1.2438265269760338E+01  3.9045114459690885E-11  3.7994413133383278E-11
  1.2562183987409565E+01  3.8389803785107446E-11  3.7353244424000365E-11
  1.2687337270189113E+01  3.7746323883184801E-11  3.6723640855744618E-11
  1.2813737417702237E+01  3.7114464824039084E-11  3.6105397778364314E-11
  1.2941396852089438E+01  3.6494020154465932E-11  3.5498313902928632E-11
  1.3070328119249291E+01  3.5884786850473217E-11  3.4902191256886156E-11
  1.3200543890071417E+01  3.5286565270230364E-11  3.4316835139481346E-11
  1.3332056961681729E+01  3.4699159107433694E-11  3.3742054077529204E-11
  1.3464880258700044E+01  3.4122375345087798E-11  3.3177659781549034E-11
  1.3599026834510335E+01  3.3556024197033430E-11  3.2623467090273216E-11
  1.3734509872543534E+01  3.2999916091368069E-11  3.2079291066372415E-11
  1.3871342687573135E+01  3.2453851164181149E-11  3.1544936800876955E-11
  1.4009538727023745E+01  3.1917626716977489E-11  3.1020206620882856E-11
  1.4149111572292661E+01  3.1391044410883334E-11  3.0504907091027743E-11
  1.4290074940084549E+01  3.0873910337594239E-11  2.9998849083325827E-11
  1.4432442683759522E+01  3.0366034910982299E-11  2.9501847672217587E-11
  1.4576228794694572E+01  2.9867232761705959E-11  2.9013722032513722E-11
  1.4721447403658615E+01  2.9377322634726281E-11  2.8534295340141193E-11
  1.4868112782201148E+01  2.8896127289638935E-11  2.8063394675603519E-11
  1.5016239344054886E+01  2.8423473403731446E-11  2.7600850930068907E-11
  1.5165841646552249E+01  2.7959191477681783E-11  2.7146498714004949E-11
  1.5316934392055998E+01  2.7503115743955099E-11  2.6700176268401763E-11
  1.5469532429404127E+01  2.7055084555164602E-11  2.6261725833507874E-11
  1.5623650755369191E+01  2.6614945011653938E-11  2.5830998119490399E-11
  1.5779304516132088E+01  2.6182554037942802E-11  2.5407853384957208E-11
  1.5936509008770578E+01  2.5757771873526740E-11  2.4992155111392932E-11
  1.6095279682762659E+01  2.5340461271816274E-11  2.4583769223534017E-11
  1.6255632141504851E+01  2.4930487456288641E-11  2.4182564047125812E-11
  1.6417582143845618E+01  2.4527718077447014E-11  2.3788410267446975E-11
  1.6581145605634148E+01  2.4132023170566914E-11  2.3401180888581645E-11
  1.6746338601284489E+01  2.3743275114210818E-11  2.3020751193421309E-11
  1.6913177365355239E+01  2.3361348589492105E-11  2.2646998704379030E-11
  1.7081678294145043E+01  2.2986120540070593E-11  2.2279803144798560E-11
  1.7251857947304014E+01  2.2617470132862227E-11  2.1919046401042269E-11
  1.7423733049461067E+01  2.2255278770023211E-11  2.1564612534953209E-11
  1.7597320491867585E+01  2.1899433017733950E-11  2.1216390611916493E-11
  1.7772637334057478E+01  2.1549821677932634E-11  2.0874271830893039E-11
  1.7949700805523680E+01  2.1206334048822850E-11  2.0538147869848680E-11
  1.8128528307411372E+01  2.0868861395867354E-11  2.0207912321147041E-11
  1.8309137414228186E+01  2.0537296918304403E-11  1.9883460659329152E-11
  1.8491545875571312E+01  2.0211535715824422E-11  1.9564690209026438E-11
  1.8675771617871852E+01  1.9891474756139045E-11  1.9251500113720162E-11
  1.8861832746156583E+01  1.9577012843397019E-11  1.8943791305303322E-11
  1.9049747545827273E+01  1.9268050587404073E-11  1.8641466474403862E-11
  1.9239534484457657E+01  1.8964490373605726E-11  1.8344430041430174E-11
  1.9431212213608379E+01  1.8666236333795683E-11  1.8052588128302621E-11
  1.9624799570660038E+01  1.8373194313286194E-11  1.7765848526804550E-11
  1.9820315580664396E+01  1.8085268550554033E-11  1.7484117508930719E-11
  2.0017779458214104E+01  1.7802358703595532E-11  1.7207297021074111E-11
  2.0217210609331097E+01  1.7524368467893230E-11  1.6935292965972409E-11
  2.0418628633373682E+01  1.7251203606030817E-11  1.6668013262976112E-11
  2.0622053324962707E+01  1.6982771793040218E-11  1.6405367697734226E-11
  2.0827504675926896E+01  1.6718982574079448E-11  1.6147267881002240E-11
  2.1035002877267623E+01  1.6459747323568133E-11  1.5893627208865799E-11
  2.1244568321143145E+01  1.6204979205708553E-11  1.5644360824308852E-11
  2.1456221602872681E+01  1.5954593136323154E-11  1.5399385580059193E-11
  2.1669983522960493E+01  1.5708505745943886E-11  1.5158620002647935E-11
  2.1885875089140043E+01  1.5466635344091857E-11  1.4921984257623127E-11
  2.2103917518438507E+01  1.5228901884741395E-11  1.4689400115907742E-11
  2.2324132239262017E+01  1.4995227765038841E-11  1.4460791715922324E-11
  2.2546540893501511E+01  1.4765539385431884E-11  1.4236086998391506E-11
  2.2771165338659554E+01  1.4539760538974390E-11  1.4015211342569891E-11
  2.2998027649998523E+01  1.4317816033117303E-11  1.3798091122728393E-11
  2.3227150122710050E+01  1.4099632326370031E-11  1.3584654325826609E-11
  2.3458555274106022E+01  1.3885137487441596E-11  1.3374830511717191E-11
  2.3692265845831638E+01  1.3674261155659638E-11  1.3168550774588873E-11
  2.3928304806100314E+01  1.3466934502618195E-11  1.2965747705600225E-11
  2.4166695351950800E+01  1.3263090195006462E-11  1.2766355356658068E-11
  2.4407460911527188E+01  1.3062662358572438E-11  1.2570309205295748E-11
  2.4650625146381017E+01  1.2865586543179049E-11  1.2377546120609984E-11
  2.4896211953796783E+01  1.2671799688909836E-11  1.2188004330214824E-11
  2.5144245469140635E+01  1.2481240024250215E-11  1.2001623323623726E-11
  2.5394750068231982E+01  1.2293852511544333E-11  1.1818349140378062E-11
  2.5647750369739331E+01  1.2109602350073868E-11  1.1638147410622593E-11
  2.5903271237599629E+01  1.1928458486084948E-11  1.1460987383045629E-11
  2.6161337783461704E+01  1.1750389369715053E-11  1.1286837820508472E-11
  2.6421975369154325E+01  1.1575363000303742E-11  1.1115667044554018E-11
  2.6685209609178560E+01  1.1403346970511033E-11  1.0947442978732192E-11
  2.6951066373225029E+01  1.1234308509153190E-11  1.0782133190654623E-11
  2.7219571788716411E+01  1.1068214522754762E-11  1.0619704932777543E-11
  2.7490752243375102E+01  1.0905031635818960E-11  1.0460125181915098E-11
  2.7764634387816383E+01  1.0744726229820542E-11  1.0303360677487099E-11
  2.8041245138167742E+01  1.0587264480927498E-11  1.0149377958507769E-11
  2.8320611678713998E+01  1.0432612401407744E-11  9.9981434037419490E-12
  2.8602761464568772E+01  1.0280731772109106E-11  9.8496193084337819E-12
  2.8887722224372876E+01  1.0131554661222418E-11  9.7037393399369824E-12
  2.9175521963019268E+01  9.9850012267476176E-12  9.5604257149237234E-12
  2.9466188964405166E+01  9.8409942329979412E-12  9.4196032006851174E-12
  2.9759751794212015E+01  9.6994590841981804E-12  9.2811991464163402E-12
  3.0056239302712406E+01  9.5603237314334335E-12  9.1451433922015883E-12
  3.0355680627605587E+01  9.4235185837067700E-12  9.0113681820050262E-12
  3.0658105196881156E+01  9.2889764229043434E-12  8.8798080804711802E-12
  3.0963542731710774E+01  9.1566323224766848E-12  8.7503998933474729E-12
  3.1272023249369354E+01  9.0264235696534756E-12  8.6230825913506901E-12
  3.1583577066184962E+01  8.8982895910190232E-12  8.4977972373081894E-12
  3.1898234800518072E+01  8.7721718810861430E-12  8.3744869162471387E-12
  3.2216027375770821E+01  8.6480147326163632E-12  8.2530974369285642E-12
  3.2536986023425946E+01  8.5257818523824109E-12  8.1335932845000863E-12
  3.2861142286116049E+01  8.4054559353811196E-12  8.0159571996912283E-12
  3.3188528020723595E+01  8.2870203569224017E-12  7.9001725735873986E-12
  3.3519175401511689E+01  8.1704581680703910E-12  7.7862224811191261E-12
  3.3853116923285860E+01  8.0557521202489156E-12  7.6740897052255664E-12
  3.4190385404587801E+01  7.9428846891979777E-12  7.5637567603725894E-12
  3.4531013990920499E+01  7.8318380982807309E-12  7.4552059154256560E-12
  3.4875036158005585E+01  7.7225943411412658E-12  7.3484192158772256E-12
  3.5222485715073404E+01  7.6151352037143930E-12  7.2433785054304812E-12
  3.5573396808185542E+01  7.5094422855900933E-12  7.1400654469418241E-12
  3.5927803923590446E+01  7.4054970207360110E-12  7.0384615427255293E-12
  3.6285741891112998E+01  7.3032806409267790E-12  6.9385481003617448E-12
  3.6647245887577007E+01  7.2027708432230564E-12  6.8403030607505461E-12
  3.7012351440262428E+01  7.1039393559403242E-12  6.7436986779741732E-12
  3.7381094430397134E+01  7.0067576427660254E-12  6.6487069643699812E-12
  3.7753511096682665E+01  6.9111976286140508E-12  6.5553003843104695E-12
  3.8129638038856058E+01  6.8172316935514795E-12  6.4634518482705771E-12
  3.8509512221286606E+01  6.7248326668265969E-12  6.3731347069914968E-12
  3.8893170976608417E+01  6.6339738209930390E-12  6.2843227457359373E-12
  3.9280652009389620E+01  6.5446288661250071E-12  6.1969901786299782E-12
  3.9671993399837639E+01  6.4567719441195355E-12  6.1111116430875868E-12
  4.0067233607541532E+01  6.3703776230815351E-12  6.0266621943136621E-12
  4.0466411475251853E+01  6.2854208917878412E-12  5.9436172998819056E-12
  4.0869566232697871E+01  6.2018771581492854E-12  5.8619528378644390E-12
  4.1276737500442778E+01  6.1197219975906249E-12  5.7816448440760002E-12
  4.1687965293777729E+01  6.0389264959705641E-12  5.7026650415433593E-12
  4.2103290026654264E+01  5.9594594535673362E-12  5.6249829766947128E-12
  4.2522752515655895E+01  5.8812904957843178E-12  5.5485690038748984E-12
  4.2946393984009681E+01  5.8043900794109137E-12  5.4733942908357359E-12
  4.3374256065637390E+01  5.7287294672521450E-12  5.3994307939243542E-12
  4.3806380809246889E+01  5.6542807037566678E-12  5.3266512342439784E-12
  4.4242810682465091E+01  5.5810165915981694E-12  5.2550290747435025E-12
  4.4683588576010891E+01  5.5089106691677331E-12  5.1845384981939872E-12
  4.5128757807910603E+01  5.4379371889357252E-12  5.1151543860120061E-12
  4.5578362127755348E+01  5.3680710966446796E-12  5.0468522978919102E-12
  4.6032445721000023E+01  5.2992880110936849E-12  4.9796084520298426E-12
  4.6491053213306188E+01  5.2315642998095175E-12  4.9133997997114177E-12
  4.6954229674927525E+01  5.1648810241591999E-12  4.8482077919131107E-12
  4.7422020625139034E+01  5.0992245603077217E-12  4.7840189590957178E-12
  4.7894472036710781E+01  5.0345816812397710E-12  4.7208202135375032E-12
  4.8371630340425796E+01  4.9709392492569165E-12  4.6585985558326310E-12
  4.8853542429642978E+01  4.9082842187525397E-12  4.5973410776042898E-12
  4.9340255664905868E+01  4.8466036388898073E-12  4.5370349641197797E-12
  4.9831817878596965E+01  4.7858846561819622E-12  4.4776674968069532E-12
  5.0328277379638322E+01  4.7261145169744640E-12  4.4192260556715421E-12
  5.0829682958239495E+01  4.6672805698286702E-12  4.3616981216150812E-12
  5.1336083890692308E+01  4.6093702678071112E-12  4.3050712786536340E-12
  5.1847529944213399E+01  4.5523711706599556E-12  4.2493332160369717E-12
  5.2364071381835458E+01  4.4962709170857870E-12  4.1944717026103156E-12
  5.2885758967346725E+01  4.4410555666832474E-12  4.1404730262014449E-12
  5.3412643970279746E+01  4.3867078322983332E-12  4.0873203181730116E-12
  5.3944778170950237E+01  4.3332102840918350E-12  4.0349965866985982E-12
  5.4482213865545717E+01  4.2805458930343569E-12  3.9834852323732263E-12
  5.5025003871264765E+01  4.2286980206864922E-12  3.9327700382190336E-12
  5.5573201531508310E+01  4.1776504092689929E-12  3.8828351599741718E-12
  5.6126860721121311E+01  4.1273871720141238E-12  3.8336651166564091E-12
  5.6686035851687649E+01  4.0778927837895054E-12  3.7852447813927859E-12
  5.7250781876877937E+01  4.0291520719860782E-12  3.7375593725072594E-12
  5.7821154297849361E+01  3.9811502076622721E-12  3.6905944448585568E-12
  5.8397209168700755E+01  3.9338726969364171E-12  3.6443358814203807E-12
  5.8979003101981199E+01  3.8873053792545018E-12  3.5987698908815789E-12
  5.9566593274253485E+01  3.8414349244628917E-12  3.5538834604063649E-12
  6.0160037431713590E+01  3.7962498794657995E-12  3.5096653338994396E-12
  6.0759393895865564E+01  3.7517394422705925E-12  3.4661048744599035E-12
  6.1364721569252978E+01  3.7078929923472202E-12  3.4231916229483952E-12
  6.1976079941248031E+01  3.6647000862374554E-12  3.3809152937215418E-12
  6.2593529093897743E+01  3.6221504546019641E-12  3.3392657717283970E-12
  6.3217129707828406E+01  3.5802339993169426E-12  3.2982331096550920E-12
  6.3846943068209441E+01  3.5389407906196038E-12  3.2578075251168841E-12
  6.4483031070776093E+01  3.4982610643016780E-12  3.2179793978969535E-12
  6.5125456227912125E+01  3.4581852189502024E-12  3.1787392672310755E-12
  6.5774281674793670E+01  3.4187038132347288E-12  3.1400778291374698E-12
  6.6429571175593708E+01  3.3798075630863153E-12  3.1019859336648008E-12
  6.7091389129748421E+01  3.3414871572324356E-12  3.0644544202400769E-12
  6.7759800578286729E+01  3.3037323924435539E-12  3.0274733282166983E-12
  6.8434871210221459E+01  3.2665327406735897E-12  2.9910324086860578E-12
  6.9116667369005484E+01  3.2298778842810516E-12  2.9551216193444056E-12
  6.9805256059052027E+01  3.1937577227300433E-12  2.9197311305613097E-12
  7.0500704952318799E+01  3.1581623675948389E-12  2.8848513204911404E-12
  7.1203082394959210E+01  3.1230821376938831E-12  2.8504727703106740E-12
  7.1912457414039025E+01  3.0885075543498128E-12  2.8165862595793647E-12
  7.2628899724319780E+01  3.0544293367717926E-12  2.7831827617188659E-12
  7.3352479735110535E+01  3.0208383975567970E-12  2.7502534396082563E-12
  7.4083268557187282E+01  2.9877258383065260E-12  2.7177896412918707E-12
  7.4821338009781158E+01  2.9550829453563886E-12  2.6857828957962883E-12
  7.5566760627637066E+01  2.9229012300033307E-12  2.6542249478978315E-12
  7.6319609668141865E+01  2.8911728010595393E-12  2.6231080824764116E-12
  7.7079959118523661E+01  2.8598900643525436E-12  2.5924248527591744E-12
  7.7847883703123387E+01  2.8290455516942656E-12  2.5621679358694709E-12
  7.8623458890738235E+01  2.7986319409937509E-12  2.5323301518066074E-12
  7.9406760902038258E+01  2.7686420530222924E-12  2.5029044602728864E-12
  8.0197866717057465E+01  2.7390688482608771E-12  2.4738839575808262E-12
  8.0996854082758929E+01  2.7099054238277036E-12  2.4452618736384085E-12
  8.1803801520675151E+01  2.6811450104835107E-12  2.4170315690100604E-12
  8.2618788334625748E+01  2.6527809697125800E-12  2.3891865320512784E-12
  8.3441894618510119E+01  2.6248067908773544E-12  2.3617203761149344E-12
  8.4273201264179136E+01  2.5972160884446381E-12  2.3346268368271438E-12
  8.5112789969385631E+01  2.5700025952239101E-12  2.3078997658055706E-12
  8.5960743245811997E+01  2.5431599046442938E-12  2.2815329045860391E-12
  8.6817144427180281E+01  2.5166814365096436E-12  2.2555198624653202E-12
  8.7682077677441455E+01  2.4905607676815731E-12  2.2298544034391625E-12
  8.8555627999046493E+01  2.4647916049516285E-12  2.2045304187008140E-12
  8.9437881241300644E+01  2.4393677820596919E-12  2.1795419237234553E-12
  9.0328924108800109E+01  2.4142832569246197E-12  2.1548830555425204E-12
  9.1228844169952808E+01  2.3895321089466347E-12  2.1305480701071711E-12
  9.2137729865584788E+01  2.3651085363794406E-12  2.1065313396989578E-12
  9.3055670517631569E+01  2.3410068537702207E-12  2.0828273504157661E-12
  9.3982756337916172E+01  2.3172214894655731E-12  2.0594306997191813E-12
  9.4919078437015301E+01  2.2937469831816138E-12  2.0363360940434049E-12
  9.5864728833213078E+01  2.2705779836154054E-12  2.0135383464600610E-12
  9.6819800461543991E+01  2.2477093164823927E-12  1.9910324348623016E-12
  9.7784387182926821E+01  2.2251360151100558E-12  1.9688135166382004E-12
  9.8758583793388553E+01  2.2028531049900295E-12  1.9468767433990232E-12
  9.9742486033380274E+01  2.1808557063609381E-12  1.9252173595665795E-12
  1.0073619059718729E+02  2.1591390378413540E-12  1.9038307055635388E-12
  1.0173979514243049E+02  2.1376984142230826E-12  1.8827122156389645E-12
  1.0275339829966450E+02  2.1165292443236282E-12  1.8618574157505811E-12
  1.0377709968207122E+02  2.0956270288962835E-12  1.8412619215022099E-12
  1.0481099989524824E+02  2.0749873585962769E-12  1.8209214361347496E-12
  1.0585520054709703E+02  2.0546059120014754E-12  1.8008317485691546E-12
  1.0690980425780816E+02  2.0344784536861696E-12  1.7809887314999236E-12
  1.0797491466994620E+02  2.0146008323447636E-12  1.7613883395367296E-12
  1.0905063645863592E+02  1.9949689834736848E-12  1.7420266114783032E-12
  1.1013707534184903E+02  1.9755792061059863E-12  1.7228999202517375E-12
  1.1123433809079349E+02  1.9564283113105088E-12  1.7040051057461227E-12
  1.1234253254040716E+02  1.9375131973821484E-12  1.6853390896013122E-12
  1.1346176759995519E+02  1.9188308078325933E-12  1.6668988370600686E-12
  1.1459215326373281E+02  1.9003781307760703E-12  1.6486813563261519E-12
  1.1573380062187589E+02  1.8821521983278415E-12  1.6306836979325354E-12
  1.1688682187127809E+02  1.8641500860154563E-12  1.6129029541195741E-12
  1.1805133032661679E+02  1.8463689122027276E-12  1.5953362582229395E-12
  1.1922744043149001E+02  1.8288058375264970E-12  1.5779807840711190E-12
  1.2041526776966313E+02  1.8114580643461913E-12  1.5608337453923439E-12
  1.2161492907642750E+02  1.7943228362062980E-12  1.5438923952307696E-12
  1.2282654225007417E+02  1.7773974362900375E-12  1.5271540244173960E-12
  1.2405022636347881E+02  1.7606788939591722E-12  1.5106157027460543E-12
  1.2528610167580462E+02  1.7441633668592378E-12  1.4942737314094273E-12
  1.2653428964432157E+02  1.7278468980747462E-12  1.4781243164126934E-12
  1.2779491293634125E+02  1.7117256226348005E-12  1.4621637527401291E-12
  1.2906809544127350E+02  1.6957957654346685E-12  1.4463884222486201E-12
  1.3035396228280126E+02  1.6800536391892512E-12  1.4307947915886721E-12
  1.3165263983117703E+02  1.6644956424565570E-12  1.4153794101866905E-12
  1.3296425571564259E+02  1.6491182577296245E-12  1.4001389082865428E-12
  1.3428893883697182E+02  1.6339180495955463E-12  1.3850699950484034E-12
  1.3562681938013802E+02  1.6188916629603373E-12  1.3701694567029800E-12
  1.3697802882710886E+02  1.6040358213385168E-12  1.3554341547593000E-12
  1.3834269996976747E+02  1.5893473252607428E-12  1.3408610243254237E-12
  1.3972096692296253E+02  1.5748231537068218E-12  1.3264471605542899E-12
  1.4111296513768917E+02  1.5604610685694232E-12  1.3121903427175355E-12
  1.4251883141440030E+02  1.5462592179133095E-12  1.2980886890550858E-12
  1.4393870391645044E+02  1.5322157821315931E-12  1.2841403462961581E-12
  1.4537272218367468E+02  1.5183289696712711E-12  1.2703434856549858E-12
  1.4682102714610181E+02  1.5045970168830925E-12  1.2566963024710581E-12
  1.4828376113780379E+02  1.4910181878969869E-12  1.2431970158556503E-12
  1.4976106791088532E+02  1.4775907745250132E-12  1.2298438683444938E-12
  1.5125309264960956E+02  1.4643130961939799E-12  1.2166351255564829E-12
  1.5275998198466692E+02  1.4511834999102522E-12  1.2035690758582574E-12
  1.5428188400758660E+02  1.4382003602595182E-12  1.1906440300345497E-12
  1.5581894828528829E+02  1.4253620794471000E-12  1.1778583209648056E-12
  1.5737132587478271E+02  1.4126670776200974E-12  1.1652102951977878E-12
  1.5893916933801660E+02  1.4001136642933727E-12  1.1526982055906647E-12
  1.6052263275686511E+02  1.3877000786112919E-12  1.1403202452375903E-12
  1.6212187174827557E+02  1.3754245947893959E-12  1.1280746352352840E-12
  1.6373704347956047E+02  1.3632855242147410E-12  1.1159596258032400E-12
  1.6536830668384272E+02  1.3512812155873296E-12  1.1039734957705262E-12
  1.6701582167565633E+02  1.3394100551457424E-12  1.0921145520726431E-12
  1.6867975036670114E+02  1.3276704669866531E-12  1.0803811292582835E-12
  1.7036025628175429E+02  1.3160609134895625E-12  1.0687715890057306E-12
  1.7205750457474184E+02  1.3045798958599005E-12  1.0572843196486774E-12
  1.7377166204496922E+02  1.2932259548059052E-12  1.0459177357112831E-12
  1.7550289715351269E+02  1.2819976713673657E-12  1.0346702774522329E-12
  1.7725138003977659E+02  1.2708936685080159E-12  1.0235404109781851E-12
  1.7901728253821310E+02  1.2599126251179485E-12  1.0125266365519107E-12
  1.8080077819520923E+02  1.2490532017417563E-12  1.0016274206813738E-12
  1.8260204228614327E+02  1.2383140774436882E-12  9.9084123026323023E-13
  1.8442125183260973E+02  1.2276939820255996E-12  9.8016655882604105E-13
  1.8625858561981551E+02  1.2171916982731881E-12  9.6960192602703291E-13
  1.8811422421415236E+02  1.2068060646186001E-12  9.5914587715827663E-13
  1.8998834998094003E+02  1.1965359782944039E-12  9.4879698266422301E-13
  1.9188114710234927E+02  1.1863803990666538E-12  9.3855383767024822E-13
  1.9379280159550396E+02  1.1763383536538812E-12  9.2841506152193140E-13
  1.9572350133075952E+02  1.1664089409627542E-12  9.1837929733477072E-13
  1.9767343605016836E+02  1.1565913383010945E-12  9.0844521155402829E-13
  1.9964279738612632E+02  1.1468848089594695E-12  8.9861149360451365E-13
  2.0163177888020476E+02  1.1372887221421410E-12  8.8887686350928288E-13
  2.0364057600217251E+02  1.1278026612553301E-12  8.7924015533908329E-13
  2.0566938616920530E+02  1.1184263966167457E-12  8.6970028308336614E-13
  2.0771840876528643E+02  1.1091598260618475E-12  8.6025617623593610E-13
  2.0978784516080293E+02  1.1000029923385840E-12  8.5090677845993889E-13
  2.1187789873233476E+02  1.0909561058710073E-12  8.4165104738360011E-13
  2.1398877488264120E+02  1.0820195726203377E-12  8.3248795439924432E-13
  2.1612068106084863E+02  1.0731940284127581E-12  8.2341648446551815E-13
  2.1827382678283661E+02  1.0644803815379448E-12  8.1443563591279370E-13
  2.2044842365182919E+02  1.0558798660166280E-12  8.0554442025164214E-13
  2.2264468537918924E+02  1.0473941087562375E-12  7.9674186198437503E-13
  2.2486282780542285E+02  1.0390252149355343E-12  7.8802699841321375E-13
  2.2710306892139042E+02  1.0307758746986565E-12  7.7939887851182745E-13
  2.2936562888972944E+02  1.0226494958718114E-12  7.7085655608908362E-13
  2.3165073006649266E+02  1.0146503838002747E-12  7.6239908155805747E-13
  2.3395859702299961E+02  1.0067840056474934E-12  7.5402551664249698E-13
  2.3628945656790620E+02  9.9905732344838856E-13  7.4573493611973375E-13
  2.3864353776949565E+02  9.9147924292094945E-13  7.3752642762059153E-13
  2.4102107197818998E+02  9.8406122999368799E-13  7.2939909143268217E-13
  2.4342229284928626E+02  9.7681816793870043E-13  7.2135204030702389E-13
  2.4584743636591895E+02  9.6976956202199862E-13  7.1338439926790532E-13
  2.4829674086225242E+02  9.6294124644771532E-13  7.0549530542592787E-13
  2.5077044704690331E+02  9.5636780899180953E-13  6.9768390779417540E-13
  2.5326879802659522E+02  9.5009600295594393E-13  6.8994936710744422E-13
  2.5579203933005232E+02  9.4418938502695119E-13  6.8229085641470568E-13
  2.5834041893212793E+02  9.3873404158883928E-13  6.7470757326976441E-13
  2.6091418727817387E+02  9.3384368522013866E-13  6.6719875077063851E-13
  2.6351359730865494E+02  9.2965779481832622E-13  6.5976363567271015E-13
  2.6613890448400599E+02  9.2631595027347883E-13  6.5240148370027172E-13
  2.6879036680973798E+02  9.2387860684850223E-13  6.4511155943040167E-13
  2.7146824486179270E+02  9.2218863541810368E-13  6.3789313617848973E-13
  2.7417280181215324E+02  9.2079407579080656E-13  6.3074549588538496E-13
  2.7690430345470617E+02  9.1912718678245650E-13  6.2366792900615245E-13
  2.7966301823136234E+02  9.1682048214695075E-13  6.1665973440039225E-13
  2.8244921725844011E+02  9.1380594110647071E-13  6.0972021922409836E-13
  2.8526317435330833E+02  9.1019175557581265E-13  6.0284869882303049E-13
  2.8810516606129590E+02  9.0613000708534882E-13  5.9604449654931119E-13
  2.9097547168287065E+02  9.0175552403371928E-13  5.8930694447785481E-13
  2.9387437330108747E+02  8.9717203646582458E-13  5.8263538864305758E-13
  2.9680215580931053E+02  8.9245498177852746E-13  5.7602918449852280E-13
  2.9975910693921054E+02  8.8765760523181802E-13  5.6948769482146437E-13
  3.0274551728904368E+02  8.8281746146197559E-13  5.6301028962036108E-13
  3.0576168035220974E+02  8.7796161152460517E-13  5.5659634604559622E-13
  3.0880789254609442E+02  8.7310992149992808E-13  5.5024524830130432E-13
  3.1188445324120232E+02  8.6827745789948332E-13  5.4395638755842586E-13
  3.1499166479057675E+02  8.6347565877661570E-13  5.3772916186892106E-13
  3.1812983255951303E+02  8.5871229717589916E-13  5.3156297608114375E-13
  3.2129926495557061E+02  8.5399319300800587E-13  5.2545724175633689E-13
  3.2450027345888083E+02  8.4932334246261745E-13  5.1941137708893436E-13
  3.2773317265275892E+02  8.4470734947675790E-13  5.1342480602134262E-13
  3.3099828025461852E+02  8.4014957346544957E-13  5.0749696260400572E-13
  3.3429591714719783E+02  8.3565287980820907E-13  5.0162729399938345E-13
  3.3762640741009386E+02  8.3121851232229826E-13  4.9581525369331507E-13
  3.4099007835161080E+02  8.2684729198253738E-13  4.9006030100230744E-13
  3.4438726054092848E+02  8.2254046016288581E-13  4.8436190100607917E-13
  3.4781828784058882E+02  8.1829945094348314E-13  4.7871952448092683E-13
  3.5128349743930511E+02  8.1412479347880594E-13  4.7313264783389664E-13
  3.5478322988510223E+02  8.1001564243234574E-13  4.6760075303772677E-13
  3.5831782911878315E+02  8.0597161443663880E-13  4.6212332756657691E-13
  3.6188764250772914E+02  8.0199399752913324E-13  4.5669986433251180E-13
  3.6549302088003981E+02  7.9808441020660539E-13  4.5132986162272349E-13
  3.6913431855901001E+02  7.9424397754799369E-13  4.4601282378991484E-13
  3.7281189339795196E+02  7.9047290712106715E-13  4.4074826387006628E-13
  3.7652610681536225E+02  7.8677061252776451E-13  4.3553569758212287E-13
  3.8027732383044304E+02  7.8313673080078546E-13  4.3037464485093924E-13
  3.8406591309897357E+02  7.7957161292786503E-13  4.2526463055085683E-13
  3.8789224694953947E+02  7.7607563392079562E-13  4.2020518445160718E-13
  3.9175670142012558E+02  7.7264800305593153E-13  4.1519584116483830E-13
  3.9565965629507104E+02  7.6928705616262740E-13  4.1023614009126360E-13
  3.9960149514239134E+02  7.6599209721860868E-13  4.0532562536841006E-13
  4.0358260535147684E+02  7.6276402937079264E-13  4.0046384581895854E-13
  4.0760337817116198E+02  7.5960422930330973E-13  3.9565035489966444E-13
  4.1166420874817692E+02  7.5651362909604819E-13  3.9088471065084702E-13
  4.1576549616597919E+02  7.5349255534193978E-13  3.8616647554202822E-13
  4.1990764348397676E+02  7.5054048148014183E-13  3.8149521957539878E-13
  4.2409105777713796E+02  7.4765671103545955E-13  3.7687053695789912E-13
  4.2831615017599597E+02  7.4484132274178607E-13  3.7229203245453868E-13
  4.3258333590705598E+02  7.4209377401803612E-13  3.6775931383743594E-13
  4.3689303433360055E+02  7.3941229416871736E-13  3.6327199184455075E-13
  4.4124566899690188E+02  7.3679599549395256E-13  3.5882968016405520E-13
  4.4564166765784881E+02  7.3424606309152953E-13  3.5443199541871196E-13
  4.5008146233898321E+02  7.3176412790467084E-13  3.5007855715025653E-13
  4.5456548936695896E+02  7.2935050489630389E-13  3.4576898780377271E-13
  4.5909418941542077E+02  7.2700474404449825E-13  3.4150291271206457E-13
  4.6366800754831405E+02  7.2472673727123248E-13  3.3727996008001423E-13
  4.6828739326362370E+02  7.2251649035855811E-13  3.3309976097096454E-13
  4.7295280053754669E+02  7.2037387043692126E-13  3.2896194698990344E-13
  4.7766468786911099E+02  7.1829838101746567E-13  3.2486613636988665E-13
  4.8242351832523315E+02  7.1628820387269609E-13  3.2081194132537993E-13
  4.8722975958622538E+02  7.1434225087904444E-13  3.1679897794505771E-13
  4.9208388399176044E+02  7.1246197499783603E-13  3.1282686646555717E-13
  4.9698636858728963E+02  7.1064878865844384E-13  3.0889523121975454E-13
  5.0193769517092613E+02  7.0890260664226539E-13  3.0500370058568015E-13
  5.0693835034079171E+02  7.0722341940643935E-13  3.0115190693607536E-13
  5.1198882554284148E+02  7.0561196626025046E-13  2.9733948658855978E-13
  5.1708961711915981E+02  7.0406831600929243E-13  2.9356607975641508E-13
  5.2224122635673700E+02  7.0259082217647038E-13  2.8983133049996534E-13
  5.2744415953673729E+02  7.0117752191211461E-13  2.8613488667856124E-13
  5.3269892798425326E+02  6.9982786865406052E-13  2.8247640085273836E-13
  5.3800604811855442E+02  6.9854214157946131E-13  2.7885554057562487E-13
  5.4336604150384267E+02  6.9732132878938806E-13  2.7527198529377575E-13
  5.4877943490050779E+02  6.9616845748288591E-13  2.7172541738281068E-13
  5.5424676031689614E+02  6.9508473958028504E-13  2.6821552166006969E-13
  5.5976855506159279E+02  6.9406811977853317E-13  2.6474198537044247E-13
  5.6534536179622876E+02  6.9311674596765963E-13  2.6130449817217791E-13
  5.7097772858881126E+02  6.9222927944342326E-13  2.5790275212268330E-13
  5.7666620896758309E+02  6.9140518796152420E-13  2.5453644166431070E-13
  5.8241136197542505E+02  6.9064532999654402E-13  2.5120526361012418E-13
  5.8821375222479526E+02  6.8995078097932489E-13  2.4790891712965525E-13
  5.9407394995321511E+02  6.8932226916083102E-13  2.4464710373464430E-13
  5.9999253107931361E+02  6.8876088272642701E-13  2.4141952714858829E-13
  6.0597007725942422E+02  6.8826760278642896E-13  2.3822588844464034E-13
  6.1200717594474929E+02  6.8784175349009748E-13  2.3506588802690358E-13
  6.1810442043908984E+02  6.8748071520952160E-13  2.3193923032188319E-13
  6.2426240995715727E+02  6.8718192815438118E-13  2.2884562246769059E-13
  6.3048174968345995E+02  6.8694633834156602E-13  2.2578477428233901E-13
  6.3676305083177647E+02  6.8677668513814756E-13  2.2275639823552542E-13
  6.4310693070522768E+02  6.8667359901804998E-13  2.1976020942065569E-13
  6.4951401275694059E+02  6.8663774678703542E-13  2.1679592552711622E-13
  6.5598492665131766E+02  6.8666960953478199E-13  2.1386326681278678E-13
  6.6252030832592118E+02  6.8676670430895337E-13  2.1096195607678794E-13
  6.6912080005396865E+02  6.8692644049526194E-13  2.0809171863246736E-13
  6.7578705050745452E+02  6.8714882088057086E-13  2.0525228228171656E-13
  6.8251971482089596E+02  6.8743515570212278E-13  2.0244337906622476E-13
  6.8931945465572142E+02  6.8778737869251440E-13  1.9966474763979622E-13
  6.9618693826529488E+02  6.8820747025637809E-13  1.9691612800836907E-13
  7.0312284056058627E+02  6.8869552114468487E-13  1.9419726214901860E-13
  7.1012784317650357E+02  6.8924888799228594E-13  1.9150789406979424E-13
  7.1720263453888003E+02  6.8986583031529528E-13  1.8884776979486038E-13
  7.2434790993212721E+02  6.9054839298996501E-13  1.8621663734966163E-13
  7.3156437156756976E+02  6.9129653810662764E-13  1.8361424674611075E-13
  7.3885272865245270E+02  6.9210818215337425E-13  1.8104034996780403E-13
  7.4621369745964171E+02  6.9298501057484043E-13  1.7849470095526163E-13
  7.5364800139801275E+02  6.9392901404138048E-13  1.7597705559119456E-13
  7.6115637108354997E+02  6.9493987754686941E-13  1.7348717168579630E-13
  7.6873954441114654E+02  6.9601648031477850E-13  1.7102480873210311E-13
  7.7639826662711926E+02  6.9715725353241569E-13  1.6858973148624199E-13
  7.8413329040245355E+02  6.9836131964369748E-13  1.6618171423762276E-13
  7.9194537590677066E+02  6.9963023794869404E-13  1.6380053336898480E-13
  7.9983529088303226E+02  7.0096618210779176E-13  1.6144596652293119E-13
  8.0780381072299588E+02  7.0236950414506615E-13  1.5911779260211585E-13
  8.1585171854341468E+02  7.0383886467335053E-13  1.5681579176925019E-13
  8.2397980526300034E+02  7.0537204738938217E-13  1.5453974544692548E-13
  8.3218886968014897E+02  7.0696741917806061E-13  1.5228943631725875E-13
  8.4047971855144863E+02  7.0862565225172577E-13  1.5006464832136052E-13
  8.4885316667096208E+02  7.1034943641480879E-13  1.4786516665863093E-13
  8.5731003695029904E+02  7.1214069663525740E-13  1.4569077778588867E-13
  8.6585116049949420E+02  7.1399929098459363E-13  1.4354126947422216E-13
  8.7447737670868310E+02  7.1592328186616869E-13  1.4141642664935959E-13
  8.8318953333059142E+02  7.1790994713264716E-13  1.3931601872013285E-13
  8.9198848656385428E+02  7.1995885022832067E-13  1.3723981342787417E-13
  9.0087510113715734E+02  7.2207210817892761E-13  1.3518758115062611E-13
  9.0985025039422021E+02  7.2425135554153671E-13  1.3315909486450303E-13
  9.1891481637962204E+02  7.2649699163394029E-13  1.3115413010456545E-13
  9.2806968992549116E+02  7.2880782023530604E-13  1.2917246492618854E-13
  9.3731577073905021E+02  7.3118076056450476E-13  1.2721387986691591E-13
  9.4665396749103274E+02  7.3361492241077005E-13  1.2527815790879060E-13
  9.5608519790499031E+02  7.3611388821903170E-13  1.2336508444115349E-13
  9.6561038884747950E+02  7.3867976056327615E-13  1.2147444722390614E-13
  9.7523047641914854E+02  7.4131002719776417E-13  1.1960603634464855E-13
  9.8494640604673941E+02  7.4400190733185596E-13  1.1775964422582138E-13
  9.9475913257599689E+02  7.4675436169679250E-13  1.1593507304152612E-13
  1.0046696203655098E+03  7.4956765020765784E-13  1.1413213214413093E-13
  1.0146788433814796E+03  7.5244315144704815E-13  1.1235063244517253E-13
  1.0247877852934453E+03  7.5538232460621143E-13  1.1059038630384282E-13
  1.0349974395709512E+03  7.5838486932660560E-13  1.0885120751198797E-13
  1.0453088095811784E+03  7.6144871191617297E-13  1.0713291127923265E-13
  1.0557229086875586E+03  7.6457327134654479E-13  1.0543531421822753E-13
  1.0662407603493607E+03  7.6776034530883605E-13  1.0375823433002199E-13
  1.0768633982222677E+03  7.7101017229312684E-13  1.0210149098956152E-13
  1.0875918662599699E+03  7.7431933026575109E-13  1.0046490493130504E-13
  1.0984272188167542E+03  7.7768542600467202E-13  9.8848298235078537E-14
  1.1093705207511250E+03  7.8110916995772511E-13  9.7251494903608787E-14
  1.1204228475304506E+03  7.8459368761047809E-13  9.5674325090546826E-14
  1.1315852853366623E+03  7.8814230615497574E-13  9.4116622570944337E-14
  1.1428589311729968E+03  7.9175380574081511E-13  9.2578221881323399E-14
  1.1542448929718037E+03  7.9542299315168908E-13  9.1058958292384343E-14
  1.1657442897034337E+03  7.9914528910725756E-13  8.9558667814346911E-14
  1.1773582514862048E+03  8.0292153498928475E-13  8.8077187202043456E-14
  1.1890879196974624E+03  8.0675574775616703E-13  8.6614353959768203E-14
  1.2009344470857570E+03  8.1064981819115950E-13  8.5170006345883540E-14
  1.2128989978841264E+03  8.1460192831646645E-13  8.3743983377190018E-14
  1.2249827479245159E+03  8.1860857173254507E-13  8.2336124833061132E-14
  1.2371868847533285E+03  8.2266688038070768E-13  8.0946271259348178E-14
  1.2495126077481414E+03  8.2677785304225549E-13  7.9574263846561099E-14
  1.2619611282355711E+03  8.3094692083071956E-13  7.8219939236626400E-14
  1.2745336696103163E+03  8.3517307042598891E-13  7.6883125058180052E-14
  1.2872314674553938E+03  8.3944819299663485E-13  7.5563649324931467E-14
  1.3000557696635656E+03  8.4377119305557110E-13  7.4261341976113029E-14
  1.3130078365599716E+03  8.4814622623667704E-13  7.2976034840397607E-14
  1.3260889410259983E+03  8.5257396111147156E-13  7.1707561600329720E-14
  1.3393003686243694E+03  8.5705168237659226E-13  7.0455757757289957E-14
  1.3526434177254805E+03  8.6157780245441784E-13  6.9220460596985661E-14
  1.3661193996350087E+03  8.6615309423134477E-13  6.8001509155458560E-14
  1.3797296387227743E+03  8.7077772003698726E-13  6.6798744185607386E-14
  1.3934754725529015E+03  8.7544938889305235E-13  6.5612008124214495E-14
  1.4073582520152602E+03  8.8016522235307661E-13  6.4441145063880886E-14
  1.4213793414582367E+03  8.8492365737100040E-13  6.3286001884011182E-14
  1.4355401188228129E+03  8.8972414822643312E-13  6.2146432332656337E-14
  1.4498419757779798E+03  8.9456666177431571E-13  6.1022293164977345E-14
  1.4642863178575149E+03  8.9944753619396023E-13  5.9913442075011842E-14
  1.4788745645981087E+03  9.0436241479817893E-13  5.8819737673660593E-14
  1.4936081496788661E+03  9.0931489779136333E-13  5.7741039479635885E-14
  1.5084885210622140E+03  9.1431150582831563E-13  5.6677207910470607E-14
  1.5235171411361930E+03  9.1935126649483225E-13  5.5628104273593729E-14
  1.5386954868581815E+03  9.2442835571869861E-13  5.4593590757468786E-14
  1.5540250499000365E+03  9.2953866355790496E-13  5.3573530422798214E-14
  1.5695073367947016E+03  9.3467996067803291E-13  5.2567787193792552E-14
  1.5851438690842569E+03  9.3985156620041789E-13  5.1576225849477751E-14
  1.6009361834694471E+03  9.4505283908435775E-13  5.0598711959286023E-14
  1.6168858319607107E+03  9.5028116457157522E-13  4.9635111057467350E-14
  1.6329943820307033E+03  9.5553120446112192E-13  4.8685288947944452E-14
  1.6492634167683364E+03  9.6080197980776803E-13  4.7749112362173760E-14
  1.6656945350343676E+03  9.6610127938330865E-13  4.6826448958704239E-14
  1.6822893516185256E+03  9.7143003135894172E-13  4.5917167310692407E-14
  1.6990494973982068E+03  9.7677784195774798E-13  4.5021136893569503E-14
  1.7159766194987467E+03  9.8214031841736725E-13  4.4138228072860839E-14
  1.7330723814553032E+03  9.8752036466257124E-13  4.3268312092156545E-14
  1.7503384633763383E+03  9.9291824923445684E-13  4.2411261061235643E-14
  1.7677765621087251E+03  9.9833038735579862E-13  4.1566947944342026E-14
  1.7853883914045223E+03  1.0037533165519736E-12  4.0735246548612486E-14
  1.8031756820893866E+03  1.0091850701575406E-12  3.9916031485905466E-14
  1.8211401822326673E+03  1.0146243566188657E-12  3.9109177515459077E-14
  1.8392836573192124E+03  1.0200705148397135E-12  3.8314558832905076E-14
  1.8576078904228659E+03  1.0255220890347961E-12  3.7532050345724579E-14
  1.8761146823817041E+03  1.0309729692289799E-12  3.6761527934246697E-14
  1.8948058519750100E+03  1.0364154425700633E-12  3.6002868433722187E-14
  1.9136832361020254E+03  1.0418511889455722E-12  3.5255949616706701E-14
  1.9327486899624712E+03  1.0472869099746219E-12  3.4520650175753581E-14
  1.9520040872388611E+03  1.0527199407032960E-12  3.3796849706414791E-14
  1.9714513202806547E+03  1.0581422464225217E-12  3.3084428690547355E-14
  1.9910923002902225E+03  1.0635502687590293E-12  3.2383268479926751E-14
  2.0109289575106675E+03  1.0689432938957308E-12  3.1693251280165102E-14
  2.0309632414155328E+03  1.0743195104503550E-12  3.1014260136620998E-14
  2.0511971209003818E+03  1.0796747038285821E-12  3.0346178929669186E-14
  2.0716325844762987E+03  1.0850043555587937E-12  2.9688892496621932E-14
  2.0922716404653006E+03  1.0903065290909399E-12  2.9042286596609394E-14
  2.1131163171977246E+03  1.0955800372794369E-12  2.8406247743826606E-14
  2.1341686632115579E+03  1.1008206847003456E-12  2.7780663192242074E-14
  2.1554307474537436E+03  1.1060214049865351E-12  2.7165420922583908E-14
  2.1769046594835427E+03  1.1111789756103797E-12  2.6560409629607396E-14
  2.1985925096778728E+03  1.1162980420257431E-12  2.5965518709647710E-14
  2.2204964294386773E+03  1.1213812962900424E-12  2.5380638248457368E-14
  2.2426185714024491E+03  1.1264222591220160E-12  2.4805659009326446E-14
  2.2649611096517478E+03  1.1314115792509230E-12  2.4240472421491947E-14
  2.2875262399288604E+03  1.1363454738496655E-12  2.3684970568822199E-14
  2.3103161798515971E+03  1.1412236011205025E-12  2.3139046151748885E-14
  2.3333331691312442E+03  1.1460426720180371E-12  2.2602592117752150E-14
  2.3565794697926499E+03  1.1507985825542307E-12  2.2075501679276714E-14
  2.3800573663965370E+03  1.1554886358101120E-12  2.1557668712605201E-14
  2.4037691662640400E+03  1.1601091388858063E-12  2.1048987767705488E-14
  2.4277171997034284E+03  1.1646561009044232E-12  2.0549354055543464E-14
  2.4519038202391371E+03  1.1691247844341442E-12  2.0058663435761488E-14
  2.4763314048430748E+03  1.1735068114434453E-12  1.9576812404724655E-14
  2.5010023541681962E+03  1.1777951247712247E-12  1.9103698083937222E-14
  2.5259190927844443E+03  1.1819911266072018E-12  1.8639218208828245E-14
  2.5510840694170411E+03  1.1860980634729147E-12  1.8183271117909316E-14
  2.5764997571871122E+03  1.1901135896248038E-12  1.7735755742306199E-14
  2.6021686538547478E+03  1.1940315909529368E-12  1.7296571591455281E-14
  2.6280932820644925E+03  1.1978453006363524E-12  1.6865618684791656E-14
  2.6542761895932258E+03  1.2015483898271641E-12  1.6442797518815208E-14
  2.6807199496005696E+03  1.2051359894188633E-12  1.6028009146686869E-14
  2.7074271608817789E+03  1.2086044090205888E-12  1.5621155184283411E-14
  2.7344004481231145E+03  1.2119507177902919E-12  1.5222137801140573E-14
  2.7616424621598007E+03  1.2151734063510597E-12  1.4830859711804311E-14
  2.7891558802365571E+03  1.2182697386719328E-12  1.4447224167592179E-14
  2.8169434062706750E+03  1.2212316457644952E-12  1.4071134948767007E-14
  2.8450077711177660E+03  1.2240502543746551E-12  1.3702496357122663E-14
  2.8733517328401558E+03  1.2267238035122941E-12  1.3341213208984025E-14
  2.9019780769779031E+03  1.2292533104071266E-12  1.2987190828622882E-14
  2.9308896168225701E+03  1.2316339461439816E-12  1.2640335042335972E-14
  2.9600891936937187E+03  1.2338575032837906E-12  1.2300552041467662E-14
  2.9895796772181106E+03  1.2359178732830786E-12  1.1967748030412418E-14
  3.0193639656117393E+03  1.2378112106828030E-12  1.1641829642575822E-14
  3.0494449859646716E+03  1.2395336752233109E-12  1.1322704069901807E-14
  3.0798256945287030E+03  1.2410803754131008E-12  1.1010279054755319E-14
  3.1105090770078446E+03  1.2424461402863054E-12  1.0704462882243512E-14
  3.1414981488518206E+03  1.2436268116673104E-12  1.0405164373068878E-14
  3.1727959555523794E+03  1.2446196975287709E-12  1.0112292876915222E-14
  3.2044055729425559E+03  1.2454208313646910E-12  9.8257582663643729E-15
  3.2363301074990268E+03  1.2460217930545845E-12  9.5454709313411163E-15
  3.2685726966473680E+03  1.2464141397289899E-12  9.2713417740866617E-15
  3.3011365090703493E+03  1.2465955255534111E-12  9.0032822046034186E-15
  3.3340247450194174E+03  1.2465654513057038E-12  8.7412041533723332E-15
  3.3672406366291625E+03  1.2463190630681817E-12  8.4850202368704128E-15
  3.4007874482349512E+03  1.2458488733260404E-12  8.2346436350483266E-15
  3.4346684766937469E+03  1.2451472319286223E-12  7.9899879888106706E-15
  3.4688870517081332E+03  1.2442073327573617E-12  7.7509674005168548E-15
  3.5034465361535058E+03  1.2430246315041661E-12  7.5174964344912536E-15
  3.5383503264085812E+03  1.2415953992793601E-12  7.2894901179753538E-15
  3.5736018526892021E+03  1.2399152211476294E-12  7.0668639425176361E-15
  3.6092045793854068E+03  1.2379792009882004E-12  6.8495338657964450E-15
  3.6451620054019136E+03  1.2357815714356429E-12  6.6374163138691888E-15
  3.6814776645020033E+03  1.2333145219649565E-12  6.4304281838422671E-15
  3.7181551256547655E+03  1.2305677901205046E-12  6.2284868469553678E-15
  3.7551979933858579E+03  1.2275318826328137E-12  6.0315101476715398E-15
  3.7926099081317725E+03  1.2242051338845084E-12  5.8394162350108922E-15
  3.8303945465975607E+03  1.2205902824282098E-12  5.6521235205187946E-15
  3.8685556221181855E+03  1.2166807242117278E-12  5.4695509393511190E-15
  3.9070968850234794E+03  1.2124615285723719E-12  5.2916179752059804E-15
  3.9460221230066654E+03  1.2079196068325358E-12  5.1182446622107141E-15
  3.9853351614966232E+03  1.2030473231733062E-12  4.9493515872831405E-15
  4.0250398640338590E+03  1.1978402439182586E-12  4.7848598929549706E-15
  4.0651401326501536E+03  1.1922905616226852E-12  4.6246912806441014E-15
  4.1056399082520647E+03  1.1863842378287941E-12  4.4687680143614082E-15
  4.1465431710082466E+03  1.1801077064239385E-12  4.3170129248376333E-15
  4.1878539407405633E+03  1.1734515495521446E-12  4.1693494140553540E-15
  4.2295762773191545E+03  1.1664059712110311E-12  4.0257014602815070E-15
  4.2717142810614650E+03  1.1589568736967319E-12  3.8859936628395719E-15
  4.3142720931351450E+03  1.1510861371807417E-12  3.7501513352840564E-15
  4.3572538959650647E+03  1.1427772818578711E-12  3.6181003925557524E-15
  4.4006639136443646E+03  1.1340173674441879E-12  3.4897673222966139E-15
  4.4445064123495376E+03  1.1247885110116269E-12  3.3650791933668224E-15
  4.4887857007597167E+03  1.1150652702388176E-12  3.2439636645950845E-15
  4.5335061304801447E+03  1.1048165080936785E-12  3.1263489937122786E-15
  4.5786720964697788E+03  1.0940058444902939E-12  3.0121640464491959E-15
  4.6242880374732367E+03  1.0825969771104941E-12  2.9013383057779579E-15
  4.6703584364570397E+03  1.0705531167045036E-12  2.7938018812768008E-15
  4.7168878210501789E+03  1.0578300258535924E-12  2.6894855185974600E-15
  4.7638807639889947E+03  1.0443725232723246E-12  2.5883206090032030E-15
  4.8113418835666935E+03  1.0301130150449321E-12  2.4902391865189952E-15
  4.8592758440871585E+03  1.0149698130060285E-12  2.3951738515629073E-15
  4.9076873563232739E+03  9.9884614013022667E-13  2.3030578373960352E-15
  4.9565811779800069E+03  9.8162932265207847E-13  2.2138250851845394E-15
  5.0059621141619200E+03  9.6318533817294919E-13  2.1274102530855746E-15
  5.0558350178453302E+03  9.4334648000073211E-13  2.0437487238887217E-15
  5.1062047903553694E+03  9.2190116281577580E-13  1.9627766126742145E-15
  5.1570763818475971E+03  8.9858765964523004E-13  1.8844307744639872E-15
  5.2084547917944701E+03  8.7308330510768543E-13  1.8086488118404540E-15
  5.2603450694766952E+03  8.4498807895721409E-13  1.7353690825084371E-15
  5.3127523144794850E+03  8.1380643497695444E-13  1.6645307067757974E-15
  5.3656816771936610E+03  7.7893185275779174E-13  1.5960735749286782E-15
  5.4191383593218525E+03  7.3964467667041162E-13  1.5299383575822082E-15
  5.4731276143897230E+03  6.9514776372685874E-13  1.4660665842375304E-15
  5.5276547482622145E+03  6.4468691744907319E-13  1.4044006602398208E-15
  5.5827251196650104E+03  5.8782761976151968E-13  1.3448837686358124E-15
  5.6383441407112132E+03  5.2494206957509627E-13  1.2874598695209516E-15
  5.6945172774331522E+03  4.5779524666666116E-13  1.2320737088113115E-15
  5.7512500503196061E+03  3.8976590848602391E-13  1.1786708266109261E-15
  5.8085480348583642E+03  3.2511553380480233E-13  1.1271975651574179E-15
  5.8664168620840992E+03  2.6747791809426241E-13  1.0776010763294030E-15
  5.9248622191317982E+03  2.1871162979840207E-13  1.0298293286997264E-15
  5.9838898497957134E+03  1.7887923019758814E-13  9.8383111411969518E-16
  6.0435055550937586E+03  1.4695551027039663E-13  9.3955605382027621E-16
  6.1037151938376592E+03  1.2154375224107939E-13  8.9695460387727035E-16
  6.1645246832087669E+03  1.0129563817146110E-13  8.5597804529734003E-16
  6.2259399993395018E+03  8.5074394709453878E-14  8.1657846153146915E-16
  6.2879671779007067E+03  7.1979845166044513E-14  7.7870878555312936E-16
  6.3506123146948457E+03  6.1319266066529629E-14  7.4232281423303796E-16
  6.4138815662550014E+03  5.2565320840652123E-14  7.0737521011367480E-16
  6.4777811504499550E+03  4.5317053924940412E-14  6.7382150270023104E-16
  6.5423173470952925E+03  3.9268362707668145E-14  6.4161808926418754E-16
  6.6074964985704892E+03  3.4183951008366237E-14  6.1072223515247378E-16
  6.6733250104422459E+03  2.9881453797280170E-14  5.8109207359609005E-16
  6.7398093520940538E+03  2.6218279729915986E-14  5.5268660501350681E-16
  6.8069560573618928E+03  2.3081940010138755E-14  5.2546569580530109E-16
  6.8747717251764007E+03  2.0382916467649782E-14  4.9939007664544424E-16
  6.9432630202114115E+03  1.8049371119255384E-14  4.7442134566761198E-16
  7.0124366735389303E+03  1.6023193627890641E-14  4.5052199657911840E-16
  7.0822994832905324E+03  1.4257022085351939E-14  4.2765538969206136E-16
  7.1528583153256295E+03  1.2711979731631478E-14  4.0578572636182765E-16
  7.2241201039061416E+03  1.1355942007751581E-14  3.8487804566267670E-16
  7.2960918523778764E+03  1.0162198107754474E-14  3.6489822083468214E-16
  7.3687806338589708E+03  9.1084089177964995E-15  3.4581295514614635E-16
  7.4421935919349253E+03  8.1757894435250348E-15  3.2758977718262549E-16
  7.5163379413605489E+03  7.3484626197715512E-15  3.1019703557449731E-16
  7.5912209687691966E+03  6.6129449712911890E-15  2.9360389317600086E-16
  7.6668500333887496E+03  5.9577344695121225E-15  2.7778032070985633E-16
  7.7432325677648496E+03  5.3729781692383946E-15  2.6269708989218662E-16
  7.8203760784913648E+03  4.8502025529916068E-15  2.4832576583526161E-16
  7.8982881469481636E+03  4.3820934287138163E-15  2.3463869499997790E-16
  7.9769764300460856E+03  3.9623154040516213E-15  2.2160899738519061E-16
  8.0564486609794831E+03  3.5853631043024337E-15  2.0921056329624676E-16
  8.1367126499862643E+03  3.2464377698966280E-15  1.9741804426435619E-16
  8.2177762851153457E+03  2.9413444937072634E-15  1.8620684317227927E-16
  8.2996475330019239E+03  2.6664062714510767E-15  1.7555310400534362E-16
  8.3823344396504472E+03  2.4183918095753450E-15  1.6543370124690785E-16
  8.4658451312252455E+03  2.1944546438478414E-15  1.5582622893780411E-16
  8.5501878148491978E+03  1.9920815992274128E-15  1.4670898941961717E-16
  8.6353707794103520E+03  1.8090489979554057E-15  1.3806098178202805E-16
  8.7214023963764066E+03  1.6433853211187887E-15  1.2986189003470304E-16
  8.8082911206174922E+03  1.4933392667510451E-15  1.2209207106438061E-16
  8.8960454912371406E+03  1.3573523669313021E-15  1.1473254541865716E-16
  8.9846741324113591E+03  1.2340354373905647E-15  1.0776498854282613E-16
  9.0741857542362486E+03  1.1221481085026596E-15  1.0117170998555884E-16
  9.1645891535840383E+03  1.0205811751214894E-15  9.4935639126135959E-17
  9.2558932149675184E+03  9.2834129798997549E-16  8.9040312493561841E-17
  9.3481069114132188E+03  8.4453769029655494E-16  8.3469860920986273E-17
  9.4412393053433061E+03  7.6837050357002869E-16  7.8208996558053808E-17
  9.5352995494660972E+03  6.9912067237299782E-16  7.3242999763541308E-17
  9.6302968876755986E+03  6.3614101471058886E-16  6.8557705900235991E-17
  9.7262406559600277E+03  5.7884841617247304E-16  6.4139492053609114E-17
  9.8231402833192060E+03  5.2671695173611440E-16  5.9975263695373224E-17
  9.9210052926912613E+03  4.7927182081388886E-16  5.6052441312488160E-17
  1.0019845301888559E+04  4.3608398906738423E-16  5.2358947002366179E-17
  1.0119670024542804E+04  3.9676544497091200E-16  4.8883190910274398E-17
  1.0220489271059694E+04  3.6096499724117019E-16  4.5614058032857601E-17
  1.0322312949583124E+04  3.2836454227978878E-16  4.2540895020144126E-17
  1.0425151066968872E+04  2.9867574314634266E-16  3.9653496908928840E-17
  1.0529013729767905E+04  2.7163707104332283E-16  3.6942093932722109E-17
  1.0633911145219865E+04  2.4701116586030314E-16  3.4397338425176625E-17
  1.0739853622256069E+04  2.2458247803466422E-16  3.2010291832295716E-17
  1.0846851572512505E+04  2.0415515888391509E-16  2.9772411847952257E-17
  1.0954915511353307E+04  1.8555117076962174E-16  2.7675539686496818E-17
  1.1064056058904036E+04  1.6860859207108563E-16  2.5711887505501287E-17
  1.1174283941095260E+04  1.5318009506623867E-16  2.3874025990887468E-17
  1.1285609990716917E+04  1.3913157758930812E-16  2.2154872130693406E-17
  1.1398045148482768E+04  1.2634093325927209E-16  2.0547677450838754E-17
  1.1511600464105592E+04  1.1469694136195029E-16  1.9046016076208370E-17
  1.1626287097383150E+04  1.0409826351448589E-16  1.7643772686880856E-17
  1.1742116319295001E+04  9.4452540416722723E-17  1.6335131077952240E-17
  1.1859099513110034E+04  8.5675575851476224E-17  1.5114562960264789E-17
  1.1977248175505241E+04  7.7690598703867379E-17  1.3976816984529116E-17
  1.2096573917695641E+04  7.0427594981077773E-17  1.2916907995336301E-17
  1.2217088466575244E+04  6.3822702709980981E-17  1.1930106520820790E-17
  1.2338803665869598E+04  5.7817663377188204E-17  1.1011928503011233E-17
  1.2461731477299823E+04  5.2359324268590633E-17  1.0158125273212206E-17
  1.2585883981758014E+04  4.7399186675652509E-17  9.3646737760781138E-18
  1.2711273380494580E+04  4.2892995481022114E-17  8.6277670481593562E-18
  1.2837911996317418E+04  3.8800366577778490E-17  7.9438050643075157E-18
  1.2965812274802796E+04  3.5084447976870406E-17  7.3093857972099273E-18
  1.3094986785518538E+04  3.1711609722486174E-17  6.7212961932818520E-18
  1.3225448223259398E+04  2.8651162646726465E-17  6.1765036482570926E-18
  1.3357209409294483E+04  2.5875102397894826E-17  5.6721477842534031E-18
  1.3490283292627379E+04  2.3357876150634140E-17  5.2055324812454075E-18
  1.3624682951268802E+04  2.1076169898225950E-17  4.7741181622545938E-18
  1.3760421593521696E+04  1.9008714434989658E-17  4.3755143310771809E-18
  1.3897512559279377E+04  1.7136108322143694E-17  4.0074723609076400E-18
  1.4035969321336614E+04  1.5440656296312015E-17  3.6678785317849493E-18
  1.4175805486713522E+04  1.3906221728285972E-17  3.3547473143823786E-18
  1.4317034797992872E+04  1.2518091872425686E-17  3.0662148971574952E-18
  1.4459671134670787E+04  1.1262854676155751E-17  2.8005329265848169E-18
  1.4603728514520551E+04  1.0128285939937651E-17  2.5560624228946979E-18
  1.4749221094970351E+04  9.1032470033352234E-18  2.3312681400185600E-18
  1.4896163174494674E+04  8.1775909851562047E-18  2.1247130818363365E-18
  1.5044569194019346E+04  7.3420768136965235E-18  1.9350531806175575E-18
  1.5194453738340821E+04  6.5882906260315527E-18  1.7610321968370764E-18
  1.5345831537559610E+04  5.9085738986200067E-18  1.6014768357387063E-18
  1.5498717468527713E+04  5.2959577273491938E-18  1.4552920754912439E-18
  1.5653126556310766E+04  4.7441027273067881E-18  1.3214567016459419E-18
  1.5809073975664702E+04  4.2472440697628264E-18  1.1990190424913046E-18
  1.5966575052527036E+04  3.8001412165809106E-18  1.0870928998062327E-18
  1.6125645265522831E+04  3.3980319510098859E-18  9.8485366943730455E-19
  1.6286300247486251E+04  3.0365903469762209E-18  8.9153464916052006E-19
  1.6448555786996720E+04  2.7118884241574065E-18  8.0642355231761383E-19
  1.6612427829930355E+04  2.4203609328144774E-18  7.2885914281106036E-19
  1.6777932481027463E+04  2.1587731024266187E-18  6.5822802568533572E-19
  1.6945086005475077E+04  1.9241912759620562E-18  5.9396163532943052E-19
  1.7113904830505206E+04  1.7139560708968844E-18  5.3553338012372307E-19
  1.7284405547009672E+04  1.5256578485235035E-18  4.8245593643856480E-19
  1.7456604911170365E+04  1.3571142971211812E-18  4.3427868648882108E-19
  1.7630519846105919E+04  1.2063499509805714E-18  3.9058529459364271E-19
  1.7806167443534949E+04  1.0715774822650914E-18  3.5099141644841782E-19
  1.7983564965455858E+04  9.5118061638125301E-19  3.1514253608372762E-19
  1.8162729845843063E+04  8.4369853403849665E-19  2.8271192526363433E-19
  1.8343679692360463E+04  7.4781163418859432E-19  2.5339871995252175E-19
  1.8526432288091961E+04  6.6232852487091463E-19  2.2692610200878751E-19
  1.8711005593288879E+04  5.8617416857044181E-19  2.0303959403172621E-19
  1.8897417747135165E+04  5.1837912023870738E-19  1.8150547270292103E-19
  1.9085687069530151E+04  4.5806967813398415E-19  1.6210926498350029E-19
  1.9275832062888720E+04  4.0445890405766963E-19  1.4465433560266355E-19
  1.9467871413959794E+04  3.5683844496354049E-19  1.2896056339580755E-19
  1.9661823995662897E+04  3.1457108741990782E-19  1.1486310206700744E-19
  1.9857708868942693E+04  2.7708398210285126E-19  1.0221122108654859E-19
  2.0055545284642332E+04  2.4386248072403011E-19  9.0867222571921214E-20
  2.0255352685395483E+04  2.1444453258993077E-19  8.0705430139760957E-20
  2.0457150707536835E+04  1.8841559238690978E-19  7.1611245855963228E-20
  2.0660959183032024E+04  1.6540399482748084E-19  6.3480271554695565E-20
  2.0866798141426723E+04  1.4507675715413113E-19  5.6217491677498555E-20
  2.1074687811814885E+04  1.2713577276598577E-19  4.9736514195131020E-20
  2.1284648624826863E+04  1.1131434828755912E-19  4.3958860986425908E-20
  2.1496701214637393E+04  9.7374069951436961E-20  3.8813311438581183E-20
  2.1710866420993207E+04  8.5101967617832078E-20  3.4235294879866052E-20
  2.1927165291261193E+04  7.4307947151466897E-20  3.0166327798626626E-20
  2.2145619082497007E+04  6.4822467186247049E-20  2.6553493082325241E-20
  2.2366249263533799E+04  5.6494438346960475E-20  2.3348958640169783E-20
  2.2589077517092472E+04  4.9189324860824538E-20  2.0509532896998028E-20
  2.2814125741912263E+04  4.2787430203437293E-20  1.7996254767594480E-20
  2.3041416054902991E+04  3.7182349995439005E-20  1.5774015839190685E-20
  2.3270970793318778E+04  3.2279576809522619E-20  1.3811212605491575E-20
  2.3502812516952996E+04  2.7995242752352679E-20  1.2079426647179450E-20
  2.3736964010355470E+04  2.4254986234804346E-20  1.0553130485013759E-20
  2.3973448285071852E+04  2.0992934213377786E-20  9.2094186097820225E-21
  2.4212288581904788E+04  1.8150787158024729E-20  8.0277609821997173E-21
  2.4453508373198081E+04  1.5676995778008489E-20  6.9897768807012849E-21
  2.4697131365143632E+04  1.3526021959915297E-20  6.0790281151072765E-21
  2.4943181500110906E+04  1.1657675876107082E-20  5.2808301755290413E-21
  2.5191682959000012E+04  1.0036521904053440E-20  4.5820799571682304E-21
  2.5442660163618315E+04  8.6313466620630699E-21  3.9710987865314216E-21
  2.5696137779080163E+04  7.4146830756477556E-21  3.4374895556895842E-21
  2.5952140716231086E+04  6.3623849456451540E-21  2.9720068486142937E-21
  2.6210694134096066E+04  5.4532469985009162E-21  2.5664390173778388E-21
  2.6471823442351772E+04  4.6686658661450544E-21  2.2135012371005587E-21
  2.6735554303823876E+04  3.9923379117894072E-21  1.9067386567039058E-21
  2.7001912637009282E+04  3.4099900601594361E-21  1.6404387509126259E-21
  2.7270924618622903E+04  2.9091402055809678E-21  1.4095520772996844E-21
  2.7542616686170662E+04  2.4788843400982973E-21  1.2096208074050101E-21
  2.7817015540547276E+04  2.1097075290594903E-21  1.0367143105960360E-21
  2.8094148148660486E+04  1.7933162210381140E-21  8.8737116280200075E-22
  2.8374041746081464E+04  1.5224896369859999E-21  7.5854700574735453E-22
  2.8656723839721031E+04  1.2909482053213414E-21  6.4756772666894229E-22
  2.8942222210533164E+04  1.0932372112794072E-21  5.5208747011597287E-22
  2.9230564916245337E+04  9.2462401198972242E-22  4.7005103241130963E-22
  2.9521780294115597E+04  7.8100733495125591E-22  3.9966022580337890E-22
  2.9815896963717620E+04  6.5883732828665559E-22  3.3934383336185322E-22
  3.0112943829753527E+04  5.5504516559763821E-22  2.8773080625080798E-22
  3.0412950084894150E+04  4.6698113381842704E-22  2.4362638581738424E-22
  3.0715945212648170E+04  3.9236026184913871E-22  2.0599086884599616E-22
  3.1021958990259845E+04  3.2921460710937163E-22  1.7392073894222392E-22
  3.1331021491635023E+04  2.7585143852285905E-22  1.4663192583649743E-22
  3.1643163090296872E+04  2.3081663499713243E-22  1.2344497521676047E-22
  3.1958414462371096E+04  1.9286268829090096E-22  1.0377192974265348E-22
  3.2276806589600270E+04  1.6092076591089224E-22  8.7104740463329123E-23
  3.2598370762388797E+04  1.3407634969827004E-22  7.3005044951422767E-23
  3.2923138582878229E+04  1.1154801966810726E-22  6.1095164166591158E-23
  3.3251141968052543E+04  9.2669001023116539E-23  5.1050184462370776E-23
  3.3582413152875328E+04  7.6871135597042694E-23  4.2591004335952101E-23
  3.3916984693457307E+04  6.3670977760248639E-23  3.5478237565379196E-23
  3.4254889470255977E+04  5.2657749616245254E-23  2.9506875442630211E-23
  3.4596160691307217E+04  4.3482920974403221E-23  2.4501620703070065E-23
  3.4940831895488431E+04  3.5851207415757513E-23  2.0312814903567534E-23
  3.5288936955814810E+04  2.9512804626618169E-23  1.6812889469579968E-23
  3.5640510082768502E+04  2.4256698634077921E-23  1.3893277905073823E-23
  3.5995585827660245E+04  1.9904911189634510E-23  1.1461733526531296E-23
  3.6354199086025146E+04  1.6307556809818522E-23  9.4400032186384834E-24
  3.6716385101052299E+04  1.3338603274697156E-23  7.7618132398349909E-24
  3.7082179467047958E+04  1.0892240917845662E-23  6.3711280843917338E-24
  3.7451618132933792E+04  8.8797780006872334E-24  5.2206478812822035E-24
  3.7824737405780055E+04  7.2269900180992215E-24  4.2705138228857275E-24
  3.8201573954373263E+04  5.8718600826121400E-24  3.4871947094904016E-24
  3.8582164812820076E+04  4.7626557183831439E-24  2.8425309067695568E-24
  3.8966547384187135E+04  3.8562945868383222E-24  2.3129148782333904E-24
  3.9354759444176401E+04  3.1169579744519417E-24  1.8785900057588029E-24
  3.9746839144837846E+04  2.5149163993594543E-24  1.5230516788389881E-24
  4.0142825018319185E+04  2.0255365269269011E-24  1.2325366449411743E-24
  4.0542755980652044E+04  1.6284428052167551E-24  9.9558839480815924E-25
  4.0946671335577172E+04  1.3068109112758081E-24  8.0268793106932974E-25
  4.1354610778406503E+04  1.0467733024444503E-24  6.4594065752435333E-25
  4.1766614399924452E+04  8.3691995061158757E-25  5.1881134942248939E-25
  4.2182722690328228E+04  6.6787975245876309E-25  4.1590023975312150E-25
  4.2602976543206496E+04  5.3197020051523519E-25  3.3275419911185856E-25