 #p(MeV) \t \delta f_\\nu \t \delta f_\\nubar
  2.9704042610836593E-02  9.9232430927605988E-02  2.1272736111113679E-06
  2.9999975105400908E-02  9.8985290956838820E-02  2.1083766643746919E-06
  3.0298855886920165E-02  9.8752180955490390E-02  2.0896282703204251E-06
  3.0600714328295746E-02  9.8541332559182529E-02  2.0710279238499272E-06
  3.0905580095062401E-02  9.8365135923886363E-02  2.0525752085213317E-06
  3.1213483148303797E-02  9.8147199350091391E-02  2.0342697725514110E-06
  3.1524453747596867E-02  9.7920263335893876E-02  2.0161113058572514E-06
  3.1838522453985663E-02  9.7643079550139983E-02  1.9980995331042362E-06
  3.2155720132984837E-02  9.7403309063172849E-02  1.9802342164971403E-06
  3.2476077957612863E-02  9.7160096384211705E-02  1.9625151175996243E-06
  3.2799627411455735E-02  9.6963286453603595E-02  1.9449419125569189E-06
  3.3126400291760956E-02  9.6749294463397972E-02  1.9275141023989571E-06
  3.3456428712562505E-02  9.6525592294084306E-02  1.9102309577156237E-06
  3.3789745107836930E-02  9.6288916579498438E-02  1.8930915093274804E-06
  3.4126382234690694E-02  9.6046852463747265E-02  1.8760945726673075E-06
  3.4466373176579627E-02  9.5794389710173775E-02  1.8592387881089253E-06
  3.4809751346560065E-02  9.5580814893617194E-02  1.8425226637734600E-06
  3.5156550490572612E-02  9.5347338095886247E-02  1.8259446126922627E-06
  3.5506804690758682E-02  9.5119264974655102E-02  1.8095029891728753E-06
  3.5860548368809773E-02  9.4905505440614962E-02  1.7931961149732700E-06
  3.6217816289350481E-02  9.4704215009917436E-02  1.7770222702296778E-06
  3.6578643563354905E-02  9.4471980187435134E-02  1.7609796888283656E-06
  3.6943065651597294E-02  9.4286128724493753E-02  1.7450665996733705E-06
  3.7311118368137032E-02  9.4069334856577771E-02  1.7292813017490003E-06
  3.7682837883838187E-02  9.3837432430725926E-02  1.7136222356825191E-06
  3.8058260729924409E-02  9.3604253795476294E-02  1.6980880239183690E-06
  3.8437423801568976E-02  9.3397708616827876E-02  1.6826774759105176E-06
  3.8820364361520691E-02  9.3171236833107449E-02  1.6673895697640490E-06
  3.9207120043766086E-02  9.2942049188346879E-02  1.6522234231238000E-06
  3.9597728857227753E-02  9.2731764404450759E-02  1.6371782630863086E-06
  3.9992229189499892E-02  9.2517707658579806E-02  1.6222533960826872E-06
  4.0390659810620767E-02  9.2298050316620611E-02  1.6074481774455459E-06
  4.0793059876882934E-02  9.2077487426767357E-02  1.5927620089116555E-06
  4.1199468934681467E-02  9.1852836704369181E-02  1.5781943596496859E-06
  4.1609926924400235E-02  9.1627590895975788E-02  1.5637447717795539E-06
  4.2024474184337315E-02  9.1394163096478132E-02  1.5494128347730498E-06
  4.2443151454669120E-02  9.1214592249060825E-02  1.5351981413552421E-06
  4.2865999881454245E-02  9.0988900418094459E-02  1.5211002468935509E-06
  4.3293061020677245E-02  9.0803529611555037E-02  1.5071186458220083E-06
  4.3724376842332449E-02  9.0600133469092792E-02  1.4932527650550233E-06
  4.4159989734548689E-02  9.0372778604552687E-02  1.4795019689478535E-06
  4.4599942507755119E-02  9.0141392516724053E-02  1.4658655696985895E-06
  4.5044278398888304E-02  8.9898009849431082E-02  1.4523428392206617E-06
  4.5493041075641588E-02  8.9678981893115975E-02  1.4389330217983363E-06
  4.5946274640756367E-02  8.9460247197283446E-02  1.4256353427238960E-06
  4.6404023636356567E-02  8.9245091664147430E-02  1.4124490175570885E-06
  4.6866333048325923E-02  8.9033403732739408E-02  1.3993732770383543E-06
  4.7333248310729048E-02  8.8847420615810455E-02  1.3864074071122338E-06
  4.7804815310276638E-02  8.8648296319519218E-02  1.3735507884847344E-06
  4.8281080390834917E-02  8.8462151712006817E-02  1.3608029201597163E-06
  4.8762090357980160E-02  8.8249411359601335E-02  1.3481634212713443E-06
  4.9247892483598683E-02  8.8034203828565305E-02  1.3356320162356713E-06
  4.9738534510532381E-02  8.7815265931915118E-02  1.3232085118030990E-06
  5.0234064657270906E-02  8.7600174199306199E-02  1.3108927730013550E-06
  5.0734531622690190E-02  8.7386548539200012E-02  1.2986847019314483E-06
  5.1239984590838616E-02  8.7168342385995912E-02  1.2865842216699875E-06
  5.1750473235770464E-02  8.6967821175007301E-02  1.2745912617516896E-06
  5.2266047726427761E-02  8.6763697682754021E-02  1.2627057286330913E-06
  5.2786758731570758E-02  8.6552531446691311E-02  1.2509274516990985E-06
  5.3312657424757375E-02  8.6342120830336641E-02  1.2392561173341434E-06
  5.3843795489372348E-02  8.6141694512022526E-02  1.2276912152541549E-06
  5.4380225123706619E-02  8.5953186316253469E-02  1.2162320151659745E-06
  5.4921999046086988E-02  8.5769988415082460E-02  1.2048775766329327E-06
  5.5469170500057306E-02  8.5576818574209082E-02  1.1936267822749122E-06
  5.6021793259610778E-02  8.5352661722660886E-02  1.1824783805327897E-06
  5.6579921634474957E-02  8.5115572020828464E-02  1.1714310274312007E-06
  5.7143610475448928E-02  8.4865365574429641E-02  1.1604833220058447E-06
  5.7712915179793815E-02  8.4647089911312409E-02  1.1496338341613218E-06
  5.8287891696677224E-02  8.4435603263505757E-02  1.1388811285890762E-06
  5.8868596532671479E-02  8.4248676653159799E-02  1.1282237997857642E-06
  5.9455086757306999E-02  8.4096091376712159E-02  1.1176605228484141E-06
  6.0047420008680963E-02  8.3915942264157287E-02  1.1071901046325082E-06
  6.0645654499121550E-02  8.3723076834528634E-02  1.0968115170111080E-06
  6.1249849020909075E-02  8.3517011715634776E-02  1.0865239030960208E-06
  6.1860062952053638E-02  8.3316975808005178E-02  1.0763265594444906E-06
  6.2476356262130842E-02  8.3098957518450686E-02  1.0662189042222591E-06
  6.3098789518175130E-02  8.2899050213931028E-02  1.0562004422957037E-06
  6.3727423890632198E-02  8.2677042341694720E-02  1.0462707344839306E-06
  6.4362321159370711E-02  8.2500469722100761E-02  1.0364293737868289E-06
  6.5003543719753559E-02  8.2294226891254457E-02  1.0266759679377716E-06
  6.5651154588770036E-02  8.2099594199439213E-02  1.0170101244729691E-06
  6.6305217411228898E-02  8.1896782040604937E-02  1.0074314265370790E-06
  6.6965796466013000E-02  8.1702110850431373E-02  9.9793939769585163E-07
  6.7632956672396619E-02  8.1506938928825282E-02  9.8853347516995624E-07
  6.8306763596425193E-02  8.1304121929778025E-02  9.7921300728255129E-07
  6.8987283457359216E-02  8.1097758999292266E-02  9.6997727603587034E-07
  6.9674583134181803E-02  8.0899429729612435E-02  9.6082553342763533E-07
  7.0368730172171295E-02  8.0697764123709756E-02  9.5175703699258745E-07
  7.1069792789539635E-02  8.0506682737257709E-02  9.4277107534411963E-07
  7.1777839884136274E-02  8.0307586348959500E-02  9.3386698137476924E-07
  7.2492941040219305E-02  8.0106179575171202E-02  9.2504413519396657E-07
  7.3215166535294168E-02  7.9916764916913977E-02  9.1630196087382940E-07
  7.3944587347019836E-02  7.9736132265568679E-02  9.0763992179775858E-07
  7.4681275160184676E-02  7.9556650090966949E-02  8.9905752352324621E-07
  7.5425302373751002E-02  7.9365575031044577E-02  8.9055432670888835E-07
  7.6176742107970513E-02  7.9173251989059640E-02  8.8212995154224583E-07
  7.6935668211569955E-02  7.8965163418976081E-02  8.7378405777514418E-07
  7.7702155269008907E-02  7.8757409624574407E-02  8.6551630161630293E-07
  7.8476278607809688E-02  7.8546692927378578E-02  8.5732628335088274E-07
  7.9258114305960109E-02  7.8361979105080359E-02  8.4921350434320602E-07
  8.0047739199390219E-02  7.8166103151714406E-02  8.4117734446229160E-07
  8.0845230889523570E-02  7.7995851406915395E-02  8.3321706000702050E-07
  8.1650667750903350E-02  7.7805171568292239E-02  8.2533179664655306E-07
  8.2464128938895043E-02  7.7617216707665609E-02  8.1752061021536958E-07
  8.3285694397465193E-02  7.7457106436099904E-02  8.0978248906158064E-07
  8.4115444867038369E-02  7.7279954542516988E-02  8.0211637071792374E-07
  8.4953461892431678E-02  7.7082711878353499E-02  7.9452114873579839E-07
  8.5799827830868924E-02  7.6885580963205941E-02  7.8699568361566426E-07
  8.6654625860074372E-02  7.6686662568870800E-02  7.7953883399184631E-07
  8.7517939986446983E-02  7.6484118978330851E-02  7.7214950878836470E-07
  8.8389855053316341E-02  7.6271206854914175E-02  7.6482672832561984E-07
  8.9270456749280899E-02  7.6091605684076982E-02  7.5756967535062978E-07
  9.0159831616628841E-02  7.5909628655624561E-02  7.5037772124368229E-07
  9.1058067059843317E-02  7.5727627835012676E-02  7.4325042631965170E-07
  9.1965251354192257E-02  7.5541047164859418E-02  7.3618752053563408E-07
  9.2881473654403718E-02  7.5349036570187697E-02  7.2918887345936854E-07
  9.3806824003427589E-02  7.5154576048392721E-02  7.2225446132548547E-07
  9.4741393341284688E-02  7.4951013261991564E-02  7.1538433798691123E-07
  9.5685273514004243E-02  7.4772512055911358E-02  7.0857861651777157E-07
  9.6638557282649848E-02  7.4587176164837288E-02  7.0183745649616789E-07
  9.7601338332435866E-02  7.4420881582484888E-02  6.9516104331142570E-07
  9.8573711281934526E-02  7.4270161672181312E-02  6.8854955295226316E-07
  9.9555771692374520E-02  7.4102360840920353E-02  6.8200310572128956E-07
  1.0054761607703247E-01  7.3918782585192036E-02  6.7552172016550976E-07
  1.0154934191071795E-01  7.3722709281002788E-02  6.6910528187585618E-07
  1.0256104763935302E-01  7.3524070468372379E-02  6.6275353201555600E-07
  1.0358283268964683E-01  7.3330082477820635E-02  6.5646607336483715E-07
  1.0461479747886715E-01  7.3133033402714098E-02  6.5024238832026365E-07
  1.0565704342470914E-01  7.2952551123269899E-02  6.4408186244581976E-07
  1.0670967295526192E-01  7.2770392011694246E-02  6.3798380807087738E-07
  1.0777278951907503E-01  7.2590456032723016E-02  6.3194748081104549E-07
  1.0884649759532521E-01  7.2411780836145995E-02  6.2597208558462455E-07
  1.0993090270408379E-01  7.2226748885957912E-02  6.2005677929635546E-07
  1.1102611141668697E-01  7.2051197780587939E-02  6.1420067904900976E-07
  1.1213223136620951E-01  7.1877417493811629E-02  6.0840288036636349E-07
  1.1324937125804227E-01  7.1709716953421515E-02  6.0266248371780063E-07
  1.1437764088057525E-01  7.1527476167075943E-02  5.9697862091816361E-07
  1.1551715111598745E-01  7.1340290947151261E-02  5.9135047485558320E-07
  1.1666801395114397E-01  7.1171505940159141E-02  5.8577729033052736E-07
  1.1783034248860139E-01  7.0989699428751149E-02  5.8025837604856905E-07
  1.1900425095772323E-01  7.0788876837329040E-02  5.7479310014448598E-07
  1.2018985472590625E-01  7.0604862070727428E-02  5.6938088225570739E-07
  1.2138727030991785E-01  7.0434751312224139E-02  5.6402118629585803E-07
  1.2259661538734713E-01  7.0258625339876923E-02  5.5871351892356688E-07
  1.2381800880817000E-01  7.0084707000139398E-02  5.5345743206815834E-07
  1.2505157060642907E-01  6.9897316672916446E-02  5.4825252336317644E-07
  1.2629742201203017E-01  6.9735161373832288E-02  5.4309842921916200E-07
  1.2755568546265642E-01  6.9576500860654575E-02  5.3799480955099916E-07
  1.2882648461580112E-01  6.9395957355526644E-02  5.3294132837710013E-07
  1.3010994436092002E-01  6.9226033186457592E-02  5.2793763602399105E-07
  1.3140619083170521E-01  6.9045152248997169E-02  5.2298335616688930E-07
  1.3271535141848118E-01  6.8856417491018965E-02  5.1807807938213506E-07
  1.3403755478072393E-01  6.8663503354523259E-02  5.1322136265449887E-07
  1.3537293085970545E-01  6.8489841719620553E-02  5.0841273282229471E-07
  1.3672161089126375E-01  6.8309029313061917E-02  5.0365169188456088E-07
  1.3808372741870045E-01  6.8126717239767820E-02  4.9893772153636523E-07
  1.3945941430580608E-01  6.7966461958061108E-02  4.9427028686225865E-07
  1.4084880675001624E-01  6.7806727618110602E-02  4.8964884207711375E-07
  1.4225204129569835E-01  6.7641103802845964E-02  4.8507284138514776E-07
  1.4366925584757029E-01  6.7461819312330779E-02  4.8054175542915978E-07
  1.4510058968425343E-01  6.7278292754170368E-02  4.7605508990942440E-07
  1.4654618347196061E-01  6.7109353734423713E-02  4.7161240096439222E-07
  1.4800617927831983E-01  6.6941477456456039E-02  4.6721330432074965E-07
  1.4948072058633644E-01  6.6757559330872532E-02  4.6285747710809407E-07
  1.5096995230849419E-01  6.6590141977847198E-02  4.5854465322777136E-07
  1.5247402080099667E-01  6.6414341245829830E-02  4.5427461478383567E-07
  1.5399307387815012E-01  6.6241017604157570E-02  4.5004718188121483E-07
  1.5552726082689089E-01  6.6067551108692932E-02  4.4586220261409131E-07
  1.5707673242145648E-01  6.5890842415507647E-02  4.4171954480657029E-07
  1.5864164093820277E-01  6.5725431671357096E-02  4.3761909046882835E-07
  1.6022214017056949E-01  6.5556248465191910E-02  4.3356073272202061E-07
  1.6181838544419472E-01  6.5398517319164795E-02  4.2954437345532362E-07
  1.6343053363217908E-01  6.5235531010751552E-02  4.2556992047134016E-07
  1.6505874317050304E-01  6.5072584248379056E-02  4.2163728498138074E-07
  1.6670317407359753E-01  6.4911904265868958E-02  4.1774637936734346E-07
  1.6836398795006946E-01  6.4754436454367764E-02  4.1389711501135208E-07
  1.7004134801858353E-01  6.4579129201970634E-02  4.1008940057417064E-07
  1.7173541912390364E-01  6.4403831895158886E-02  4.0632314077293478E-07
  1.7344636775309275E-01  6.4228300864114102E-02  4.0259823548975855E-07
  1.7517436205187437E-01  6.4040029740769985E-02  3.9891457913412794E-07
  1.7691957184115767E-01  6.3835130975664081E-02  3.9527206328124584E-07
  1.7868216863372705E-01  6.3668581866891893E-02  3.9167059219282111E-07
  1.8046232565109713E-01  6.3498783633478620E-02  3.8811012035797953E-07
  1.8226021784053673E-01  6.3331883718263204E-02  3.8459071314284890E-07
  1.8407602189226219E-01  6.3195322521337596E-02  3.8111262137915400E-07
  1.8590991625680173E-01  6.3035071407661861E-02  3.7767635278676971E-07
  1.8776208116253224E-01  6.2884414616220671E-02  3.7428272238588234E-07
  1.8963269863339263E-01  6.2716747890701141E-02  3.7093287030313566E-07
  1.9152195250677181E-01  6.2557152584247530E-02  3.6762824542735227E-07
  1.9343002845157536E-01  6.2379921286953424E-02  3.6437056247785184E-07
  1.9535711398647274E-01  6.2212031755235334E-02  3.6116174460888875E-07
  1.9730339849832607E-01  6.2040546010532799E-02  3.5800386328881271E-07
  1.9926907326080182E-01  6.1871334708985128E-02  3.5489908331507253E-07
  2.0125433145316896E-01  6.1706513636209638E-02  3.5184961074871273E-07
  2.0325936817928372E-01  6.1547487660455626E-02  3.4885763988100847E-07
  2.0528438048676409E-01  6.1375366186108761E-02  3.4592529613470440E-07
  2.0732956738635375E-01  6.1221841605265115E-02  3.4305457387983330E-07
  2.0939512987148151E-01  6.1059566531552034E-02  3.4024727470733255E-07
  2.1148127093801361E-01  6.0897906500620033E-02  3.3750496210348805E-07
  2.1358819560420322E-01  6.0737648514516455E-02  3.3482893796090239E-07
  2.1571611093083895E-01  6.0582190156283265E-02  3.3222024346421797E-07
  2.1786522604159447E-01  6.0417054495353069E-02  3.2967968193775661E-07
  2.2003575214357987E-01  6.0262646110884631E-02  3.2720785631477929E-07
  2.2222790254809840E-01  6.0111955481647814E-02  3.2480521233847871E-07
  2.2444189269161038E-01  5.9939189160562241E-02  3.2247208124176134E-07
  2.2667794015690509E-01  5.9788987957669439E-02  3.2020873125738868E-07
  2.2893626469448364E-01  5.9629826458415178E-02  3.1801545092908640E-07
  2.3121708824415613E-01  5.9475938738963556E-02  3.1589268084203951E-07
  2.3352063495685266E-01  5.9324729194100097E-02  3.1384119496624124E-07
  2.3584713121665177E-01  5.9168018159862425E-02  3.1186231446952748E-07
  2.3819680566302875E-01  5.9017338872926511E-02  3.0995811328059908E-07
  2.4056988921332623E-01  5.8872440245672168E-02  3.0813157460756867E-07
  2.4296661508544670E-01  5.8711579227688888E-02  3.0638666981043283E-07
  2.4538721882077291E-01  5.8558178408065042E-02  3.0472835033070321E-07
  2.4783193830731629E-01  5.8396987732559968E-02  3.0316246662959649E-07
  2.5030101380309550E-01  5.8230560936666474E-02  3.0169564255831354E-07
  2.5279468795974713E-01  5.8081333612220953E-02  3.0033513748975492E-07
  2.5531320584637446E-01  5.7930112791130681E-02  2.9908871514438260E-07
  2.5785681497363061E-01  5.7766019002173916E-02  2.9796451205238900E-07
  2.6042576531804323E-01  5.7626245884647882E-02  2.9697089991716158E-07
  2.6302030934658127E-01  5.7479694165943243E-02  2.9611633172958348E-07
  2.6564070204146700E-01  5.7339004956277508E-02  2.9540916173942620E-07
  2.6828720092523406E-01  5.7201960982914545E-02  2.9485746643878816E-07
  2.7096006608603590E-01  5.7067254899081279E-02  2.9446890554897901E-07
  2.7365956020320698E-01  5.6933426782764300E-02  2.9425063926301450E-07
  2.7638594857307702E-01  5.6809936011359398E-02  2.9420932008020916E-07
  2.7913949913504366E-01  5.6687732833850105E-02  2.9435116005838398E-07
  2.8192048249790508E-01  5.6547186422926922E-02  2.9468205751411182E-07
  2.8472917196645381E-01  5.6428289215194598E-02  2.9520775837875505E-07
  2.8756584356833620E-01  5.6298876100187252E-02  2.9593402281747050E-07
  2.9043077608117940E-01  5.6172771358449149E-02  2.9686677409676937E-07
  2.9332425105998911E-01  5.6043261737800117E-02  2.9801220046912575E-07
  2.9624655286481899E-01  5.5911738846862902E-02  2.9937679476111203E-07
  2.9919796868871690E-01  5.5770560235737746E-02  3.0096733704132812E-07
  3.0217878858594938E-01  5.5649502846146864E-02  3.0279083327831663E-07
  3.0518930550050710E-01  5.5514296883980352E-02  3.0485441270863353E-07
  3.0822981529489324E-01  5.5398471452403300E-02  3.0716522455616570E-07
  3.1130061677920146E-01  5.5272529721228952E-02  3.0973036659453249E-07
  3.1440201174048105E-01  5.5142013184696984E-02  3.1255686468246730E-07
  3.1753430497239460E-01  5.5034510374125385E-02  3.1565170744279166E-07
  3.2069780430517364E-01  5.4918969675138603E-02  3.1902192557661943E-07
  3.2389282063587038E-01  5.4816917542430732E-02  3.2267469469376022E-07
  3.2711966795891023E-01  5.4709275954440646E-02  3.2661743561013806E-07
  3.3037866339695232E-01  5.4594109118086966E-02  3.3085787146167509E-07
  3.3367012723205408E-01  5.4488265967702378E-02  3.3540399868437424E-07
  3.3699438293714573E-01  5.4371919353835903E-02  3.4026394666312857E-07
  3.4035175720782407E-01  5.4253506149571730E-02  3.4544572153802908E-07
  3.4374257999445451E-01  5.4130583735055152E-02  3.5095682447231656E-07
  3.4716718453459899E-01  5.4017094289865272E-02  3.5680378788568655E-07
  3.5062590738576799E-01  5.3898477497590948E-02  3.6299169954215060E-07
  3.5411908845849133E-01  5.3774125568368435E-02  3.6952378469660662E-07
  3.5764707104972709E-01  5.3657071188209698E-02  3.7640110132249554E-07
  3.6121020187659847E-01  5.3545661454512596E-02  3.8362236876935643E-07
  3.6480883111046641E-01  5.3417478517045626E-02  3.9118390657083432E-07
  3.6844331241134570E-01  5.3308455277715064E-02  3.9907964267071687E-07
  3.7211400296265995E-01  5.3190758142458376E-02  4.0730116543596012E-07
  3.7582126350634343E-01  5.3070748617691385E-02  4.1583777811088422E-07
  3.7956545837829547E-01  5.2935403784208600E-02  4.2467656070247251E-07
  3.8334695554418502E-01  5.2820074603262053E-02  4.3380249407943181E-07
  3.8716612663561201E-01  5.2696956296045414E-02  4.4319862515515308E-07
  3.9102334698663166E-01  5.2580595165681331E-02  4.5284624846918884E-07
  3.9491899567064054E-01  5.2456630896303841E-02  4.6272511883004865E-07
  3.9885345553762858E-01  5.2338960782301311E-02  4.7281365117698237E-07
  4.0282711325180720E-01  5.2217885178235141E-02  4.8308905458180827E-07
  4.0684035932960760E-01  5.2094952191160816E-02  4.9352735949836354E-07
  4.1089358817805771E-01  5.1976585275978933E-02  5.0410332830651134E-07
  4.1498719813354773E-01  5.1846487081875309E-02  5.1479028021226585E-07
  4.1912159150097172E-01  5.1733593738817904E-02  5.2555987276628065E-07
  4.2329717459326710E-01  5.1609178879182475E-02  5.3638192440975423E-07
  4.2751435777134794E-01  5.1481660700733671E-02  5.4722435002824829E-07
  4.3177355548442875E-01  5.1356063096388904E-02  5.5805325051892461E-07
  4.3607518631075909E-01  5.1228193807519383E-02  5.6883320091042913E-07
  4.4041967299875850E-01  5.1094477061199420E-02  5.7952779262543921E-07
  4.4480744250856147E-01  5.0967040378759980E-02  5.9010037202803271E-07
  4.4923892605397975E-01  5.0839606855864500E-02  6.0051488129303549E-07
  4.5371455914487935E-01  5.0717507174771082E-02  6.1073666570990091E-07
  4.5823478162997988E-01  5.0592583939190722E-02  6.2073310061197235E-07
  4.6280003774008305E-01  5.0464548599234160E-02  6.3047393574270246E-07
  4.6741077613172960E-01  5.0330798867908796E-02  6.3993135075663432E-07
  4.7206744993128963E-01  5.0207778002431536E-02  6.4907976385158292E-07
  4.7677051677949739E-01  5.0082429186766204E-02  6.5789552247111606E-07
  4.8152043887642459E-01  4.9962656072686837E-02  6.6635662242597866E-07
  4.8631768302690298E-01  4.9834572771615439E-02  6.7444251287808867E-07
  4.9116272068640254E-01  4.9708601356897759E-02  6.8213397744272634E-07
  4.9605602800736298E-01  4.9584712454579398E-02  6.8941324048115217E-07
  5.0099808588598682E-01  4.9460851804205702E-02  6.9626424559542457E-07
  5.0598938000950477E-01  4.9330561960269206E-02  7.0267302680178640E-07
  5.1103040090390128E-01  4.9214253328983153E-02  7.0862810888310880E-07
  5.1612164398212446E-01  4.9096669605077553E-02  7.1412084913757700E-07
  5.2126360959277684E-01  4.8975782466914621E-02  7.1914563936506949E-07
  5.2645680306928044E-01  4.8849411814931361E-02  7.2369992869443573E-07
  5.3170173477954541E-01  4.8718229495180287E-02  7.2778407182087315E-07
  5.3699892017612472E-01  4.8588760870486671E-02  7.3140104320377894E-07
  5.4234887984686930E-01  4.8457032928717496E-02  7.3455610979774055E-07
  5.4775213956609314E-01  4.8330564171812813E-02  7.3725651274210931E-07
  5.5320923034624181E-01  4.8203115538179159E-02  7.3951113616297054E-07
  5.5872068849007828E-01  4.8072025449500844E-02  7.4133023245991653E-07
  5.6428705564339066E-01  4.7941338226067422E-02  7.4272521833985958E-07
  5.6990887884822228E-01  4.7816266842649467E-02  7.4370848296583136E-07
  5.7558671059663113E-01  4.7699655100252758E-02  7.4429320353739511E-07
  5.8132110888499000E-01  4.7573755861387651E-02  7.4449317233829949E-07
  5.8711263726882279E-01  4.7447729787902973E-02  7.4432264781957373E-07
  5.9296186491818659E-01  4.7323304550290352E-02  7.4379624386107835E-07
  5.9886936667361168E-01  4.7212502642297136E-02  7.4292886014105935E-07
  6.0483572310259248E-01  4.7090323164699903E-02  7.4173564700106457E-07
  6.1086152055664122E-01  4.6971343530564466E-02  7.4023198041845756E-07
  6.1694735122891942E-01  4.6853669902118901E-02  7.3843342526809780E-07
  6.2309381321242807E-01  4.6728300993264159E-02  7.3635567564318218E-07
  6.2930151055879013E-01  4.6611493943710634E-02  7.3401446163478727E-07
  6.3557105333761799E-01  4.6486389171460259E-02  7.3142541542045749E-07
  6.4190305769646050E-01  4.6367164065629539E-02  7.2860391532961484E-07
  6.4829814592136303E-01  4.6236365422472323E-02  7.2556492682554798E-07
  6.5475694649802085E-01  4.6115682670030626E-02  7.2232286446978659E-07
  6.6128009417354205E-01  4.5988525792103045E-02  7.1889149890269877E-07
  6.6786823001883266E-01  4.5860581361776023E-02  7.1528392545884736E-07
  6.7452200149159613E-01  4.5735528461564007E-02  7.1151259538985362E-07
  6.8124206249996178E-01  4.5606501422019365E-02  7.0758940168694001E-07
  6.8802907346675168E-01  4.5492413270443996E-02  7.0352578806225985E-07
  6.9488370139438338E-01  4.5367517230402346E-02  6.9933284602899622E-07
  7.0180661993041760E-01  4.5260001629060756E-02  6.9502138505724956E-07
  7.0879850943376688E-01  4.5140604018579535E-02  6.9060197194172176E-07
  7.1586005704155586E-01  4.5025069291555093E-02  6.8608490946890704E-07
  7.2299195673664862E-01  4.4917958613073274E-02  6.8148016909575635E-07
  7.3019490941585552E-01  4.4796046772653038E-02  6.7679729256145446E-07
  7.3746962295881202E-01  4.4671307719261845E-02  6.7204527464380486E-07
  7.4481681229754459E-01  4.4549135845983932E-02  6.6723244808629636E-07
  7.5223719948673573E-01  4.4424789605519627E-02  6.6236639757436486E-07
  7.5973151377468329E-01  4.4302697664481160E-02  6.5745392292931382E-07
  7.6730049167496439E-01  4.4172815913797049E-02  6.5250106378538466E-07
  7.7494487703882620E-01  4.4051848477056316E-02  6.4751318476071702E-07
  7.8266542112827908E-01  4.3936351567641002E-02  6.4249509196289961E-07
  7.9046288268993159E-01  4.3820098269416165E-02  6.3745115745701450E-07
  7.9833802802956289E-01  4.3703697268112310E-02  6.3238545844870739E-07
  8.0629163108742230E-01  4.3582265309537287E-02  6.2730188090002624E-07
  8.1432447351429682E-01  4.3477863538342369E-02  6.2220418289006177E-07
  8.2243734474832730E-01  4.3368255729121438E-02  6.1709604803870300E-07
  8.3063104209258776E-01  4.3252739060667914E-02  6.1198113429504676E-07
  8.3890637079344710E-01  4.3132524003839844E-02  6.0686312414795932E-07
  8.4726414411970286E-01  4.3012157669187756E-02  6.0174577623136030E-07
  8.5570518344250390E-01  4.2892983916891218E-02  5.9663296720631010E-07
  8.6423031831607688E-01  4.2765256088171624E-02  5.9152870838198616E-07
  8.7284038655924934E-01  4.2652213288530819E-02  5.8643712413018843E-07
  8.8153623433778405E-01  4.2527281762103290E-02  5.8136240357488523E-07
  8.9031871624754366E-01  4.2409861732334742E-02  5.7630874229909956E-07
  8.9918869539847324E-01  4.2285776789583118E-02  5.7128027012821754E-07
  9.0814704349942199E-01  4.2174194493329549E-02  5.6628097678625516E-07
  9.1719464094381609E-01  4.2054414083141561E-02  5.6131465860928599E-07
  9.2633237689617820E-01  4.1939899483331169E-02  5.5638486579014730E-07
  9.3556114937950774E-01  4.1826330193536217E-02  5.5149484538736487E-07
  9.4488186536354501E-01  4.1713302873170578E-02  5.4664748152749343E-07
  9.5429544085389317E-01  4.1604865259707288E-02  5.4184524069618108E-07
  9.6380280098204540E-01  4.1487072425771022E-02  5.3709013916746427E-07
  9.7340488009630888E-01  4.1373318221434328E-02  5.3238374883470639E-07
  9.8310262185361685E-01  4.1260519980752051E-02  5.2772724159445193E-07
  9.9289697931227827E-01  4.1139025053303011E-02  5.2312145107564979E-07
  1.0027889150256373E+00  4.1022648960747927E-02  5.1856693944374535E-07
  1.0127794011366658E+00  4.0894013990547248E-02  5.1406407107259759E-07
  1.0228694194735088E+00  4.0776855019852093E-02  5.0961309242943577E-07
  1.0330599616459717E+00  4.0666343022960731E-02  5.0521417902923082E-07
  1.0433520291429683E+00  4.0553356393278644E-02  5.0086746144398498E-07
  1.0537466334309504E+00  4.0437572255606000E-02  4.9657304020569165E-07
  1.0642447960533072E+00  4.0310644346992656E-02  4.9233098963935275E-07
  1.0748475487307572E+00  4.0201075185846723E-02  4.8814135014287561E-07
  1.0855559334627456E+00  4.0085607394930362E-02  4.8400411226261953E-07
  1.0963710026298474E+00  3.9974760313601886E-02  4.7991920461475285E-07
  1.1072938190971875E+00  3.9858910255958925E-02  4.7588649625762057E-07
  1.1183254563189007E+00  3.9745382590670786E-02  4.7190580978323261E-07
  1.1294669984436252E+00  3.9620980555410724E-02  4.6797692727390039E-07
  1.1407195404210428E+00  3.9517698591598059E-02  4.6409959010037507E-07
  1.1520841881094999E+00  3.9405131800050362E-02  4.6027350328818653E-07
  1.1635620583846720E+00  3.9292094934565362E-02  4.5649834221108502E-07
  1.1751542792493326E+00  3.9167676822052390E-02  4.5277376271230625E-07
  1.1868619899442174E+00  3.9062629244262945E-02  4.4909941364121046E-07
  1.1986863410599675E+00  3.8937472131370332E-02  4.4547495001795227E-07
  1.2106284946502206E+00  3.8829385938691743E-02  4.4190004479570202E-07
  1.2226896243458063E+00  3.8714300930564181E-02  4.3837439420106908E-07
  1.2348709154700834E+00  3.8593462073664715E-02  4.3489770985388482E-07
  1.2471735651554381E+00  3.8474297546578350E-02  4.3146970483296873E-07
  1.2595987824609265E+00  3.8350278357129675E-02  4.2809009594420101E-07
  1.2721477884910966E+00  3.8242841630496523E-02  4.2475861429135657E-07
  1.2848218165159986E+00  3.8126235222667428E-02  4.2147500349965369E-07
  1.2976221120923839E+00  3.8007625440038766E-02  4.1823900860508923E-07
  1.3105499331861095E+00  3.7888788051265207E-02  4.1505036731379676E-07
  1.3236065502957737E+00  3.7774876527253087E-02  4.1190880556414294E-07
  1.3367932465775725E+00  3.7652181045058471E-02  4.0881403289555616E-07
  1.3501113179713999E+00  3.7546354851628383E-02  4.0576573862057097E-07
  1.3635620733282150E+00  3.7426177868261003E-02  4.0276358953074437E-07
  1.3771468345386677E+00  3.7315132584783167E-02  3.9980723041971847E-07
  1.3908669366630040E+00  3.7195835185432069E-02  3.9689628150432143E-07
  1.4047237280622855E+00  3.7078723358444192E-02  3.9403032411017770E-07
  1.4187185705308833E+00  3.6966584905866427E-02  3.9120888368475514E-07
  1.4328528394303190E+00  3.6851665757141425E-02  3.8843143447801341E-07
  1.4471279238244379E+00  3.6734155705885237E-02  3.8569742264571686E-07
  1.4615452266159032E+00  3.6616504890337020E-02  3.8300627687706681E-07
  1.4761061646840838E+00  3.6490114339168309E-02  3.8035741359142851E-07
  1.4908121690242939E+00  3.6372883169798642E-02  3.7775023962595785E-07
  1.5056646848884216E+00  3.6265864636694511E-02  3.7518415500819413E-07
  1.5206651719269719E+00  3.6138530129486653E-02  3.7265855938690720E-07
  1.5358151043325117E+00  3.6025937282636568E-02  3.7017286279961688E-07
  1.5511159709845426E+00  3.5911187864701731E-02  3.6772649524721283E-07
  1.5665692755958320E+00  3.5794881274862099E-02  3.6531891187932127E-07
  1.5821765368601888E+00  3.5669399334363139E-02  3.6294959525173625E-07
  1.5979392886017083E+00  3.5559858054893513E-02  3.6061804078136470E-07
  1.6138590799255224E+00  3.5438708613681910E-02  3.5832373015727054E-07
  1.6299374753700344E+00  3.5319206093281506E-02  3.5606613087180239E-07
  1.6461760550606694E+00  3.5200288368885391E-02  3.5384470712098629E-07
  1.6625764148651763E+00  3.5081016362507204E-02  3.5165892111433967E-07
  1.6791401665504562E+00  3.4965698728513350E-02  3.4950823383476733E-07
  1.6958689379409555E+00  3.4843480932030720E-02  3.4739210931583070E-07
  1.7127643730786610E+00  3.4726863712003411E-02  3.4531001627418342E-07
  1.7298281323846474E+00  3.4603604711330775E-02  3.4326142436369551E-07
  1.7470618928222681E+00  3.4486177741955344E-02  3.4124580255753798E-07
  1.7644673480619724E+00  3.4364908273819585E-02  3.3926262919174871E-07
  1.7820462086477276E+00  3.4243943736144422E-02  3.3731140804226834E-07
  1.7998002021651480E+00  3.4122835656379510E-02  3.3539167489070313E-07
  1.8177310734112662E+00  3.4002487447731190E-02  3.3350298453071065E-07
  1.8358405845660000E+00  3.3883396801461435E-02  3.3164488756803037E-07
  1.8541305153653453E+00  3.3764608341428803E-02  3.2981693235326733E-07
  1.8726026632762742E+00  3.3633414595798702E-02  3.2801867713543349E-07
  1.8912588436733806E+00  3.3519609681988853E-02  3.2624968542694147E-07
  1.9101008900172973E+00  3.3400909549085187E-02  3.2450952082521819E-07
  1.9291306540348774E+00  3.3266976996793700E-02  3.2279774648119553E-07
  1.9483500059011694E+00  3.3141288050294634E-02  3.2111393024731341E-07
  1.9677608344232225E+00  3.3024355970075185E-02  3.1945765183766739E-07
  1.9873650472257050E+00  3.2899093399730212E-02  3.1782850311091775E-07
  2.0071645709383743E+00  3.2767206236957197E-02  3.1622608437469064E-07
  2.0271613513854296E+00  3.2649547684815601E-02  3.1465001109404937E-07
  2.0473573537767349E+00  3.2522977977803888E-02  3.1309992496401874E-07
  2.0677545629009439E+00  3.2401498223297971E-02  3.1157547488737954E-07
  2.0883549833205812E+00  3.2277983450945222E-02  3.1007629119916876E-07
  2.1091606395690152E+00  3.2151712014806856E-02  3.0860199279731055E-07
  2.1301735763494363E+00  3.2022101475016357E-02  3.0715219553491329E-07
  2.1513958587358117E+00  3.1900365670128730E-02  3.0572651252384252E-07
  2.1728295723758104E+00  3.1775817140141160E-02  3.0432455336409358E-07
  2.1944768236957932E+00  3.1659435684990717E-02  3.0294592267234535E-07
  2.2163397401078169E+00  3.1531638274889980E-02  3.0159021824185002E-07
  2.2384204702187014E+00  3.1410465751613346E-02  3.0025703423924165E-07
  2.2607211840412011E+00  3.1283012032765789E-02  2.9894597161549968E-07
  2.2832440732072592E+00  3.1156068855071779E-02  2.9765664910972872E-07
  2.3059913511833847E+00  3.1031034323957925E-02  2.9638871280736439E-07
  2.3289652534881990E+00  3.0891463430399536E-02  2.9514183982019384E-07
  2.3521680379121270E+00  3.0769941294910123E-02  2.9391572026408090E-07
  2.3756019847392773E+00  3.0637628733191407E-02  2.9271003585343038E-07
  2.3992693969715542E+00  3.0508391279214436E-02  2.9152446512931308E-07
  2.4231726005549823E+00  3.0374919621398384E-02  2.9035869003172739E-07
  2.4473139446082826E+00  3.0246146561399220E-02  2.8921239196272560E-07
  2.4716958016537514E+00  3.0114598126619714E-02  2.8808524949283818E-07
  2.4963205678504146E+00  2.9983912469483301E-02  2.8697693730546719E-07
  2.5211906632295076E+00  2.9853616005056271E-02  2.8588712456960671E-07
  2.5463085319323193E+00  2.9724391992336448E-02  2.8481547147283758E-07
  2.5716766424503894E+00  2.9594654991695554E-02  2.8376162442326756E-07
  2.5972974878680897E+00  2.9461894821024983E-02  2.8272521702120680E-07
  2.6231735861076624E+00  2.9332471495887448E-02  2.8170588760761221E-07
  2.6493074801766432E+00  2.9199341608944048E-02  2.8070329258936711E-07
  2.6757017384177901E+00  2.9066681920748925E-02  2.7971708016212482E-07
  2.7023589547615083E+00  2.8931965164333353E-02  2.7874688287304252E-07
  2.7292817489807368E+00  2.8800166335537714E-02  2.7779233679780832E-07
  2.7564727669484399E+00  2.8663835785965139E-02  2.7685308957353933E-07
  2.7839346808976244E+00  2.8530052228907723E-02  2.7592880626727550E-07
  2.8116701896839453E+00  2.8396201911921753E-02  2.7501917749400017E-07
  2.8396820190509580E+00  2.8260678140164124E-02  2.7412392927890665E-07
  2.8679729218979886E+00  2.8122521942820913E-02  2.7324283551482296E-07
  2.8965456785506638E+00  2.7983621074996690E-02  2.7237573599113770E-07
  2.9254030970341747E+00  2.7849805680380830E-02  2.7152255812230849E-07
  2.9545480133492257E+00  2.7713734729415008E-02  2.7068332661129106E-07
  2.9839832917507403E+00  2.7576557301131410E-02  2.6985817132823558E-07
  3.0137118250293669E+00  2.7440053755888667E-02  2.6904732386285136E-07
  3.0437365347957570E+00  2.7303361987312150E-02  2.6825107918710956E-07
  3.0740603717677013E+00  2.7166236350342640E-02  2.6746975692201369E-07
  3.1046863160600986E+00  2.7027406091715452E-02  2.6670368547529316E-07
  3.1356173774778506E+00  2.6890892892049531E-02  2.6595318784649698E-07
  3.1668565958116464E+00  2.6753739204402563E-02  2.6521856731311921E-07
  3.1984070411366892E+00  2.6619247849624689E-02  2.6450009463035963E-07
  3.2302718141144355E+00  2.6482585087527793E-02  2.6379799428480524E-07
  3.2624540462973020E+00  2.6344215489919321E-02  2.6311242817611091E-07
  3.2949569004364201E+00  2.6204900218344474E-02  2.6244347822268335E-07
  3.3277835707924699E+00  2.6066291403574204E-02  2.6179114023197503E-07
  3.3609372834495970E+00  2.5928450247003795E-02  2.6115533375376451E-07
  3.3944212966324567E+00  2.5789042292276226E-02  2.6053591810204787E-07
  3.4282389010264183E+00  2.5649771123301923E-02  2.5993270048066242E-07
  3.4623934201009696E+00  2.5513669951818470E-02  2.5934543676019610E-07
  3.4968882104363361E+00  2.5376268883424983E-02  2.5877385263762584E-07
  3.5317266620533352E+00  2.5237360813287799E-02  2.5821766860792010E-07
  3.5669121987465600E+00  2.5099337282016198E-02  2.5767661243956024E-07
  3.6024482784208440E+00  2.4966789326223707E-02  2.5715042511889474E-07
  3.6383383934310820E+00  2.4833259542607077E-02  2.5663886504598135E-07
  3.6745860709254687E+00  2.4699530201698728E-02  2.5614171335385626E-07
  3.7111948731921167E+00  2.4561163176144683E-02  2.5565877966629292E-07
  3.7481683980091542E+00  2.4433576307702473E-02  2.5518990632061237E-07
  3.7855102789982844E+00  2.4299047069515030E-02  2.5473496903843558E-07
  3.8232241859819109E+00  2.4167695113894692E-02  2.5429387849937692E-07
  3.8613138253437782E+00  2.4035713241771967E-02  2.5386658941286191E-07
  3.8997829403932136E+00  2.3903953522941397E-02  2.5345307158939211E-07
  3.9386353117330271E+00  2.3771943316261177E-02  2.5305327777960524E-07
  3.9778747576310440E+00  2.3640126446817889E-02  2.5266713623861801E-07
  4.0175051343953383E+00  2.3508255517382035E-02  2.5229454262767910E-07
  4.0575303367532412E+00  2.3377282723219203E-02  2.5193534909065294E-07
  4.0979542982340824E+00  2.3245473467263252E-02  2.5158934949297562E-07
  4.1387809915557723E+00  2.3114952071281194E-02  2.5125625879333912E-07
  4.1800144290152090E+00  2.2984731823618449E-02  2.5093568788093303E-07
  4.2216586628826205E+00  2.2855139185932311E-02  2.5062711853342381E-07
  4.2637177857997894E+00  2.2725754400387741E-02  2.5032988576028237E-07
  4.3061959311822493E+00  2.2596867132241561E-02  2.5004317621089227E-07
  4.3490972736255324E+00  2.2463934049035076E-02  2.4976604550226157E-07
  4.3924260293154198E+00  2.2334793996785895E-02  2.4949745359399104E-07
  4.4361864564422744E+00  2.2205900449728842E-02  2.4923630495383619E-07
  4.4803828556195491E+00  2.2081503649708432E-02  2.4898147079855083E-07
  4.5250195703064211E+00  2.1948650311236759E-02  2.4873181521388836E-07
  4.5701009872346567E+00  2.1823374177309247E-02  2.4848622045959671E-07
  4.6156315368397038E+00  2.1694547177814431E-02  2.4824361672253032E-07
  4.6616156936961284E+00  2.1563462444807707E-02  2.4800302040295252E-07
  4.7080579769573445E+00  2.1434137584060875E-02  2.4776357996443892E-07
  4.7549629507997286E+00  2.1305311484325514E-02  2.4752462588587134E-07
  4.8023352248711921E+00  2.1172512758595545E-02  2.4728571572607675E-07
  4.8501794547441932E+00  2.1041302113769658E-02  2.4704666730046134E-07
  4.8985003423732500E+00  2.0907728757161455E-02  2.4680757131574101E-07
  4.9473026365570645E+00  2.0773720826800238E-02  2.4656877857029900E-07
  4.9965911334051967E+00  2.0639922443103122E-02  2.4633083003798022E-07
  5.0463706768094010E+00  2.0505742535562577E-02  2.4609437428258865E-07
  5.0966461589196888E+00  2.0371480674226155E-02  2.4586011647476589E-07
  5.1474225206250956E+00  2.0239837697772781E-02  2.4562878360406900E-07
  5.1987047520392622E+00  2.0105714841908900E-02  2.4540109704276216E-07
  5.2504978929908246E+00  1.9971482390227425E-02  2.4517774476184944E-07
  5.3028070335187376E+00  1.9835242263424889E-02  2.4495934836158366E-07
  5.3556373143724949E+00  1.9704122260889505E-02  2.4474642599641273E-07
  5.4089939275173240E+00  1.9571265606241065E-02  2.4453935700343174E-07
  5.4628821166444617E+00  1.9439554071193178E-02  2.4433835569757810E-07
  5.5173071776864795E+00  1.9308924260388129E-02  2.4414346154387368E-07
  5.5722744593377183E+00  1.9179142166274765E-02  2.4395455851055522E-07
  5.6277893635799838E+00  1.9049035936873144E-02  2.4377145152113087E-07
  5.6838573462134008E+00  1.8920399356192410E-02  2.4359392872435603E-07
  5.7404839173926065E+00  1.8789831687345472E-02  2.4342179971793184E-07
  5.7976746421682464E+00  1.8667568657786866E-02  2.4325492720691150E-07
  5.8554351410339169E+00  1.8540519050872777E-02  2.4309322592702281E-07
  5.9137710904785106E+00  1.8414529979353202E-02  2.4293663973887204E-07
  5.9726882235440639E+00  1.8289153874168809E-02  2.4278513035491372E-07
  6.0321923303892175E+00  1.8163940939115268E-02  2.4263868516294532E-07
  6.0922892588582283E+00  1.8039357832367077E-02  2.4249732061403078E-07
  6.1529849150556597E+00  1.7915077028033178E-02  2.4236107581687422E-07
  6.2142852639268495E+00  1.7790633828761580E-02  2.4223000177157033E-07
  6.2761963298440904E+00  1.7661297074221344E-02  2.4210414172273967E-07
  6.3387241971987054E+00  1.7543387991433523E-02  2.4198349948806826E-07
  6.4018750109989710E+00  1.7419437543844601E-02  2.4186799669527214E-07
  6.4656549774740606E+00  1.7295625220295995E-02  2.4175742220766054E-07
  6.5300703646839535E+00  1.7166668691031135E-02  2.4165140237250974E-07
  6.5951275031354148E+00  1.7046426962989615E-02  2.4154943678327027E-07
  6.6608327864041801E+00  1.6927894516877241E-02  2.4145098826701360E-07
  6.7271926717632642E+00  1.6804303040593414E-02  2.4135554364161218E-07
  6.7942136808175446E+00  1.6681866560421438E-02  2.4126259632954862E-07
  6.8619024001447153E+00  1.6555903273549246E-02  2.4117162720423696E-07
  6.9302654819425689E+00  1.6437746054961514E-02  2.4108212139740912E-07
  6.9993096446827652E+00  1.6315783587691354E-02  2.4099358183998337E-07
  7.0690416737710651E+00  1.6195282047681354E-02  2.4090554658530564E-07
  7.1394684222142173E+00  1.6075596146442519E-02  2.4081761407307161E-07
  7.2105968112934304E+00  1.5954500738643816E-02  2.4072947773182166E-07
  7.2824338312445462E+00  1.5834033577324141E-02  2.4064096559610004E-07
  7.3549865419450553E+00  1.5714131293734886E-02  2.4055204917023688E-07
  7.4282620736079004E+00  1.5591354233048705E-02  2.4046280324880415E-07
  7.5022676274821807E+00  1.5474771432251799E-02  2.4037329740093825E-07
  7.5770104765609068E+00  1.5355877058680441E-02  2.4028351052891724E-07
  7.6524979662957371E+00  1.5237357209887257E-02  2.4019337148714065E-07
  7.7287375153188798E+00  1.5118817826033883E-02  2.4010282775888368E-07
  7.8057366161721280E+00  1.4999633879396573E-02  2.4001183203254948E-07
  7.8835028360432569E+00  1.4882724061160981E-02  2.3992033554277759E-07
  7.9620438175096693E+00  1.4762551834783932E-02  2.3982829106295879E-07
  8.0413672792894584E+00  1.4645547599964979E-02  2.3973564020576110E-07
  8.1214810170000185E+00  1.4528770195746750E-02  2.3964230131818711E-07
  8.2023929039241512E+00  1.4412618719826785E-02  2.3954816126688594E-07
  8.2841108917837989E+00  1.4300238765016215E-02  2.3945305386791406E-07
  8.3666430115215515E+00  1.4183656289788424E-02  2.3935676828985745E-07
  8.4499973740898717E+00  1.4069506007308715E-02  2.3925911776893912E-07
  8.5341821712482293E+00  1.3954697888266752E-02  2.3916001506279371E-07
  8.6192056763681109E+00  1.3839996221807371E-02  2.3905945940208788E-07
  8.7050762452461612E+00  1.3725497313664079E-02  2.3895747739505465E-07
  8.7918023169253274E+00  1.3614401603697814E-02  2.3885413834117780E-07
  8.8793924145241885E+00  1.3501834142873080E-02  2.3874955196771614E-07
  8.9678551460746352E+00  1.3389049062717104E-02  2.3864382961931872E-07
  9.0571992053678052E+00  1.3278451358743094E-02  2.3853709045732727E-07
  9.1474333728084503E+00  1.3166740477796967E-02  2.3842946171671952E-07
  9.2385665162778974E+00  1.3056775386315602E-02  2.3832108358925291E-07
  9.3306075920055118E+00  1.2946823049184245E-02  2.3821211536121628E-07
  9.4235656454489085E+00  1.2836322904404557E-02  2.3810273110339334E-07
  9.5174498121828588E+00  1.2727711680823459E-02  2.3799309763352166E-07
  9.6122693187971624E+00  1.2618418332843410E-02  2.3788333737240123E-07
  9.7080334838033782E+00  1.2510402376421717E-02  2.3777351133348044E-07
  9.8047517185505768E+00  1.2403139372934351E-02  2.3766362874518150E-07
  9.9024335281503166E+00  1.2295184194933343E-02  2.3755364455883085E-07
  1.0001088512410739E+01  1.2188763772854272E-02  2.3744348835596034E-07
  1.0100726366779972E+01  1.2082128279210999E-02  2.3733312784961307E-07
  1.0201356883299029E+01  1.1976349309415036E-02  2.3722255550898187E-07
  1.0302989951564090E+01  1.1871086653764209E-02  2.3711177163247199E-07
  1.0405635559698426E+01  1.1766311295251396E-02  2.3700078415912184E-07
  1.0509303795333974E+01  1.1662029072545288E-02  2.3688960361790907E-07
  1.0614004846602754E+01  1.1554146384342117E-02  2.3677823613264040E-07
  1.0719749003138105E+01  1.1455371436109644E-02  2.3666668275782314E-07
  1.0826546657085871E+01  1.1352375276260528E-02  2.3655494927788416E-07
  1.0934408304125771E+01  1.1250472274363125E-02  2.3644306604135839E-07
  1.1043344544502844E+01  1.1148436197159245E-02  2.3633110935906875E-07
  1.1153366084069162E+01  1.1047249272406041E-02  2.3621920282751148E-07
  1.1264483735336041E+01  1.0947495081506123E-02  2.3610748353380394E-07
  1.1376708418536598E+01  1.0846392038166952E-02  2.3599606231097097E-07
  1.1490051162698979E+01  1.0743349833968989E-02  2.3588503002893925E-07
  1.1604523106730209E+01  1.0648926514419566E-02  2.3577448395371014E-07
  1.1720135500510942E+01  1.0549195229586457E-02  2.3566453241846970E-07
  1.1836899706001034E+01  1.0451870919769214E-02  2.3555528943753101E-07
  1.1954827198356112E+01  1.0353714852853298E-02  2.3544687420869031E-07
  1.2073929567055380E+01  1.0256838692385429E-02  2.3533941055527670E-07
  1.2194218517040564E+01  1.0161122018816988E-02  2.3523302172048185E-07
  1.2315705869866186E+01  1.0064471805322998E-02  2.3512781824732066E-07
  1.2438403564861414E+01  9.9698444857449289E-03  2.3502388240000453E-07
  1.2562323660303374E+01  9.8751882294574947E-03  2.3492127212320245E-07
  1.2687478334602213E+01  9.7804152886157916E-03  2.3482005223342416E-07
  1.2813879887497899E+01  9.6861967666742009E-03  2.3472030968818273E-07
  1.2941540741269067E+01  9.5936539457395845E-03  2.3462218227894022E-07
  1.3070473441953805E+01  9.5002373578952030E-03  2.3452586120431953E-07
  1.3200690660582580E+01  9.4080876317337303E-03  2.3443154129072494E-07
  1.3332205194423597E+01  9.3167621111786628E-03  2.3433941591570399E-07
  1.3465029968240408E+01  9.2251609364149244E-03  2.3424967767457041E-07
  1.3599178035562085E+01  9.1309747610322251E-03  2.3416251563850701E-07
  1.3734662579966141E+01  9.0456401319203850E-03  2.3407811447036362E-07
  1.3871496916374126E+01  8.9556812641779730E-03  2.3399665574163729E-07
  1.4009694492360177E+01  8.8666695639003958E-03  2.3391832026398993E-07
  1.4149268889472555E+01  8.7791975178405351E-03  2.3384328300554966E-07
  1.4290233824568462E+01  8.6909077113727796E-03  2.3377169856934826E-07
  1.4432603151162054E+01  8.6038083728512248E-03  2.3370371036950472E-07
  1.4576390860785853E+01  8.5147464892932016E-03  2.3363943043429591E-07
  1.4721611084365888E+01  8.4312912777932021E-03  2.3357889434781792E-07
  1.4868278093610380E+01  8.3461070537519302E-03  2.3352213854723015E-07
  1.5016406302412255E+01  8.2608374367129939E-03  2.3346922117605653E-07
  1.5166010268265804E+01  8.1765386979384385E-03  2.3342020240151583E-07
  1.5317104693697255E+01  8.0927896967506827E-03  2.3337514584973930E-07
  1.5469704427709727E+01  8.0097385276785421E-03  2.3333411828478494E-07
  1.5623824467242475E+01  7.9271345616515887E-03  2.3329718653157486E-07
  1.5779479958644815E+01  7.8458154087310949E-03  2.3326441245818511E-07
  1.5936686199164615E+01  7.7639248713190440E-03  2.3323584906884829E-07
  1.6095458638451607E+01  7.6830236772624828E-03  2.3321154140132687E-07
  1.6255812880075805E+01  7.6029024531698939E-03  2.3319152103421621E-07
  1.6417764683060923E+01  7.5231447865555011E-03  2.3317581897259287E-07
  1.6581329963433078E+01  7.4442503771697142E-03  2.3316453084502577E-07
  1.6746524795785032E+01  7.3656293550098352E-03  2.3315778703576303E-07
  1.6913365414855903E+01  7.2883111318295737E-03  2.3315570890195160E-07
  1.7081868217126676E+01  7.2108510690412917E-03  2.3315842138864597E-07
  1.7252049762431515E+01  7.1338531802934346E-03  2.3316605122259773E-07
  1.7423926775585315E+01  7.0578001874794394E-03  2.3317872413903700E-07
  1.7597516148027303E+01  6.9816258728965189E-03  2.3319656485921487E-07
  1.7772834939481012E+01  6.9069191048949955E-03  2.3321969774872292E-07
  1.7949900379630943E+01  6.8317565191168229E-03  2.3324824603284557E-07
  1.8128729869815807E+01  6.7578326306267401E-03  2.3328232677890225E-07
  1.8309340984738586E+01  6.6847356921721545E-03  2.3332204488299445E-07
  1.8491751474193830E+01  6.6113402145201762E-03  2.3336748919243514E-07
  1.8675979264811978E+01  6.5362495889909802E-03  2.3341871298665653E-07
  1.8862042461821083E+01  6.4648501639430990E-03  2.3347574171752688E-07
  1.9049959350826221E+01  6.3967563112322327E-03  2.3353861188985793E-07
  1.9239748399606462E+01  6.3251976974474265E-03  2.3360737709199453E-07
  1.9431428259929870E+01  6.2556174538314297E-03  2.3368209816439295E-07
  1.9625017769386417E+01  6.1854229653996095E-03  2.3376283971098524E-07
  1.9820535953239432E+01  6.1167912431117286E-03  2.3384966957674773E-07
  2.0018002026295232E+01  6.0454323603659470E-03  2.3394265726483972E-07
  2.0217435394791465E+01  5.9780308744261657E-03  2.3404187178259304E-07
  2.0418855658304366E+01  5.9107401361388756E-03  2.3414737941601675E-07
  2.0622282611674901E+01  5.8440097345159618E-03  2.3425924015427522E-07
  2.0827736246954043E+01  5.7778420708495589E-03  2.3437750024449277E-07
  2.1035236755367663E+01  5.7122508779215092E-03  2.3450219022203247E-07
  2.1244804529300751E+01  5.6496200026547290E-03  2.3463333642956308E-07
  2.1456460164301554E+01  5.5835013726063939E-03  2.3477096624036496E-07
  2.1670224461105544E+01  5.5212135790533761E-03  2.3491510146658419E-07
  2.1886118427679769E+01  5.4575667712950596E-03  2.3506575794631502E-07
  2.2104163281287367E+01  5.3925000361570823E-03  2.3522294769106907E-07
  2.2324380450572651E+01  5.3332736396556691E-03  2.3538667963840007E-07
  2.2546791577667193E+01  5.2714373428582872E-03  2.3555696047715532E-07
  2.2771418520316637E+01  5.2100693681629571E-03  2.3573379505078668E-07
  2.2998283354028754E+01  5.1495961773282521E-03  2.3591718552820974E-07
  2.3227408374243051E+01  5.0898224071337320E-03  2.3610712885314434E-07
  2.3458816098521826E+01  5.0305630782168835E-03  2.3630361227898234E-07
  2.3692529268763131E+01  4.9722013551054562E-03  2.3650660616724580E-07
  2.3928570853435680E+01  4.9137466633573327E-03  2.3671605589949505E-07
  2.4166964049836242E+01  4.8565554879356834E-03  2.3693188369482948E-07
  2.4407732286369320E+01  4.7972726631390359E-03  2.3715400349488198E-07
  2.4650899224849532E+01  4.7434610189244593E-03  2.3738233107843862E-07
  2.4896488762827151E+01  4.6870249381659092E-03  2.3761678141189947E-07
  2.5144525035936603E+01  4.6303262996865253E-03  2.3785726701146875E-07
  2.5395032420268343E+01  4.5775537123786221E-03  2.3810369756926481E-07
  2.5648035534764599E+01  4.5226483135714264E-03  2.3835597965826866E-07
  2.5903559243638750E+01  4.4693343722642482E-03  2.3861401626912466E-07
  2.6161628658818902E+01  4.4162248862228181E-03  2.3887770502235449E-07
  2.6422269142415729E+01  4.3636894170652318E-03  2.3914693350240919E-07
  2.6685506309215096E+01  4.3103606829353255E-03  2.3942157086090151E-07
  2.6951366029195341E+01  4.2607419284389821E-03  2.3970145678236055E-07
  2.7219874430069556E+01  4.2096458818151779E-03  2.3998639543810150E-07
  2.7491057899853523E+01  4.1590373705237393E-03  2.4027616455850688E-07
  2.7764943089458932E+01  4.1090283933861906E-03  2.4057052702221979E-07
  2.8041556915312448E+01  4.0596502528473652E-03  2.4086923159258830E-07
  2.8320926562001137E+01  4.0108534472877901E-03  2.4117201363517193E-07
  2.8603079484943947E+01  3.9627059180880513E-03  2.4147859712159895E-07
  2.8888043413089985E+01  3.9149382824439794E-03  2.4178869634898396E-07
  2.9175846351643500E+01  3.8673072677444385E-03  2.4210201795641416E-07
  2.9466516584816297E+01  3.8192669457365546E-03  2.4241826428944754E-07
  2.9760082678607365E+01  3.7747381227009767E-03  2.4273713869059455E-07
  3.0056573483609988E+01  3.7288024449247410E-03  2.4305835013533506E-07
  3.0356018137847521E+01  3.6819722843745685E-03  2.4338161414529175E-07
  3.0658446069636778E+01  3.6389775742099277E-03  2.4370665011869994E-07
  3.0963887000479694E+01  3.5941302793223123E-03  2.4403317795115408E-07
  3.1272370947985053E+01  3.5489422822800086E-03  2.4436091853495016E-07
  3.1583928228817999E+01  3.5055335466444575E-03  2.4468959949554141E-07
  3.1898589461679450E+01  3.4637790315520476E-03  2.4501895459753460E-07
  3.2216385570315268E+01  3.4199894824350832E-03  2.4534871971532972E-07
  3.2537347786555536E+01  3.3792049229498557E-03  2.4567862888960589E-07
  3.2861507653383555E+01  3.3375651549088473E-03  2.4600841018575355E-07
  3.3188897028035910E+01  3.2962963150133875E-03  2.4633778069885042E-07
  3.3519548085133515E+01  3.2555593446764531E-03  2.4666643922849791E-07
  3.3853493319843210E+01  3.2139098263014297E-03  2.4699405668612079E-07
  3.4190765551071465E+01  3.1751193053174316E-03  2.4732026434389784E-07
  3.4531397924689912E+01  3.1355700338847555E-03  2.4764463881721506E-07
  3.4875423916792379E+01  3.0962388575427129E-03  2.4796669113490067E-07
  3.5222877336985007E+01  3.0575047150294792E-03  2.4828587880218926E-07
  3.5573792331709143E+01  3.0191312534494038E-03  2.4860162639622101E-07
  3.5928203387596724E+01  2.9810457509754692E-03  2.4891334228313815E-07
  3.6286145334859654E+01  2.9433794259231061E-03  2.4922042887580895E-07
  3.6647653350713071E+01  2.9060118746344166E-03  2.4952228914511291E-07
  3.7012762962831950E+01  2.8690701322932961E-03  2.4981833100158578E-07
  3.7381510052842891E+01  2.8324095277366349E-03  2.5010797049967088E-07
  3.7753930859850605E+01  2.7962939191399847E-03  2.5039063597313083E-07
  3.8130061983998971E+01  2.7604949284875569E-03  2.5066577443472683E-07
  3.8509940390068131E+01  2.7249472930229316E-03  2.5093285793230590E-07
  3.8893603411107527E+01  2.6898175282770906E-03  2.5119138532814534E-07
  3.9281088752104367E+01  2.6550287786734498E-03  2.5144087469586724E-07
  3.9672434493689387E+01  2.6206366252256642E-03  2.5168083922753996E-07
  4.0067679095879470E+01  2.5866159487269794E-03  2.5191076840575717E-07
  4.0466861401856939E+01  2.5529478638870204E-03  2.5213012762618457E-07
  4.0870020641787100E+01  2.5196326164019880E-03  2.5233835776057938E-07
  4.1277196436673933E+01  2.4866749524312961E-03  2.5253487403955315E-07
  4.1688428802253377E+01  2.4540802072700561E-03  2.5271906537574704E-07
  4.2103758152926162E+01  2.4218397469482154E-03  2.5289029492475975E-07
  4.2523225305729824E+01  2.3899336710610829E-03  2.5304790218292647E-07
  4.2946871484349884E+01  2.3583496304065269E-03  2.5319120598192192E-07
  4.3374738323170604E+01  2.3271202137828844E-03  2.5331951011165601E-07
  4.3806867871367707E+01  2.2961497255010108E-03  2.5343211340699981E-07
  4.4243302597040270E+01  2.2653964757260599E-03  2.5352832293062448E-07
  4.4684085391383803E+01  2.2350077479973735E-03  2.5360746835513411E-07
  4.5129259572906513E+01  2.2048726670221225E-03  2.5366891663428904E-07
  4.5578868891685971E+01  2.1749966214325415E-03  2.5371208590563572E-07
  4.6032957533668110E+01  2.1454176186567809E-03  2.5373645365697002E-07
  4.6491570125010803E+01  2.1160196543464310E-03  2.5374155958485384E-07
  4.6954751736468886E+01  2.0868610051153150E-03  2.5372701134682340E-07
  4.7422547887823477E+01  2.0579529242855275E-03  2.5369248914697998E-07
  4.7895004552355644E+01  2.0286044811239608E-03  2.5363774440653866E-07
  4.8372168161364797E+01  2.0003456116914117E-03  2.5356259361648957E-07
  4.8854085608731225E+01  1.9726386625176936E-03  2.5346690890554213E-07
  4.9340804255524908E+01  1.9446926073868900E-03  2.5335060519779267E-07
  4.9832371934660294E+01  1.9169728196379249E-03  2.5321362253492903E-07
  5.0328836955596593E+01  1.8894955368767043E-03  2.5305590169936882E-07
  5.0830248109085666E+01  1.8616948737040328E-03  2.5287735634416570E-07
  5.1336654671967366E+01  1.8347800999349313E-03  2.5267785787140528E-07
  5.1848106412011681E+01  1.8081566623964534E-03  2.5245723819934408E-07
  5.2364653592809994E+01  1.7817119008739330E-03  2.5221529510349572E-07
  5.2886346978715110E+01  1.7556547102159403E-03  2.5195179554198391E-07
  5.3413237839829620E+01  1.7300921144059516E-03  2.5166647885109401E-07
  5.3945377957044805E+01  1.7039491157430993E-03  2.5135906292769397E-07
  5.4482819627129807E+01  1.6785879776455225E-03  2.5102925059244801E-07
  5.5025615667870497E+01  1.6533463723804153E-03  2.5067673307840050E-07
  5.5573819423260581E+01  1.6290843599300192E-03  2.5030119317519156E-07
  5.6127484768744338E+01  1.6042895987147337E-03  2.4990231073768935E-07
  5.6686666116510665E+01  1.5798901139444711E-03  2.4947977023855782E-07
  5.7251418420840814E+01  1.5557500881190954E-03  2.4903326735945881E-07
  5.7821797183509453E+01  1.5313416013662188E-03  2.4856250937372093E-07
  5.8397858459238513E+01  1.5078559930789420E-03  2.4806721311307776E-07
  5.8979658861206318E+01  1.4847554633549873E-03  2.4754710100468455E-07
  5.9567255566611749E+01  1.4610591673734155E-03  2.4700189928190245E-07
  6.0160706322292633E+01  1.4386973440355792E-03  2.4643134186525830E-07
  6.0760069450401318E+01  1.4154737232603943E-03  2.4583517769713343E-07
  6.1365403854136623E+01  1.3935054436831208E-03  2.4521317891557125E-07
  6.1976769023532029E+01  1.3708668110595350E-03  2.4456514707423291E-07
  6.2594225041302359E+01  1.3491673983752539E-03  2.4389091388172877E-07
  6.3217832588748976E+01  1.3270071460513202E-03  2.4319033822392730E-07
  6.3847652951722523E+01  1.3054089707983318E-03  2.4246330351785062E-07
  6.4483748026646225E+01  1.2844589407190101E-03  2.4170971241348879E-07
  6.5126180326599140E+01  1.2633429578061061E-03  2.4092947774194960E-07
  6.5775012987459576E+01  1.2424316562499461E-03  2.4012251614221326E-07
  6.6430309774108906E+01  1.2217768123164855E-03  2.3928874504855608E-07
  6.7092135086699770E+01  1.2009573795440840E-03  2.3842807919696668E-07
  6.7760553966984261E+01  1.1808242227537217E-03  2.3754042628555059E-07
  6.8435632104705192E+01  1.1607575125523674E-03  2.3662568594289268E-07
  6.9117435844053418E+01  1.1413279966612613E-03  2.3568375532311307E-07
  6.9806032190187238E+01  1.1217495674566307E-03  2.3471453971772965E-07
  7.0501488815816359E+01  1.1020829481876303E-03  2.3371796315806238E-07
  7.1203874067854329E+01  1.0832929187312556E-03  2.3269397444663011E-07
  7.1913256974134470E+01  1.0643730619216817E-03  2.3164255001606262E-07
  7.2629707250193448E+01  1.0456919020078355E-03  2.3056369855715023E-07
  7.3353295306122945E+01  1.0269005394330014E-03  2.2945746670485366E-07
  7.4084092253489828E+01  1.0089492691226424E-03  2.2832393640107392E-07
  7.4822169912323744E+01  9.9058211828070776E-04  2.2716321486679811E-07
  7.5567600818175848E+01  9.7309484916215593E-04  2.2597542446577785E-07
  7.6320458229247762E+01  9.5543571306199251E-04  2.2476069624929084E-07
  7.7080816133590204E+01  9.3774605575483504E-04  2.2351916594321459E-07
  7.7848749256374688E+01  9.2082915846524067E-04  2.2225097010318441E-07
  7.8624333067237771E+01  9.0382974911252709E-04  2.2095624655075229E-07
  7.9407643787696941E+01  8.8705324504036414E-04  2.1963514058463101E-07
  8.0198758398641885E+01  8.7048580289107887E-04  2.1828780877388071E-07
  8.0997754647900365E+01  8.5386393118102222E-04  2.1691441428521730E-07
  8.1804711057877967E+01  8.3797066398888758E-04  2.1551511843264845E-07
  8.2619706933275580E+01  8.2178714979385683E-04  2.1409007397542893E-07
  8.3442822368883625E+01  8.0627699509628334E-04  2.1263942564049885E-07
  8.4274138257452378E+01  7.9073751554153049E-04  2.1116331914601206E-07
  8.5113736297642490E+01  7.7537096606946243E-04  2.0966191369076600E-07
  8.5961699002054416E+01  7.6023105703113957E-04  2.0813538490667057E-07
  8.6818109705336454E+01  7.4523155855951923E-04  2.0658391694438859E-07
  8.7683052572375075E+01  7.3052995134124249E-04  2.0500769500930364E-07
  8.8556612606566915E+01  7.1598131731908374E-04  2.0340690391779533E-07
  8.9438875658171469E+01  7.0160387053451196E-04  2.0178173311345044E-07
  9.0329928432748702E+01  6.8745035303925098E-04  2.0013239060413002E-07
  9.1229858499680688E+01  6.7347982223347840E-04  1.9845911863512642E-07
  9.2138754300776526E+01  6.5949052086243163E-04  1.9676220281373742E-07
  9.3056705158964618E+01  6.4607577383646200E-04  1.9504197846135352E-07
  9.3983801287071543E+01  6.3265471458768055E-04  1.9329883336975198E-07
  9.4920133796686741E+01  6.1941738928725470E-04  1.9153320020216970E-07
  9.5865794707117161E+01  6.0637188005812867E-04  1.8974554341066865E-07
  9.6820876954430986E+01  5.9335965138858436E-04  1.8793635158384927E-07
  9.7785474400590843E+01  5.8069380096274564E-04  1.8610613779827668E-07
  9.8759681842676869E+01  5.6821172756808748E-04  1.8425543780495746E-07
  9.9743595022205312E+01  5.5600657143589052E-04  1.8238480045750218E-07
  1.0073731063453658E+02  5.4392518917583820E-04  1.8049477886239126E-07
  1.0174092633837680E+02  5.3186494673044453E-04  1.7858593003442315E-07
  1.0275454076537775E+02  5.2019025137689794E-04  1.7665882170174298E-07
  1.0377825352982900E+02  5.0858969427488914E-04  1.7471403673431582E-07
  1.0481216523844610E+02  4.9718550248543719E-04  1.7275217075304492E-07
  1.0585637750026059E+02  4.8598987229771001E-04  1.7077383040932056E-07
  1.0691099293660417E+02  4.7496235202641257E-04  1.6877963698436603E-07
  1.0797611519119374E+02  4.6412032666797462E-04  1.6677023403913311E-07
  1.0905184894031756E+02  4.5353703623867000E-04  1.6474629337733959E-07
  1.1013829990312311E+02  4.4303132951087386E-04  1.6270851252775437E-07
  1.1123557485200548E+02  4.3262226619605843E-04  1.6065760809457903E-07
  1.1234378162310118E+02  4.2248194092357641E-04  1.5859431150459570E-07
  1.1346302912688661E+02  4.1249295676991799E-04  1.5651936293789350E-07
  1.1459342735887995E+02  4.0278673470143947E-04  1.5443350276218313E-07
  1.1573508741045190E+02  3.9311760745343126E-04  1.5233747117042471E-07
  1.1688812147974390E+02  3.8358233372542277E-04  1.5023201780436099E-07
  1.1805264288269326E+02  3.7432960980811889E-04  1.4811790806013686E-07
  1.1922876606417007E+02  3.6511777510965813E-04  1.4599592266535503E-07
  1.2041660660922521E+02  3.5621796306430559E-04  1.4386685385154313E-07
  1.2161628125444805E+02  3.4738946003241009E-04  1.4173149911965007E-07
  1.2282790789943977E+02  3.3870320395150351E-04  1.3959065779861085E-07
  1.2405160561840069E+02  3.3024132721942760E-04  1.3744513607615320E-07
  1.2528749467183110E+02  3.2184766920117071E-04  1.3529575645846623E-07
  1.2653569651835069E+02  3.1373782613134716E-04  1.3314335980795627E-07
  1.2779633382663579E+02  3.0569786146162644E-04  1.3098879896667640E-07
  1.2906953048747329E+02  2.9777589207436849E-04  1.2883293067351736E-07
  1.3035541162593699E+02  2.9011218817079077E-04  1.2667660798010719E-07
  1.3165410361368515E+02  2.8254209499028153E-04  1.2452067952687467E-07
  1.3296573408137832E+02  2.7506414042206465E-04  1.2236599530805046E-07
  1.3429043193122305E+02  2.6785379005338260E-04  1.2021340892054113E-07
  1.3562832734964093E+02  2.6067635146493083E-04  1.1806377715497622E-07
  1.3697955182006112E+02  2.5374881828828558E-04  1.1591796183025828E-07
  1.3834423813584289E+02  2.4690230191055283E-04  1.1377683247576826E-07
  1.3972252041332675E+02  2.4020244711605416E-04  1.1164126463575616E-07
  1.4111453410501349E+02  2.3364100139168121E-04  1.0951213319120873E-07
  1.4252041601287664E+02  2.2722699943874603E-04  1.0739030881835586E-07
  1.4394030430180743E+02  2.2089021294007425E-04  1.0527665997109721E-07
  1.4537433851319292E+02  2.1478259672812449E-04  1.0317205139276095E-07
  1.4682265957862745E+02  2.0875974191809197E-04  1.0107733614417818E-07
  1.4828540983376652E+02  2.0282302151558413E-04  9.8993347936508114E-08
  1.4976273303231326E+02  1.9711194241247779E-04  9.6920901683107306E-08
  1.5125477436014407E+02  1.9147367669127740E-04  9.4860798785139800E-08
  1.5276168044958064E+02  1.8597321322711533E-04  9.2813827784378695E-08
  1.5428359939379868E+02  1.8059049935401935E-04  9.0780762137012312E-08
  1.5582068076138012E+02  1.7532702353781685E-04  8.8762358494580486E-08
  1.5737307561101568E+02  1.7017893764220690E-04  8.6759357731927563E-08
  1.5894093650634844E+02  1.6516968586268149E-04  8.4772489169242702E-08
  1.6052441753096679E+02  1.6026519403739586E-04  8.2802473540141248E-08
  1.6212367430354780E+02  1.5548094221533862E-04  8.0850020924162820E-08
  1.6373886399315188E+02  1.5079152689401139E-04  7.8915828058619737E-08
  1.6537014533466683E+02  1.4623194394858147E-04  7.7000576581431102E-08
  1.6701767864440868E+02  1.4179325587316448E-04  7.5104927772567855E-08
  1.6868162583587790E+02  1.3744284115705462E-04  7.3229517241310577E-08
  1.7036215043566980E+02  1.3320837031757546E-04  7.1374955718566687E-08
  1.7205941759954629E+02  1.2907041252105647E-04  6.9541831975572206E-08
  1.7377359412866772E+02  1.2503850578329269E-04  6.7730712985658849E-08
  1.7550484848598359E+02  1.2111044944092660E-04  6.5942142527432734E-08
  1.7725335081278919E+02  1.1727940035030164E-04  6.4176639515057250E-08
  1.7901927294544797E+02  1.1353514615181403E-04  6.2434695087495613E-08
  1.8080278843227640E+02  1.0990910916484469E-04  6.0716770944617959E-08
  1.8260407255060107E+02  1.0635591773428965E-04  5.9023302712329862E-08
  1.8442330232398524E+02  1.0291646262233977E-04  5.7354704940260277E-08
  1.8626065653962380E+02  9.9530133756077223E-05  5.5711371901349171E-08
  1.8811631576591512E+02  9.6261826475870115E-05  5.4093675174076037E-08
  1.8999046237020761E+02  9.3095909183670925E-05  5.2501959095601207E-08
  1.9188328053671989E+02  8.9997215186758534E-05  5.0936538351409948E-08
  1.9379495628464286E+02  8.6979240865979108E-05  4.9397699765612438E-08
  1.9572567748642220E+02  8.4032381152086426E-05  4.7885703761263176E-08
  1.9767563388621946E+02  8.1200695330450981E-05  4.6400784262886592E-08
  1.9964501711856036E+02  7.8423232462887743E-05  4.4943149037050464E-08
  2.0163402072716954E+02  7.5726787971251521E-05  4.3512981231047663E-08
  2.0364284018398845E+02  7.3099277831569341E-05  4.2110441157411487E-08
  2.0567167290838719E+02  7.0550701360829989E-05  4.0735665882684343E-08
  2.0772071828656726E+02  6.8081337728074105E-05  3.9388767251988455E-08
  2.0979017769115390E+02  6.5669493256568251E-05  3.8069832322169050E-08
  2.1188025450098772E+02  6.3331151197890017E-05  3.6778925021085132E-08
  2.1399115412111308E+02  6.1061450496487855E-05  3.5516085427728791E-08
  2.1612308400296217E+02  5.8858684528372988E-05  3.4281326782984914E-08
  2.1827625366474371E+02  5.6721913724122319E-05  3.3074634430331984E-08
  2.2045087471203462E+02  5.4646850642339829E-05  3.1895968137569770E-08
  2.2264716085857529E+02  5.2631258475251705E-05  3.0745263399082613E-08
  2.2486532794726958E+02  5.0676752734766026E-05  2.9622431682013020E-08
  2.2710559397140230E+02  4.8776916718789497E-05  2.8527360605487986E-08
  2.2936817909606023E+02  4.6942038435995454E-05  2.7459914072371525E-08
  2.3165330567976636E+02  4.5157862145996333E-05  2.6419933266334852E-08
  2.3396119829633776E+02  4.3428671881839829E-05  2.5407238791088853E-08
  2.3629208375695350E+02  4.1750654116382138E-05  2.4421632197715473E-08
  2.3864619113244166E+02  4.0130230986454441E-05  2.3462896654515080E-08
  2.4102375177579728E+02  3.8558809899278189E-05  2.2530797827708188E-08
  2.4342499934491585E+02  3.7035856178954204E-05  2.1625083589294506E-08
  2.4585016982555544E+02  3.5558674082911811E-05  2.0745483041063337E-08
  2.4829950155452971E+02  3.4136701371626142E-05  1.9891706962166343E-08
  2.5077323524313229E+02  3.2753872527507042E-05  1.9063449204345528E-08
  2.5327161400078978E+02  3.1417198672788928E-05  1.8260387774453606E-08
  2.5579488335895547E+02  3.0121808296709464E-05  1.7482185700692240E-08
  2.5834329129524059E+02  2.8871929484211734E-05  1.6728491923889878E-08
  2.6091708825778164E+02  2.7662472338507906E-05  1.5998941953496728E-08
  2.6351652718985486E+02  2.6491310233374137E-05  1.5293158123036185E-08
  2.6614186355473652E+02  2.5361399367230157E-05  1.4610750385151732E-08
  2.6879335536080532E+02  2.4269062622426868E-05  1.3951318227177855E-08
  2.7147126318690050E+02  2.3213661014737856E-05  1.3314452362669742E-08
  2.7417585020793177E+02  2.2194910220984259E-05  1.2699735661482746E-08
  2.7690738222074037E+02  2.1213200861155489E-05  1.2106743126821778E-08
  2.7966612767022167E+02  2.0264196852393179E-05  1.1535041685652718E-08
  2.8245235767570927E+02  1.9348359396702721E-05  1.0984191059352016E-08
  2.8526634605761575E+02  1.8465194880847838E-05  1.0453745040173062E-08
  2.8810836936434464E+02  1.7611699567186397E-05  9.9432523692955101E-09
  2.9097870689947013E+02  1.6792862631804185E-05  9.4522574652535226E-09
  2.9387764074918283E+02  1.6003115802530396E-05  8.9803011898174878E-09
  2.9680545581001365E+02  1.5240680233310006E-05  8.5269217905104177E-09
  2.9976243981683422E+02  1.4507899110648447E-05  8.0916558456695532E-09
  3.0274888337113083E+02  1.3801778205028167E-05  7.6740388508244556E-09
  3.0576507996956559E+02  1.3124078568907307E-05  7.2736057743185859E-09
  3.0881132603282180E+02  1.2470863517810561E-05  6.8898919008727436E-09
  3.1188792093473097E+02  1.1844509845828744E-05  6.5224334791485118E-09
  3.1499516703169911E+02  1.1241729057356394E-05  6.1707678579791322E-09
  3.1813336969241681E+02  1.0663487187413731E-05  5.8344337480653772E-09
  3.2130283732787149E+02  1.0108150565454880E-05  5.5129719812886440E-09
  3.2450388142165912E+02  9.5757890928589267E-06  5.2059262227341766E-09
  3.2773681656059154E+02  9.0649695901738845E-06  4.9128435419903188E-09
  3.3100196046561490E+02  8.5759910103649398E-06  4.6332749487515801E-09
  3.3429963402303628E+02  8.1074025584858512E-06  4.3667758759323447E-09
  3.3763016131605491E+02  7.6590586772025273E-06  4.1129065920738000E-09
  3.4099386965661415E+02  7.2303540562238662E-06  3.8712325971832392E-09
  3.4439108961757023E+02  6.8201641847997287E-06  3.6413251698707721E-09
  3.4782215506517616E+02  6.4288277044484928E-06  3.4227620622855521E-09
  3.5128740319189433E+02  6.0546351350869722E-06  3.2151280487226731E-09
  3.5478717454953699E+02  5.6985876013932810E-06  3.0180152048743533E-09
  3.5832181308273016E+02  5.3583139544579183E-06  2.8310229660847323E-09
  3.6189166616271729E+02  5.0348935958260973E-06  2.6537583410026411E-09
  3.6549708462149988E+02  4.7266791074360904E-06  2.4858362581805853E-09
  3.6913842278631154E+02  4.4335656169488260E-06  2.3268798223259684E-09
  3.7281603851444208E+02  4.1550118046783329E-06  2.1765205261897744E-09
  3.7653029322840888E+02  3.8907367653110984E-06  2.0343984346078582E-09
  3.8028155195147065E+02  3.6394957395934164E-06  1.9001623493525679E-09
  3.8407018334350676E+02  3.4018122918175439E-06  1.7734699778797642E-09
  3.8789655973724240E+02  3.1770075272302021E-06  1.6539880794217260E-09
  3.9176105717484245E+02  2.9640259912110923E-06  1.5413925338809866E-09
  3.9566405544486969E+02  2.7627566972403723E-06  1.4353684314477832E-09
  3.9960593811960439E+02  2.5725010617870095E-06  1.3356101647480343E-09
  4.0358709259274292E+02  2.3932317119205640E-06  1.2418214022802840E-09
  4.0760791011747148E+02  2.2241011175306328E-06  1.1537150131660395E-09
  4.1166878584491241E+02  2.0647594933628355E-06  1.0710130586751584E-09
  4.1577011886296037E+02  1.9157136971379615E-06  9.9344678570507983E-10
  4.1991231223550614E+02  1.7749163449364779E-06  9.2075659166012806E-10
  4.2409577304204282E+02  1.6430970229137859E-06  8.5269197122301287E-10
  4.2832091241767472E+02  1.5193176765476440E-06  7.8901144584264338E-10
  4.3258814559352504E+02  1.4035470964355578E-06  7.2948247333798126E-10
  4.3689789193753774E+02  1.2952811186893508E-06  6.7388133687505229E-10
  4.4125057499569419E+02  1.1939653114954399E-06  6.2199302846150361E-10
  4.4564662253364042E+02  1.0996866536807197E-06  5.7361114586764927E-10
  4.5008646657872123E+02  1.0115486479773705E-06  5.2853779346053945E-10
  4.5457054346244030E+02  9.2959918291922743E-07  4.8658344800424485E-10
  4.5909929386334460E+02  8.5324234850250487E-07  4.4756676926402894E-10
  4.6367316285032581E+02  7.8241220237163901E-07  4.1131440182428471E-10
  4.6829259992636781E+02  7.1665006090013626E-07  3.7766079446397088E-10
  4.7295805907271540E+02  6.5574580267413451E-07  3.4644801439203386E-10
  4.7766999879349271E+02  5.9942444995380113E-07  3.1752555487943004E-10
  4.8242888216076642E+02  5.4720657108570951E-07  2.9075013723914595E-10
  4.8723517686004863E+02  4.9905011113330657E-07  2.6598550769041514E-10
  4.9208935523626246E+02  4.5459045692692791E-07  2.4310223000543176E-10
  4.9699189434016517E+02  4.1368462353968029E-07  2.2197747632825539E-10
  5.0194327597522522E+02  3.7601803463869235E-07  2.0249481716066673E-10
  5.0694398674497484E+02  3.4140741340499194E-07  1.8454400977165976E-10
  5.1199451810083468E+02  3.0962503663157508E-07  1.6802078778996625E-10
  5.1709536639040607E+02  2.8051852583826883E-07  1.5282664538696540E-10
  5.2224703290625303E+02  2.5385319616625389E-07  1.3886861144518870E-10
  5.2745002393517052E+02  2.2945437095142494E-07  1.2605903070539147E-10
  5.3270485080793458E+02  2.0717078855915024E-07  1.1431535196232459E-10
  5.3801202994955634E+02  1.8682518831782225E-07  1.0355991836620690E-10
  5.4337208293003880E+02  1.6829413651681178E-07  9.3719759899965770E-11
  5.4878553651562720E+02  1.5141098528576579E-07  8.4726388507353849E-11
  5.5425292272058141E+02  1.3608252814229118E-07  7.6515596338823249E-11
  5.5977477885946371E+02  1.2216397144695095E-07  6.9027257356457283E-11
  5.6535164759993643E+02  1.0953463149606689E-07  6.2205132193231891E-11
  5.7098407701610176E+02  9.8137277269412103E-08  5.5996677879811784E-11
  5.7667262064235695E+02  8.7724425622118189E-08  5.0352865924473459E-11
  5.8241783752779691E+02  7.8563026303567174E-08  4.5228004975189338E-11
  5.8822029229115924E+02  6.9899217946855544E-08  4.0579563558978857E-11
  5.9408055517630521E+02  6.2838348035435546E-08  3.6367996386251553E-11