 #p(MeV) \t \delta f_\\nu \t \delta f_\\nubar
  9.5400909858392897E-03  9.9232432143298049E-02  2.1287874313999585E-06
  9.6351360596966772E-03  9.8985292173310438E-02  2.1098905236014365E-06
  9.7311280392049556E-03  9.8752182172699710E-02  2.0911421692550202E-06
  9.8280763581019958E-03  9.8541333777062687E-02  2.0725418631993932E-06
  9.9259905441111598E-03  9.8365137142332845E-02  2.0540891889264297E-06
  1.0024880219877682E-02  9.8147200569231263E-02  2.0357837945819505E-06
  1.0124755103914328E-02  9.7920264555754866E-02  2.0176253700086777E-06
  1.0225625011556490E-02  9.7643080770874760E-02  1.9996136398045745E-06
  1.0327499855926838E-02  9.7403310284668407E-02  1.9817483661290594E-06
  1.0430389648909492E-02  9.7160097606478771E-02  1.9640293105312832E-06
  1.0534304502134001E-02  9.6963287676501753E-02  1.9464561491616439E-06
  1.0639254627969037E-02  9.6749295686979750E-02  1.9290283830577082E-06
  1.0745250340526055E-02  9.6525593518379457E-02  1.9117452828170027E-06
  1.0852302056672930E-02  9.6288917804546639E-02  1.8946058792668127E-06
  1.0960420297057651E-02  9.6046853689565198E-02  1.8776089878399690E-06
  1.1069615687142311E-02  9.5794390936793358E-02  1.8607532489050685E-06
  1.1179898958247276E-02  9.5580816120920856E-02  1.8440371705845633E-06
  1.1291280948605851E-02  9.5347339323934743E-02  1.8274591659255483E-06
  1.1403772604429440E-02  9.5119266203432362E-02  1.8110175892656084E-06
  1.1517384980983252E-02  9.4905506670078035E-02  1.7947107624003980E-06
  1.1632129243672820E-02  9.4704216240028963E-02  1.7785369655015091E-06
  1.1748016669141256E-02  9.4471981418289497E-02  1.7624944324800322E-06
  1.1865058646377500E-02  9.4286129955950662E-02  1.7465813922540652E-06
  1.1983266677835596E-02  9.4069336088731609E-02  1.7307961438192677E-06
  1.2102652380565076E-02  9.3837433663623043E-02  1.7151371278142206E-06
  1.2223227487352686E-02  9.3604255029121064E-02  1.6996029666985959E-06
  1.2345003847875404E-02  9.3397709851140071E-02  1.6841924699679435E-06
  1.2467993429864989E-02  9.3171238068148046E-02  1.6689046157828911E-06
  1.2592208320284159E-02  9.2942050424124845E-02  1.6537385218170865E-06
  1.2717660726514401E-02  9.2731765640909306E-02  1.6386934151577457E-06
  1.2844362977555712E-02  9.2517708895730966E-02  1.6237686022022152E-06
  1.2972327525238216E-02  9.2298051554481939E-02  1.6089634382406443E-06
  1.3101566945445902E-02  9.2077488665342086E-02  1.5942773249654814E-06
  1.3232093939352541E-02  9.1852837943670260E-02  1.5797097314988767E-06
  1.3363921334669876E-02  9.1627592136005409E-02  1.5652601999106830E-06
  1.3497062086908339E-02  9.1394164337261580E-02  1.5509283196210363E-06
  1.3631529280650211E-02  9.1214593490434953E-02  1.5367136833032609E-06
  1.3767336130835561E-02  9.0988901660199628E-02  1.5226158462715773E-06
  1.3904495984060967E-02  9.0803530854269079E-02  1.5086343028853154E-06
  1.4043022319891145E-02  9.0600134712470651E-02  1.4947684799680487E-06
  1.4182928752183679E-02  9.0372779848667206E-02  1.4810177418260007E-06
  1.4324229030426966E-02  9.0141393761587557E-02  1.4673814006685417E-06
  1.4466937041091418E-02  8.9898011095080235E-02  1.4538587284524320E-06
  1.4611066808994228E-02  8.9678983139476975E-02  1.4404489695038890E-06
  1.4756632498677620E-02  8.9460248444355767E-02  1.4271513491429346E-06
  1.4903648415800948E-02  8.9245092911920412E-02  1.4139650829494497E-06
  1.5052129008546545E-02  8.9033404981202782E-02  1.4008894016876525E-06
  1.5202088869039667E-02  8.8847421864886533E-02  1.3879235913310872E-06
  1.5353542734782575E-02  8.8648297569248191E-02  1.3750670326154336E-06
  1.5506505490102837E-02  8.8462152962349619E-02  1.3623192245744905E-06
  1.5660992167616124E-02  8.8249412610639080E-02  1.3496797863868066E-06
  1.5817017949703575E-02  8.8034205080305961E-02  1.3371484425474228E-06
  1.5974598170003840E-02  8.7815267184370577E-02  1.3247249998750705E-06
  1.6133748314920048E-02  8.7600175452465276E-02  1.3124093234236198E-06
  1.6294484025141692E-02  8.7386549793058807E-02  1.3002013153000181E-06
  1.6456821097181825E-02  8.7168343640568871E-02  1.2881008986033171E-06
  1.6620775484929403E-02  8.6967822430241301E-02  1.2761080029228282E-06
  1.6786363301217209E-02  8.6763698938660719E-02  1.2642225347913525E-06
  1.6953600819405380E-02  8.6552532703292828E-02  1.2524443236719064E-06
  1.7122504474980663E-02  8.6342122087631520E-02  1.2407730560195588E-06
  1.7293090867171634E-02  8.6141695769981222E-02  1.2292082216187170E-06
  1.7465376760580041E-02  8.5953187574840689E-02  1.2177490902446752E-06
  1.7639379086828326E-02  8.5769989674283051E-02  1.2063947215234422E-06
  1.7815114946223655E-02  8.5576819834054324E-02  1.1951439981045488E-06
  1.7992601609438389E-02  8.5352662983245883E-02  1.1839956684374059E-06
  1.8171856519207486E-02  8.5115573282193560E-02  1.1729483885621216E-06
  1.8352897292042633E-02  8.4865366836615719E-02  1.1620007575294065E-06
  1.8535741719963535E-02  8.4647091174223546E-02  1.1511513452337412E-06
  1.8720407772246518E-02  8.4435604527122149E-02  1.1403987163193201E-06
  1.8906913597190392E-02  8.4248677917407838E-02  1.1297414652082540E-06
  1.9095277523900049E-02  8.4096092641488249E-02  1.1191782669161963E-06
  1.9285518064087806E-02  8.3915943529545983E-02  1.1087079282241459E-06
  1.9477653913892581E-02  8.3723078100569379E-02  1.0983294209346379E-06
  1.9671703955717389E-02  8.3517012982368327E-02  1.0880418880890982E-06
  1.9867687260084924E-02  8.3316977075413828E-02  1.0778446261750664E-06
  2.0065623087511846E-02  8.3098958786589711E-02  1.0677370532970005E-06
  2.0265530890401562E-02  8.2899051482745845E-02  1.0577186742692777E-06
  2.0467430314955928E-02  8.2677043611253040E-02  1.0477890498614134E-06
  2.0671341203106101E-02  8.2500470992264860E-02  1.0379477730339099E-06
  2.0877283594462406E-02  8.2294228162115013E-02  1.0281944515066935E-06
  2.1085277728283829E-02  8.2099595470961392E-02  1.0185286928370644E-06
  2.1295344045467068E-02  8.1896783312814053E-02  1.0089500802202580E-06
  2.1507503190555319E-02  8.1702112123303250E-02  9.9945813728800454E-07
  2.1721776013767236E-02  8.1506940202362071E-02  9.9005230132905847E-07
  2.1938183573045916E-02  8.1304123204003639E-02  9.8073192073274485E-07
  2.2156747136128502E-02  8.1097760274218195E-02  9.7149627756721040E-07
  2.2377488182636199E-02  8.0899431005215086E-02  9.6234462389634177E-07
  2.2600428406185254E-02  8.0697765400000052E-02  9.5327621733027293E-07
  2.2825589716518973E-02  8.0506684014204438E-02  9.4429034657903599E-07
  2.3052994241660841E-02  8.0307587626588017E-02  9.3538634464285543E-07
  2.3282664330089218E-02  8.0106180853489709E-02  9.2656359173719809E-07
  2.3514622552933715E-02  7.9916766195887140E-02  9.1782151202344664E-07
  2.3748891706193310E-02  7.9736133545170937E-02  9.0915956894606252E-07
  2.3985494812976748E-02  7.9556651371196108E-02  9.0057726809352824E-07
  2.4224455125765074E-02  7.9365576311937275E-02  8.9207417013233503E-07
  2.4465796128696902E-02  7.9173253270620927E-02  8.8364989524551201E-07
  2.4709541539876246E-02  7.8965164701255100E-02  8.7530410317682677E-07
  2.4955715313703521E-02  7.8757410907571490E-02  8.6703645012670025E-07
  2.5204341643229686E-02  7.8546694211104037E-02  8.5884653637192399E-07
  2.5455444962533810E-02  7.8361980389456229E-02  8.5073386325682778E-07
  2.5709049949124381E-02  7.8166104436775852E-02  8.4269781058285850E-07
  2.5965181526364556E-02  7.7995852692585507E-02  8.3473763455059732E-07
  2.6223864865921463E-02  7.7805172854634203E-02  8.2685248071742999E-07
  2.6485125390240078E-02  7.7617217994672083E-02  8.1904140480604795E-07
  2.6748988775041536E-02  7.7457107723686899E-02  8.1130339506950286E-07
  2.7015480951846554E-02  7.7279955830737171E-02  8.0363738897148317E-07
  2.7284628110523807E-02  7.7082713167268765E-02  7.9604228001840585E-07
  2.7556456701863789E-02  7.6885582252816706E-02  7.8851692868067795E-07
  2.7830993440178357E-02  7.6686663859183227E-02  7.8106019356738771E-07
  2.8108265305926031E-02  7.6484120269356692E-02  7.7367098357752812E-07
  2.8388299548363565E-02  7.6271208146685712E-02  7.6634831900643461E-07
  2.8671123688223957E-02  7.6091606976493226E-02  7.5909138258159298E-07
  2.8956765520420990E-02  7.5909629948693491E-02  7.5189954571333430E-07
  2.9245253116780872E-02  7.5727629128735083E-02  7.4477236879471657E-07
  2.9536614828801037E-02  7.5541048459250068E-02  7.3770958188437585E-07
  2.9830879290436423E-02  7.5349037865264132E-02  7.3071105466860527E-07
  3.0128075420913464E-02  7.5154577344163337E-02  7.2377676350235750E-07
  3.0428232427572203E-02  7.4951014558485338E-02  7.1690676234648321E-07
  3.0731379808736716E-02  7.4772513353052961E-02  7.1010116436646348E-07
  3.1037547356614025E-02  7.4587177462648882E-02  7.0336012921990819E-07
  3.1346765160221994E-02  7.4420882880909769E-02  6.9668384237181769E-07
  3.1659063608346416E-02  7.4270162971173254E-02  6.9007247988710775E-07
  3.1974473392527458E-02  7.4102362140532910E-02  6.8352616214473848E-07
  3.2293025510075880E-02  7.3918783885474973E-02  6.7704490776682368E-07
  3.2614751267119428E-02  7.3722710581995768E-02  6.7062860238830667E-07
  3.2939682281679449E-02  7.3524071770084756E-02  6.6427698716664875E-07
  3.3267850486778147E-02  7.3330083780239835E-02  6.5798966486075825E-07
  3.3599288133576863E-02  7.3133034705850919E-02  6.5176611783501065E-07
  3.3934027794545671E-02  7.2952552427075351E-02  6.4560573161359950E-07
  3.4272102366664392E-02  7.2770393316174867E-02  6.3950781848543931E-07
  3.4613545074655590E-02  7.2590457337873462E-02  6.3347163402921117E-07
  3.4958389474249882E-02  7.2411782141963754E-02  6.2749638312971254E-07
  3.5306669455483532E-02  7.2226750192463773E-02  6.2158122265918939E-07
  3.5658419246029097E-02  7.2051199087754356E-02  6.1572526968715406E-07
  3.6013673414559251E-02  7.1877418801634466E-02  6.0992761970385526E-07
  3.6372466874144013E-02  7.1709718261883437E-02  6.0418737314526193E-07
  3.6734834885681820E-02  7.1527477476222734E-02  5.9850366181215489E-07
  3.7100813061364937E-02  7.1340292256999352E-02  5.9287566864934065E-07
  3.7470437368179281E-02  7.1171507250653715E-02  5.8730263854228268E-07
  3.7843744131439032E-02  7.0989700739933465E-02  5.8178388026340920E-07
  3.8220770038356632E-02  7.0788878149258688E-02  5.7631876198728685E-07
  3.8601552141648308E-02  7.0604863383354546E-02  5.7090670337181970E-07
  3.8986127863175353E-02  7.0434752625507802E-02  5.6554716834262231E-07
  3.9374534997621863E-02  7.0258626653837031E-02  5.6023966356990520E-07
  3.9766811716209147E-02  7.0084708314770761E-02  5.5498374099820723E-07
  4.0162996570446925E-02  6.9897317988261862E-02  5.4977899827989395E-07
  4.0563128495922085E-02  6.9735162689816124E-02  5.4462507184529625E-07
  4.0967246816125118E-02  6.9576502177267810E-02  5.3952162162911896E-07
  4.1375391246314730E-02  6.9395958672837835E-02  5.3446831166086597E-07
  4.1787601897420840E-02  6.9226034504435721E-02  5.2946479219837802E-07
  4.2203919279986540E-02  6.9045153567677278E-02  5.2451068677058381E-07
  4.2624384308149445E-02  6.8856418810426437E-02  5.1960558582589895E-07
  4.3049038303662392E-02  6.8663504674672193E-02  5.1474904628360924E-07
  4.3477922999954510E-02  6.8489843040453205E-02  5.0994059497053190E-07
  4.3911080546232641E-02  6.8309030634601475E-02  5.0517973390462082E-07
  4.4348553511623576E-02  6.8126718562020239E-02  5.0046594481312488E-07
  4.4790384889357521E-02  6.7966463280960204E-02  4.9579869281838005E-07
  4.5236618100993407E-02  6.7806728941656097E-02  4.9117743217583307E-07
  4.5687297000686210E-02  6.7641105127057344E-02  4.8660161713120336E-07
  4.6142465879496712E-02  6.7461820637251327E-02  4.8207071836883296E-07
  4.6602169469744256E-02  6.7278294079814616E-02  4.7758424163221258E-07
  4.7066452949402982E-02  6.7109355060748499E-02  4.7314174314650868E-07
  4.7535361946541628E-02  6.6941478783459879E-02  4.6874283880796151E-07
  4.8008942543807699E-02  6.6757560658606371E-02  4.6438720591724787E-07
  4.8487241282956423E-02  6.6590143306262506E-02  4.6007457848467776E-07
  4.8970305169424626E-02  6.6414342574954280E-02  4.5580473866171090E-07
  4.9458181676950111E-02  6.6241018933985721E-02  4.5157750656469366E-07
  4.9950918752237450E-02  6.6067552439227087E-02  4.4739273028107368E-07
  5.0448564819669910E-02  6.5890843746759825E-02  4.4325027761436348E-07
  5.0951168786068340E-02  6.5725433003294573E-02  4.3915003054107026E-07
  5.1458780045497615E-02  6.5556249797828217E-02  4.3509188214192848E-07
  5.1971448484121024E-02  6.5398518652466750E-02  4.3107573426493274E-07
  5.2489224485102647E-02  6.5235532344737071E-02  4.2710149467139937E-07
  5.3012158933559005E-02  6.5072585583049888E-02  4.2316907452170689E-07
  5.3540303221559851E-02  6.4911905601219885E-02  4.1927838611217390E-07
  5.4073709253178809E-02  6.4754437790390626E-02  4.1542934074454910E-07
  5.4612429449594095E-02  6.4579130538721857E-02  4.1162184706132715E-07
  5.5156516754240603E-02  6.4403833232640165E-02  4.0785580983233009E-07
  5.5706024638012837E-02  6.4228302202328044E-02  4.0413112904167468E-07
  5.6261007104519742E-02  6.4040031079757642E-02  4.0044769922846123E-07
  5.6821518695392099E-02  6.3835132315478674E-02  3.9680541211414245E-07
  5.7387614495642725E-02  6.3668583207417695E-02  3.9320417211786320E-07
  5.7959350139079858E-02  6.3498784974728065E-02  3.8964393389049978E-07
  5.8536781813774752E-02  6.3331885060229812E-02  3.8612476296011003E-07
  5.9119966267583632E-02  6.3195323863930675E-02  3.8264691032040897E-07
  5.9708960813724711E-02  6.3035072750956975E-02  3.7921088385374356E-07
  6.0303823336410468E-02  6.2884415960191259E-02  3.7581749874310387E-07
  6.0904612296536667E-02  6.2716749235402533E-02  3.7246789525271862E-07
  6.1511386737427461E-02  6.2557153929658049E-02  3.6916352234056529E-07
  6.2124206290637911E-02  6.2379922633130490E-02  3.6590609471011514E-07
  6.2743131181814460E-02  6.2212033102153154E-02  3.6269753542678135E-07
  6.3368222236613744E-02  6.2040547358205383E-02  3.5953991581874592E-07
  6.3999540886680098E-02  6.1871336057408209E-02  3.5643540051203186E-07
  6.4637149175683015E-02  6.1706514985372322E-02  3.5338619538101763E-07
  6.5281109765414527E-02  6.1547489010342439E-02  3.5039449452757119E-07
  6.5931485941947462E-02  6.1375367536762392E-02  3.4746242318650264E-07
  6.6588341621854591E-02  6.1221842956630280E-02  3.4459197553994900E-07
  6.7251741358490658E-02  6.1059567883657677E-02  3.4178495299119409E-07
  6.7921750348336085E-02  6.0897907853466014E-02  3.3904291885878928E-07
  6.8598434437404307E-02  6.0737649868100214E-02  3.3636717495070809E-07
  6.9281860127712896E-02  6.0582191510591681E-02  3.3375876247661851E-07
  6.9972094583819228E-02  6.0417055850417879E-02  3.3121848487758577E-07
  7.0669205639420973E-02  6.0262647466674708E-02  3.2874694527014105E-07
  7.1373261804022689E-02  6.0111956838153943E-02  3.2634458962623197E-07
  7.2084332269668663E-02  5.9939190517854977E-02  3.2401174943774995E-07
  7.2802486917742881E-02  5.9788989315681822E-02  3.2174869321576253E-07
  7.3527796325836475E-02  5.9629827817177794E-02  3.1955570979233271E-07
  7.4260331774684177E-02  5.9475940098463333E-02  3.1743324004339853E-07
  7.5000165255169365E-02  5.9324730554332218E-02  3.1538205822995199E-07
  7.5747369475399021E-02  5.9168019520847569E-02  3.1340348581106711E-07
  7.6502017867849159E-02  5.9017340234650023E-02  3.1149959698623923E-07
  7.7264184596581797E-02  5.8872441608120232E-02  3.0967337508500612E-07
  7.8033944564533192E-02  5.8711580590914879E-02  3.0792879138667492E-07
  7.8811373420875117E-02  5.8558179772049759E-02  3.0627079714977685E-07
  7.9596547568449541E-02  5.8396989097331160E-02  3.0470524262583811E-07
  8.0389544171277139E-02  5.8230562302243848E-02  3.0323875145213229E-07
  8.1190441162140400E-02  5.8081334978554590E-02  3.0187858278336073E-07
  8.1999317250243051E-02  5.7930114158229809E-02  3.0063250011327512E-07
  8.2816251928945081E-02  5.7766020370081314E-02  2.9950863973549740E-07
  8.3641325483574933E-02  5.7626247253290859E-02  2.9851537311098445E-07
  8.4474618999319781E-02  5.7479695535345252E-02  2.9766115298706685E-07
  8.5316214369194412E-02  5.7339006326422623E-02  2.9695433336968808E-07
  8.6166194302089091E-02  5.7201962353793462E-02  2.9640299051280928E-07
  8.7024642330898030E-02  5.7067256270688670E-02  2.9601478401821783E-07
  8.7891642820728824E-02  5.6933428155099434E-02  2.9579687420435186E-07
  8.8767280977193261E-02  5.6809937384392474E-02  2.9575591382017390E-07
  8.9651642854781166E-02  5.6687734207579506E-02  2.9589811517230099E-07
  9.0544815365317638E-02  5.6547187797412295E-02  2.9622937679902964E-07
  9.1446886286504256E-02  5.6428290590371535E-02  2.9675544484133613E-07
  9.2357944270545514E-02  5.6298877476091434E-02  2.9748207967636530E-07
  9.3278078852861324E-02  5.6172772735073553E-02  2.9841520478933636E-07
  9.4207380460886336E-02  5.6043263115158733E-02  2.9956100865544698E-07
  9.5145940422956585E-02  5.5911740224965624E-02  3.0092598432464610E-07
  9.6093850977284956E-02  5.5770561614618443E-02  3.0251691208911634E-07
  9.7051205281026204E-02  5.5649504225746937E-02  3.0434079814317871E-07
  9.8018097419432015E-02  5.5514298264348151E-02  3.0640477194601180E-07
  9.8994622415096989E-02  5.5398472833482836E-02  3.0871598285917248E-07
  9.9980876237297706E-02  5.5272531103056105E-02  3.1128152872285596E-07
  1.0097695581142398E-01  5.5142014567290551E-02  3.1410843547128742E-07
  1.0198295902850402E-01  5.5034511757418192E-02  3.1720369183181304E-07
  1.0299898475482530E-01  5.4918971059160403E-02  3.2057432862584638E-07
  1.0402513284165067E-01  5.4816918927144256E-02  3.2422752158943561E-07
  1.0506150413503083E-01  5.4709277339868238E-02  3.2817069167211553E-07
  1.0610820048571593E-01  5.4594110504257103E-02  3.3241156215551647E-07
  1.0716532475916463E-01  5.4488267354591141E-02  3.3695812962998717E-07
  1.0823298084565300E-01  5.4371920741481422E-02  3.4181852363597189E-07
  1.0931127367048561E-01  5.4253507537985989E-02  3.4700075046845331E-07
  1.1040030920430584E-01  5.4130585124257738E-02  3.5251231140287274E-07
  1.1150019447351084E-01  5.4017095679832393E-02  3.5835973884727619E-07
  1.1261103757077048E-01  5.3898478888344058E-02  3.6454812044617257E-07
  1.1373294766564876E-01  5.3774126959930758E-02  3.7108068125263869E-07
  1.1486603501533386E-01  5.3657072580563514E-02  3.7795847899527707E-07
  1.1601041097547339E-01  5.3545662847645094E-02  3.8518023276953764E-07
  1.1716618801111758E-01  5.3417479911013907E-02  3.9274226184784277E-07
  1.1833347970777272E-01  5.3308456672463568E-02  4.0063849387960010E-07
  1.1951240078256350E-01  5.3190759538018315E-02  4.0886051687779437E-07
  1.2070306709550670E-01  5.3070750014073680E-02  4.1739763368160636E-07
  1.2190559566089812E-01  5.2935405181464654E-02  4.2623692388142523E-07
  1.2312010465881207E-01  5.2820076001332122E-02  4.3536336792872111E-07
  1.2434671344671516E-01  5.2696957694956553E-02  4.4476001233835955E-07
  1.2558554257119717E-01  5.2580596565414667E-02  4.5440815139038041E-07
  1.2683671377981748E-01  5.2456632296885568E-02  4.6428753986393613E-07
  1.2810035003306960E-01  5.2338962183714248E-02  4.7437659288371987E-07
  1.2937657551646614E-01  5.2217886580492742E-02  4.8465251981543292E-07
  1.3066551565274276E-01  5.2094953594271992E-02  4.9509135140448110E-07
  1.3196729711418381E-01  5.1976586679932602E-02  5.0566785030625433E-07
  1.3328204783507272E-01  5.1846488486711979E-02  5.1635533608167581E-07
  1.3460989702426310E-01  5.1733595144487603E-02  5.2712546683628818E-07
  1.3595097517787769E-01  5.1609180285726239E-02  5.3794806178990113E-07
  1.3730541409213393E-01  5.1481662108166910E-02  5.4879103668888812E-07
  1.3867334687629462E-01  5.1356064504711980E-02  5.5962049329544913E-07
  1.4005490796575087E-01  5.1228195216746583E-02  5.7040100750231428E-07
  1.4145023313523342E-01  5.1094478471357133E-02  5.8109617154828105E-07
  1.4285945951215559E-01  5.0967041789836888E-02  5.9166933242909208E-07
  1.4428272559009062E-01  5.0839608267869429E-02  6.0208443267021449E-07
  1.4572017124238168E-01  5.0717508587696199E-02  6.1230681771977080E-07
  1.4717193773588796E-01  5.0592585353053970E-02  6.2230386306039397E-07
  1.4863816774486843E-01  5.0464550014054692E-02  6.3204531863414975E-07
  1.5011900536500311E-01  5.0330800283714019E-02  6.4150336419226234E-07
  1.5161459612755371E-01  5.0207779419196762E-02  6.5065241767670230E-07
  1.5312508701366689E-01  5.0082430604507254E-02  6.5946882579204027E-07
  1.5465062646881844E-01  4.9962657491393690E-02  6.6793058333945848E-07
  1.5619136441740167E-01  4.9834574191321021E-02  6.7601713844435177E-07
  1.5774745227746220E-01  4.9708602777601141E-02  6.8370927368337748E-07
  1.5931904297557836E-01  4.9584713876278788E-02  6.9098921239312384E-07
  1.6090629096188966E-01  4.9460853226905035E-02  6.9784089728447753E-07
  1.6250935222527721E-01  4.9330563383992360E-02  7.0425036176236037E-07
  1.6412838430869184E-01  4.9214254753688881E-02  7.1020613024627207E-07
  1.6576354632463761E-01  4.9096671030772747E-02  7.1569955974697482E-07
  1.6741499897080986E-01  4.8975783893612387E-02  7.2072504174758274E-07
  1.6908290454588595E-01  4.8849413242651477E-02  7.2528002512103670E-07
  1.7076742696547698E-01  4.8718230923940439E-02  7.2936486460105064E-07
  1.7246873177823632E-01  4.8588762300284374E-02  7.3298253516549454E-07
  1.7418698618212863E-01  4.8457034359563549E-02  7.3613830466386288E-07
  1.7592235904086234E-01  4.8330565603695051E-02  7.3883941520278018E-07
  1.7767502090048445E-01  4.8203116971106227E-02  7.4109475187807692E-07
  1.7944514400614087E-01  4.8072026883490625E-02  7.4291456806269328E-07
  1.8123290231900480E-01  4.7941339661125890E-02  7.4431028138221720E-07
  1.8303847153337263E-01  4.7816268278766533E-02  7.4529428172877782E-07
  1.8486202909392993E-01  4.7699656537409693E-02  7.4587974683918374E-07
  1.8670375421319119E-01  4.7573757299622849E-02  7.4608046944160118E-07
  1.8856382788911161E-01  4.7447731227226002E-02  7.4591070841995800E-07
  1.9044243292287424E-01  4.7323305990705597E-02  7.4538507806725608E-07
  1.9233975393685637E-01  4.7212504083770757E-02  7.4451847836087620E-07
  1.9425597739277270E-01  4.7090324607278196E-02  7.4332605972359814E-07
  1.9619129160999954E-01  4.6971344974246883E-02  7.4182319799112925E-07
  1.9814588678408418E-01  4.6853671346910826E-02  7.4002545782273118E-07
  2.0011995500543403E-01  4.6728302439199662E-02  7.3794853309344016E-07
  2.0211369027819595E-01  4.6611495390771369E-02  7.3560815365766182E-07
  2.0412728853932316E-01  4.6486390619681635E-02  7.3301995127036229E-07
  2.0616094767782880E-01  4.6367165515000926E-02  7.3019930364270216E-07
  2.0821486755423585E-01  4.6236366873038538E-02  7.2716117561215662E-07
  2.1028925002021803E-01  4.6115684121766344E-02  7.2391998117414492E-07
  2.1238429893843616E-01  4.5988527245035798E-02  7.2048949044577376E-07
  2.1450022020257456E-01  4.5860582815914541E-02  7.1688279825649654E-07
  2.1663722175757461E-01  4.5735529916904799E-02  7.1311235537405984E-07
  2.1879551362007046E-01  4.5606502878580708E-02  7.0919005435080785E-07
  2.2097530789902975E-01  4.5492414728182752E-02  7.0512733852125973E-07
  2.2317681881659840E-01  4.5367518689358115E-02  7.0093529905469109E-07
  2.2540026272915278E-01  4.5260003089181877E-02  6.9662474507926027E-07
  2.2764585814856389E-01  4.5140605479908433E-02  6.9220624305523937E-07
  2.2991382576367109E-01  4.5025070754083435E-02  6.8769009571957689E-07
  2.3220438846197003E-01  4.4917960076778417E-02  6.8308627517249079E-07
  2.3451777135151855E-01  4.4796048237588405E-02  6.7840432412986609E-07
  2.3685420178305863E-01  4.4671309185443119E-02  6.7365323830517940E-07
  2.3921390937235912E-01  4.4549137313409898E-02  6.6884135125832168E-07
  2.4159712602278280E-01  4.4424791074205237E-02  6.6397624843504601E-07
  2.4400408594807635E-01  4.4302699134427734E-02  6.5906473041850228E-07
  2.4643502569538686E-01  4.4172817385039212E-02  6.5411283761630604E-07
  2.4889018416851183E-01  4.4051849949575048E-02  6.4912593541551605E-07
  2.5136980265137426E-01  4.3936353041429281E-02  6.4410883068075949E-07
  2.5387412483173671E-01  4.3820099744487778E-02  6.3906589623321698E-07
  2.5640339682515162E-01  4.3703698744479900E-02  6.3400121003616040E-07
  2.5895786719914526E-01  4.3582266787229818E-02  6.2891865869338588E-07
  2.6153778699764890E-01  4.3477865017317111E-02  6.2382200036108870E-07
  2.6414340976566947E-01  4.3368257209407797E-02  6.1871491829497712E-07
  2.6677499157420609E-01  4.3252740542297233E-02  6.1360107006199361E-07
  2.6943279104541762E-01  4.3132525486839345E-02  6.0848413789975633E-07
  2.7211706937803798E-01  4.3012159153569714E-02  6.0336788026738138E-07
  2.7482809037304523E-01  4.2892985402663265E-02  5.9825617365062951E-07
  2.7756612045958867E-01  4.2765257575373174E-02  5.9315302915881843E-07
  2.8033142872117134E-01  4.2652214777125046E-02  5.8806257095517395E-07
  2.8312428692209396E-01  4.2527283252140224E-02  5.8298898796394386E-07
  2.8594496953416465E-01  4.2409863223800547E-02  5.7793647557269197E-07
  2.8879375376367206E-01  4.2285778282510421E-02  5.7290916341082627E-07
  2.9167091957862723E-01  4.2174195987687832E-02  5.6791104100725253E-07
  2.9457674973627984E-01  4.2054415578968142E-02  5.6294590453295547E-07
  2.9751152981090528E-01  4.1939900980619088E-02  5.5801730412336471E-07
  3.0047554822186912E-01  4.1826331692292697E-02  5.5312848694689521E-07
  3.0346909626197471E-01  4.1713304373404529E-02  5.4828233740149001E-07
  3.0649246812608671E-01  4.1604866761414637E-02  5.4348132235298359E-07
  3.0954596094004544E-01  4.1487073928994062E-02  5.3872745850419477E-07
  3.1262987478986876E-01  4.1373319726171538E-02  5.3402231817983076E-07
  3.1574451275123966E-01  4.1260521487012577E-02  5.2936707368400606E-07
  3.1889018091929489E-01  4.1139026561128202E-02  5.2476255902338273E-07
  3.2206718843870535E-01  4.1022650470133780E-02  5.2020933672793778E-07
  3.2527584753405708E-01  4.0894015501547767E-02  5.1570777153617812E-07
  3.2851647354053720E-01  4.0776856532442833E-02  5.1125811029759842E-07
  3.3178938493492299E-01  4.0666344537134025E-02  5.0686052936848055E-07
  3.3509490336687964E-01  4.0553357909058778E-02  5.0251516112794655E-07
  3.3843335369057287E-01  4.0437573773020222E-02  4.9822210810717476E-07
  3.4180506399659311E-01  4.0310645866097512E-02  4.9398144614282456E-07
  3.4521036564419849E-01  4.0201076706604638E-02  4.8979321664551038E-07
  3.4864959329388118E-01  4.0085608917381998E-02  4.8565741095471619E-07
  3.5212308494025579E-01  3.9974761837753621E-02  4.8157395848908069E-07
  3.5563118194527532E-01  3.9858911781850116E-02  4.7754272920575709E-07
  3.5917422907178059E-01  3.9745384118317267E-02  4.7356354668481800E-07
  3.6275257451738185E-01  3.9620982084873455E-02  4.6963619404055236E-07
  3.6636656994867633E-01  3.9517700122831685E-02  4.6576041368606336E-07
  3.7001657053581305E-01  3.9405133333112491E-02  4.6193591169182910E-07
  3.7370293498739293E-01  3.9292096469484616E-02  4.5816236399219985E-07
  3.7742602558572325E-01  3.9167678358892746E-02  4.5443942489345037E-07
  3.8118620822242388E-01  3.9062630782982000E-02  4.5076674021335001E-07
  3.8498385243438088E-01  3.8937473672056050E-02  4.4714396204576021E-07
  3.8881933144006736E-01  3.8829387481304566E-02  4.4357076105586310E-07
  3.9269302217622049E-01  3.8714302475144083E-02  4.4004683157795516E-07
  3.9660530533488408E-01  3.8593463620245835E-02  4.3657188338851061E-07
  4.0055656540082446E-01  3.8474299095167863E-02  4.3314562760224773E-07
  4.0454719068931433E-01  3.8350279907755039E-02  4.2976777892832413E-07
  4.0857757338429446E-01  3.8242843183110331E-02  4.2643806629696305E-07
  4.1264810957691800E-01  3.8126236777307698E-02  4.2315623113566659E-07
  4.1675919930447591E-01  3.8007626996717191E-02  4.1992201627045373E-07
  4.2091124658970969E-01  3.7888789609985520E-02  4.1673515736732909E-07
  4.2510465948052006E-01  3.7774878088001097E-02  4.1359537996128172E-07
  4.2933985009006675E-01  3.7652182607868324E-02  4.1050239524242229E-07
  4.3361723463726853E-01  3.7546356416448552E-02  4.0745589475796680E-07
  4.3793723348771013E-01  3.7426179435148602E-02  4.0445554724518004E-07
  4.4230027119495263E-01  3.7315134153716407E-02  4.0150099912315400E-07
  4.4670677654225588E-01  3.7195836756450204E-02  3.9859187215011683E-07
  4.5115718258472209E-01  3.7078724931552169E-02  3.9572774927076843E-07
  4.5565192669184928E-01  3.6966586481061173E-02  3.9290815766309575E-07
  4.6019145059051692E-01  3.6851667334448251E-02  3.9013257338345121E-07
  4.6477620040840012E-01  3.6734157285330568E-02  3.8740044442134517E-07
  4.6940662671780747E-01  3.6616506471940563E-02  3.8471120130965642E-07
  4.7408318457996645E-01  3.6490115922981223E-02  3.8206426229931849E-07
  4.7880633358974362E-01  3.6372884755811401E-02  3.7945903556732819E-07
  4.8357653792081023E-01  3.6265866224894097E-02  3.7689492141237931E-07
  4.8839426637126249E-01  3.6138531719965832E-02  3.7437131923666254E-07
  4.9325999240969187E-01  3.6025938875366162E-02  3.7188763887465208E-07
  4.9817419422171444E-01  3.5911189459711265E-02  3.6944331028119423E-07
  5.0313735475696786E-01  3.5794882872178961E-02  3.6703778861876070E-07
  5.0814996177657301E-01  3.5669400934041515E-02  3.6467055642145543E-07
  5.1321250790106687E-01  3.5559859656899638E-02  3.6234110902260636E-07
  5.1832549065881972E-01  3.5438710218078248E-02  3.6004892798330289E-07
  5.2348941253492787E-01  3.5319207700084114E-02  3.5779348065327972E-07
  5.2870478102059459E-01  3.5200289978113891E-02  3.5557423108425569E-07
  5.3397210866300837E-01  3.5081017974184323E-02  3.5339064134087863E-07
  5.3929191311571179E-01  3.4965700342646670E-02  3.5124217230733728E-07
  5.4466471718947262E-01  3.4843482548666170E-02  3.4912828815785845E-07
  5.5009104890367022E-01  3.4726865331143171E-02  3.4704845793255076E-07
  5.5557144153817917E-01  3.4603606333020516E-02  3.4500215154347693E-07
  5.6110643368578272E-01  3.4486179366196738E-02  3.4298883808623150E-07
  5.6669656930510581E-01  3.4364909900648645E-02  3.4100799595199768E-07
  5.7234239777406681E-01  3.4243945365582604E-02  3.3905912897997702E-07
  5.7804447394387415E-01  3.4122837288449864E-02  3.3714177305378901E-07
  5.8380335819355289E-01  3.4002489082453742E-02  3.3525548310181439E-07
  5.8961961648501537E-01  3.3883398438854587E-02  3.3339980987705778E-07
  5.9549382041868482E-01  3.3764609981514468E-02  3.3157430187923977E-07
  6.0142654728966805E-01  3.3633416238644569E-02  3.2977851750753409E-07
  6.0741838014448946E-01  3.3519611327555966E-02  3.2801202040324042E-07
  6.1346990783839295E-01  3.3400911197414451E-02  3.2627437422041249E-07
  6.1958172509321108E-01  3.3266978647963526E-02  3.2456514226569418E-07
  6.2575443255581065E-01  3.3141289704299380E-02  3.2288389271921411E-07
  6.3198863685712525E-01  3.3024357626907544E-02  3.2123020574121585E-07
  6.3828495067177116E-01  3.2899095059445146E-02  3.1960367370482121E-07
  6.4464399277825657E-01  3.2767207899604113E-02  3.1800389746429552E-07
  6.5106638811979711E-01  3.2649549350368873E-02  3.1643049303657390E-07
  6.5755276786573069E-01  3.2522979646322343E-02  3.1488310265733595E-07
  6.6410376947354399E-01  3.2401499894790062E-02  3.1336137575732046E-07
  6.7072003675152669E-01  3.2277985125445822E-02  3.1186494319767253E-07
  6.7740221992203387E-01  3.2151713692354061E-02  3.1039342440566636E-07
  6.8415097568539140E-01  3.2022103155650954E-02  3.0894643578139346E-07
  6.9096696728443840E-01  3.1900367353851100E-02  3.0752359111106756E-07
  6.9785086456969936E-01  3.1775818826991438E-02  3.0612450062382776E-07
  7.0480334406522172E-01  3.1659437374969013E-02  3.0474876938531371E-07
  7.1182508903506003E-01  3.1531639968069042E-02  3.0339599557312479E-07
  7.1891678955042182E-01  3.1410467447999642E-02  3.0206577371673760E-07
  7.2607914255749029E-01  3.1283013732413954E-02  3.0075770509935997E-07
  7.3331285194591467E-01  3.1156070558011575E-02  2.9947140876454326E-07
  7.4061862861798444E-01  3.1031036030214277E-02  2.9820653109774383E-07
  7.4799719055849800E-01  3.0891465140058850E-02  2.9696274952755753E-07
  7.5544926290532155E-01  3.0769943007937887E-02  2.9573975450124502E-07
  7.6297557802065119E-01  3.0637630449660863E-02  2.9453722806877753E-07
  7.7057687556299037E-01  3.0508392999147527E-02  2.9335484911999215E-07
  7.7825390255983928E-01  3.0374921344845034E-02  2.9219230030583247E-07
  7.8600741348110736E-01  3.0246148288376979E-02  2.9104926410335489E-07
  7.9383817031326465E-01  3.0114599857174799E-02  2.8992541974610782E-07
  8.0174694263422419E-01  2.9983914203648768E-02  2.8882044245335213E-07
  8.0973450768897159E-01  2.9853617742867662E-02  2.8773400207432471E-07
  8.1780165046595410E-01  2.9724393733827442E-02  2.8666575960335118E-07
  8.2594916377422434E-01  2.9594656736906727E-02  2.8561536229402038E-07
  8.3417784832135089E-01  2.9461896570007248E-02  2.8458244457853398E-07
  8.4248851279211834E-01  2.9332473248668341E-02  2.8356664560544014E-07
  8.5088197392799103E-01  2.9199343365578702E-02  2.8256762257910057E-07
  8.5935905660738421E-01  2.9066683681277388E-02  2.8158502449866891E-07
  8.6792059392673526E-01  2.8931966928806178E-02  2.8061848472495706E-07
  8.7656742728236636E-01  2.8800168103987313E-02  2.7966764034476732E-07
  8.8530040645318275E-01  2.8663837558454360E-02  2.7873214080519856E-07
  8.9412038968418339E-01  2.8530054005474145E-02  2.7781165327287567E-07
  9.0302824377080237E-01  2.8396203692615116E-02  2.7690587047849400E-07
  9.1202484414410034E-01  2.8260679925042484E-02  2.7601452066311386E-07
  9.2111107495679601E-01  2.8122523731948398E-02  2.7513738003283564E-07
  9.3028782917015429E-01  2.7983622868432371E-02  2.7427429074931968E-07
  9.3955600864174904E-01  2.7849807478163333E-02  2.7342518264026498E-07
  9.4891652421409145E-01  2.7713736531613974E-02  2.7259008286619983E-07
  9.5837029580414135E-01  2.7576559107814484E-02  2.7176912380608573E-07
  9.6791825249371943E-01  2.7440055567118950E-02  2.7096253961084272E-07
  9.7756133262080902E-01  2.7303363803158665E-02  2.7017062786858262E-07
  9.8730048387177605E-01  2.7166238170878040E-02  2.6939371088996298E-07
  9.9713666337449880E-01  2.7027407917020730E-02  2.6863212053993676E-07
  1.0070708377924376E+00  2.6890894722195177E-02  2.6788618546470041E-07
  1.0171039834196318E+00  2.6753741039477509E-02  2.6715621597641215E-07
  1.0272370862766433E+00  2.6619249689711449E-02  2.6644248992670007E-07
  1.0374711422074649E+00  2.6482586932734822E-02  2.6574523865458441E-07
  1.0478071569773855E+00  2.6344217340359799E-02  2.6506463087022162E-07
  1.0582461463718300E+00  2.6204902074135252E-02  2.6440075545482329E-07
  1.0687891362961919E+00  2.6066293264832431E-02  2.6375361539098813E-07
  1.0794371628766539E+00  2.5928452113853358E-02  2.6312313760360371E-07
  1.0901912725620133E+00  2.5789044164857895E-02  2.6250918896580915E-07
  1.1010525222265222E+00  2.5649773001756984E-02  2.6191158442928839E-07
  1.1120219792737571E+00  2.5513671836283395E-02  2.6133008780155995E-07
  1.1231007217415176E+00  2.5376270774062598E-02  2.6076443307265393E-07
  1.1342898384077684E+00  2.5237362710272240E-02  2.6021435158901531E-07
  1.1455904288976464E+00  2.5099339185525232E-02  2.5967958512997184E-07
  1.1570036037915250E+00  2.4966791236430339E-02  2.5915988966007046E-07
  1.1685304847341547E+00  2.4833261459725441E-02  2.5865503849086588E-07
  1.1801722045449003E+00  2.4699532125954118E-02  2.5816482773208477E-07
  1.1919299073290663E+00  2.4561165107795883E-02  2.5768908237362341E-07
  1.2038047485903376E+00  2.4433578246958708E-02  2.5722766064910947E-07
  1.2157978953443327E+00  2.4299049016676035E-02  2.5678045470381249E-07
  1.2279105262333019E+00  2.4167697069233791E-02  2.5634739214615819E-07
  1.2401438316419553E+00  2.4035715205595460E-02  2.5592844515073191E-07
  1.2524990138144467E+00  2.3903955495569455E-02  2.5552360157473439E-07
  1.2649772869725324E+00  2.3771945298033947E-02  2.5513283275687226E-07
  1.2775798774348970E+00  2.3640128438092666E-02  2.5475608656330039E-07
  1.2903080237376676E+00  2.3508257518538092E-02  2.5439328034725977E-07
  1.3031629767561403E+00  2.3377284734654172E-02  2.5404428951212232E-07
  1.3161459998277070E+00  2.3245475489405833E-02  2.5370893213745789E-07
  1.3292583688760122E+00  2.3114954104575001E-02  2.5338694827098099E-07
  1.3425013725363437E+00  2.2984733868536694E-02  2.5307797489778361E-07
  1.3558763122822803E+00  2.2855141242973165E-02  2.5278152103346890E-07
  1.3693845025535938E+00  2.2725756470078799E-02  2.5249695017259346E-07
  1.3830272708854212E+00  2.2596869215138034E-02  2.5222347879480297E-07
  1.3968059580387404E+00  2.2463936145743321E-02  2.5196019379285285E-07
  1.4107219181321293E+00  2.2334796107908401E-02  2.5170608796177787E-07
  1.4247765187748402E+00  2.2205902575917407E-02  2.5146009998820845E-07
  1.4389711412012116E+00  2.2081505791626186E-02  2.5122113316065301E-07
  1.4533071804064059E+00  2.1948652469634660E-02  2.5098807944603174E-07
  1.4677860452835056E+00  2.1823376352890004E-02  2.5075984873339483E-07
  1.4824091587619705E+00  2.1694549371362715E-02  2.5053540133217081E-07
  1.4971779579474844E+00  2.1563464657134448E-02  2.5031378656503788E-07
  1.5120938942631861E+00  2.1434139815992095E-02  2.5009418805022110E-07
  1.5271584335923043E+00  2.1305313736729316E-02  2.4987597327019373E-07
  1.5423730564222287E+00  2.1172515032400172E-02  2.4965873862711397E-07
  1.5577392579900020E+00  2.1041304409915956E-02  2.4944234279844583E-07
  1.5732585484292618E+00  2.0907731076652183E-02  2.4922691956250527E-07
  1.5889324529186604E+00  2.0773723170673036E-02  2.4901286514743656E-07
  1.6047625118317490E+00  2.0639924812439172E-02  2.4880076834608822E-07
  1.6207502808883552E+00  2.0505744931491345E-02  2.4859132385281534E-07
  1.6368973313074824E+00  2.0371483097912372E-02  2.4838527416019365E-07
  1.6532052499617178E+00  2.0239840150399951E-02  2.4818337984385739E-07
  1.6696756395331875E+00  2.0105717324723132E-02  2.4798639804135410E-07
  1.6863101186710556E+00  1.9971484904500864E-02  2.4779505579615008E-07
  1.7031103221506079E+00  1.9835244810481038E-02  2.4761001595290823E-07
  1.7200779010339082E+00  1.9704124842053854E-02  2.4743183901894875E-07
  1.7372145228320532E+00  1.9571268222919932E-02  2.4726094746871288E-07
  1.7545218716690585E+00  1.9439556724820076E-02  2.4709759967551752E-07
  1.7720016484473642E+00  1.9308926952441352E-02  2.4694188026851225E-07
  1.7896555710149871E+00  1.9179144898279536E-02  2.4679371950689982E-07
  1.8074853743343557E+00  1.9049038710408472E-02  2.4665296969263856E-07
  1.8254928106528086E+00  1.8920402172873378E-02  2.4651946643520562E-07
  1.8436796496748027E+00  1.8789834548851175E-02  2.4639306269785908E-07
  1.8620476787358251E+00  1.8667571565771826E-02  2.4627366143331504E-07
  1.8805987029780584E+00  1.8540522007114684E-02  2.4616121825381025E-07
  1.8993345455277761E+00  1.8414532985635040E-02  2.4605571947468558E-07
  1.9182570476745084E+00  1.8289156932319355E-02  2.4595717006202348E-07
  1.9373680690520083E+00  1.8163944051009219E-02  2.4586560048500867E-07
  1.9566694878210038E+00  1.8039360999918153E-02  2.4578106951088557E-07
  1.9761632008537702E+00  1.7915080253198573E-02  2.4570365754572667E-07
  1.9958511239205614E+00  1.7790637113542080E-02  2.4563345573934382E-07
  2.0157351918778739E+00  1.7661300420691764E-02  2.4557054617868585E-07
  2.0358173588586030E+00  1.7543391401585860E-02  2.4551497001808358E-07
  2.0560995984640815E+00  1.7419441019836366E-02  2.4546668512332766E-07
  2.0765839039580465E+00  1.7295628764279290E-02  2.4542552018741382E-07
  2.0972722884625266E+00  1.7166672305243744E-02  2.4539114495052515E-07
  2.1181667851556756E+00  1.7046430649601620E-02  2.4536310118147834E-07
  2.1392694474716016E+00  1.6927898278152581E-02  2.4534089115715558E-07
  2.1605823493021616E+00  1.6804306878890021E-02  2.4532403869293570E-07
  2.1821075852007707E+00  1.6681870478081909E-02  2.4531207228655904E-07
  2.2038472705882595E+00  1.6555907272991145E-02  2.4530450622055154E-07
  2.2258035419607616E+00  1.6437750138534622E-02  2.4530085731400543E-07
  2.2479785570996866E+00  1.6315787757878859E-02  2.4530065826442840E-07
  2.2703744952837663E+00  1.6195286306947665E-02  2.4530347478592128E-07
  2.2929935575032423E+00  1.6075600497284025E-02  2.4530893073241436E-07
  2.3158379666761646E+00  1.5954505183602793E-02  2.4531674286317217E-07
  2.3389099678668437E+00  1.5834038118952183E-02  2.4532676698860768E-07
  2.3622118285065001E+00  1.5714135934620545E-02  2.4533901039439009E-07
  2.3857458386160961E+00  1.5591358975848905E-02  2.4535357941345708E-07
  2.4095143110313790E+00  1.5474776279552386E-02  2.4537056668277517E-07
  2.4335195816301955E+00  1.5355882013174740E-02  2.4538996789028175E-07
  2.4577640095620406E+00  1.5237362274255109E-02  2.4541172526420571E-07
  2.4822499774799156E+00  1.5118823002972744E-02  2.4543579791726088E-07
  2.5069798917744710E+00  1.4999639171623247E-02  2.4546214870140695E-07
  2.5319561828105166E+00  1.4882729471367708E-02  2.4549073707512381E-07
  2.5571813051658601E+00  1.4762557365737002E-02  2.4552152157635060E-07
  2.5826577378725264E+00  1.4645553254357496E-02  2.4555444690143724E-07
  2.6083879846604021E+00  1.4528775976309442E-02  2.4558943171926149E-07
  2.6343745742032874E+00  1.4412624629288209E-02  2.4562636413434536E-07
  2.6606200603673940E+00  1.4300244806074374E-02  2.4566508858577619E-07
  2.6871270224623478E+00  1.4183662465258807E-02  2.4570540339262348E-07
  2.7138980654946625E+00  1.4069512319918624E-02  2.4574712117070559E-07
  2.7409358204237559E+00  1.3954704340779110E-02  2.4579014568454114E-07
  2.7682429444204986E+00  1.3840002816962722E-02  2.4583446196277847E-07
  2.7958221211283694E+00  1.3725504054186488E-02  2.4588007913346015E-07
  2.8236760609271836E+00  1.3614408492243964E-02  2.4592704612452841E-07
  2.8518075011994526E+00  1.3501841182151929E-02  2.4597544887205810E-07
  2.8802192065994188E+00  1.3389056255393734E-02  2.4602537081099998E-07
  2.9089139693247494E+00  1.3278458707413527E-02  2.4607689866789068E-07
  2.9378946093909324E+00  1.3166747985076175E-02  2.4613012246258196E-07
  2.9671639749084355E+00  1.3056783054731968E-02  2.4618514086072387E-07
  2.9967249423625972E+00  1.2946830881256767E-02  2.4624207230697899E-07
  3.0265804168963220E+00  1.2836330902625204E-02  2.4630105090782728E-07
  3.0567333325955759E+00  1.2727719847599597E-02  2.4636220017297242E-07
  3.0871866527777532E+00  1.2618426670583764E-02  2.4642559483941963E-07
  3.1179433702828958E+00  1.2510410887449405E-02  2.4649124409782457E-07
  3.1490065077678060E+00  1.2403148059528317E-02  2.4655910122831410E-07
  3.1803791180031205E+00  1.2295193059343146E-02  2.4662906068880106E-07
  3.2120642841733171E+00  1.2188772817222275E-02  2.4670098637106463E-07
  3.2440651201797102E+00  1.2082137505645837E-02  2.4677477445094492E-07
  3.2763847709464908E+00  1.1976358719928288E-02  2.4685033955289671E-07
  3.3090264127297866E+00  1.1871096250292661E-02  2.4692759753947165E-07
  3.3419932534298176E+00  1.1766321079644116E-02  2.4700646518373000E-07
  3.3752885329061453E+00  1.1662039046559223E-02  2.4708685821978589E-07
  3.4089155232960926E+00  1.1554156549740562E-02  2.4716869193637367E-07
  3.4428775293363092E+00  1.1455381794279851E-02  2.4725188266967022E-07
  3.4771778886875366E+00  1.1352385828818562E-02  2.4733635451108179E-07
  3.5118199722626433E+00  1.1250483022721242E-02  2.4742205538349530E-07
  3.5468071845578946E+00  1.1148447142676123E-02  2.4750897609074933E-07
  3.5821429639875224E+00  1.1047260416328782E-02  2.4759715056579710E-07
  3.6178307832216645E+00  1.0947506424974159E-02  2.4768662168147420E-07
  3.6538741495276268E+00  1.0846403582295102E-02  2.4777740138604205E-07
  3.6902766051145761E+00  1.0743361579789232E-02  2.4786947695568029E-07
  3.7270417274816383E+00  1.0648938462572278E-02  2.4796283731049726E-07
  3.7641731297695040E+00  1.0549207380977218E-02  2.4805747764326257E-07
  3.8016744611155051E+00  1.0451883274977659E-02  2.4815339408105109E-07
  3.8395494070122251E+00  1.0353727412433761E-02  2.4825058778747269E-07
  3.8778016896697198E+00  1.0256851456725613E-02  2.4834907418835366E-07
  3.9164350683813125E+00  1.0161134988209742E-02  2.4844887772656848E-07
  3.9554533398930283E+00  1.0064484980028524E-02  2.4855001234121269E-07
  3.9948603387767485E+00  9.9698578658361410E-03  2.4865246079019081E-07
  4.0346599378070467E+00  9.8752018149671043E-03  2.4875617736561040E-07
  4.0748560483417933E+00  9.7804290794742399E-03  2.4886111968090342E-07
  4.1154526207065363E+00  9.6862107626826850E-03  2.4896726497202845E-07
  4.1564536445827454E+00  9.5936681465521832E-03  2.4907463966485277E-07
  4.1978631493998995E+00  9.5002517631379308E-03  2.4918332231788738E-07
  4.2396852047314608E+00  9.4081022408493715E-03  2.4929339398318217E-07
  4.2819239206948501E+00  9.3167769235104093E-03  2.4940493336238176E-07
  4.3245834483553578E+00  9.2251759512316008E-03  2.4951801980406698E-07
  4.3676679801340859E+00  9.1309899775823995E-03  2.4963273838063524E-07
  4.4111817502199848E+00  9.0456555489540364E-03  2.4974918159701901E-07
  4.4551290349859611E+00  8.9556968808361358E-03  2.4986744280964522E-07
  4.4995141534091481E+00  8.8666853790347194E-03  2.4998761154556746E-07
  4.5443414674953448E+00  8.7792135301841857E-03  2.5010976696243023E-07
  4.5896153827077226E+00  8.6909239196482080E-03  2.5023396464465318E-07
  4.6353403483997671E+00  8.6038247756052288E-03  2.5036024755207339E-07
  4.6815208582525250E+00  8.5147630850942995E-03  2.5048862725793801E-07
  4.7281614507162608E+00  8.4313080648145532E-03  2.5061903952786194E-07
  4.7752667094564609E+00  8.3461240303535945E-03  2.5075142169188008E-07
  4.8228412638042837E+00  8.2608546010931923E-03  2.5088573343578328E-07
  4.8708897892115486E+00  8.1765560481548202E-03  2.5102193700335517E-07
  4.9194170077101935E+00  8.0928072307857157E-03  2.5116000440388637E-07
  4.9684276883763587E+00  8.0097562434279651E-03  2.5129992252795025E-07
  5.0179266477990456E+00  7.9271524569485760E-03  2.5144168596949152E-07
  5.0679187505535070E+00  7.8458334813012939E-03  2.5158528579644257E-07
  5.1184089096793057E+00  7.7639431188949032E-03  2.5173070305825220E-07
  5.1694020871631325E+00  7.6830420974355667E-03  2.5187790977372239E-07
  5.2209032944264830E+00  7.6029210434662587E-03  2.5202686425497758E-07
  5.2729175928181471E+00  7.5231635444457916E-03  2.5217752468567470E-07
  5.3254500941116030E+00  7.4442693000290484E-03  2.5232991457438346E-07
  5.3785059610074164E+00  7.3656484401673139E-03  2.5248409275138362E-07
  5.4320904076405903E+00  7.2883303764948526E-03  2.5264010943823874E-07
  5.4862087000929982E+00  7.2108704704193522E-03  2.5279801955376002E-07
  5.5408661569108997E+00  7.1338727354921258E-03  2.5295788141010349E-07
  5.5960681496276532E+00  7.0578198935148991E-03  2.5311975309945790E-07
  5.6518201032916009E+00  6.9816457267692792E-03  2.5328369426945384E-07
  5.7081274969992029E+00  6.9069391034670760E-03  2.5344976826066511E-07
  5.7649958644335326E+00  6.8317766592845587E-03  2.5361804111562948E-07
  5.8224307944080964E+00  6.7578529091483156E-03  2.5378857551699944E-07
  5.8804379314160604E+00  6.6847561057712390E-03  2.5396142370263078E-07
  5.9390229761850044E+00  6.6113607599232634E-03  2.5413662274374194E-07
  5.9981916862371545E+00  6.5362702629431701E-03  2.5431417437941507E-07
  6.0579498764551891E+00  6.4648709628643830E-03  2.5449405229393545E-07
  6.1183034196537465E+00  6.3967772315049048E-03  2.5467624076578694E-07
  6.1792582471565467E+00  6.3252187357470289E-03  2.5486074103600343E-07
  6.2408203493793311E+00  6.2556386065020925E-03  2.5504756312673863E-07
  6.3029957764185349E+00  6.1854442288675465E-03  2.5523672079356369E-07
  6.3657906386459180E+00  6.1168126136371985E-03  2.5542823125107438E-07
  6.4292111073090448E+00  6.0454538343880761E-03  2.5562211724165666E-07
  6.4932634151377560E+00  5.9780524479873245E-03  2.5581840733647538E-07
  6.5579538569567362E+00  5.9107618054490517E-03  2.5601713333649772E-07
  6.6232887903041240E+00  5.8440314957290884E-03  2.5621832488135081E-07
  6.6892746360562905E+00  5.7778639200896167E-03  2.5642200019261669E-07
  6.7559178790588996E+00  5.7122728112829358E-03  2.5662816280766491E-07
  6.8232250687641844E+00  5.6496420160716907E-03  2.5683681228347566E-07
  6.8912028198746222E+00  5.5835234623404020E-03  2.5704794912851805E-07
  6.9598578129929676E+00  5.5212357409321240E-03  2.5726156813153790E-07
  7.0291967952788479E+00  5.4575890014063669E-03  2.5747765852951791E-07
  7.0992265811118234E+00  5.3925223305671816E-03  2.5769620732384970E-07
  7.1699540527610583E+00  5.3332959939951163E-03  2.5791719964410648E-07
  7.2413861610617278E+00  5.2714597532117456E-03  2.5814062080382482E-07
  7.3135299260981013E+00  5.2100918304233655E-03  2.5836645932353553E-07
  7.3863924378934254E+00  5.1496186873519175E-03  2.5859470699727114E-07
  7.4599808571067481E+00  5.0898449607805936E-03  2.5882535519674800E-07
  7.5343024157366214E+00  5.0305856713531698E-03  2.5905838865774228E-07
  7.6093644178318369E+00  4.9722239835725650E-03  2.5929377698836720E-07
  7.6851742402092222E+00  4.9137693230528398E-03  2.5953146586577600E-07
  7.7617393331786451E+00  4.8565781746773388E-03  2.5977137859402550E-07
  7.8390672212751866E+00  4.7972953729418641E-03  2.6001343101523041E-07
  7.9171655039985911E+00  4.7434837473613028E-03  2.6025754370194119E-07
  7.9960418565601774E+00  4.6870476812961286E-03  2.6050364284879712E-07
  8.0757040306370964E+00  4.6303490534442123E-03  2.6075165603579463E-07
  8.1561598551341135E+00  4.5775764724645942E-03  2.6100151073341284E-07
  8.2374172369530605E+00  4.5226710760683901E-03  2.6125313647732930E-07
  8.3194841617698572E+00  4.4693571330609210E-03  2.6150646596443527E-07
  8.4023686948193355E+00  4.4162476413241083E-03  2.6176143181158677E-07
  8.4860789816878235E+00  4.3637121624898485E-03  2.6201795920351742E-07
  8.5706232491137104E+00  4.3103834148214360E-03  2.6227595582808607E-07
  8.6560098057959305E+00  4.2607646426903985E-03  2.6253530063490484E-07
  8.7422470432104671E+00  4.2096685746880122E-03  2.6279583827676800E-07
  8.8293434364350993E+00  4.1590600381957608E-03  2.6305738832007086E-07
  8.9173075449822701E+00  4.1090510320705362E-03  2.6331975729470168E-07
  9.0061480136402619E+00  4.0596728588007435E-03  2.6358274094629978E-07
  9.0958735733228195E+00  4.0108760168182959E-03  2.6384612445168285E-07
  9.1864930419271662E+00  3.9627284475516108E-03  2.6410968519078451E-07
  9.2780153252006095E+00  3.9149607682714407E-03  2.6437319731742690E-07
  9.3704494176157187E+00  3.8673297064476982E-03  2.6463643499173249E-07
  9.4638044032543398E+00  3.8192893339322239E-03  2.6489917312458607E-07
  9.5580894567003138E+00  3.7747604568371214E-03  2.6516118829177505E-07
  9.6533138439410546E+00  3.7288247218211661E-03  2.6542226089321874E-07
  9.7494869232783117E+00  3.6819945008885230E-03  2.6568217633329559E-07
  9.8466181462478115E+00  3.6389997269769439E-03  2.6594072407852339E-07
  9.9447170585479778E+00  3.5941523653972322E-03  2.6619769493462048E-07
  1.0043793300978303E+01  3.5489642986954745E-03  2.6645288150422927E-07
  1.0143856610386655E+01  3.5055554903747344E-03  2.6670608448029174E-07
  1.0244916820626168E+01  3.4638008996540474E-03  2.6695711361408884E-07
  1.0346983863521714E+01  3.4200112722703783E-03  2.6720578338871853E-07
  1.0450067769846024E+01  3.3792266316503674E-03  2.6745190923104663E-07
  1.0554178670305367E+01  3.3375867799284391E-03  2.6769530451224853E-07
  1.0659326796535195E+01  3.2963178538180419E-03  2.6793577476675325E-07
  1.0765522482105762E+01  3.2555807948098491E-03  2.6817310720334629E-07
  1.0872776163537516E+01  3.2139311854808708E-03  2.6840705835249072E-07
  1.0981098381326845E+01  3.1751405711101296E-03  2.6863734184330933E-07
  1.1090499780982018E+01  3.1355912041600999E-03  2.6886361479691106E-07
  1.1200991114069245E+01  3.0962599301891181E-03  2.6908546790931269E-07
  1.1312583239269383E+01  3.0575256879903658E-03  2.6930243749306863E-07
  1.1425287123445145E+01  3.0191521247603229E-03  2.6951402625104275E-07
  1.1539113842718749E+01  2.9810665187560018E-03  2.6971972259683393E-07
  1.1654074583560504E+01  2.9434000883690669E-03  2.6991901363358021E-07
  1.1770180643888255E+01  2.9060324300377188E-03  2.7011139146110292E-07
  1.1887443434177543E+01  2.8690905790296093E-03  2.7029635586877188E-07
  1.2005874478583074E+01  2.8324298642828272E-03  2.7047341559949743E-07
  1.2125485416071331E+01  2.7963141440485672E-03  2.7064209098838205E-07
  1.2246288001564269E+01  2.7605150404152088E-03  2.7080191952178721E-07
  1.2368294107094606E+01  2.7249672907186696E-03  2.7095246181484173E-07
  1.2491515722972659E+01  2.6898374105660816E-03  2.7109330314025520E-07
  1.2615964958964538E+01  2.6550485444694102E-03  2.7122404554568798E-07
  1.2741654045482337E+01  2.6206562735203243E-03  2.7134428364770298E-07
  1.2868595334786159E+01  2.5866354785913856E-03  2.7145358472456457E-07
  1.2996801302197909E+01  2.5529672744643303E-03  2.7155148512901557E-07
  1.3126284547327392E+01  2.5196519069010932E-03  2.7163749143660109E-07
  1.3257057795310638E+01  2.4866941221237436E-03  2.7171108174485382E-07
  1.3389133898060321E+01  2.4540992554879120E-03  2.7177170568974988E-07
  1.3522525835528874E+01  2.4218586730830262E-03  2.7181878524493291E-07
  1.3657246716984179E+01  2.3899524745635676E-03  2.7185171771242429E-07
  1.3793309782297856E+01  2.3583683107865103E-03  2.7186988010303753E-07
  1.3930728403246238E+01  2.3271387706076552E-03  2.7187263541424050E-07
  1.4069516084824839E+01  2.2961681584032162E-03  2.7185934189750112E-07
  1.4209686466575404E+01  2.2654147843989892E-03  2.7182936454158555E-07
  1.4351253323926183E+01  2.2350259321816958E-03  2.7178208890203346E-07
  1.4494230569546072E+01  2.2048907265187520E-03  2.7171693528086517E-07
  1.4638632254711728E+01  2.1750145560889759E-03  2.7163336843886190E-07
  1.4784472570688296E+01  2.1454354283585815E-03  2.7153090591394288E-07
  1.4931765850124428E+01  2.1160373390258437E-03  2.7140912691786563E-07
  1.5080526568460652E+01  2.0868785647430808E-03  2.7126768076570394E-07
  1.5230769345351906E+01  2.0579703588750001E-03  2.7110629061779940E-07
  1.5382508946104386E+01  2.0286217907727480E-03  2.7092475108694467E-07
  1.5535760283126709E+01  2.0003627964513657E-03  2.7072292278001738E-07
  1.5690538417395270E+01  1.9726557225192209E-03  2.7050072423578557E-07
  1.5846858559934466E+01  1.9447095428558226E-03  2.7025811890092520E-07
  1.6004736073311673E+01  1.9169896308214988E-03  2.6999509524969727E-07
  1.6164186473146845E+01  1.8895122240687010E-03  2.6971164116297011E-07
  1.6325225429637410E+01  1.8617114372774120E-03  2.6940771591726818E-07
  1.6487868769098384E+01  1.8347965402333176E-03  2.6908323200764929E-07
  1.6652132475517540E+01  1.8081729798306574E-03  2.6873805333066656E-07
  1.6818032692126337E+01  1.7817280958872853E-03  2.6837200325506208E-07
  1.6985585722986507E+01  1.7556707832629280E-03  2.6798487175183897E-07
  1.7154808034592197E+01  1.7301080659577026E-03  2.6757642066949511E-07
  1.7325716257488295E+01  1.7039649463570191E-03  2.6714639116159058E-07
  1.7498327187904945E+01  1.6786036878253400E-03  2.6669451143424941E-07
  1.7672657789407999E+01  1.6533619626976116E-03  2.6622050151297954E-07
  1.7848725194566256E+01  1.6290998309385297E-03  2.6572407633645445E-07
  1.8026546706635262E+01  1.6043049510903503E-03  2.6520494926096442E-07
  1.8206139801257635E+01  1.5799053483425225E-03  2.6466283793589651E-07
  1.8387522128180585E+01  1.5557652052358324E-03  2.6409747068569268E-07
  1.8570711512990588E+01  1.5313566019599196E-03  2.6350858577041020E-07
  1.8755725958865000E+01  1.5078708778637246E-03  2.6289592478398436E-07
  1.8942583648341444E+01  1.4847702330938867E-03  2.6225922755991575E-07
  1.9131302945104846E+01  1.4610738228991204E-03  2.6159823274433630E-07
  1.9321902395791913E+01  1.4387118860790271E-03  2.6091268446623877E-07
  1.9514400731813964E+01  1.4154881526908779E-03  2.6020234212255348E-07
  1.9708816871197861E+01  1.3935197612595744E-03  2.5946699038427711E-07
  1.9905169920445015E+01  1.3708810176687129E-03  2.5870644639023426E-07
  2.0103479176409184E+01  1.3491814948289726E-03  2.5792056038705519E-07
  2.0303764128193034E+01  1.3270211332632946E-03  2.5710921141969509E-07
  2.0506044459063215E+01  1.3054228496429997E-03  2.5627230302903252E-07
  2.0710340048384868E+01  1.2844727120855666E-03  2.5540975750824597E-07
  2.0916670973575396E+01  1.2633566226504516E-03  2.5452150668145562E-07
  2.1125057512077554E+01  1.2424452155231466E-03  2.5360748381822926E-07
  2.1335520143351925E+01  1.2217902669778027E-03  2.5266761747763821E-07
  2.1548079550890105E+01  1.2009707305819142E-03  2.5170182675089213E-07
  2.1762756624247135E+01  1.1808374711054660E-03  2.5071001825708483E-07
  2.1979572461094172E+01  1.1607706591880414E-03  2.4969208783605896E-07
  2.2198548369292428E+01  1.1413410425132806E-03  2.4864792870153142E-07
  2.2419705868986981E+01  1.1217625135011664E-03  2.4757744355239549E-07
  2.2643066694721391E+01  1.1020957953964577E-03  2.4648055552518650E-07
  2.2868652797574249E+01  1.0833056680191698E-03  2.4535721372890591E-07
  2.3096486347316155E+01  1.0643857142634725E-03  2.4420739496284322E-07
  2.3326589734588392E+01  1.0457044583561202E-03  2.4303110769786956E-07
  2.3558985573103502E+01  1.0269130007603410E-03  2.4182839771131074E-07
  2.3793696701867844E+01  1.0089616363432199E-03  2.4059934564024524E-07
  2.4030746187425812E+01  9.9059439238069914E-04  2.3934405543122788E-07
  2.4270157326126892E+01  9.7310703104124343E-04  2.3806264119563335E-07
  2.4511953646415268E+01  9.5544780366919717E-04  2.3675522010470212E-07
  2.4756158911141849E+01  9.3775805601260310E-04  2.3542190995660374E-07
  2.5002797119899700E+01  9.2084106922686463E-04  2.3406282743329796E-07
  2.5251892511382827E+01  9.0384157126281142E-04  2.3267809005930750E-07
  2.5503469565767929E+01  8.8706497942514333E-04  2.3126782313999075E-07
  2.5757553007120396E+01  8.7049745033722327E-04  2.2983216381427299E-07
  2.6014167805824236E+01  8.5387549251222787E-04  2.2837125608047539E-07
  2.6273339181035773E+01  8.3798213996007123E-04  2.2688524163701950E-07
  2.6535092603162244E+01  8.2179854120283493E-04  2.2537425305213160E-07
  2.6799453796365107E+01  8.0628830265975777E-04  2.2383841479566036E-07
  2.7066448741087765E+01  7.9074874000041497E-04  2.2227785311706681E-07
  2.7336103676609028E+01  7.7538210813091776E-04  2.2069270663014132E-07
  2.7608445103621957E+01  7.6024211737463058E-04  2.1908312722356033E-07
  2.7883499786837923E+01  7.4524253784191295E-04  2.1744927149066843E-07
  2.8161294757617114E+01  7.3054085017756692E-04  2.1579129356777707E-07
  2.8441857316625249E+01  7.1599213629932115E-04  2.1410934452024912E-07
  2.8725215036516250E+01  7.0161461021153986E-04  2.1240357850728264E-07
  2.9011395764642128E+01  6.8746101392627181E-04  2.1067416802233025E-07
  2.9300427625789926E+01  6.7349040481080803E-04  2.0892132046676957E-07
  2.9592339024945346E+01  6.5950102558864866E-04  2.0714528693528909E-07
  2.9887158650084480E+01  6.4608620109519435E-04  2.0534636832826606E-07
  3.0184915474993314E+01  6.3266506476654643E-04  2.0352491830545555E-07
  3.0485638762114824E+01  6.1942766272771144E-04  2.0168133689598324E-07
  3.0789358065424956E+01  6.0638207706938845E-04  1.9981605764965126E-07
  3.1096103233337207E+01  5.9336977225960777E-04  1.9792953870703014E-07
  3.1405904411635955E+01  5.8070384592840102E-04  1.9602226156457438E-07
  3.1718792046438626E+01  5.6822169683967802E-04  1.9409472806749784E-07
  3.2034796887188598E+01  5.5601646518066948E-04  1.9214745054605890E-07
  3.2353949989676771E+01  5.4393500753247524E-04  1.9018094363426233E-07
  3.2676282719093187E+01  5.3187468980507894E-04  1.8819572524906798E-07
  3.3001826753110322E+01  5.2019991921012441E-04  1.8619232482121744E-07
  3.3330614084995815E+01  5.0859928689168639E-04  1.8417128807895123E-07
  3.3662677026756249E+01  4.9719501986468355E-04  1.8213317442211413E-07
  3.3998048212313499E+01  4.8599931438106147E-04  1.8007855525170990E-07
  3.4336760600711365E+01  4.7497171872412235E-04  1.7800801847217635E-07
  3.4678847479354594E+01  4.6412961785778845E-04  1.7592217742411963E-07
  3.5024342467280427E+01  4.5354625176436840E-04  1.7382167655870391E-07
  3.5373279518462688E+01  4.4304046920333251E-04  1.7170718758108004E-07
  3.5725692925148316E+01  4.3263132985805260E-04  1.6957940125444410E-07
  3.6081617321227625E+01  4.2249092831667573E-04  1.6743902223137147E-07
  3.6441087685638266E+01  4.1250186763609623E-04  1.6528676293746110E-07
  3.6804139345802326E+01  4.0279556874298880E-04  1.6312333562470336E-07
  3.7170807981098484E+01  3.9312636436385310E-04  1.6094945295920930E-07
  3.7541129626368587E+01  3.8359101316338934E-04  1.5876583841236830E-07
  3.7915140675458623E+01  3.7433821139434294E-04  1.5657323271432949E-07
  3.8292877884795587E+01  3.6512629846069937E-04  1.5437239344202994E-07
  3.8674378376999996E+01  3.5622640775165559E-04  1.5216409145454257E-07
  3.9059679644533695E+01  3.4739782562807426E-04  1.4994910547064621E-07
  3.9448819553384723E+01  3.3871149000477846E-04  1.4772821894257811E-07
  3.9841836346788874E+01  3.3024953325823099E-04  1.4550222472554113E-07
  4.0238768648987623E+01  3.2185579475466146E-04  1.4327193380068533E-07
  4.0639655469024206E+01  3.1374587069835108E-04  1.4103817661847619E-07
  4.1044536204577547E+01  3.0570582454935986E-04  1.3880179627451367E-07
  4.1453450645833605E+01  2.9778377317577371E-04  1.3656364023091039E-07
  4.1866438979396094E+01  2.9011998675635076E-04  1.3432455278095138E-07
  4.2283541792236051E+01  2.8254981053696382E-04  1.3208537477451405E-07
  4.2704800075680161E+01  2.7507177240020260E-04  1.2984695004003257E-07
  4.3130255229439392E+01  2.6786133791154417E-04  1.2761012778419208E-07
  4.3559949065677955E+01  2.6068381467077208E-04  1.2537576228341654E-07
  4.3993923813121881E+01  2.5375619628793236E-04  1.2314471537926984E-07
  4.4432222121209342E+01  2.4690959416890143E-04  1.2091785960591566E-07
  4.4874887064282404E+01  2.4020965309702179E-04  1.1869607645548849E-07
  4.5321962145819654E+01  2.3364812056815920E-04  1.1648024947606661E-07
  4.5773491302711811E+01  2.2723403129322516E-04  1.1427126033748905E-07
  4.6229518909579895E+01  2.2089715697464420E-04  1.1206999027042304E-07
  4.6690089783136102E+01  2.1478945244267310E-04  1.0987731795614737E-07
  4.7155249186587554E+01  2.0876650884171024E-04  1.0769411102335645E-07
  4.7625042834085740E+01  2.0282969919212411E-04  1.0552121823494417E-07
  4.8099516895218592E+01  1.9711853038664834E-04  1.0335947065399974E-07
  4.8578717999547244E+01  1.9148017454161131E-04  1.0120968728890308E-07
  4.9062693241189798E+01  1.8597962054397145E-04  9.9072675735407268E-08
  4.9551490183448955E+01  1.8059681575042754E-04  9.6949230054687813E-08
  5.0045156863485808E+01  1.7533324864880663E-04  9.4840129135882943E-08
  5.0543741797041911E+01  1.7018507112708171E-04  9.2746137711595856E-08
  5.1047293983206544E+01  1.6517572740361460E-04  9.0668010682015522E-08
  5.1555862909232047E+01  1.6027114334792335E-04  8.8606496131221939E-08
  5.2069498555397473E+01  1.5548679903624167E-04  8.6562333074356994E-08
  5.2588251399920765E+01  1.5079729099939739E-04  8.4536248354196842E-08
  5.3112172423918935E+01  1.4623761513933022E-04  8.2528954391000695E-08
  5.3641313116418608E+01  1.4179883398253277E-04  8.0541143560032028E-08
  5.4175725479416528E+01  1.3744832605421092E-04  7.8573483027840865E-08
  5.4715462032989450E+01  1.3321376190095449E-04  7.6626615881866471E-08
  5.5260575820455941E+01  1.2907571072509600E-04  7.4701164041556549E-08
  5.5811120413589627E+01  1.2504371057573039E-04  7.2797728539218640E-08
  5.6367149917883374E+01  1.2111556082546872E-04  7.0916888329741141E-08
  5.6928718977866872E+01  1.1728441836826290E-04  6.9059198459120882E-08
  5.7495882782477288E+01  1.1354007088356458E-04  6.7225187100113046E-08
  5.8068697070482301E+01  1.0991394072508480E-04  6.5415353865907254E-08
  5.8647218135958262E+01  1.0636065628331062E-04  6.3630173060754762E-08
  5.9231502833822958E+01  1.0292110835477646E-04  6.1870098457570344E-08
  5.9821608585422325E+01  9.9534686915381157E-05  6.0135563817792556E-08
  6.0417593384174019E+01  9.6266287336648211E-05  5.8426980193717578E-08
  6.1019515801267147E+01  9.3100278062820937E-05  5.6744731205599149E-08
  6.1627434991417680E+01  9.0001492446328379E-05  5.5089170655758865E-08
  6.2241410698682323E+01  8.6983426905972070E-05  5.3460624293638547E-08
  6.2861503262330352E+01  8.4036476413662921E-05  5.1859391240442217E-08
  6.3487773622772771E+01  8.1204700287586495E-05  5.0285743912357576E-08
  6.4120283327551618E+01  7.8427147638096071E-05  4.8739928283501632E-08
  6.4759094537389146E+01  7.5730613921935487E-05  4.7222165377197086E-08
  6.5404270032295855E+01  7.3103015155661415E-05  4.5732653017118253E-08
  6.6055873217740768E+01  7.0554350692922417E-05  4.4271565361677064E-08
  6.6713968130882989E+01  6.8084899740456233E-05  4.2839050863986252E-08
  6.7378619446864292E+01  6.5672968662311784E-05  4.1435232632628885E-08
  6.8049892485165586E+01  6.3334540744076592E-05  4.0060209996762670E-08
  6.8727853216026602E+01  6.1064754966833268E-05  3.8714057652799154E-08
  6.9412568266928460E+01  5.8861904741821525E-05  3.7396822550722224E-08
  7.0104104929141926E+01  5.6725050533762054E-05  3.6108522775625478E-08
  7.0802531164340905E+01  5.4649904935009866E-05  3.4849149846282285E-08
  7.1507915611281206E+01  5.2634231170394131E-05  3.3618670176406091E-08
  7.2220327592545260E+01  5.0679644782959488E-05  3.2417025349970618E-08
  7.2939837121356447E+01  4.8779729102183570E-05  3.1244132088228567E-08
  7.3666514908459021E+01  4.6944772164132557E-05  3.0099882258503663E-08
  7.4400432369066323E+01  4.5160518259113137E-05  2.8984143823197995E-08
  7.5141661629881000E+01  4.3431251446264341E-05  2.7896762960020874E-08
  7.5890275536182486E+01  4.1753158224810991E-05  2.6837565575724832E-08
  7.6646347658985022E+01  4.0132660754738055E-05  2.5806357952055700E-08
  7.7409952302269787E+01  3.8561166467996260E-05  2.4802927576009824E-08
  7.8181164510286195E+01  3.7038140710478541E-05  2.3827042750265930E-08
  7.8960060074926702E+01  3.5560887760362799E-05  2.2878451550215731E-08
  7.9746715543175753E+01  3.4138845394925631E-05  2.1956882260286122E-08
  8.0541208224633010E+01  3.2755948117087574E-05  2.1062044801319990E-08
  8.1343616199110045E+01  3.1419207063563661E-05  2.0193631908508461E-08
  8.2154018324304246E+01  3.0123750739104566E-05  1.9351319956790664E-08
  8.2972494243549178E+01  2.8873807240757166E-05  1.8534769761805858E-08
  8.3799124393640611E+01  2.7664286684278796E-05  1.7743627211551303E-08
  8.4633990012742046E+01  2.6493062453873465E-05  1.6977523539620800E-08
  8.5477173148369047E+01  2.5363090755788488E-05  1.6236076148891940E-08
  8.6328756665451522E+01  2.4270694480195610E-05  1.5518890553344482E-08
  8.7188824254477893E+01  2.3215234648585336E-05  1.4825562087299256E-08
  8.8057460439720415E+01  2.2196426941963498E-05  1.4155676831010544E-08
  8.8934750587540904E+01  2.1214661982875916E-05  1.3508811572817149E-08
  8.9820780914780613E+01  2.0265603690677414E-05  1.2884533618061177E-08
  9.0715638497234053E+01  1.9349713267058244E-05  1.2282401687230043E-08
  9.1619411278205234E+01  1.8466497097345470E-05  1.1701967272221802E-08
  9.2532188077151048E+01  1.7612951441813474E-05  1.1142775592375440E-08
  9.3454058598410569E+01  1.6794065471213671E-05  1.0604366293599309E-08
  9.4385113440019879E+01  1.6004270909320230E-05  1.0086274205216164E-08
  9.5325444102616189E+01  1.5241788903843926E-05  9.5880303142561263E-09
  9.6275142998430724E+01  1.4508962632777914E-05  9.1091627549399363E-09
  9.7234303460369645E+01  1.3802797858260528E-05  8.6491974397551426E-09
  9.8203019751186858E+01  1.3125055622037552E-05  8.2076586582940632E-09
  9.9181387072748564E+01  1.2471799229309415E-05  7.7840699603412106E-09
  1.0016950157538786E+02  1.1845405461104320E-05  7.3779548330889686E-09
  1.0116746036735563E+02  1.1242585809232684E-05  6.9888368775440579E-09
  1.0217536152436271E+02  1.0664306293997852E-05  6.6162401145400757E-09
  1.0319330409921882E+02  1.0108933229889080E-05  6.2596897780589175E-09
  1.0422138813156788E+02  9.5765365019782272E-06  5.9187131078887308E-09
  1.0525971465771825E+02  9.0656829141209901E-06  5.5928399838412380E-09
  1.0630838572057276E+02  8.5766714013251602E-06  5.2816034968016366E-09
  1.0736750437965786E+02  8.1080511504589914E-06  4.9845404729615457E-09
  1.0843717472125060E+02  7.6596765849427708E-06  4.7011919333561899E-09
  1.0951750186860846E+02  7.2309423747399107E-06  4.4311035394958568E-09
  1.1060859199230116E+02  6.8207239889329441E-06  4.1738261909295906E-09
  1.1171055232064342E+02  6.4293600478981355E-06  3.9289167697245567E-09
  1.1282349115023355E+02  6.0551410505538853E-06  3.6959387339337495E-09
  1.1394751785659726E+02  5.6990680992996207E-06  3.4744624416640754E-09
  1.1508274290493510E+02  5.3587700236155520E-06  3.2640652561656231E-09
  1.1622927786097947E+02  5.0353262019703029E-06  3.0643317782648530E-09
  1.1738723540195950E+02  4.7270891937538306E-06  2.8748542228818956E-09
  1.1855672932767314E+02  4.4339541033447647E-06  2.6952327740338262E-09
  1.1973787457167165E+02  4.1553795877505803E-06  2.5250758669948641E-09
  1.2093078721255570E+02  3.8910847181382999E-06  2.3640004113502355E-09
  1.2213558448538134E+02  3.6398247119718024E-06  2.2116319867670288E-09
  1.2335238479318342E+02  3.4021231095972703E-06  2.0676050453620348E-09
  1.2458130771861002E+02  3.1773009927052776E-06  1.9315630949857288E-09
  1.2582247403567546E+02  2.9643028832790166E-06  1.8031588065171150E-09
  1.2707600572163020E+02  2.7630177711291707E-06  1.6820541406397821E-09
  1.2834202596894676E+02  2.5727470493609981E-06  1.5679204744775646E-09
  1.2962065919742747E+02  2.3934633215654617E-06  1.4604386082677665E-09
  1.3091203106643272E+02  2.2243190346094612E-06  1.3592987133174491E-09
  1.3221626848722872E+02  2.0649643801921389E-06  1.2642003289941302E-09
  1.3353349963546074E+02  1.9159061928675898E-06  1.1748524058211864E-09
  1.3486385396375039E+02  1.7750970668051272E-06  1.0909733271151395E-09
  1.3620746221441632E+02  1.6432665654854119E-06  1.0122908862762395E-09
  1.3756445643232374E+02  1.5194766126829678E-06  9.3854223367355744E-10
  1.3893496997786221E+02  1.4036959772762061E-06  8.6947380272367587E-10
  1.4031913754005018E+02  1.2954204742070687E-06  8.0484121721376560E-10
  1.4171709514977246E+02  1.1940956508973719E-06  7.4440919346829079E-10
  1.4312898019314977E+02  1.0998084655426493E-06  6.8795145439031542E-10
  1.4455493142503883E+02  1.0116624010710744E-06  6.3525064507790969E-10
  1.4599508898266947E+02  9.2970532624642435E-07  5.8609821228187312E-10
  1.4744959439941772E+02  8.5334131201249033E-07  5.4029422643114127E-10
  1.4891859061871315E+02  7.8250439717760766E-07  4.9764718558999382E-10
  1.5040222200808918E+02  7.1673587990656515E-07  4.5797384399578261E-10
  1.5190063437336886E+02  6.5582562094666828E-07  4.2109904715644115E-10
  1.5341397497299508E+02  5.9949862524095740E-07  3.8685555209321768E-10
  1.5494239253250345E+02  5.4727544441332085E-07  3.5508383378639069E-10
  1.5648603725913676E+02  4.9911400710400559E-07  3.2563188375142852E-10
  1.5804506085660762E+02  4.5464968437316177E-07  2.9835500388185149E-10
  1.5961961654000825E+02  4.1373947592403211E-07  2.7311559808696459E-10
  1.6120985905086613E+02  3.7606879064189142E-07  2.4978296236283009E-10
  1.6281594467235232E+02  3.4145433736838309E-07  2.2823307229741006E-10
  1.6443803124464128E+02  3.0966837908297592E-07  2.0834837059748911E-10
  1.6607627818042101E+02  2.8055852395570617E-07  1.9001754814785439E-10
  1.6773084648056044E+02  2.5389007431661923E-07  1.7313531325735012E-10
  1.6940189874993305E+02  2.2948834115085365E-07  1.5760216595915281E-10
  1.7108959921339499E+02  2.0720205094741098E-07  1.4332418184515200E-10
  1.7279411373192551E+02  1.8685393165510907E-07  1.3021279811857599E-10
  1.7451560981892837E+02  1.6832053863212201E-07  1.1818459967998749E-10
  1.7625425665669215E+02  1.5143521356959687E-07  1.0716110634380638E-10
  1.7801022511301792E+02  1.3610473996721871E-07  9.7068562293008729E-11
  1.7978368775801275E+02  1.2218431464743369E-07  8.7837728277918376E-11
  1.8157481888104658E+02  1.0955324479705287E-07  7.9403676556224104E-11
  1.8338379450788369E+02  9.8154290681057820E-08  7.1705590223555000E-11
  1.8521079241797935E+02  8.7739960971162758E-08  6.4686570529631321E-11
  1.8705599216195230E+02  7.8577197340247698E-08  5.8293448533552330E-11
  1.8891957507923163E+02  6.9912131350066008E-08  5.2476596786099329E-11
  1.9080172431587576E+02  6.2850102680879252E-08  4.7189744147443905E-11