 #p(MeV) \t \delta f_\\nu \t \delta f_\\nubar
  1.4940615758265816E-02  9.9232431994216552E-02  2.1286018050618071E-06
  1.5089464645590583E-02  9.8985292024132518E-02  2.1097048914464371E-06
  1.5239796469871643E-02  9.8752182023430543E-02  2.0909565312625467E-06
  1.5391626005166487E-02  9.8541333627710573E-02  2.0723562193983244E-06
  1.5544968172722091E-02  9.8365136992910732E-02  2.0539035393951711E-06
  1.5699838042441381E-02  9.8147200419723704E-02  2.0355981394484292E-06
  1.5856250834364205E-02  9.7920264406158683E-02  2.0174397094501395E-06
  1.6014221920163104E-02  9.7643080621171427E-02  1.9994279740414897E-06
  1.6173766824654032E-02  9.7403310134872065E-02  1.9815626954034868E-06
  1.6334901227322007E-02  9.7160097456588268E-02  1.9638436350760315E-06
  1.6497640963862095E-02  9.6963287526534547E-02  1.9462704691805737E-06
  1.6662002027735639E-02  9.6749295536929542E-02  1.9288426987232689E-06
  1.6828000571742045E-02  9.6525593368242762E-02  1.9115595942702270E-06
  1.6995652909606272E-02  9.6288917654318740E-02  1.8944201866173131E-06
  1.7164975517581990E-02  9.6046853539244165E-02  1.8774232911659358E-06
  1.7335985036070908E-02  9.5794390786375333E-02  1.8605675482532661E-06
  1.7508698271258047E-02  9.5580815970420313E-02  1.8438514659703294E-06
  1.7683132196763415E-02  9.5347339173344259E-02  1.8272734573327910E-06
  1.7859303955310168E-02  9.5119266052753920E-02  1.8108318766467940E-06
  1.8037230860409238E-02  9.4905506519316896E-02  1.7945250456766644E-06
  1.8216930398060924E-02  9.4704216089189636E-02  1.7783512445662199E-06
  1.8398420228473298E-02  9.4471981267360408E-02  1.7623087072093190E-06
  1.8581718187797799E-02  9.4286129804948896E-02  1.7463956625175903E-06
  1.8766842289882141E-02  9.4069335937645604E-02  1.7306104094829263E-06
  1.8953810728040570E-02  9.3837433512447027E-02  1.7149513887401761E-06
  1.9142641876841934E-02  9.3604254877854481E-02  1.6994172227452789E-06
  1.9333354293915375E-02  9.3397709699792691E-02  1.6840067209900533E-06
  1.9525966721774153E-02  9.3171237916712349E-02  1.6687188616313942E-06
  1.9720498089657604E-02  9.2942050272599649E-02  1.6535527623392167E-06
  1.9916967515391390E-02  9.2731765489301538E-02  1.6385076501970036E-06
  2.0115394307266377E-02  9.2517708744039084E-02  1.6235828315983725E-06
  2.0315797965936137E-02  9.2298051402703710E-02  1.6087776618298006E-06
  2.0518198186333426E-02  9.2077488513477038E-02  1.5940915425806465E-06
  2.0722614859605755E-02  9.1852837791716727E-02  1.5795239429721390E-06
  2.0929068075070140E-02  9.1627591983963058E-02  1.5650744050767311E-06
  2.1137578122187511E-02  9.1394164185127205E-02  1.5507425183187456E-06
  2.1348165492556581E-02  9.1214593338228470E-02  1.5365278753757688E-06
  2.1560850881927759E-02  9.0988901507903744E-02  1.5224300315662839E-06
  2.1775655192237033E-02  9.0803530701898644E-02  1.5084484812538850E-06
  2.1992599533660118E-02  9.0600134560018863E-02  1.4945826512664098E-06
  2.2211705226687077E-02  9.0372779696125033E-02  1.4808319059143474E-06
  2.2432993804217691E-02  9.0141393608953388E-02  1.4671955574113349E-06
  2.2656487013677524E-02  8.9898010942349463E-02  1.4536728777184037E-06
  2.2882206819155301E-02  8.9678982986658592E-02  1.4402631111664186E-06
  2.3110175403561334E-02  8.9460248291449704E-02  1.4269654830857673E-06
  2.3340415170807687E-02  8.9245092758927960E-02  1.4137792090731381E-06
  2.3572948748009869E-02  8.9033404828125162E-02  1.4007035199059118E-06
  2.3807798987710575E-02  8.8847421711733252E-02  1.3877377015655691E-06
  2.4044988970125580E-02  8.8648297416014266E-02  1.3748811347950507E-06
  2.4284542005411920E-02  8.8462152809039851E-02  1.3621333186354187E-06
  2.4526481635958754E-02  8.8249412457243478E-02  1.3494938722724888E-06
  2.4770831638701047E-02  8.8034204926823609E-02  1.3369625202085667E-06
  2.5017616027456224E-02  8.7815267030799990E-02  1.3245390692696544E-06
  2.5266859055284242E-02  8.7600175298807884E-02  1.3122233845168930E-06
  2.5518585216870979E-02  8.7386549639315150E-02  1.3000153680645006E-06
  2.5772819250935608E-02  8.7168343486737174E-02  1.2879149430186729E-06
  2.6029586142661723E-02  8.6967822276328155E-02  1.2759220389694394E-06
  2.6288911126152829E-02  8.6763698784664764E-02  1.2640365624347572E-06
  2.6550819686912291E-02  8.6552532549211345E-02  1.2522583428610210E-06
  2.6815337564347896E-02  8.6342121933464744E-02  1.2405870666941561E-06
  2.7082490754301448E-02  8.6141695615732816E-02  1.2290222237115897E-06
  2.7352305511603593E-02  8.5953187420515026E-02  1.2175630836816557E-06
  2.7624808352653945E-02  8.5769989519882031E-02  1.2062087062234045E-06
  2.7900026058027140E-02  8.5576819679574131E-02  1.1949579739794067E-06
  2.8177985675104610E-02  8.5352662828674944E-02  1.1838096353921141E-06
  2.8458714520732814E-02  8.5115573127526975E-02  1.1727623464946770E-06
  2.8742240183907756E-02  8.4865366681848464E-02  1.1618147063308454E-06
  2.9028590528486345E-02  8.4647091019367390E-02  1.1509652847881554E-06
  2.9317793695924806E-02  8.4435604372179576E-02  1.1402126465067474E-06
  2.9609878108044246E-02  8.4248677762387841E-02  1.1295553859190077E-06
  2.9904872469823863E-02  8.4096092486403567E-02  1.1189921780571953E-06
  3.0202805772222039E-02  8.3915943374386293E-02  1.1085218297120052E-06
  3.0503707295025335E-02  8.3723077945329821E-02  1.0981433126916921E-06
  3.0807606609726135E-02  8.3517012827043963E-02  1.0878557700432381E-06
  3.1114533582428692E-02  8.3316976920006808E-02  1.0776584982597400E-06
  3.1424518376784394E-02  8.3098958631093289E-02  1.0675509154512156E-06
  3.1737591456956031E-02  8.2899051327166684E-02  1.0575325264376050E-06
  3.2053783590611701E-02  8.2677043455582910E-02  1.0476028919939855E-06
  3.2373125851948681E-02  8.2500470836520623E-02  1.0377616050864253E-06
  3.2695649624747088E-02  8.2294228006285552E-02  1.0280082734404097E-06
  3.3021386605454284E-02  8.2099595315051024E-02  1.0183425046179386E-06
  3.3350368806299886E-02  8.1896783156819725E-02  1.0087638818081712E-06
  3.3682628558441743E-02  8.1702111967227875E-02  9.9927192862309409E-07
  3.4018198515143414E-02  8.1506940046205401E-02  9.8986608232961804E-07
  3.4357111654983084E-02  8.1304123047762772E-02  9.8054569129713748E-07
  3.4699401285094730E-02  8.1097760117891673E-02  9.7131003757413376E-07
  3.5045101044441293E-02  8.0899430848805756E-02  9.6215837320482544E-07
  3.5394244907120641E-02  8.0697765243506553E-02  9.5308995577967510E-07
  3.5746867185704474E-02  8.0506683857630545E-02  9.4410407398903828E-07
  3.6103002534610337E-02  8.0307587469930580E-02  9.3520006081346097E-07
  3.6462685953507351E-02  8.0106180696747659E-02  9.2637729644872645E-07
  3.6825952790755970E-02  7.9916766039064752E-02  9.1763520503653097E-07
  3.7192838746881673E-02  7.9736133388271277E-02  9.0897325000182721E-07
  3.7563379878083718E-02  7.9556651214219357E-02  9.0039093692058393E-07
  3.7937612599778382E-02  7.9365576154878853E-02  8.9188782646539503E-07
  3.8315573690177955E-02  7.9173253113480155E-02  8.8346353883779157E-07
  3.8697300293904967E-02  7.8965164544025968E-02  8.7511773380356581E-07
  3.9082829925642742E-02  7.8757410750253859E-02  8.6685006758540664E-07
  3.9472200473822230E-02  7.8546694053696645E-02  8.5866014048238121E-07
  3.9865450204345426E-02  7.8361980231968664E-02  8.5054745386110082E-07
  4.0262617764346059E-02  7.8166104279203827E-02  8.4251138754530117E-07
  4.0663742185987770E-02  7.7995852534938404E-02  8.3455119775785946E-07
  4.1068862890299873E-02  7.7805172696904415E-02  8.2666603007846466E-07
  4.1478019691051714E-02  7.7617217836860514E-02  8.1885494025211886E-07
  4.1891252798665221E-02  7.7457107565803859E-02  8.1111691655417682E-07
  4.2308602824166826E-02  7.7279955672776332E-02  8.0345089646754014E-07
  4.2730110783178399E-02  7.7082713009222592E-02  7.9585577350212404E-07
  4.3155818099948194E-02  7.6885582094685198E-02  7.8833040811714563E-07
  4.3585766611421925E-02  7.6686663700965635E-02  7.8087365890566061E-07
  4.4019998571354219E-02  7.6484120111051615E-02  7.7348443475039502E-07
  4.4458556654461245E-02  7.6271207988289166E-02  7.6616175593042931E-07
  4.4901483960614642E-02  7.6091606818017618E-02  7.5890480515698889E-07
  4.5348824019077139E-02  7.5909629790137739E-02  7.5171295382414201E-07
  4.5800620792780501E-02  7.5727628970099103E-02  7.4458576230868152E-07
  4.6256918682646045E-02  7.5541048300532043E-02  7.3752296065297293E-07
  4.6717762531948231E-02  7.5349037706461813E-02  7.3052441852703734E-07
  4.7183197630721589E-02  7.5154577185275739E-02  7.2359011226955391E-07
  4.7653269720211715E-02  7.4951014399508784E-02  7.1672009582580503E-07
  4.8128024997370650E-02  7.4772513193996692E-02  7.0991448235369183E-07
  4.8607510119396756E-02  7.4587177303510138E-02  7.0317343151434918E-07
  4.9091772208320124E-02  7.4420882721695475E-02  6.9649712878015438E-07
  4.9580858855633618E-02  7.4270162811889126E-02  6.8988575022290152E-07
  5.0074818126969838E-02  7.4102361981172385E-02  6.8333941622829574E-07
  5.0573698566824907E-02  7.3918783726031959E-02  6.7685814542520009E-07
  5.1077549203329291E-02  7.3722710422465434E-02  6.7044182345530896E-07
  5.1586419553066074E-02  7.3524071610466035E-02  6.6409019148283876E-07
  5.2100359625937190E-02  7.3330083620534295E-02  6.5780285227345691E-07
  5.2619419930078286E-02  7.3133034546057296E-02  6.5157928819830044E-07
  5.3143651476822512E-02  7.2952552267199669E-02  6.4541888478832816E-07
  5.3673105785713625E-02  7.2770393156216431E-02  6.3932095433918445E-07
  5.4207834889569172E-02  7.2590457177832968E-02  6.3328475243499546E-07
  5.4747891339594207E-02  7.2411781981841547E-02  6.2730948396307921E-07
  5.5293328210545632E-02  7.2226750032257370E-02  6.2139430579717667E-07
  5.5844199105948247E-02  7.2051198927467183E-02  6.1553833500903373E-07
  5.6400558163362868E-02  7.1877418641267080E-02  6.0974066709137949E-07
  5.6962460059706593E-02  7.1709718101438016E-02  6.0400040248267012E-07
  5.7529960016626233E-02  7.1527477315693658E-02  5.9831667298617439E-07
  5.8103113805925387E-02  7.1340292096384705E-02  5.9268866154918938E-07
  5.8681977755045536E-02  7.1171507089960298E-02  5.8711561305967225E-07
  5.9266608752601500E-02  7.0989700579156281E-02  5.8159683629254890E-07
  5.9857064253972379E-02  7.0788877988390508E-02  5.7613169942488335E-07
  6.0453402286948142E-02  7.0604863222401629E-02  5.7071962211708878E-07
  6.1055681457432169E-02  7.0434752464475184E-02  5.6536006829734373E-07
  6.1663960955200915E-02  7.0258626492722395E-02  5.6005254463743449E-07
  6.2278300559720973E-02  7.0084708153574829E-02  5.5479660307982494E-07
  6.2898760646023857E-02  6.9897317826979471E-02  5.4959184127120316E-07
  6.3525402190639443E-02  6.9735162528456643E-02  5.4443789563525879E-07
  6.4158286777588489E-02  6.9576502015832417E-02  5.3933442610003281E-07
  6.4797476604435078E-02  6.9395958511318204E-02  5.3428109668836583E-07
  6.5443034488398930E-02  6.9226034342835752E-02  5.2927755765143278E-07
  6.6095023872528885E-02  6.9045153405992724E-02  5.2432343251149576E-07
  6.6753508831938063E-02  6.8856418648654188E-02  5.1941831171030223E-07
  6.7418554080100668E-02  6.8663504512810516E-02  5.1456175216046984E-07
  6.8090224975211888E-02  6.8489842878509205E-02  5.0975328068213713E-07
  6.8768587526611122E-02  6.8309030472572321E-02  5.0499239928604715E-07
  6.9453708401269118E-02  6.8126718399905195E-02  5.0027858968778074E-07
  7.0145654930339599E-02  6.7966463118767362E-02  4.9561131699285405E-07
  7.0844495115776479E-02  6.7806728779385456E-02  4.9099003543708689E-07
  7.1550297637016883E-02  6.7641104964706475E-02  4.8641419924562173E-07
  7.2263131857730561E-02  6.7461820474814874E-02  4.8188327908216199E-07
  7.2983067832636736E-02  6.7278293917290732E-02  4.7739678066955100E-07
  7.3710176314388962E-02  6.7109354898142404E-02  4.7295426021230013E-07
  7.4444528760528234E-02  6.6941478620771641E-02  4.6855533358598493E-07
  7.5186197340505606E-02  6.6757560495829718E-02  4.6419967807060929E-07
  7.5935254942774949E-02  6.6590143143403266E-02  4.5988702765579995E-07
  7.6691775181955982E-02  6.6414342412008998E-02  4.5561716447232678E-07
  7.7455832406068667E-02  6.6241018770954910E-02  4.5138990861601742E-07
  7.8227501703840283E-02  6.6067552276110372E-02  4.4720510815829450E-07
  7.9006858912084588E-02  6.5890843583555597E-02  4.4306263089890054E-07
  7.9793980623154792E-02  6.5725432840006717E-02  4.3896235882362878E-07
  8.0588944192470799E-02  6.5556249634454930E-02  4.3490418502923545E-07
  8.1391827746121581E-02  6.5398518489012014E-02  4.3088801138048138E-07
  8.2202710188542777E-02  6.5235532181198597E-02  4.2691374565546028E-07
  8.3021671210271417E-02  6.5072585419427342E-02  4.2298129903133725E-07
  8.3848791295777547E-02  6.4911905437513837E-02  4.1909058382122780E-07
  8.4684151731373961E-02  6.4754437626602018E-02  4.1524151134368932E-07
  8.5527834613204498E-02  6.4579130374843696E-02  4.1143399025803482E-07
  8.6379922855312471E-02  6.4403833068672159E-02  4.0766792535091690E-07
  8.7240500197789089E-02  6.4228302038269902E-02  4.0394321662325597E-07
  8.8109651215002874E-02  6.4040030915604299E-02  4.0025975862813193E-07
  8.8987461323911540E-02  6.3835132151223647E-02  3.9661744308955775E-07
  8.9874016792456532E-02  6.3668583043075197E-02  3.9301617441820139E-07
  9.0769404748040863E-02  6.3498784810296624E-02  3.8945590725221340E-07
  9.1673713186091813E-02  6.3331884895710247E-02  3.8593670710681323E-07
  9.2587030978708865E-02  6.3195323699334130E-02  3.8245882496288638E-07
  9.3509447883397739E-02  6.3035072586274304E-02  3.7902276868994449E-07
  9.4441054551891029E-02  6.2884415795425766E-02  3.7562935345813711E-07
  9.5381942539057740E-02  6.2716749070547514E-02  3.7227971951884716E-07
  9.6332204311900607E-02  6.2557153764716225E-02  3.6897531581720019E-07
  9.7291933258643354E-02  6.2379922468094803E-02  3.6571785704380974E-07
  9.8261223697908670E-02  6.2212032937026859E-02  3.6250926625123788E-07
  9.9240170887987644E-02  6.2040547192986767E-02  3.5935161475669485E-07
  1.0022887103620103E-01  6.1871335892097784E-02  3.5624706718926367E-07
  1.0122742130835441E-01  6.1706514819971379E-02  3.5319782944062614E-07
  1.0223591983828730E-01  6.1547488844852893E-02  3.5020609563257472E-07
  1.0325446573751738E-01  6.1375367371178970E-02  3.4727399101824904E-07
  1.0428315910498044E-01  6.1221842790959741E-02  3.4440350979795269E-07
  1.0532210103686833E-01  6.1059567717896439E-02  3.4159645339314938E-07
  1.0637139363656398E-01  6.0897907687614057E-02  3.3885438514058546E-07
  1.0743114002467571E-01  6.0737649702157843E-02  3.3617860686644256E-07
  1.0850144434917162E-01  6.0582191344560485E-02  3.3357015979861229E-07
  1.0958241179561500E-01  6.0417055684293980E-02  3.3102984739639855E-07
  1.1067414859750134E-01  6.0262647300461984E-02  3.2855827279457985E-07
  1.1177676204669865E-01  6.0111956671853622E-02  3.2615588198291799E-07
  1.1289036050399189E-01  5.9939190351458532E-02  3.2382300646248348E-07
  1.1401505340973209E-01  5.9788989149197634E-02  3.2155991473686941E-07
  1.1515095129459153E-01  5.9629827650602298E-02  3.1936689562083523E-07
  1.1629816579042682E-01  5.9475939931798304E-02  3.1724438997080271E-07
  1.1745680964124931E-01  5.9324730387578462E-02  3.1519317202821300E-07
  1.1862699671430516E-01  5.9168019354002767E-02  3.1321456323257822E-07
  1.1980884201126576E-01  5.9017340067716188E-02  3.1131063776381999E-07
  1.2100246167953008E-01  5.8872441441099294E-02  3.0948437893188970E-07
  1.2220797302363860E-01  5.8711580423800487E-02  3.0773975799649709E-07
  1.2342549451680190E-01  5.8558179604844419E-02  3.0608172619656179E-07
  1.2465514581254386E-01  5.8396988930031625E-02  3.0451613376398690E-07
  1.2589704775646068E-01  5.8230562134847764E-02  3.0304960431642504E-07
  1.2715132239809679E-01  5.8081334811068128E-02  3.0168939699053449E-07
  1.2841809300293999E-01  5.7930113990651823E-02  3.0044327526932813E-07
  1.2969748406453538E-01  5.7766020202406565E-02  2.9931937544527878E-07
  1.3098962131671973E-01  5.7626247085528222E-02  2.9832606898379592E-07
  1.3229463174597852E-01  5.7479695367491770E-02  2.9747180863752387E-07
  1.3361264360392583E-01  5.7339006158480171E-02  2.9676494841773232E-07
  1.3494378641990798E-01  5.7201962185763067E-02  2.9621356458371480E-07
  1.3628819101373343E-01  5.7067256102570872E-02  2.9582531674259836E-07
  1.3764598950852949E-01  5.6933427986894242E-02  2.9560736521816758E-07
  1.3901731534372649E-01  5.6809937216103452E-02  2.9556636276473891E-07
  1.4040230328817188E-01  5.6687734039206850E-02  2.9570852169429017E-07
  1.4180108945337500E-01  5.6547187628948663E-02  2.9603974055049217E-07
  1.4321381130688343E-01  5.6428290421824880E-02  2.9656576547934558E-07
  1.4464060768579273E-01  5.6298877307457397E-02  2.9729235685941181E-07
  1.4608161881039089E-01  5.6172772566353078E-02  2.9822543817081670E-07
  1.4753698629793890E-01  5.6043262946350203E-02  2.9937119787985311E-07
  1.4900685317658802E-01  5.5911740056067902E-02  3.0073612902711868E-07
  1.5049136389943610E-01  5.5770561445627510E-02  3.0232701189545268E-07
  1.5199066435872433E-01  5.5649504056670122E-02  3.0415085266982683E-07
  1.5350490190017460E-01  5.5514298095179652E-02  3.0621478080006557E-07
  1.5503422533746974E-01  5.5398472664229675E-02  3.0852594563836562E-07
  1.5657878496687938E-01  5.5272530933714044E-02  3.1109144501555604E-07
  1.5813873258202976E-01  5.5142014397857431E-02  3.1391830485649000E-07
  1.5971422148882133E-01  5.5034511587902409E-02  3.1701351387913411E-07
  1.6130540652049574E-01  5.4918970889558473E-02  3.2038410289542295E-07
  1.6291244405285199E-01  5.4816918757460920E-02  3.2403724763001464E-07
  1.6453549201961390E-01  5.4709277170100906E-02  3.2798036901409184E-07
  1.6617470992795225E-01  5.4594110334402458E-02  3.3222119029897957E-07
  1.6783025887416009E-01  5.4488267184652231E-02  3.3676770803623074E-07
  1.6950230155948390E-01  5.4371920571453722E-02  3.4162805172643970E-07
  1.7119100230611539E-01  5.4253507367868097E-02  3.4681022762469569E-07
  1.7289652707333800E-01  5.4130584954047337E-02  3.5232173696650183E-07
  1.7461904347383780E-01  5.4017095509532459E-02  3.5816911211992038E-07
  1.7635872079017717E-01  5.3898478717951927E-02  3.6435744068942854E-07
  1.7811572999142866E-01  5.3774126789443537E-02  3.7088994768802160E-07
  1.7989024374997931E-01  5.3657072409983221E-02  3.7776769080417007E-07
  1.8168243645849960E-01  5.3545662676973117E-02  3.8498938909320456E-07
  1.8349248424708137E-01  5.3417479740242996E-02  3.9255136179304219E-07
  1.8532056500054855E-01  5.3308456501600258E-02  4.0044753655041432E-07
  1.8716685837593833E-01  5.3190759367058478E-02  4.0866950143478064E-07
  1.8903154582015672E-01  5.3070749843015762E-02  4.1720655939254246E-07
  1.9091481058781146E-01  5.2935405010302194E-02  4.2604579013233048E-07
  1.9281683775922132E-01  5.2820075830072352E-02  4.3517217422411036E-07
  1.9473781425860426E-01  5.2696957523596072E-02  4.4456875830140371E-07
  1.9667792887244892E-01  5.2580596393955847E-02  4.5421683676307055E-07
  1.9863737226806727E-01  5.2456632125325336E-02  4.6409616450724763E-07
  2.0061633701233214E-01  5.2338962012054978E-02  4.7418515677777852E-07
  2.0261501759060307E-01  5.2217886408733191E-02  4.8446102305968050E-07
  2.0463361042583919E-01  5.2094953422411598E-02  4.9489979421785900E-07
  2.0667231389790189E-01  5.1976586507973405E-02  5.0547623301963660E-07
  2.0873132836305336E-01  5.1846488314649788E-02  5.1616365905782876E-07
  2.1081085617364401E-01  5.1733594972329128E-02  5.2693373027073857E-07
  2.1291110169800023E-01  5.1609180113466900E-02  5.3775626548775622E-07
  2.1503227134051020E-01  5.1481661935804890E-02  5.4859917998319224E-07
  2.1717457356190581E-01  5.1356064332246931E-02  5.5942857504353060E-07
  2.1933821889975169E-01  5.1228195044176181E-02  5.7020902608515072E-07
  2.2152341998913541E-01  5.1094478298677179E-02  5.8090412486983237E-07
  2.2373039158356359E-01  5.0967041617047473E-02  5.9147721791558069E-07
  2.2595935057606845E-01  5.0839608094967785E-02  6.0189224726933683E-07
  2.2821051602052267E-01  5.0717508414681145E-02  6.1211455789983011E-07
  2.3048410915316658E-01  5.0592585179920796E-02  6.2211152480931131E-07
  2.3278035341435152E-01  5.0464549840798116E-02  6.3185289746341264E-07
  2.3509947447049842E-01  5.0330800110327423E-02  6.4131085524144451E-07
  2.3744170023627442E-01  5.0207779245679832E-02  6.5045981606281743E-07
  2.3980726089699322E-01  5.0082430430855099E-02  6.5927612709221986E-07
  2.4219638893123582E-01  4.9962657317605061E-02  6.6773778386103358E-07
  2.4460931913369716E-01  4.9834574017390026E-02  6.7582423525131519E-07
  2.4704628863826222E-01  4.9708602603526580E-02  6.8351626459799755E-07
  2.4950753694130998E-01  4.9584713702060128E-02  6.9079609599768891E-07
  2.5199330592524927E-01  4.9460853052541671E-02  6.9764767292314185E-07
  2.5450383988229275E-01  4.9330563209481822E-02  7.0405702954304737E-07
  2.5703938553846184E-01  4.9214254579037359E-02  7.1001269104259841E-07
  2.5960019207783547E-01  4.9096670855981170E-02  7.1550601520015460E-07
  2.6218651116704073E-01  4.8975783718681609E-02  7.2053139426731850E-07
  2.6479859697998215E-01  4.8849413067582122E-02  7.2508627782785362E-07
  2.6743670622282384E-01  4.8718230748733805E-02  7.2917102104143511E-07
  2.7010109815921690E-01  4.8588762124944229E-02  7.3278859883286540E-07
  2.7279203463577761E-01  4.8457034184091759E-02  7.3594427862294669E-07
  2.7550978010782273E-01  4.8330565428095953E-02  7.3864530201807581E-07
  2.7825460166535826E-01  4.8203116795381230E-02  7.4090055361229001E-07
  2.8102676905932716E-01  4.8072026707639708E-02  7.4272028627567301E-07
  2.8382655472812141E-01  4.7941339485150107E-02  7.4411591712995786E-07
  2.8665423382435490E-01  4.7816268102668535E-02  7.4509983556247710E-07
  2.8951008424190416E-01  4.7699656361192833E-02  7.4568521880433282E-07
  2.9239438664322009E-01  4.7573757123283024E-02  7.4588585907709776E-07
  2.9530742448690972E-01  4.7447731050762228E-02  7.4571601475723028E-07
  2.9824948405559237E-01  4.7323305814117159E-02  7.4519029964248724E-07
  3.0122085448403663E-01  4.7212503907061276E-02  7.4432361331849806E-07
  3.0422182778757406E-01  4.7090324430441338E-02  7.4313110603348872E-07
  3.0725269889079670E-01  4.6971344797282044E-02  7.4162815367138095E-07
  3.1031376565654412E-01  4.6853671169816834E-02  7.3983032101346589E-07
  3.1340532891517242E-01  4.6728302261971826E-02  7.3775330205924028E-07
  3.1652769249412066E-01  4.6611495213411590E-02  7.3541282678778334E-07
  3.1968116324777168E-01  4.6486390442185256E-02  7.3282452707896161E-07
  3.2286605108760452E-01  4.6367165337368968E-02  7.3000378076907579E-07
  3.2608266901265498E-01  4.6236366695265284E-02  7.2696555282098823E-07
  3.2933133314027457E-01  4.6115683943854728E-02  7.2372425735576639E-07
  3.3261236273719658E-01  4.5988527066982317E-02  7.2029366461642961E-07
  3.3592608025091425E-01  4.5860582637718063E-02  7.1668686955762791E-07
  3.3927281134136866E-01  4.5735529738565754E-02  7.1291632305683031E-07
  3.4265288491295270E-01  4.5606502700096835E-02  7.0899391773070766E-07
  3.4606663314683622E-01  4.5492414549559275E-02  7.0493109691580488E-07
  3.4951439153361086E-01  4.5367518510590087E-02  7.0073895174863574E-07
  3.5299649890625956E-01  4.5260002910275425E-02  6.9642829132157981E-07
  3.5651329747345806E-01  4.5140605300858123E-02  6.9200968205905204E-07
  3.6006513285320485E-01  4.5025070574889983E-02  6.8749342666206632E-07
  3.6365235410678604E-01  4.4917959897444362E-02  6.8288949719482295E-07
  3.6727531377308215E-01  4.4796048058106996E-02  6.7820743633710852E-07
  3.7093436790321299E-01  4.4671309005812336E-02  6.7345623976621813E-07
  3.7462987609552834E-01  4.4549137133629846E-02  6.6864424100577572E-07
  3.7836220153094963E-01  4.4424790894274077E-02  6.6377902546506221E-07
  3.8213171100866150E-01  4.4302698954345354E-02  6.5886739368596247E-07
  3.8593877498215751E-01  4.4172817204801464E-02  6.5391538602634930E-07
  3.8978376759565125E-01  4.4051849769184408E-02  6.4892836782993890E-07
  3.9366706672084117E-01  4.3936352860886770E-02  6.4391114593188031E-07
  3.9758905399404804E-01  4.3820099563791987E-02  6.3886809312687094E-07
  4.0155011485372399E-01  4.3703698563629594E-02  6.3380328735165339E-07
  4.0555063857832613E-01  4.3582266606221817E-02  6.2872061518343466E-07
  4.0959101832457800E-01  4.3477864836157003E-02  6.2362383475175636E-07
  4.1367165116610638E-01  4.3368257028092223E-02  6.1851662928561258E-07
  4.1779293813246215E-01  4.3252740360822606E-02  6.1340265632516613E-07
  4.2195528424853534E-01  4.3132525305202465E-02  6.0828559808118919E-07
  4.2615909857435769E-01  4.3012158971769236E-02  6.0316921298589131E-07
  4.3040479424530220E-01  4.2892985220698295E-02  5.9805737750244630E-07
  4.3469278851268789E-01  4.2765257393238963E-02  5.9295410273585186E-07
  4.3902350278478347E-01  4.2652214594826141E-02  5.8786351285291369E-07
  4.4339736266822100E-01  4.2527283069670484E-02  5.8278979677196560E-07
  4.4781479800982560E-01  4.2409863041161656E-02  5.7773714986972429E-07
  4.5227624293885765E-01  4.2285778099698315E-02  5.7270970176456886E-07
  4.5678213590967626E-01  4.2174195804706160E-02  5.6771144197433255E-07
  4.6133291974483159E-01  4.2054415395812214E-02  5.6274616665887982E-07
  4.6592904167858235E-01  4.1939900797289605E-02  5.5781742594247406E-07
  4.7057095340084676E-01  4.1826331508788651E-02  5.5292846698231645E-07
  4.7525911110159769E-01  4.1713304189724715E-02  5.4808217416508865E-07
  4.7999397551568962E-01  4.1604866577559477E-02  5.4328101434530198E-07
  4.8477601196814063E-01  4.1487073744958324E-02  5.3852700421477159E-07
  4.8960569041986568E-01  4.1373319541955417E-02  5.3382171609494549E-07
  4.9448348551385635E-01  4.1260521302614997E-02  5.2916632231179322E-07
  4.9940987662183234E-01  4.1139026376544277E-02  5.2456165692484008E-07
  5.0438534789135059E-01  4.1022650285364268E-02  5.2000828253130753E-07
  5.0941038829338370E-01  4.0894015316586409E-02  5.1550656393809477E-07
  5.1448549167037771E-01  4.0776856347293083E-02  5.1105674806330256E-07
  5.1961115678478287E-01  4.0666344351797459E-02  5.0665901133203302E-07
  5.2478788736806936E-01  4.0553357723533329E-02  5.0231348619244932E-07
  5.3001619217023477E-01  4.0437573587303752E-02  4.9802027524499772E-07
  5.3529658500980071E-01  4.0310645680184498E-02  4.9377945439583210E-07
  5.4062958482430779E-01  4.0201076520501290E-02  4.8959106512530024E-07
  5.4601571572131757E-01  4.0085608731085104E-02  4.8545509884198422E-07
  5.5145550702991830E-01  3.9974761651264262E-02  4.8137148500332383E-07
  5.5694949335274457E-01  3.9858911595165414E-02  4.7734009351641326E-07
  5.6249821461851846E-01  3.9745383931437221E-02  4.7336074782667325E-07
  5.6810221613511036E-01  3.9620981897792486E-02  4.6943323087478323E-07
  5.7376204864312796E-01  3.9517699935557198E-02  4.6555728489519624E-07
  5.7947826837004679E-01  3.9405133145639211E-02  4.6173261577916168E-07
  5.8525143708486693E-01  3.9292096281810726E-02  4.5795889928121572E-07
  5.9108212215332501E-01  3.9167678171011806E-02  4.5423578952722236E-07
  5.9697089659365654E-01  3.9062630594899991E-02  4.5056293215392645E-07
  6.0291833913290183E-01  3.8937473483762607E-02  4.4693997907353599E-07
  6.0892503426378863E-01  3.8829387292804413E-02  4.4336660076892987E-07
  6.1499157230217039E-01  3.8714302286431884E-02  4.3984249139146372E-07
  6.2111854944503930E-01  3.8593463431316616E-02  4.3636736055504803E-07
  6.2730656782912197E-01  3.8474298906019624E-02  4.3294091931434114E-07
  6.3355623559005281E-01  3.8350279718383153E-02  4.2956288243933234E-07
  6.3986816692213788E-01  3.8242842993519162E-02  4.2623297898635963E-07
  6.4624298213871967E-01  3.8126236587491077E-02  4.2295095052155971E-07
  6.5268130773313671E-01  3.8007626806672030E-02  4.1971654001023184E-07
  6.5918377644029147E-01  3.7888789419709613E-02  4.1652948325815178E-07
  6.6575102729883706E-01  3.7774877897494508E-02  4.1338950594058575E-07
  6.7238370571397754E-01  3.7652182417125507E-02  4.1029631938844370E-07
  6.7908246352089419E-01  3.7546356225474822E-02  4.0724961529027616E-07
  6.8584795904880913E-01  3.7426179243936361E-02  4.0424906252523165E-07
  6.9268085718568162E-01  3.7315133962268009E-02  4.0129430765488630E-07
  6.9958182944354841E-01  3.7195836564760852E-02  3.9838497257410589E-07
  7.0655155402452441E-01  3.7078724739621489E-02  3.9552064030242552E-07
  7.1359071588744549E-01  3.6966586288889963E-02  3.9270083799118846E-07
  7.2070000681518720E-01  3.6851667142033959E-02  3.8992504160265977E-07
  7.2788012548265568E-01  3.6734157092670576E-02  3.8719269901346048E-07
  7.3513177752544112E-01  3.6616506279033220E-02  3.8450324064236394E-07
  7.4245567560917280E-01  3.6490115729821117E-02  3.8185608462573938E-07
  7.4985253949955488E-01  3.6372884562400586E-02  3.7925063902555308E-07
  7.5732309613309956E-01  3.6265866031234960E-02  3.7668630402499103E-07
  7.6486807968857240E-01  3.6138531526047742E-02  3.7416247891025157E-07
  7.7248823165914260E-01  3.6025938681193206E-02  3.7167857339931882E-07
  7.8018430092525182E-01  3.5911189265280273E-02  3.6923401733004442E-07
  7.8795704382821552E-01  3.5794882677486935E-02  3.6682826574841181E-07
  7.9580722424455219E-01  3.5669400739082063E-02  3.6446080109608971E-07
  8.0373561366105084E-01  3.5559859461677071E-02  3.6213111867159189E-07
  8.1174299125059513E-01  3.5438710022585133E-02  3.5983870004494073E-07
  8.1983014394873543E-01  3.5319207504318703E-02  3.5758301258876818E-07
  8.2799786653102281E-01  3.5200289782073943E-02  3.5536352037867501E-07
  8.3624696169112245E-01  3.5081017777867318E-02  3.5317968550327051E-07
  8.4457824011969607E-01  3.4965700146051888E-02  3.5103096887078773E-07
  8.5299252058407093E-01  3.4843482351788253E-02  3.4891683467958447E-07
  8.6149063000871440E-01  3.4726865133982161E-02  3.4683675199399033E-07
  8.7007340355648954E-01  3.4603606135571230E-02  3.4479019075038231E-07
  8.7874168471073755E-01  3.4486179168459342E-02  3.4277662006876687E-07
  8.8749632535817735E-01  3.4364909702619191E-02  3.4079551836476990E-07
  8.9633818587261371E-01  3.4243945167258941E-02  3.3884638949386285E-07
  9.0526813519950278E-01  3.4122837089829626E-02  3.3692876932288512E-07
  9.1428705094134366E-01  3.4002488883534909E-02  3.3504221273157430E-07
  9.2339581944392457E-01  3.3883398239635300E-02  3.3318627041249425E-07
  9.3259533588343435E-01  3.3764609781992395E-02  3.3136049080382342E-07
  9.4188650435443422E-01  3.3633416038811773E-02  3.2956443224288371E-07
  9.5127023795870691E-01  3.3519611127417415E-02  3.2779765830880083E-07
  9.6074745889499780E-01  3.3400910996965370E-02  3.2605973259312606E-07
  9.7031909854964238E-01  3.3266978447194569E-02  3.2435021833966658E-07
  9.7998609758809718E-01  3.3141289503211331E-02  3.2266868366537249E-07
  9.8974940604739026E-01  3.3024357425501465E-02  3.2101470866696117E-07
  9.9960998342948415E-01  3.2899094857714452E-02  3.1938788565366248E-07
  1.0095687987955697E+00  3.2767207697542940E-02  3.1778781541557221E-07
  1.0196268308613083E+00  3.2649549147980475E-02  3.1621411390914538E-07
  1.0297850680930118E+00  3.2522979443599699E-02  3.1466642332398030E-07
  1.0400445088047829E+00  3.2401499691732331E-02  3.1314439306053476E-07
  1.0504061612566362E+00  3.2277984922048981E-02  3.1164765395470881E-07
  1.0608710437535736E+00  3.2151713488613773E-02  3.1017582540856500E-07
  1.0714401847456640E+00  3.2022102951562534E-02  3.0872852379682785E-07
  1.0821146229291245E+00  3.1900367149414875E-02  3.0730536288018637E-07
  1.0928954073483839E+00  3.1775818622202905E-02  3.0590595286209578E-07
  1.1037835974991912E+00  3.1659437169828580E-02  3.0452989878235043E-07
  1.1147802634327353E+00  3.1531639762568314E-02  3.0317679879254223E-07
  1.1258864858608011E+00  3.1410467242138307E-02  3.0184624739598294E-07
  1.1371033562619857E+00  3.1283013526185829E-02  3.0053784585016817E-07
  1.1484319769889610E+00  3.1156070351413573E-02  2.9925121318114608E-07
  1.1598734613768054E+00  3.1031035823243860E-02  2.9798599576135648E-07
  1.1714289338524255E+00  3.0891464932706076E-02  2.9674187099210539E-07
  1.1830995300450566E+00  3.0769942800207450E-02  2.9551852928132421E-07
  1.1948863968978654E+00  3.0637630241544419E-02  2.9431565263807077E-07
  1.2067906927806731E+00  3.0508392790642932E-02  2.9313291991097497E-07
  1.2188135876037944E+00  3.0374921135946795E-02  2.9197001370947621E-07
  1.2309562629330060E+00  3.0246148079083626E-02  2.9082661646882313E-07
  1.2432199121056751E+00  3.0114599647481408E-02  2.8970240738045062E-07
  1.2556057403480323E+00  2.9983913993552051E-02  2.8859706162119338E-07
  1.2681149648936128E+00  2.9853617532364034E-02  2.8751024899754584E-07
  1.2807488151028894E+00  2.9724393522913645E-02  2.8644163046076851E-07
  1.2935085325840863E+00  2.9594656525578689E-02  2.8539085322566616E-07
  1.3063953713151932E+00  2.9461896358259746E-02  2.8435755170888573E-07
  1.3194105977672170E+00  2.9332473036499076E-02  2.8334136507561111E-07
  1.3325554910286284E+00  2.9199343152982168E-02  2.8234195056541747E-07
  1.3458313429310746E+00  2.9066683468250042E-02  2.8135895721575576E-07
  1.3592394581763427E+00  2.8931966715343326E-02  2.8039201842600474E-07
  1.3727811544645647E+00  2.8800167890086600E-02  2.7944077132179201E-07
  1.3864577626237300E+00  2.8663837344110016E-02  2.7850486538930993E-07
  1.4002706267404692E+00  2.8530053790683726E-02  2.7758396783455347E-07
  1.4142211042921427E+00  2.8396203477374985E-02  2.7667777142787311E-07
  1.4283105662802549E+00  2.8260679709348285E-02  2.7578600445027808E-07
  1.4425403973651898E+00  2.8122523515795361E-02  2.7490844314811005E-07
  1.4569119960022827E+00  2.7983622651816656E-02  2.7404492972374510E-07
  1.4714267745792675E+00  2.7849807261083853E-02  2.7319539404684516E-07
  1.4860861595550732E+00  2.7713736314066262E-02  2.7235986331865228E-07
  1.5008915916000087E+00  2.7576558889794604E-02  2.7153846995439905E-07
  1.5158445257373552E+00  2.7440055348623860E-02  2.7073144813970379E-07
  1.5309464314863537E+00  2.7303363584184948E-02  2.6993909549760543E-07
  1.5461987930066281E+00  2.7166237951422173E-02  2.6916173437398511E-07
  1.5616031092440359E+00  2.7027407697078631E-02  2.6839969666932120E-07
  1.5771608940779884E+00  2.6890894501764691E-02  2.6765331106564472E-07
  1.5928736764702254E+00  2.6753740818555135E-02  2.6692288791126293E-07
  1.6087430006150703E+00  2.6619249468295272E-02  2.6620870509427568E-07
  1.6247704260911968E+00  2.6482586710820672E-02  2.6551099399052271E-07
  1.6409575280148958E+00  2.6344217117943707E-02  2.6482992334569284E-07
  1.6573058971948660E+00  2.6204901851213654E-02  2.6416558204816889E-07
  1.6738171402885609E+00  2.6066293041402500E-02  2.6351797302974692E-07
  1.6904928799600820E+00  2.5928451889912229E-02  2.6288702312852126E-07
  1.7073347550396483E+00  2.5789043940401435E-02  2.6227259912219423E-07
  1.7243444206846501E+00  2.5649772776781828E-02  2.6167451586596335E-07
  1.7415235485423199E+00  2.5513671610787571E-02  2.6109253707016388E-07
  1.7588738269140132E+00  2.5376270548041816E-02  2.6052639662693601E-07
  1.7763969609211205E+00  2.5237362483722041E-02  2.5997582578411769E-07
  1.7940946726726532E+00  2.5099338958442238E-02  2.5944056622170112E-07
  1.8119687014344792E+00  2.4966791008813334E-02  2.5892037380415897E-07
  1.8300208038002466E+00  2.4833261231569922E-02  2.5841502174222315E-07
  1.8482527538640268E+00  2.4699531897255867E-02  2.5792430604352344E-07
  1.8666663433946578E+00  2.4561164878548349E-02  2.5744805156372662E-07
  1.8852633820118367E+00  2.4433578017162807E-02  2.5698611630468381E-07
  1.9040456973639550E+00  2.4299048786323541E-02  2.5653839211168181E-07
  1.9230151353077243E+00  2.4167696838321241E-02  2.5610480628413714E-07
  1.9421735600895742E+00  2.4035714974117203E-02  2.5568533068772927E-07
  1.9615228545288588E+00  2.3903955263519926E-02  2.5527995286825438E-07
  1.9810649202029040E+00  2.3771945065407092E-02  2.5488864385042820E-07
  2.0008016776338824E+00  2.3640128204882302E-02  2.5451135118375919E-07
  2.0207350664775485E+00  2.3508257284737624E-02  2.5414799190211603E-07
  2.0408670457138731E+00  2.3377284500257191E-02  2.5379844108669628E-07
  2.0611995938395564E+00  2.3245475254404704E-02  2.5346251649201144E-07
  2.0817347090624718E+00  2.3114953868962878E-02  2.5313995783777234E-07
  2.1024744094980345E+00  2.2984733632305895E-02  2.5283040177624439E-07
  2.1234207333675461E+00  2.2855141006115808E-02  2.5253335697416835E-07
  2.1445757391984976E+00  2.2725756232586481E-02  2.5224818655399733E-07
  2.1659415060268672E+00  2.2596868977002110E-02  2.5197410660401249E-07
  2.1875201336014536E+00  2.2463935906952368E-02  2.5171020361628176E-07
  2.2093137425902247E+00  2.2334795868454677E-02  2.5145546998076662E-07
  2.2313244747887238E+00  2.2205902335790957E-02  2.5120884397467978E-07
  2.2535544933305669E+00  2.2081505550818861E-02  2.5096922847261218E-07
  2.2760059829000236E+00  2.1948652228131121E-02  2.5073551502290162E-07
  2.2986811499467215E+00  2.1823376110682916E-02  2.5050661309118064E-07
  2.3215822229024781E+00  2.1694549128438458E-02  2.5028148255844370E-07
  2.3447114524003179E+00  2.1563464413479665E-02  2.5005917231365298E-07
  2.3680711114956505E+00  2.1434139571595113E-02  2.4983886554098446E-07
  2.3916634958896492E+00  2.1305313491577459E-02  2.4961992935865026E-07
  2.4154909241548772E+00  2.1172514786478122E-02  2.4940195994121466E-07
  2.4395557379631461E+00  2.1041304163211223E-02  2.4918481581541247E-07
  2.4638603023156325E+00  2.0907730829150002E-02  2.4896863062070425E-07
  2.4884070057753229E+00  2.0773722922359537E-02  2.4875380044425281E-07
  2.5131982607017416E+00  2.0639924563300674E-02  2.4854091393541099E-07
  2.5382365034880214E+00  2.0505744681513689E-02  2.4833066564247817E-07
  2.5635241948003595E+00  2.0371482847081429E-02  2.4812379790937233E-07
  2.5890638198198324E+00  2.0239839898702892E-02  2.4792107116041950E-07
  2.6148578884866343E+00  2.0105717072144182E-02  2.4772324237916393E-07
  2.6409089357467366E+00  1.9971484651025391E-02  2.4753103845232279E-07
  2.6672195218010253E+00  1.9835244556093184E-02  2.4734512206865826E-07
  2.6937922323569041E+00  1.9704124586741707E-02  2.4716605372381140E-07
  2.7206296788823980E+00  1.9571267966668113E-02  2.4699425627803110E-07
  2.7477344988628141E+00  1.9439556467615464E-02  2.4682998876303576E-07
  2.7751093560599385E+00  1.9308926694271460E-02  2.4667333652688515E-07
  2.8027569407738095E+00  1.9179144639132433E-02  2.4652423055649716E-07
  2.8306799701071306E+00  1.9049038450272303E-02  2.4638252389184666E-07
  2.8588811882322820E+00  1.8920401911737959E-02  2.4624805289113864E-07
  2.8873633666610172E+00  1.8789834286705172E-02  2.4612067127743032E-07
  2.9161293045168244E+00  1.8667571302610462E-02  2.4600028277464183E-07
  2.9451818288100293E+00  1.8540521742926471E-02  2.4588684377792456E-07
  2.9745237947156169E+00  1.8414532720412557E-02  2.4578034139751933E-07
  3.0041580858538177E+00  1.8289156666055732E-02  2.4568078140636558E-07
  3.0340876145735183E+00  1.8163943783698101E-02  2.4558819510099574E-07
  3.0643153222384645E+00  1.8039360731554349E-02  2.4550264215501886E-07
  3.0948441795163220E+00  1.7915079983777657E-02  2.4542420398962119E-07
  3.1256771866706399E+00  1.7790636843060384E-02  2.4535297282089472E-07
  3.1568173738556902E+00  1.7661300149143834E-02  2.4528903181973755E-07
  3.1882678014142711E+00  1.7543391128977071E-02  2.4523242324050488E-07
  3.2200315601784522E+00  1.7419440746162702E-02  2.4518310606513437E-07
  3.2521117717733459E+00  1.7295628489541515E-02  2.4514091011882358E-07
  3.2845115889238845E+00  1.7166672029440583E-02  2.4510550628988809E-07
  3.3172341957646450E+00  1.7046430372741277E-02  2.4507643751102542E-07
  3.3502828081527944E+00  1.6927898000240190E-02  2.4505320723850508E-07
  3.3836606739841257E+00  1.6804306599927727E-02  2.4503534048239481E-07
  3.4173710735122342E+00  1.6681870198076834E-02  2.4502236694595762E-07
  3.4514173196709108E+00  1.6555906991948643E-02  2.4501380207822240E-07
  3.4858027583997120E+00  1.6437749856468127E-02  2.4500916378423803E-07
  3.5205307689727956E+00  1.6315787474795628E-02  2.4500798581799294E-07
  3.5556047643310036E+00  1.6195286022859287E-02  2.4500983496050823E-07
  3.5910281914172990E+00  1.6075600212202720E-02  2.4501433614303231E-07
  3.6268045315155071E+00  1.5954504897540463E-02  2.4502120721141047E-07
  3.6629373005924322E+00  1.5834037831923071E-02  2.4503030507125279E-07
  3.6994300496434134E+00  1.5714135646639926E-02  2.4504163811134861E-07
  3.7362863650412987E+00  1.5591358686930963E-02  2.4505531377493556E-07
  3.7735098688888824E+00  1.5474775989718186E-02  2.4507142581566874E-07
  3.8111042193748967E+00  1.5355881722441015E-02  2.4508997104370593E-07
  3.8490731111335115E+00  1.5237361982641404E-02  2.4511089280323002E-07
  3.8874202756074370E+00  1.5118822710499134E-02  2.4513415100027740E-07
  3.9261494814146172E+00  1.4999638878309426E-02  2.4515970849394303E-07
  3.9652645347186239E+00  1.4882729177234788E-02  2.4518752423946268E-07
  4.0047692796026970E+00  1.4762557070801907E-02  2.4521755615618292E-07
  4.0446675984475187E+00  1.4645552958640739E-02  2.4524974830849833E-07
  4.0849634123127760E+00  1.4528775679829012E-02  2.4528401872160839E-07
  4.1256606813225076E+00  1.4412624332061738E-02  2.4532025484520251E-07
  4.1667634050542670E+00  1.4300244508120945E-02  2.4535830045294896E-07
  4.2082756229322165E+00  1.4183662166591582E-02  2.4539795318846801E-07
  4.2502014146240894E+00  1.4069512020554504E-02  2.4543902498263457E-07
  4.2925449004421337E+00  1.3954704040732289E-02  2.4548141890606120E-07
  4.3353102417480232E+00  1.3840002516247217E-02  2.4552511928403532E-07
  4.3785016413618454E+00  1.3725503752815527E-02  2.4557013435864508E-07
  4.4221233439751293E+00  1.3614408190231372E-02  2.4561651143841853E-07
  4.4661796365679818E+00  1.3501840879506092E-02  2.4566433422096087E-07
  4.5106748488304262E+00  1.3389055952121526E-02  2.4571368373378593E-07
  4.5556133535878889E+00  1.3278458403521114E-02  2.4576464428384424E-07
  4.6009995672309394E+00  1.3166747680565121E-02  2.4581730345940618E-07
  4.6468379501493366E+00  1.3056782749603401E-02  2.4587175748273761E-07
  4.6931330071703652E+00  1.2946830575508253E-02  2.4592812234361956E-07
  4.7398892880015628E+00  1.2836330596251510E-02  2.4598652968221649E-07
  4.7871113876778262E+00  1.2727719540594746E-02  2.4604710053029988E-07
  4.8348039470130271E+00  1.2618426362937599E-02  2.4610990713489545E-07
  4.8829716530560781E+00  1.2510410579150649E-02  2.4617495618368213E-07
  4.9316192395515435E+00  1.2403147750562825E-02  2.4624219837630243E-07
  4.9807514874048833E+00  1.2295192749692731E-02  2.4631152506847612E-07
  5.0303732251522897E+00  1.2188772506866681E-02  2.4638279644838212E-07
  5.0804893294352018E+00  1.2082137194559729E-02  2.4645590474336513E-07
  5.1311047254795970E+00  1.1976358408083141E-02  2.4653076057780366E-07
  5.1822243875799963E+00  1.1871095937655778E-02  2.4660727577973117E-07
  5.2338533395883395E+00  1.1766320766178767E-02  2.4668536304793646E-07
  5.2859966554076827E+00  1.1662038732224652E-02  2.4676493399703012E-07
  5.3386594594908763E+00  1.1554156234488997E-02  2.4684589974485003E-07
  5.3918469273441652E+00  1.1455381478068408E-02  2.4692817239841607E-07
  5.4455642860357969E+00  1.1352385511590644E-02  2.4701167175412504E-07
  5.4998168147097539E+00  1.1250482704419737E-02  2.4709634136556719E-07
  5.5546098451045500E+00  1.1148446823238647E-02  2.4718216758179537E-07
  5.6099487620772024E+00  1.1047260095689154E-02  2.4726917976711010E-07
  5.6658390041324624E+00  1.0947506103062036E-02  2.4735741612272190E-07
  5.7222860639572737E+00  1.0846403259033402E-02  2.4744688383710104E-07
  5.7792954889605817E+00  1.0743361255095594E-02  2.4753756530337614E-07
  5.8368728818184943E+00  1.0648938136367192E-02  2.4762944441547702E-07
  5.8950239010249206E+00  1.0549207053165753E-02  2.4772251118263492E-07
  5.9537542614476537E+00  1.0451882945465311E-02  2.4781675637509286E-07
  6.0130697348899877E+00  1.0353727081118118E-02  2.4791217560917488E-07
  6.0729761506579845E+00  1.0256851123500159E-02  2.4800877855448907E-07
  6.1334793961333416E+00  1.0161134652961959E-02  2.4810658366886842E-07
  6.1945854173519583E+00  1.0064484642638120E-02  2.4820559865613045E-07
  6.2563002195883310E+00  9.9698575261786652E-03  2.4830579977198624E-07
  6.3186298679457078E+00  9.8752014729102302E-03  2.4840713494660889E-07
  6.3815804879521467E+00  9.7804287348803743E-03  2.4850955659503088E-07
  6.4451582661624967E+00  9.6862104154103578E-03  2.4861303751312748E-07
  6.5093694507664184E+00  9.5936677964563698E-03  2.4871759967910532E-07
  6.5742203522024205E+00  9.5002514100668723E-03  2.4882331693700424E-07
  6.6397173437780008E+00  9.4081018846480513E-03  2.4893026533748477E-07
  6.7058668622960367E+00  9.3167765640181817E-03  2.4903851827799741E-07
  6.7726754086873466E+00  9.2251755882812852E-03  2.4914814948283312E-07
  6.8401495486495607E+00  9.1309896109989276E-03  2.4925923806149452E-07
  6.9082959132924069E+00  9.0456551785657452E-03  2.4937187019760354E-07
  6.9771211997893747E+00  8.9556965064532569E-03  2.4948613254666251E-07
  7.0466321720358964E+00  8.8666850004651566E-03  2.4960210753406727E-07
  7.1168356613140489E+00  8.7792131472292020E-03  2.4971986710098203E-07
  7.1877385669639509E+00  8.6909235321013922E-03  2.4983946125230737E-07
  7.2593478570617878E+00  8.6038243832581018E-03  2.4996092910896267E-07
  7.3316705691045767E+00  8.5147626877320384E-03  2.5008427885031629E-07
  7.4047138107018418E+00  8.4313076622257836E-03  2.5020944270490199E-07
  7.4784847602740907E+00  8.3461236223164020E-03  2.5033635429445413E-07
  7.5529906677582659E+00  8.2608541873832545E-03  2.5046496943537939E-07
  7.6282388553202907E+00  8.1765556285447703E-03  2.5059524634886973E-07
  7.7042367180746236E+00  8.0928068050435936E-03  2.5072715287664979E-07
  7.7809917248110523E+00  8.0097558113176228E-03  2.5086067160540442E-07
  7.8585114187286562E+00  7.9271520182291402E-03  2.5099579269799845E-07
  7.9368034181771758E+00  7.8458330357281964E-03  2.5113250267438738E-07
  8.0158754174056916E+00  7.7639426662169976E-03  2.5127077797661349E-07
  8.0957351873187644E+00  7.6830416373993545E-03  2.5141058668176613E-07
  8.1763905762401770E+00  7.6029205758151959E-03  2.5155188432282898E-07
  8.2578495106842151E+00  7.5231630689205605E-03  2.5169462684303516E-07
  8.3401199961346304E+00  7.4442688163687560E-03  2.5183883568225059E-07
  8.4232101178314416E+00  7.3656479481084454E-03  2.5198456779017486E-07
  8.5071280415654904E+00  7.2883298757733745E-03  2.5213187173863542E-07
  8.5918820144809551E+00  7.2108699607680554E-03  2.5228080106350330E-07
  8.6774803658858204E+00  7.1338722166433442E-03  2.5243141299822021E-07
  8.7639315080705043E+00  7.0578193652007437E-03  2.5258376489939028E-07
  8.8512439371345550E+00  6.9816451887200733E-03  2.5273791606254807E-07
  8.9394262338215995E+00  6.9069385554151536E-03  2.5289392990139319E-07
  9.0284870643626665E+00  6.8317761009601746E-03  2.5305187299104752E-07
  9.1184351813278610E+00  6.7578523402844932E-03  2.5321180864176412E-07
  9.2092794244864926E+00  6.6847555261003019E-03  2.5337378900472065E-07
  9.3010287216758840E+00  6.6113601691753579E-03  2.5353785063421832E-07
  9.3936920896787246E+00  6.5362696608457964E-03  2.5370399481997394E-07
  9.4872786351091900E+00  6.4648703491526991E-03  2.5387219518152303E-07
  9.5817975553079577E+00  6.3967766059140939E-03  2.5404243640405919E-07
  9.6772581392460477E+00  6.3252180980028503E-03  2.5421472064307818E-07
  9.7736697684377365E+00  6.2556379563399002E-03  2.5438905937952864E-07
  9.8710419178624829E+00  6.1854435660205834E-03  2.5456546840928188E-07
  9.9693841568961741E+00  6.1168119378447270E-03  2.5474396760636670E-07
  1.0068706150251518E+01  6.0454531453854330E-03  2.5492458302965114E-07
  1.0169017658927844E+01  5.9780517455249055E-03  2.5510734725947359E-07
  1.0270328541170420E+01  5.9107610892750601E-03  2.5529229642478016E-07
  1.0372648753439272E+01  5.8440307655950735E-03  2.5547946284898500E-07
  1.0475988351387622E+01  5.7778631757480119E-03  2.5566886570237997E-07
  1.0580357490850197E+01  5.7122720524864926E-03  2.5586050887454681E-07
  1.0685766428841253E+01  5.6496412425781645E-03  2.5605439241047192E-07
  1.0792225524562626E+01  5.5835226738959751E-03  2.5625051765622067E-07
  1.0899745240421746E+01  5.5212349372982744E-03  2.5644888060891156E-07
  1.1008336143059914E+01  5.4575881823359026E-03  2.5664947209925670E-07
  1.1118008904390720E+01  5.3925214958144571E-03  2.5685228112190778E-07
  1.1228774302648807E+01  5.3332951433320468E-03  2.5705729521289949E-07
  1.1340643223449170E+01  5.2714588863953145E-03  2.5726450251851449E-07
  1.1453626660856948E+01  5.2100909472201622E-03  2.5747389482930633E-07
  1.1567735718467814E+01  5.1496177875330175E-03  2.5768546754252322E-07
  1.1682981610499285E+01  5.0898440441191255E-03  2.5789921454276263E-07
  1.1799375662892766E+01  5.0305847376224165E-03  2.5811512118026144E-07
  1.1916929314426637E+01  4.9722230325464339E-03  2.5833315678780377E-07
  1.2035654117840370E+01  4.9137683545023491E-03  2.5855326657229229E-07
  1.2155561740969963E+01  4.8565771883763787E-03  2.5877537341768295E-07
  1.2276663967894578E+01  4.7972943686554366E-03  2.5899939280913229E-07
  1.2398972700094594E+01  4.7434827248735148E-03  2.5922524501867314E-07
  1.2522499957621321E+01  4.6870466403699223E-03  2.5945285598919535E-07
  1.2647257880278241E+01  4.6303479938482415E-03  2.5968215308901801E-07
  1.2773258728814032E+01  4.5775753939788612E-03  2.5991306360724332E-07
  1.2900514886127585E+01  4.5226699784560419E-03  2.6014551691738575E-07
  1.3029038858484899E+01  4.4693560160952829E-03  2.6037944554468354E-07
  1.3158843276748170E+01  4.4162465047739002E-03  2.6061478144428036E-07
  1.3289940897617059E+01  4.3637110061234300E-03  2.6085144837686324E-07
  1.3422344604882449E+01  4.3103822384018588E-03  2.6108935293399803E-07
  1.3556067410692588E+01  4.2607634459940506E-03  2.6132837349237432E-07
  1.3691122456831813E+01  4.2096673574746838E-03  2.6156835416217228E-07
  1.3827523016012179E+01  4.1590588002306450E-03  2.6180911385847223E-07
  1.3965282493177799E+01  4.1090497731184044E-03  2.6205045833511600E-07
  1.4104414426822197E+01  4.0596715786255823E-03  2.6229218242086555E-07
  1.4244932490318895E+01  4.0108747151828637E-03  2.6253407021781161E-07
  1.4386850493265142E+01  3.9627271242176762E-03  2.6277589785533966E-07
  1.4530182382839081E+01  3.9149594229983932E-03  2.6301743804190950E-07
  1.4674942245170383E+01  3.8673283389923474E-03  2.6325846327528801E-07
  1.4821144306724657E+01  3.8192879440475118E-03  2.6349874670923948E-07
  1.4968802935701550E+01  3.7747590442903018E-03  2.6373806444010754E-07
  1.5117932643446686E+01  3.7288232863635822E-03  2.6397619948257393E-07
  1.5268548085878001E+01  3.6819930422784760E-03  2.6421294262424056E-07
  1.5420664064925980E+01  3.6389982449979040E-03  2.6444808970394300E-07
  1.5574295529988119E+01  3.5941508598165777E-03  2.6468143818023478E-07
  1.5729457579398497E+01  3.5489627692932733E-03  2.6491278757213990E-07
  1.5886165461911331E+01  3.5055539369470952E-03  2.6514194575670357E-07
  1.6044434578199564E+01  3.4637993220042666E-03  2.6536872994105265E-07
  1.6204280482368436E+01  3.4200096701933161E-03  2.6559296233974241E-07
  1.6365718883484178E+01  3.3792250049711064E-03  2.6581446639042763E-07
  1.6528765647117662E+01  3.3375851284631239E-03  2.6603306375712781E-07
  1.6693436796903693E+01  3.2963161773968551E-03  2.6624856860140640E-07
  1.6859748516115861E+01  3.2555790932735766E-03  2.6646077802009822E-07
  1.7027717149256766E+01  3.2139294586763082E-03  2.6666946163381299E-07
  1.7197359203664405E+01  3.1751388189190659E-03  2.6687434973425766E-07
  1.7368691351134547E+01  3.1355894264653169E-03  2.6707511818381547E-07
  1.7541730429558974E+01  3.0962581268977663E-03  2.6727137740421032E-07
  1.7716493444580355E+01  3.0575238590320984E-03  2.6746268435127339E-07
  1.7892997571263589E+01  3.0191502700850884E-03  2.6764856331139432E-07
  1.8071260155783509E+01  2.9810646383358116E-03  2.6782852524325487E-07
  1.8251298717129696E+01  2.9433981822000800E-03  2.6800208077638430E-07
  1.8433130948828307E+01  2.9060304981398805E-03  2.6816874653629558E-07
  1.8616774720680681E+01  2.8690886214490347E-03  2.6832804785325232E-07
  1.8802248080519657E+01  2.8324278810912939E-03  2.6847952003049312E-07
  1.8989569255983351E+01  2.7963121353466584E-03  2.6862271073608171E-07
  1.9178756656306266E+01  2.7605130063298650E-03  2.6875718520334454E-07
  1.9369828874128608E+01  2.7249652314046478E-03  2.6888253233412775E-07
  1.9562804687323606E+01  2.6898353262080951E-03  2.6899836640287586E-07
  1.9757703060842715E+01  2.6550464352815837E-03  2.6910431938441599E-07
  1.9954543148579535E+01  2.6206541397479841E-03  2.6920001679039266E-07
  2.0153344295252293E+01  2.5866333205115219E-03  2.6928505775547738E-07
  2.0354126038304734E+01  2.5529650923865840E-03  2.6935901143950256E-07
  2.0556908109826328E+01  2.5196497011688210E-03  2.6942141816100010E-07
  2.0761710438491559E+01  2.4866918931149640E-03  2.6947179067717687E-07
  2.0968553151518226E+01  2.4540970036162164E-03  2.6950961417644703E-07
  2.1177456576645564E+01  2.4218563987983455E-03  2.6953434704711658E-07
  2.1388441244132100E+01  2.3899501783525199E-03  2.6954542342532557E-07
  2.1601527888773216E+01  2.3583659931708644E-03  2.6954225556173324E-07
  2.1816737451938607E+01  2.3271364321419082E-03  2.6952423892278968E-07
  2.2034091083630830E+01  2.2961657996716646E-03  2.6949076222592658E-07
  2.2253610144563602E+01  2.2654124060157701E-03  2.6944122059184293E-07
  2.2475316208260768E+01  2.2350235347924192E-03  2.6937502990083109E-07
  2.2699231063177010E+01  2.2048883107987256E-03  2.6929164094016291E-07
  2.2925376714838876E+01  2.1750121227441881E-03  2.6919054906804207E-07
  2.3153775388007116E+01  2.1454329781260321E-03  2.6907130248035463E-07
  2.3384449528861396E+01  2.1160348726723304E-03  2.6893351105240497E-07
  2.3617421807205929E+01  2.0868760830665316E-03  2.6877685471006197E-07
  2.3852715118697297E+01  2.0579678627039972E-03  2.6860108710976561E-07
  2.4090352587094671E+01  2.0286192809603489E-03  2.6840603302536076E-07
  2.4330357566532467E+01  2.0003602738914534E-03  2.6819158108307322E-07
  2.4572753643815201E+01  1.9726531881250459E-03  2.6795767342924157E-07
  2.4817564640735689E+01  1.9447069975533251E-03  2.6770429280575031E-07
  2.5064814616416275E+01  1.9169870755578683E-03  2.6743144487505158E-07
  2.5314527869673004E+01  1.8895096598077444E-03  2.6713913385126126E-07
  2.5566728941403763E+01  1.8617088649935918E-03  2.6682733453031974E-07
  2.5821442617000205E+01  1.8347939609265976E-03  2.6649597407602075E-07
  2.6078693928783299E+01  1.8081703945097341E-03  2.6614493016635618E-07
  2.6338508158463522E+01  1.7817255055728629E-03  2.6577403902791272E-07
  2.6600910839625627E+01  1.7556681889896774E-03  2.6538310253006579E-07
  2.6865927760237703E+01  1.7301054687723896E-03  2.6497189342463801E-07
  2.7133584965185630E+01  1.7039623473064629E-03  2.6454016269733201E-07
  2.7403908758832870E+01  1.6786010879766596E-03  2.6408764606992015E-07
  2.7676925707605225E+01  1.6533593631146654E-03  2.6361406625674288E-07
  2.7952662642601865E+01  1.6290972326911599E-03  2.6311913583141649E-07
  2.8231146662232327E+01  1.6043023552288914E-03  2.6260256274905221E-07
  2.8512405134879344E+01  1.5799027559195626E-03  2.6206405791719814E-07
  2.8796465701588662E+01  1.5557626172950226E-03  2.6150334180117564E-07
  2.9083356278785661E+01  1.5313540195310443E-03  2.6092014370570463E-07
  2.9373105061018570E+01  1.5078683019782912E-03  2.6031419519535153E-07
  2.9665740523729440E+01  1.4847676647673530E-03  2.5968522502372662E-07
  2.9961291426052838E+01  1.4610712631254125E-03  2.5903295973132809E-07
  3.0259786813641796E+01  1.4387093358581237E-03  2.5835713034175647E-07
  3.0561256021522517E+01  1.4154856129872321E-03  2.5765748216987703E-07
  3.0865728676977461E+01  1.3935172330431908E-03  2.5693378431005855E-07
  3.1173234702456686E+01  1.3708785018716107E-03  2.5618583482546065E-07
  3.1483804318518640E+01  1.3491789923763017E-03  2.5541346088170141E-07
  3.1797468046800368E+01  1.3270186450406664E-03  2.5461651576734795E-07
  3.2114256713016680E+01  1.3054203765196833E-03  2.5379487626318061E-07
  3.2434201449989729E+01  1.2844702549045964E-03  2.5294843736201679E-07
  3.2757333700708813E+01  1.2633541822190859E-03  2.5207710311487592E-07
  3.3083685221420431E+01  1.2424427926243462E-03  2.5118077860599958E-07
  3.3413288084748608E+01  1.2217878623666755E-03  2.5025936385619015E-07
  3.3746174682847780E+01  1.2009683449806362E-03  2.4931274912338397E-07
  3.4082377730585712E+01  1.1808351052158845E-03  2.4834081195489120E-07
  3.4421930268758224E+01  1.1607683136766276E-03  2.4734341893542602E-07
  3.4764865667337091E+01  1.1413387180229091E-03  2.4632043377654311E-07
  3.5111217628749166E+01  1.1217602106361828E-03  2.4527172847160120E-07
  3.5461020191188062E+01  1.1020935147292891E-03  2.4419719350145659E-07
  3.5814307731960163E+01  1.0833034100979667E-03  2.4309674383021552E-07
  3.6171114970862618E+01  1.0643834795918338E-03  2.4197032176890129E-07
  3.6531476973595389E+01  1.0457022474072914E-03  2.4081790161060442E-07
  3.6895429155207502E+01  1.0269108139703657E-03  2.3963949535272354E-07
  3.7263007283577778E+01  1.0089594741244645E-03  2.3843515029981503E-07
  3.7634247482929460E+01  9.9059225510012721E-04  2.3720493755946248E-07
  3.8009186237380661E+01  9.7310491904660545E-04  2.3594893894039443E-07
  3.8387860394530051E+01  9.5544571726601825E-04  2.3466723988697213E-07
  3.8770307169077711E+01  9.3775599547678073E-04  2.3335992708250132E-07
  3.9156564146482609E+01  9.2083903481188537E-04  2.3202708673292301E-07
  3.9546669286656673E+01  9.0383956318366347E-04  2.3066880636254545E-07
  3.9940660927694829E+01  8.8706299786992079E-04  2.2928518130067158E-07
  4.0338577789642990E+01  8.7049549546369676E-04  2.2787631847282148E-07
  4.0740458978303529E+01  8.5387356444544438E-04  2.2644233173011227E-07
  4.1146343989078012E+01  8.3798023880344826E-04  2.2498333340357929E-07
  4.1556272710848866E+01  8.2179666702132009E-04  2.2349942761627213E-07
  4.1970285429899803E+01  8.0628645550025776E-04  2.2199071133045058E-07
  4.2388422833874436E+01  7.9074691987638746E-04  2.2045728423753956E-07
  4.2810726015775245E+01  7.7538031503219878E-04  2.1889925935169686E-07
  4.3237236478002245E+01  7.6024035126693256E-04  2.1731676392625162E-07
  4.3667996136431199E+01  7.4524079866642888E-04  2.1570993088655704E-07
  4.4103047324533200E+01  7.3053913785429557E-04  2.1407889167415842E-07
  4.4542432797535326E+01  7.1599045072545046E-04  2.1242377596785582E-07
  4.4986195736621944E+01  7.0161295126498411E-04  2.1074471850248155E-07
  4.5434379753178604E+01  6.8745938146715633E-04  2.0904187350793190E-07
  4.5887028893078373E+01  6.7348879868083878E-04  2.0731543039141257E-07
  4.6344187641009881E+01  6.5949944561020533E-04  2.0556562286698437E-07
  4.6805900924849404E+01  6.4608464707971620E-04  2.0379273531536937E-07
  4.7272214120076519E+01  6.3266353650427210E-04  2.0199710573467875E-07
  4.7743173054232834E+01  6.1942615999582232E-04  2.0017911934106239E-07
  4.8218824011426058E+01  6.0638059963112167E-04  1.9833919570900391E-07
  4.8699213736878818E+01  5.9336831986352514E-04  1.9647777982885394E-07
  4.9184389441522512E+01  5.8070241831359849E-04  1.9459534085796610E-07
  4.9674398806636347E+01  5.6822029373213901E-04  1.9269236909897543E-07
  5.0169289988534437E+01  5.5601508629662976E-04  1.9076936632461978E-07
  5.0669111623297880E+01  5.4393365257827161E-04  1.8882683873808164E-07
  5.1173912831553878E+01  5.3187335847959202E-04  1.8686529778693023E-07
  5.1683743223304369E+01  5.2019861120966495E-04  1.8488526703299529E-07
  5.2198652902800937E+01  5.0859800190404113E-04  1.8288728658958051E-07
  5.2718692473468153E+01  4.9719375757359570E-04  1.8087191074149547E-07
  5.3243913042878070E+01  4.8599807446572885E-04  1.7883970628469145E-07
  5.3774366227772063E+01  4.7497050085921691E-04  1.7679125701650692E-07
  5.4310104159133466E+01  4.6412842171446918E-04  1.7472717265564312E-07
  5.4851179487310993E+01  4.5354507701125661E-04  1.7264809450314418E-07
  5.5397645387193386E+01  4.4303931550466997E-04  1.7055469157184589E-07
  5.5949555563434565E+01  4.3263019687596050E-04  1.6844765237640943E-07
  5.6506964255731852E+01  4.2248981571300735E-04  1.6632767979706412E-07
  5.7069926244156811E+01  4.1250077507104911E-04  1.6419548570773405E-07
  5.7638496854538104E+01  4.0279449587916671E-04  1.6205178362705146E-07
  5.8212731963899131E+01  3.9312531086391461E-04  1.5989728852368448E-07
  5.8792688005949678E+01  3.8358997869340447E-04  1.5773272644846216E-07
  5.9378421976631358E+01  3.7433719562439584E-04  1.5555884084926541E-07
  5.9969991439719301E+01  3.6512530106152808E-04  1.5337639216158938E-07
  6.0567454532479729E+01  3.5622542839938920E-04  1.5118615423790510E-07
  6.1170869971382629E+01  3.4739686399977025E-04  1.4898890891893299E-07
  6.1780297057872659E+01  3.3871054578134198E-04  1.4678544290085127E-07
  6.2395795684197402E+01  3.3024860612463269E-04  1.4457655239805641E-07
  6.3017426339292619E+01  3.2185488439790604E-04  1.4236305185924797E-07
  6.3645250114727268E+01  3.1374497681092677E-04  1.4014577530767757E-07
  6.4279328710707688E+01  3.0570494682571284E-04  1.3792556974927789E-07
  6.4919724442140577E+01  2.9778291131565994E-04  1.3570328754818492E-07
  6.5566500244757378E+01  2.9011914046678423E-04  1.3347977900801658E-07
  6.6219719681299836E+01  2.8254897953012301E-04  1.3125589164974894E-07
  6.6879446947765871E+01  2.7507095639490601E-04  1.2903247597564102E-07
  6.7545746879718934E+01  2.6786053663471602E-04  1.2681038771624445E-07
  6.8218684958660191E+01  2.6068302785355849E-04  1.2459048752366232E-07
  6.8898327318463075E+01  2.5375542366968097E-04  1.2237364346984267E-07
  6.9584740751872985E+01  2.4690883549348841E-04  1.2016073417669621E-07
  7.0277992717071868E+01  2.4020890811486168E-04  1.1795264708391264E-07
  7.0978151344306994E+01  2.3364738903539046E-04  1.1575027154918480E-07
  7.1685285442586874E+01  2.2723331297173587E-04  1.1355449491592014E-07
  7.2399464506443891E+01  2.2089645163122286E-04  1.1136620398035089E-07
  7.3120758722763853E+01  2.1478875985124935E-04  1.0918628314615657E-07
  7.3849238977682603E+01  2.0876582878119582E-04  1.0701560638183166E-07
  7.4584976863554260E+01  2.0282903144851628E-04  1.0485502953018885E-07
  7.5328044685986157E+01  1.9711787475445509E-04  1.0270539083474834E-07
  7.6078515470943898E+01  1.9147953082077965E-04  1.0056751619804869E-07
  7.6836462971929819E+01  1.8597898854167267E-04  9.8442219816592531E-08
  7.7601961677230364E+01  1.8059619527995938E-04  9.6330302068210809E-08
  7.8375086817235569E+01  1.7533263952952555E-04  9.4232547883491990E-08
  7.9155914371834299E+01  1.7018447318408486E-04  9.2149727769775737E-08
  7.9944521077880140E+01  1.6517514046775284E-04  9.0082602143393677E-08
  8.0740984436732745E+01  1.6027056725498076E-04  8.8031924353632291E-08
  8.1545382721874589E+01  1.5548623362718149E-04  8.5998438434792098E-08
  8.2357794986603949E+01  1.5079673611972531E-04  8.3982876023383223E-08
  8.3178301071803006E+01  1.4623707063972651E-04  8.1985954351524148E-08
  8.4006981613784745E+01  1.4179829971873085E-04  8.0008370926567094E-08
  8.4843918052218129E+01  1.3744780188687216E-04  7.8050798170772387E-08
  8.5689192638130706E+01  1.3321324769603030E-04  7.6113884164697449E-08
  8.6542888441992403E+01  1.2907520635303704E-04  7.4198255520589162E-08
  8.7405089361879917E+01  1.2504321591150078E-04  7.2304517673259102E-08
  8.8275880131720896E+01  1.2111507574814221E-04  7.0433253699439108E-08
  8.9155346329621707E+01  1.1728394276070072E-04  6.8585022495584408E-08
  9.0043574386278436E+01  1.1353960463211347E-04  6.6760355822472473E-08
  9.0940651593469724E+01  1.0991348371978343E-04  6.4959756627519696E-08
  9.1846666112636129E+01  1.0636020841679179E-04  6.3183702301883571E-08
  9.2761706983544840E+01  1.0292066952292303E-04  6.1432649399980924E-08
  9.3685864133039075E+01  9.9534257015806884E-05  5.9707034093673226E-08
  9.4619228383876262E+01  9.6265866269920340E-05  5.8007269638742570E-08
  9.5561891463654405E+01  9.3099865731460218E-05  5.6333741772182287E-08
  9.6513946013825574E+01  9.0001088754404048E-05  5.4686806246700586E-08
  9.7475485598800873E+01  8.6983031759472579E-05  5.3066790566431863E-08
  9.8446604715146293E+01  8.4036089720034482E-05  5.1473995418816040E-08
  9.9427398800868275E+01  8.1204321956205352E-05  4.9908694605247818E-08
  1.0041796424479350E+02  7.8426777578817264E-05  4.8371135311339761E-08
  1.0141839839604242E+02  7.5730252045993500E-05  4.6861539605420195E-08
  1.0242879957359493E+02  7.3102661375033115E-05  4.5380106196819263E-08
  1.0344926707595366E+02  7.0554004920451405E-05  4.3927009977231897E-08
  1.0447990119090305E+02  6.8084561889565713E-05  4.2502399965802396E-08
  1.0552080320536416E+02  6.5672638646455643E-05  4.1106399576730006E-08
  1.0657207541534937E+02  6.3334218476957581E-05  3.9739108175592786E-08
  1.0763382113601625E+02  6.1064440361952683E-05  3.8400600315146786E-08
  1.0870614471181977E+02  5.8861597712423621E-05  3.7090922705564766E-08
  1.0978915152676747E+02  5.6724750992768285E-05  3.5810093116478770E-08
  1.1088294801477676E+02  5.4649612794902439E-05  3.4558102681440696E-08
  1.1198764167013447E+02  5.2633946343178702E-05  3.3334917364949000E-08
  1.1310334105805960E+02  5.0679367180160843E-05  3.2140478243503360E-08
  1.1423015582537528E+02  4.8779458634678712E-05  3.0974701478324348E-08
  1.1536819671128318E+02  4.6944508742344445E-05  2.9837478329810064E-08
  1.1651757555824511E+02  4.5160261792613522E-05  2.8728676112142071E-08
  1.1767840532297728E+02  4.3431001844000997E-05  2.7648140313580870E-08
  1.1885080008754997E+02  4.1752915394888060E-05  2.6595696051294434E-08
  1.2003487507059745E+02  4.0132424604417376E-05  2.5571148664158668E-08
  1.2123074663864431E+02  3.8560936903348275E-05  2.4574284575842852E-08
  1.2243853231753981E+02  3.7037917636471561E-05  2.3604870993812054E-08
  1.2365835080400758E+02  3.5560671080857630E-05  2.2662654927066911E-08
  1.2489032197731122E+02  3.4138635012907638E-05  2.1747363630562321E-08
  1.2613456691103633E+02  3.2755743934297446E-05  2.0858706036002071E-08
  1.2739120788498768E+02  3.1419008980911777E-05  1.9996373933067456E-08
  1.2866036839720721E+02  3.0123558656524760E-05  1.9160042797989876E-08
  1.2994217317611165E+02  2.8873621057408273E-05  1.8349372597546143E-08
  1.3123674819274888E+02  2.7664106298441218E-05  1.7564008423621926E-08
  1.3254422067317867E+02  2.6492887763052564E-05  1.6803580768816838E-08
  1.3386471911097681E+02  2.5362921656846879E-05  1.6067706338419217E-08
  1.3519837327986130E+02  2.4270530869252610E-05  1.5355989963774666E-08
  1.3654531424644691E+02  2.3215076421082353E-05  1.4668026309364250E-08
  1.3790567438312675E+02  2.2196273992711141E-05  1.4003400825903753E-08
  1.3927958738107966E+02  2.1214514206147701E-05  1.3361689752513240E-08
  1.4066718826340966E+02  2.0265460980210797E-05  1.2742459934135210E-08
  1.4206861339841652E+02  1.9349575516232599E-05  1.2145269720209406E-08
  1.4348400051299566E+02  1.8466364199254755E-05  1.1569670321259676E-08
  1.4491348870617452E+02  1.7612823289307398E-05  1.1015206765065955E-08
  1.4635721846278324E+02  1.6793941957144341E-05  1.0481418595754819E-08
  1.4781533166725956E+02  1.6004151926425407E-05  9.9678406304274293E-09
  1.4928797161759340E+02  1.5241674344908810E-05  9.4740039330421073E-09
  1.5077528303941065E+02  1.4508852390805072E-05  8.9994368003969957E-09
  1.5227741210019437E+02  1.3802691826434446E-05  8.5436653802550130E-09
  1.5379450642365060E+02  1.3124953693890536E-05  8.1062142648667182E-09
  1.5532671510421707E+02  1.2471701298674070E-05  7.6866073784635870E-09
  1.5687418872171369E+02  1.1845311422334568E-05  7.2843686696882636E-09
  1.5843707935614322E+02  1.1242495557175107E-05  6.8990222933618151E-09
  1.6001554060263516E+02  1.0664219724174302E-05  6.5300929144387298E-09
  1.6160972758654125E+02  1.0108850238528038E-05  6.1771064989249875E-09
  1.6321979697868179E+02  9.5764569861383173E-06  5.8395911039979310E-09
  1.6484590701074066E+02  9.0656067717400071E-06  5.5170775095579237E-09
  1.6648821749081654E+02  8.5765985313399830E-06  5.2090997864924360E-09
  1.6814688981912957E+02  8.1079814528423846E-06  4.9151958180098983E-09
  1.6982208700388097E+02  7.6596099608078170E-06  4.6349077558941666E-09
  1.7151397367727387E+02  7.2308787263974539E-06  4.3677824602700941E-09
  1.7322271611169387E+02  6.8206632199410242E-06  4.1133720913596664E-09
  1.7494848223604762E+02  6.4293020631570797E-06  3.8712348508474978E-09
  1.7669144165226723E+02  6.0550857563159249E-06  3.6409355765662151E-09
  1.7845176565197923E+02  5.6990154032980040E-06  3.4220460671910062E-09
  1.8022962723333629E+02  5.3587198350364632E-06  3.2141451839206034E-09
  1.8202520111801996E+02  5.0352784315950679E-06  3.0168190791151057E-09
  1.8383866376841280E+02  4.7270437539382707E-06  2.8296615689951022E-09
  1.8567019340493817E+02  4.4339109081054084E-06  2.6522744848135150E-09
  1.8751997002357624E+02  4.1553385527954909E-06  2.4842679511805839E-09
  1.8938817541355436E+02  3.8910457609125997E-06  2.3252606052878498E-09
  1.9127499317521020E+02  3.6397877516654609E-06  2.1748797888725089E-09
  1.9318060873803819E+02  3.4020880672253243E-06  2.0327617471338449E-09
  1.9510520937891013E+02  3.1772677911024497E-06  1.8985518087609391E-09
  1.9704898424048133E+02  2.9642714471117135E-06  1.7719044887515466E-09
  1.9901212434978012E+02  2.7629880269412243E-06  1.6524836106748326E-09
  2.0099482263697860E+02  2.5727189255721300E-06  1.5399624301311257E-09
  2.0299727395435465E+02  2.3934367485033634E-06  1.4340236380627890E-09
  2.0501967509544227E+02  2.2242939444939448E-06  1.3343593052580837E-09
  2.0706222481436936E+02  2.0649407071552102E-06  1.2406708759674904E-09
  2.0912512384539178E+02  1.9158838729824236E-06  1.1526692077100439E-09
  2.1120857492262206E+02  1.7750760380049690E-06  1.0700745897132547E-09
  2.1331278279995075E+02  1.6432467676460576E-06  9.9261671710395330E-10
  2.1543795427117013E+02  1.5194579875627339E-06  9.2003463479595878E-10
  2.1758429819029868E+02  1.4036784685347069E-06  8.5207666071594543E-10
  2.1975202549210351E+02  1.2954040273769019E-06  7.8850029037797890E-10
  2.2194134921283182E+02  1.1940802133660347E-06  7.2907209597829014E-10
  2.2415248451114857E+02  1.0997939865552411E-06  6.7356763764604386E-10
  2.2638564868927890E+02  1.0116488316760881E-06  6.2177137724714598E-10
  2.2864106121436487E+02  9.2969261930514773E-07  5.7347655580641458E-10
  2.3091894374003556E+02  8.5332942215169042E-07  5.2848501335100172E-10
  2.3321952012818701E+02  7.8249328078103172E-07  4.8660699081405281E-10
  2.3554301647098623E+02  7.1672549507199166E-07  4.4766095665456290E-10
  2.3788966111308744E+02  6.5581592746395880E-07  4.1147344017362888E-10
  2.4025968467407444E+02  5.9948958455727637E-07  3.7787885011301364E-10
  2.4265332007112639E+02  5.4726701959138278E-07  3.4671927959354590E-10
  2.4507080254190524E+02  4.9910616280306000E-07  3.1784430333038702E-10
  2.4751236966767539E+02  4.5464238680035934E-07  2.9111077034993654E-10
  2.4997826139665375E+02  4.1373269280538752E-07  2.6638259463344793E-10
  2.5246872006758827E+02  3.7606249117702256E-07  2.4353054409821057E-10
  2.5498399043357520E+02  3.4144849219597633E-07  2.2243202707418568E-10
  2.5752431968611427E+02  3.0966296023862789E-07  2.0297087907418111E-10
  2.6008995747939872E+02  2.8055350483401565E-07  1.8503714329117768E-10
  2.6268115595485176E+02  2.5388542962642358E-07  1.6852683940512032E-10
  2.6529816976590797E+02  2.2948404687593228E-07  1.5334173756027367E-10
  2.6794125610303621E+02  2.0719808430554669E-07  1.3938914198938203E-10
  2.7061067471901697E+02  1.8685027105495167E-07  1.2658167696486297E-10
  2.7330668795447201E+02  1.6831716363347103E-07  1.1483707288798413E-10
  2.7602956076364234E+02  1.5143210483960805E-07  1.0407795360672022E-10
  2.7877956074042874E+02  1.3610187924187478E-07  9.4231626024379238E-11
  2.8155695814469203E+02  1.2218168468774752E-07  8.5229872529447759E-11
  2.8436202592880869E+02  1.0955082934900735E-07  7.7008746338302409E-11
  2.8719503976450045E+02  9.8152074437978537E-08  6.9508371371366611E-11
  2.9005627806992243E+02  8.7737929524914783E-08  6.2672750180067138E-11
  2.9294602203702624E+02  7.8575337166096906E-08  5.6449576199630965E-11
  2.9586455565919681E+02  6.9910429719542726E-08  5.0790046083101434E-11
  2.9881216575915846E+02  6.2848547713107556E-08  4.5648675233204254E-11