 #p(MeV) \t \delta f_\\nu \t \delta f_\\nubar
  3.2567638755645141E+00  5.7165468031731646E-11  5.6038951521709633E-11
  3.2892100402340714E+00  5.6117472850104641E-11  5.5011151882762999E-11
  3.3219794563403253E+00  5.5089377889723638E-11  5.4002828396968046E-11
  3.3550753443406864E+00  5.4080796476322879E-11  5.3013604135535029E-11
  3.3885009567770119E+00  5.3091349457728642E-11  5.2043109463821114E-11
  3.4222595785952676E+00  5.2120664178595589E-11  5.1090981031083650E-11
  3.4563545274683496E+00  5.1168375393828343E-11  5.0156862666175311E-11
  3.4907891541221359E+00  5.0234125129306535E-11  4.9240405244139570E-11
  3.5255668426647904E+00  4.9317562534118346E-11  4.8341266544377912E-11
  3.5606910109193284E+00  4.8418343735943702E-11  4.7459111111799076E-11
  3.5961651107595185E+00  4.7536131699510171E-11  4.6593610120878676E-11
  3.6319926284491135E+00  4.6670596088050876E-11  4.5744441242563134E-11
  3.6681770849844666E+00  4.5821413127692477E-11  4.4911288513950712E-11
  3.7047220364405717E+00  4.4988265474704605E-11  4.4093842210685714E-11
  3.7416310743205274E+00  4.4170842085544805E-11  4.3291798722004298E-11
  3.7789078259085112E+00  4.3368837715341240E-11  4.2504860062159175E-11
  3.8165559546262413E+00  4.2581952560290238E-11  4.1732733525656369E-11
  3.8545791603930124E+00  4.1809894503163872E-11  4.0975133889121892E-11
  3.8929811799893139E+00  4.1052377310351715E-11  4.0231781645291952E-11
  3.9317657874240548E+00  4.0309120341990997E-11  3.9502402720746207E-11
  3.9709367943054734E+00  3.9579848442149832E-11  3.8786728370045503E-11
  4.0104980502157153E+00  3.8864291831243566E-11  3.8084495072000724E-11
  4.0504534430891628E+00  3.8162186000631568E-11  3.7395444428022832E-11
  4.0908068995945310E+00  3.7473271609344817E-11  3.6719323062507939E-11
  4.1315623855207528E+00  3.6797294382897498E-11  3.6055882525211477E-11
  4.1727239061667403E+00  3.6134005014133086E-11  3.5404879195566455E-11
  4.2142955067349943E+00  3.5483159066061976E-11  3.4766074188903801E-11
  4.2562812727291561E+00  3.4844517016535524E-11  3.4139233401156245E-11
  4.2986853303555277E+00  3.4217847071100837E-11  3.3524130257149757E-11
  4.3415118469285616E+00  3.3602923877101867E-11  3.2920544450630839E-11
  4.3847650312804234E+00  3.2999526117383256E-11  3.2328259596220040E-11
  4.4284491341746133E+00  3.2407436579238595E-11  3.1747063298800001E-11
  4.4725684487237150E+00  3.1826442081233456E-11  3.1176747083130293E-11
  4.5171273108113148E+00  3.1256333401337862E-11  3.0617106324698185E-11
  4.5621300995181029E+00  3.0696905206340176E-11  3.0067940181778484E-11
  4.6075812375522514E+00  3.0147955982513114E-11  2.9529051528675688E-11
  4.6534851916840410E+00  2.9609287967506786E-11  2.9000246890124960E-11
  4.6998464731848522E+00  2.9080707083441246E-11  2.8481336376826998E-11
  4.7466696382705189E+00  2.8562022871174366E-11  2.7972133622093712E-11
  4.7939592885490852E+00  2.8053048420600094E-11  2.7472455714605682E-11
  4.8417200714730386E+00  2.7553597814577553E-11  2.6982120702632244E-11
  4.8899566807960539E+00  2.7063481767075102E-11  2.6500943332509394E-11
  4.9386738570342610E+00  2.6582513800537177E-11  2.6028741087929050E-11
  4.9878763879321442E+00  2.6110511430155327E-11  2.5565335348484843E-11
  5.0375691089330434E+00  2.5647296071488813E-11  2.5110551299858341E-11
  5.0877569036543857E+00  2.5192692951215065E-11  2.4664217847045804E-11
  5.1384447043676120E+00  2.4746531020145221E-11  2.4226167529778716E-11
  5.1896374924829063E+00  2.4308642868437831E-11  2.3796236440073818E-11
  5.2413402990387610E+00  2.3878864642947146E-11  2.3374264141850423E-11
  5.2935582051963950E+00  2.3457035966643942E-11  2.2960093592556221E-11
  5.3462963427391141E+00  2.3042999860049337E-11  2.2553571066742517E-11
  5.3995598945766563E+00  2.2636602664624806E-11  2.2154546081535073E-11
  5.4533540952545287E+00  2.2237695192324875E-11  2.1762872520008014E-11
  5.5076842314684615E+00  2.1846143664961755E-11  2.1378419331122315E-11
  5.5625556425839404E+00  2.1461824041689175E-11  2.1001064982918477E-11
  5.6179737211609657E+00  2.1084614026462310E-11  2.0630689640267021E-11
  5.6739439134839937E+00  2.0714392917557204E-11  2.0267175018085767E-11
  5.7304717200971815E+00  2.0351041604784051E-11  1.9910404379201322E-11
  5.7875626963449704E+00  1.9994442566006511E-11  1.9560262531510393E-11
  5.8452224529180343E+00  1.9644479862991368E-11  1.9216635824465307E-11
  5.9034566564046749E+00  1.9301039136612254E-11  1.8879412144907972E-11
  5.9622710298477291E+00  1.8964007601432116E-11  1.8548480912276105E-11
  6.0216713533069868E+00  1.8633274039688143E-11  1.8223733073205855E-11
  6.0816634644272600E+00  1.8308728794702308E-11  1.7905061095553712E-11
  6.1422532590120529E+00  1.7990263551855317E-11  1.7592358755064795E-11
  6.2034466916030118E+00  1.7677761158267950E-11  1.7285511180284198E-11
  6.2652497760650947E+00  1.7371091067472418E-11  1.6984390395261364E-11
  6.3276685861775936E+00  1.7070124684855137E-11  1.6688870335599320E-11
  6.3907092562310579E+00  1.6774736736379463E-11  1.6398828188297396E-11
  6.4543779816301301E+00  1.6484805173383566E-11  1.6114144298651057E-11
  6.5186810195024183E+00  1.6200211080426207E-11  1.5834702080127521E-11
  6.5836246893134298E+00  1.5920838586071627E-11  1.5560387927110764E-11
  6.6492153734876061E+00  1.5646574776508558E-11  1.5291091130413763E-11
  6.7154595180355852E+00  1.5377309611901847E-11  1.5026703795458820E-11
  6.7823636331876695E+00  1.5112935845380229E-11  1.4767120763031818E-11
  6.8499342940336536E+00  1.4853348944566449E-11  1.4512239532519209E-11
  6.9181781411689762E+00  1.4598447017447971E-11  1.4261960189367401E-11
  6.9871018813473400E+00  1.4348134045822414E-11  1.4016188565199021E-11
  7.0567122881398419E+00  1.4102328496138572E-11  1.3774844655930927E-11
  7.1270162026006307E+00  1.3860953097557506E-11  1.3537852625212802E-11
  7.1980205339392320E+00  1.3623931722981348E-11  1.3305137754063192E-11
  7.2697322601995724E+00  1.3391189378298718E-11  1.3076626430571934E-11
  7.3421584289457273E+00  1.3162652191716357E-11  1.2852246139677492E-11
  7.4153061579545616E+00  1.2938247403048336E-11  1.2631925452893172E-11
  7.4891826359152054E+00  1.2717903352965007E-11  1.2415594017984543E-11
  7.5637951231355673E+00  1.2501549472202856E-11  1.2203182548599912E-11
  7.6391509522558207E+00  1.2289116270738281E-11  1.1994622813856195E-11
  7.7152575289690368E+00  1.2080535326926778E-11  1.1789847627882807E-11
  7.7921223327490106E+00  1.1875739276614213E-11  1.1588790839329490E-11
  7.8697529175852807E+00  1.1674661589528707E-11  1.1391387112175931E-11
  7.9481569127255263E+00  1.1477234244517859E-11  1.1197569651361069E-11
  8.0273420234253532E+00  1.1283388892243229E-11  1.1007271342906888E-11
  8.1073160317055066E+00  1.1093058464457428E-11  1.0820426327886598E-11
  8.1880867971166964E+00  1.0906177168289562E-11  1.0636969996872708E-11
  8.2696622575119694E+00  1.0722680461797194E-11  1.0456838966083014E-11
  8.3520504298268410E+00  1.0542505030068306E-11  1.0279971054059208E-11
  8.4352594108671486E+00  1.0365588761855658E-11  1.0106305258861592E-11
  8.5192973781047865E+00  1.0191870726726722E-11  9.9357817357630597E-12
  8.6041725904813688E+00  1.0021291152713019E-11  9.7683417754270164E-12
  8.6898933892198578E+00  9.8537914044436754E-12  9.6039277825543911E-12
  8.7764681986443325E+00  9.6893139617482935E-12  9.4424832549851468E-12
  8.8639055270079030E+00  9.5278023452665393E-12  9.2839527117345859E-12
  8.9522139673288432E+00  9.3692005021411324E-12  9.1282811023303291E-12
  9.0414021982351187E+00  9.2134530244961955E-12  8.9754140174978862E-12
  9.1314789848172495E+00  9.0605055869493162E-12  8.8252981093871429E-12
  9.2224531794897544E+00  8.9103049409904002E-12  8.6778810859407027E-12
  9.3143337228610896E+00  8.7627988927280573E-12  8.5331116891385967E-12
  9.4071296446123291E+00  8.6179362811734608E-12  8.3909396737660840E-12
  9.5008500643845668E+00  8.4756669570449008E-12  8.2513157866881461E-12
  9.5955041926751434E+00  8.3359417620770392E-12  8.1141917466149519E-12
  9.6911013317428267E+00  8.1987125088190343E-12  7.9795202243431568E-12
  9.7876508765220258E+00  8.0639319609069005E-12  7.8472548234584650E-12
  9.8851623155460544E+00  7.9315538137956575E-12  7.7173500614856456E-12
  9.9836452318796507E+00  7.8015326829986201E-12  7.5897613582987890E-12
  1.0083109304060764E+01  7.6738243572624909E-12  7.4644452758471306E-12
  1.0183564307051729E+01  7.5483854622086568E-12  7.3413591843583055E-12
  1.0285020113199897E+01  7.4251733626435634E-12  7.2204611788370905E-12
  1.0387486693207860E+01  7.3041462674958207E-12  7.1017101826763994E-12
  1.0490974117113359E+01  7.1852632122015892E-12  6.9850659304161176E-12
  1.0595492555278890E+01  7.0684840415473056E-12  6.8704889509470385E-12
  1.0701052279391231E+01  6.9537693929535608E-12  6.7579405511442344E-12
  1.0807663663470921E+01  6.8410806801845606E-12  6.6473827999144949E-12
  1.0915337184891747E+01  6.7303800774682515E-12  6.5387785126435713E-12
  1.1024083425410439E+01  6.6216305040127782E-12  6.4320912360290368E-12
  1.1133913072206610E+01  6.5147956089056886E-12  6.3272852332855878E-12
  1.1244836918933059E+01  6.4098397563993083E-12  6.2243254697252508E-12
  1.1356865866776500E+01  6.3067280385265996E-12  6.1231776271262294E-12
  1.1470010925528914E+01  6.2054271758543036E-12  6.0238089879735869E-12
  1.1584283214669565E+01  6.1059051460565055E-12  5.9261880660069319E-12
  1.1699693964457746E+01  6.0081304803544141E-12  5.8302839183678580E-12
  1.1816254517036461E+01  5.9120722462915203E-12  5.7360661287910624E-12
  1.1933976327547121E+01  5.8177000392787943E-12  5.6435047993402595E-12
  1.2052870965255261E+01  5.7249839743528608E-12  5.5525705423496524E-12
  1.2172950114687543E+01  5.6338946781355018E-12  5.4632344725599336E-12
  1.2294225576780102E+01  5.5444032809838189E-12  5.3754681994380242E-12
  1.2416709270038261E+01  5.4564814093210591E-12  5.2892438196711563E-12
  1.2540413231707833E+01  5.3701011781385100E-12  5.2045339098256799E-12
  1.2665349618958116E+01  5.2852351836597589E-12  5.1213115191623168E-12
  1.2791530710076675E+01  5.2018564628230970E-12  5.0395501299370185E-12
  1.2918968905675952E+01  5.1199374731225765E-12  4.9592226648825547E-12
  1.3047676729911988E+01  5.0394500337856738E-12  4.8803014323086308E-12
  1.3177666831715268E+01  4.9603664969075673E-12  4.8027592645247515E-12
  1.3308951986033767E+01  4.8826597988354428E-12  4.7265695676120896E-12
  1.3441545095088445E+01  4.8063034465852048E-12  4.6517063081005887E-12
  1.3575459189641249E+01  4.7312715046612079E-12  4.5781440000400924E-12
  1.3710707430275704E+01  4.6575385822637702E-12  4.5058576924503854E-12
  1.3847303108690289E+01  4.5850798208696711E-12  4.4348229571356428E-12
  1.3985259649004695E+01  4.5138708821713539E-12  4.3650158768495051E-12
  1.4124590609079124E+01  4.4438879363615591E-12  4.2964130337975582E-12
  1.4265309681846666E+01  4.3751076507503031E-12  4.2289914984645304E-12
  1.4407430696659009E+01  4.3075071804980511E-12  4.1627288205950590E-12
  1.4550967620645556E+01  4.2410650025827702E-12  4.0976038373894405E-12
  1.4695934560086023E+01  4.1757618642203227E-12  4.0335975877066893E-12
  1.4842345761796773E+01  4.1115790364858168E-12  3.9706916213433363E-12
  1.4990215614530959E+01  4.0484980625385302E-12  3.9088677558395865E-12
  1.5139558650392575E+01  3.9865007549818213E-12  3.8481080738994159E-12
  1.5290389546264604E+01  3.9255691932527178E-12  3.7883949208377239E-12
  1.5442723125251431E+01  3.8656857210380119E-12  3.7297109020515089E-12
  1.5596574358135619E+01  3.8068329437141987E-12  3.6720388805124523E-12
  1.5751958364849139E+01  3.7489937258086562E-12  3.6153619742784751E-12
  1.5908890415959320E+01  3.6921511884797571E-12  3.5596635540220432E-12
  1.6067385934169614E+01  3.6362887070139509E-12  3.5049272405732528E-12
  1.6227460495835228E+01  3.5813899083777841E-12  3.4511369025131807E-12
  1.6389129832493943E+01  3.5274381481299372E-12  3.3982761507968360E-12
  1.6552409832412160E+01  3.4744140074561344E-12  3.3463259252906118E-12
  1.6717316542146335E+01  3.4222974306342565E-12  3.2952665602213811E-12
  1.6883866168119930E+01  3.3710688715054413E-12  3.2450788900907106E-12
  1.7052075078216181E+01  3.3207092803243502E-12  3.1957442367380022E-12
  1.7221959803386671E+01  3.2712000897258260E-12  3.1472443955621146E-12
  1.7393537039275881E+01  3.2225232011631788E-12  3.0995616222051594E-12
  1.7566823647861998E+01  3.1746609717996034E-12  3.0526786196805128E-12
  1.7741836659114099E+01  3.1275962018353756E-12  3.0065785259278097E-12
  1.7918593272665710E+01  3.0813121222539312E-12  2.9612449017785126E-12
  1.8097110859505172E+01  3.0357923829706822E-12  2.9166617193161375E-12
  1.8277406963682797E+01  2.9910210413692255E-12  2.8728133506160186E-12
  1.8459499304035042E+01  2.9469827332717225E-12  2.8296847320203509E-12
  1.8643405775925782E+01  2.9036662429311400E-12  2.7872648030256901E-12
  1.8829144453005085E+01  2.8610641270939426E-12  2.7455461419394189E-12
  1.9016733588985414E+01  2.8191690188607029E-12  2.7045214004286519E-12
  1.9206191619435465E+01  2.7779734701168113E-12  2.6641831515464916E-12
  1.9397537163591998E+01  2.7374699602439231E-12  2.6245238982850862E-12
  1.9590789026189707E+01  2.6976509045587039E-12  2.5855360818579283E-12
  1.9785966199309183E+01  2.6585086624808793E-12  2.5472120897135212E-12
  1.9983087864243448E+01  2.6200355454330135E-12  2.5095442632827397E-12
  2.0182173393383032E+01  2.5822238244747133E-12  2.4725249054627327E-12
  2.0383242352119805E+01  2.5450657376743139E-12  2.4361462878403143E-12
  2.0586314500769728E+01  2.5085534972213826E-12  2.4004006576582131E-12
  2.0791409796514944E+01  2.4726792837305750E-12  2.3652802326544575E-12
  2.0998548395365020E+01  2.4374329633209506E-12  2.3307750087236437E-12
  2.1207750654137797E+01  2.4027991240372681E-12  2.2968699092930515E-12
  2.1419037132460012E+01  2.3687619960324387E-12  2.2635495216592317E-12
  2.1632428594787843E+01  2.3353062898804125E-12  2.2307989044146527E-12
  2.1847946012447501E+01  2.3024171808234143E-12  2.1986035719891506E-12
  2.2065610565696257E+01  2.2700802936425525E-12  2.1669494798018063E-12
  2.2285443645803966E+01  2.2382816881241766E-12  2.1358230099961499E-12
  2.2507466857155325E+01  2.2070078450955087E-12  2.1052109577327528E-12
  2.2731702019372989E+01  2.1762456530044141E-12  2.0751005180145011E-12
  2.2958171169462048E+01  2.1459823950191960E-12  2.0454792730209186E-12
  2.3186896563975683E+01  2.1162057366255835E-12  2.0163351799291381E-12
  2.3417900681202433E+01  2.0869037138393400E-12  1.9876565593219302E-12
  2.3651206223375304E+01  2.0580652931551168E-12  1.9594326302108475E-12
  2.3886836118902892E+01  2.0296832499934356E-12  1.9316562705073237E-12
  2.4124813524622645E+01  2.0017518290629806E-12  1.9043217710227221E-12
  2.4365161828076651E+01  1.9742653027812772E-12  1.8774234502824348E-12
  2.4607904649810120E+01  1.9472179688098645E-12  1.8509556521909001E-12
  2.4853065845692687E+01  1.9206041519888832E-12  1.8249127479277386E-12
  2.5100669509262829E+01  1.8944182062022484E-12  1.7992891377745632E-12
  2.5350739974095799E+01  1.8686545161737194E-12  1.7740792528728211E-12
  2.5603301816194978E+01  1.8433074991943733E-12  1.7492775569131941E-12
  2.5858379856407105E+01  1.8183716067819821E-12  1.7248785477570874E-12
  2.6115999162861574E+01  1.7938413262729895E-12  1.7008767589908107E-12
  2.6376185053434114E+01  1.7697111823477396E-12  1.6772667614132700E-12
  2.6638963098234829E+01  1.7459756980994911E-12  1.6540431263134813E-12
  2.6904359122121186E+01  1.7226286875239264E-12  1.6311997502393955E-12
  2.7172399207236012E+01  1.6996633645134937E-12  1.6087299585694745E-12
  2.7443109695570740E+01  1.6770730407004056E-12  1.5866271735145133E-12
  2.7716517191554104E+01  1.6548511509781296E-12  1.5648849385121608E-12
  2.7992648564666887E+01  1.6329912511849175E-12  1.5434969159472559E-12
  2.8271530952082461E+01  1.6114870158358234E-12  1.5224568849195919E-12
  2.8553191761333718E+01  1.5903322359019196E-12  1.5017587390578625E-12
  2.8837658673006597E+01  1.5695208166355683E-12  1.4813964843786226E-12
  2.9124959643460485E+01  1.5490467754405323E-12  1.4613642371891400E-12
  2.9415122907575586E+01  1.5289042397858661E-12  1.4416562220330463E-12
  2.9708176981527746E+01  1.5090874451624662E-12  1.4222667696777032E-12
  3.0004150665591016E+01  1.4895907298620973E-12  1.4031903120782570E-12
  3.0303073046967910E+01  1.4704083064688880E-12  1.3844211661821452E-12
  3.0604973502648033E+01  1.4515340918533560E-12  1.3659533730222768E-12
  3.0909881702295202E+01  1.4329620895972049E-12  1.3477810602756077E-12
  3.1217827611163209E+01  1.4146864355011407E-12  1.3298984854385976E-12
  3.1528841493040687E+01  1.3967013943484792E-12  1.3123000326510977E-12
  3.1842953913225340E+01  1.3790013567597069E-12  1.2949802096093593E-12
  3.2160195741527843E+01  1.3615808361351282E-12  1.2779336445653360E-12
  3.2480598155305522E+01  1.3444344656828150E-12  1.2611550834095491E-12
  3.2804192642526374E+01  1.3275569955291667E-12  1.2446393868348697E-12
  3.3131011004863666E+01  1.3109432899094872E-12  1.2283815275786991E-12
  3.3461085360821222E+01  1.2945883244360968E-12  1.2123765877410508E-12
  3.3794448148889813E+01  1.2784871834938948E-12  1.1966197562236696E-12
  3.4131132130735310E+01  1.2626351905084088E-12  1.1811064509556864E-12
  3.4471170394418259E+01  1.2470283813177994E-12  1.1658327655122651E-12
  3.4814596357645563E+01  1.2316630469483655E-12  1.1507950372716526E-12
  3.5161443771054827E+01  1.2165355310201898E-12  1.1359896554320366E-12
  3.5511746721531189E+01  1.2016422289625362E-12  1.1214130602426317E-12
  3.5865539635557120E+01  1.1869795875069477E-12  1.1070617424992913E-12
  3.6222857282595946E+01  1.1725441041808062E-12  1.0929322430403145E-12
  3.6583734778508763E+01  1.1583323268014755E-12  1.0790211522426105E-12
  3.6948207589005342E+01  1.1443408529711074E-12  1.0653251095183040E-12
  3.7316311533129969E+01  1.1305663295722285E-12  1.0518408028118577E-12
  3.7688082786781152E+01  1.1170054522642392E-12  1.0385649680978889E-12
  3.8063557886267041E+01  1.1036549649808692E-12  1.0254943888797076E-12
  3.8442773731896324E+01  1.0905116169223314E-12  1.0126258561623660E-12
  3.8825767591604183E+01  1.0775716625923807E-12  9.9995569994952871E-13
  3.9212577104615235E+01  1.0648310345203325E-12  9.8747995087171217E-13
  3.9603240285142434E+01  1.0522857484122411E-12  9.7519472155136721E-13
  3.9997795526122864E+01  1.0399319116961261E-12  9.6309621459704587E-13
  4.0396281602991074E+01  1.0277657211703835E-12  9.5118072029829753E-13
  4.0798737677489669E+01  1.0157834607198529E-12  9.3944461438682818E-13
  4.1205203301517869E+01  1.0039814990974223E-12  9.2788435586183416E-13
  4.1615718421018762E+01  9.9235628776910623E-13  9.1649648487748665E-13
  4.2030323379904928E+01  9.8090435882065023E-13  9.0527762069065760E-13
  4.2449058924023156E+01  9.6962232292373626E-13  8.9422445966698875E-13
  4.2871966205159033E+01  9.5850686735994230E-13  8.8333377334349630E-13
  4.3299086785081101E+01  9.4755475858425124E-13  8.7260241052479076E-13
  4.3730462639625244E+01  9.3676302443068857E-13  8.6202746458493919E-13
  4.4166136162820166E+01  9.2612904834883145E-13  8.5160636210704717E-13
  4.4606150171053606E+01  9.1565028915404518E-13  8.4133660235721391E-13
  4.5050547907280006E+01  9.0532425033035269E-13  8.3121572847326528E-13
  4.5499373045270730E+01  8.9514847920397765E-13  8.2124132665107451E-13
  4.5952669693905612E+01  8.8512056613401919E-13  8.1141102534761171E-13
  4.6410482401508062E+01  8.7523814371980624E-13  8.0172249450028297E-13
  4.6872856160223364E+01  8.6549888602458268E-13  7.9217344476221705E-13
  4.7339836410439815E+01  8.5590050781513892E-13  7.8276162675313077E-13
  4.7811469045254860E+01  8.4644076381702311E-13  7.7348483032538506E-13
  4.8287800414985178E+01  8.3711744798497582E-13  7.6434088384490704E-13
  4.8768877331721640E+01  8.2792839259090829E-13  7.5532765332079506E-13
  4.9254747073930119E+01  8.1887142098336659E-13  7.4644300024810512E-13
  4.9745457391097702E+01  8.0994424630902429E-13  7.3768468905086320E-13
  5.0241056508425224E+01  8.0114459199562210E-13  7.2905049638155253E-13
  5.0741593131566887E+01  7.9247022684987512E-13  7.2053824343759126E-13
  5.1247116451416787E+01  7.8391896407037974E-13  7.1214579499251479E-13
  5.1757676148943013E+01  7.7548866027774111E-13  7.0387105844425835E-13
  5.2273322400070462E+01  7.6717721456915795E-13  6.9571198288726307E-13
  5.2794105880611752E+01  7.5898256759680252E-13  6.8766655820780410E-13
  5.3320077771247320E+01  7.5090270066933018E-13  6.7973281420184149E-13
  5.3851289762555574E+01  7.4293563487587126E-13  6.7190881971478394E-13
  5.4387794060092688E+01  7.3507943023189971E-13  6.6419268180254883E-13
  5.4929643389523001E+01  7.2733218484644775E-13  6.5658254491339396E-13
  5.5476891001801206E+01  7.1969202790765859E-13  6.4907658405374791E-13
  5.6029590678405064E+01  7.1215703317626683E-13  6.4167292387800493E-13
  5.6587796736621065E+01  7.0472524848222430E-13  6.3436966700643793E-13
  5.7151564034882966E+01  6.9739476252068158E-13  6.2716495622280468E-13
  5.7720947978162258E+01  6.9016370529658466E-13  6.2005697483653374E-13
  5.8296004523413842E+01  6.8303024712572025E-13  6.1304394570489318E-13
  5.8876790185075052E+01  6.7599259766407600E-13  6.0612413028273527E-13
  5.9463362040619444E+01  6.6904900496460454E-13  5.9929582769894806E-13
  6.0055777736166590E+01  6.6219775456056717E-13  5.9255737385876778E-13
  6.0654095492147079E+01  6.5543716857461293E-13  5.8590714057116565E-13
  6.1258374109024096E+01  6.4876560485283849E-13  5.7934353470051804E-13
  6.1868672973072421E+01  6.4218145612301306E-13  5.7286499734180078E-13
  6.2485052062214535E+01  6.3568315263145871E-13  5.6647000606220376E-13
  6.3107571951914842E+01  6.2926925002664696E-13  5.6015715291674757E-13
  6.3736293821133174E+01  6.2293844250500703E-13  5.5392515646223774E-13
  6.4371279458337057E+01  6.1668945534297027E-13  5.4777276517869161E-13
  6.5012591267573811E+01  6.1052103665071099E-13  5.4169874992905108E-13
  6.5660292274603847E+01  6.0443195691010376E-13  5.3570190350512000E-13
  6.6314446133094407E+01  5.9842100852422390E-13  5.2978104018471806E-13
  6.6975117130874864E+01  5.9248700537805553E-13  5.2393499529972139E-13
  6.7642370196255513E+01  5.8662878241009758E-13  5.1816262481465205E-13
  6.8316270904407574E+01  5.8084519519457637E-13  5.1246280491556342E-13
  6.8996885483808086E+01  5.7513511953393238E-13  5.0683443160888330E-13
  6.9684280822749059E+01  5.6949745106132865E-13  5.0127642032995234E-13
  7.0378524475909998E+01  5.6393110465056392E-13  4.9578770538006857E-13
  7.1079684670997793E+01  5.5843499058595553E-13  4.9036721979993885E-13
  7.1787830315451600E+01  5.5300799306015049E-13  4.8501387747595209E-13
  7.2503031003214545E+01  5.4764901084973422E-13  4.7972660737902154E-13
  7.3225357021573643E+01  5.4235696327581735E-13  4.7450435864064551E-13
  7.3954879358067060E+01  5.3713078977731860E-13  4.6934610013418510E-13
  7.4691669707460463E+01  5.3196944949615925E-13  4.6425082006755829E-13
  7.5435800478793169E+01  5.2687192087408163E-13  4.5921752558704421E-13
  7.6187344802494152E+01  5.2183720126072163E-13  4.5424524239185313E-13
  7.6946376537568739E+01  5.1686430653257562E-13  4.4933301435909508E-13
  7.7712970278857654E+01  5.1195227072251461E-13  4.4447990317880353E-13
  7.8487201364367749E+01  5.0710014565952141E-13  4.3968498799869282E-13
  7.9269145882675645E+01  5.0230700061766410E-13  4.3494736507795182E-13
  8.0058880680405949E+01  4.9757191270955363E-13  4.3026613891535948E-13
  8.0856483369783234E+01  4.9289387905222893E-13  4.2564034288675775E-13
  8.1662032336259173E+01  4.8827186423347477E-13  4.2106898295233630E-13
  8.2475606746216528E+01  4.8370485466201883E-13  4.1655108652912669E-13
  8.3297286554749078E+01  4.7919185847271444E-13  4.1208570235903934E-13
  8.4127152513518894E+01  4.7473190502014351E-13  4.0767190001351979E-13
  8.4965286178693376E+01  4.7032404438765474E-13  4.0330876941298796E-13
  8.5811769918959087E+01  4.6596734691132483E-13  3.9899542036058265E-13
  8.6666686923617178E+01  4.6166090271834732E-13  3.9473098208969746E-13
  8.7530121210759461E+01  4.5740382127937496E-13  3.9051460282485249E-13
  8.8402157635524276E+01  4.5319523097436650E-13  3.8634544935545562E-13
  8.9282881898436656E+01  4.4903427867148432E-13  3.8222270662199854E-13
  9.0172380553830379E+01  4.4492013499184087E-13  3.7814558222291514E-13
  9.1070741018353857E+01  4.4085215399883565E-13  3.7411344591964676E-13
  9.1978051579561736E+01  4.3682989268922801E-13  3.7012584626978979E-13
  9.2894401404591164E+01  4.3285292261132700E-13  3.6618234487495715E-13
  9.3819880548924488E+01  4.2892081835868700E-13  3.6228250623199371E-13
  9.4754579965240268E+01  4.2503315759299468E-13  3.5842589775152208E-13
  9.5698591512351342E+01  4.2118952106612230E-13  3.5461208977550736E-13
  9.6652007964232141E+01  4.1738949264135671E-13  3.5084065559384319E-13
  9.7614923019136782E+01  4.1363265931382372E-13  3.4711117145997459E-13
  9.8587431308807069E+01  4.0991861123012089E-13  3.4342321660556930E-13
  9.9569628407772257E+01  4.0624694170718343E-13  3.3977637325425220E-13
  1.0056161084274234E+02  4.0261724725038660E-13  3.3617022663440302E-13
  1.0156347610209403E+02  3.9902912741686682E-13  3.3260436486475757E-13
  1.0257532264545129E+02  3.9548209715749773E-13  3.2907830302669933E-13
  1.0359724991336248E+02  3.9197542339631999E-13  3.2559134142421086E-13
  1.0462935833707179E+02  3.8850834189232479E-13  3.2214275495825246E-13
  1.0567174934838999E+02  3.8508010559487384E-13  3.1873183536545987E-13
  1.0672452538966314E+02  3.8168998424345728E-13  3.1535789082465499E-13
  1.0778778992383911E+02  3.7833726398010235E-13  3.1202024557532771E-13
  1.0886164744463655E+02  3.7502124697400400E-13  3.0871823954766987E-13
  1.0994620348681381E+02  3.7174125105798910E-13  3.0545122800375870E-13
  1.1104156463654017E+02  3.6849660937641627E-13  3.0221858118950887E-13
  1.1214783854187137E+02  3.6528667004414431E-13  2.9901968399699971E-13
  1.1326513392332851E+02  3.6211079581620156E-13  2.9585393563683691E-13
  1.1439356058458242E+02  3.5896836376749343E-13  2.9272074931996198E-13
  1.1553322942324540E+02  3.5585878774436368E-13  2.8961957148157615E-13
  1.1668425244176950E+02  3.5278167369925464E-13  2.8655001511256225E-13
  1.1784674275845340E+02  3.4973671968204444E-13  2.8351177298719172E-13
  1.1902081461855987E+02  3.4672362721481384E-13  2.8050454104862700E-13
  1.2020658340554307E+02  3.4374210065104886E-13  2.7752801784582136E-13
  1.2140416565238769E+02  3.4079184716913285E-13  2.7458190452055069E-13
  1.2261367905306203E+02  3.3787257676607774E-13  2.7166590479439845E-13
  1.2383524247408424E+02  3.3498400225151140E-13  2.6877972495569705E-13
  1.2506897596620350E+02  3.3212583924192750E-13  2.6592307384641742E-13
  1.2631500077619962E+02  3.2929780615521392E-13  2.6309566284900704E-13
  1.2757343935879712E+02  3.2649962420547233E-13  2.6029720587317593E-13
  1.2884441538870016E+02  3.2373101739814738E-13  2.5752741934262830E-13
  1.3012805377274796E+02  3.2099171144590579E-13  2.5478602117717379E-13
  1.3142448066218816E+02  3.1828139299104849E-13  2.5207269548658850E-13
  1.3273382346507623E+02  3.1559970170139482E-13  2.4938708637990909E-13
  1.3405621085879588E+02  3.1294628035445422E-13  2.4672884117387582E-13
  1.3539177280270474E+02  3.1032077790893681E-13  2.4409761300383254E-13
  1.3674064055090716E+02  3.0772284940780614E-13  2.4149306071807991E-13
  1.3810294666515273E+02  3.0515215588422294E-13  2.3891484877453966E-13
  1.3947882502786385E+02  3.0260836427036485E-13  2.3636264713965743E-13
  1.4086841085529377E+02  3.0009114730907110E-13  2.3383613118948574E-13
  1.4227184071081493E+02  2.9760018346830410E-13  2.3133498161289422E-13
  1.4368925251833926E+02  2.9513515685840000E-13  2.2885888431685139E-13
  1.4512078557587395E+02  2.9269575715209113E-13  2.2640753033371446E-13
  1.4656658056921052E+02  2.9028167948266759E-13  2.2398061572347523E-13
  1.4802677958575052E+02  2.8789263092889312E-13  2.2157784724178210E-13
  1.4950152612847029E+02  2.8552834537167775E-13  2.1919895484345726E-13
  1.5099096513002328E+02  2.8318856519577986E-13  2.1684367586149100E-13
  1.5249524296698320E+02  2.8087303682882152E-13  2.1451175118293786E-13
  1.5401450747423075E+02  2.7858151070574622E-13  2.1220292519592335E-13
  1.5554890795948046E+02  2.7631374123517586E-13  2.0991694573754228E-13
  1.5709859521795497E+02  2.7406948676769910E-13  2.0765356404261895E-13
  1.5866372154720554E+02  2.7184850956613955E-13  2.0541253469332260E-13
  1.6024444076207732E+02  2.6965057577786592E-13  2.0319361556961341E-13
  1.6184090820982743E+02  2.6747545540918210E-13  2.0099656780050211E-13
  1.6345328078539123E+02  2.6532292230188103E-13  1.9882115571610938E-13
  1.6508171694680087E+02  2.6319275411017215E-13  1.9666714679958472E-13
  1.6672637673075911E+02  2.6108473504145957E-13  1.9453431388801633E-13
  1.6838742176836641E+02  2.5899866667558738E-13  1.9242244345955035E-13
  1.7006501530100510E+02  2.5693435774509739E-13  1.9033132744612642E-13
  1.7175932219638310E+02  2.5489162005930636E-13  1.8826076007897733E-13
  1.7347050896473598E+02  2.5287026851748088E-13  1.8621053786638596E-13
  1.7519874377519054E+02  2.5087012111783574E-13  1.8418045956605958E-13
  1.7694419647229273E+02  2.4889099896926362E-13  1.8217032615790372E-13
  1.7870703859269906E+02  2.4693272630597369E-13  1.8017994081719296E-13
  1.8048744338203377E+02  2.4499513050520644E-13  1.7820910888812050E-13
  1.8228558581191612E+02  2.4307804210822894E-13  1.7625763785772865E-13
  1.8410164259715521E+02  2.4118129484481987E-13  1.7432533733020301E-13
  1.8593579221311620E+02  2.3930472566148731E-13  1.7241201900152864E-13
  1.8778821491326238E+02  2.3744817420274276E-13  1.7051749609653119E-13
  1.8965909274686709E+02  2.3561147258519750E-13  1.6864157515244945E-13
  1.9154860957690624E+02  2.3379444762949615E-13  1.6678405812978649E-13
  1.9345695109812880E+02  2.3199692997999767E-13  1.6494474947460762E-13
  1.9538430485530347E+02  2.3021875440942705E-13  1.6312345628509052E-13
  1.9733086026165236E+02  2.2845975985950012E-13  1.6131998827149047E-13
  1.9929680861746476E+02  2.2671978948808945E-13  1.5953415771677430E-13
  2.0128234312889703E+02  2.2499869072344091E-13  1.5776577943789619E-13
  2.0328765892696120E+02  2.2329631532598013E-13  1.5601467074770952E-13
  2.0531295308670130E+02  2.2161251945832456E-13  1.5428065141749679E-13
  2.0735842464656045E+02  2.1994716376417625E-13  1.5256354364010802E-13
  2.0942427462794291E+02  2.1830011345684294E-13  1.5086317199369038E-13
  2.1151070605496901E+02  2.1667123847068871E-13  1.4917936346573045E-13
  2.1361792397442716E+02  2.1506042158171806E-13  1.4751195355277267E-13
  2.1574613547592620E+02  2.1346756571723044E-13  1.4586079139355863E-13
  2.1789554971224675E+02  2.1189257981348199E-13  1.4422572890923731E-13
  2.2006637791989550E+02  2.1033537715750595E-13  1.4260661941660895E-13
  2.2225883343986590E+02  2.0879587557230384E-13  1.4100331761460543E-13
  2.2447313173860391E+02  2.0727399761948496E-13  1.3941567957092083E-13
  2.2670949042918244E+02  2.0576967082117513E-13  1.3784356270878506E-13
  2.2896812929268984E+02  2.0428282790324931E-13  1.3628682579387950E-13
  2.3124927029982652E+02  2.0281340706219657E-13  1.3474532892139071E-13
  2.3355313763272042E+02  2.0136135225823032E-13  1.3321893350320071E-13
  2.3587995770696048E+02  1.9992661353759332E-13  1.3170750225520598E-13
  2.3822995919384485E+02  1.9850914738967069E-13  1.3021089918536679E-13
  2.4060337304285630E+02  1.9710891658367674E-13  1.2872898912245936E-13
  2.4300043250435832E+02  1.9572588874929000E-13  1.2726163643007380E-13
  2.4542137315251722E+02  1.9436003882393507E-13  1.2580870646966743E-13
  2.4786643290845507E+02  1.9301135013724208E-13  1.2437006595859586E-13
  2.5033585206363099E+02  1.9167981499418296E-13  1.2294558295463130E-13
  2.5282987330345520E+02  1.9036543532443695E-13  1.2153512684132315E-13
  2.5534874173114090E+02  1.8906822340571805E-13  1.2013856831353463E-13
  2.5789270489179137E+02  1.8778820267101050E-13  1.1875577936315763E-13
  2.6046201279672687E+02  1.8652540861122943E-13  1.1738663326499657E-13
  2.6305691794805642E+02  1.8527988978670335E-13  1.1603100456281940E-13
  2.6567767536349231E+02  1.8405170896309022E-13  1.1468876905557345E-13
  2.6832454260141094E+02  1.8284094438999462E-13  1.1335980378376047E-13
  2.7099777978616680E+02  1.8164769098892379E-13  1.1204398690285140E-13
  2.7369764963365543E+02  1.8047205977389888E-13  1.1074119632532385E-13
  2.7642441747713150E+02  1.7931418049362712E-13  1.0945131007316211E-13
  2.7917835129328648E+02  1.7817420546217627E-13  1.0817420744236479E-13
  2.8195972172858336E+02  1.7705231200913905E-13  1.0690976902629640E-13
  2.8476880212585382E+02  1.7594870522281655E-13  1.0565787669970404E-13
  2.8760586855116441E+02  1.7486362110046604E-13  1.0441841360295492E-13
  2.9047119982094370E+02  1.7379733017833966E-13  1.0319126412649487E-13
  2.9336507752938491E+02  1.7275014172955860E-13  1.0197631389551640E-13
  2.9628778607612179E+02  1.7172240863696827E-13  1.0077344975483433E-13
  2.9923961269417453E+02  1.7071453307197289E-13  9.9582559753965653E-14
  3.0222084747818121E+02  1.6972697314038133E-13  9.8403533132406003E-14
  3.0523178341290600E+02  1.6876025088465063E-13  9.7236260383695459E-14
  3.0827271640203179E+02  1.6781496767101020E-13  9.6080636696103767E-14
  3.1134394529724227E+02  1.6689181765471813E-13  9.4936563702332258E-14
  3.1444577192759130E+02  1.6599159240390564E-13  9.3803944255861214E-14
  3.1757850112916401E+02  1.6511519577219150E-13  9.2682681889138259E-14
  3.2074244077503761E+02  1.6426366281992982E-13  9.1572680810763463E-14
  3.2393790180553663E+02  1.6343818278102419E-13  9.0473845902680736E-14
  3.2716519825878987E+02  1.6264012712376620E-13  8.9386082717370389E-14
  3.3042464730159548E+02  1.6187108407506472E-13  8.8309297475040663E-14
  3.3371656926058887E+02  1.6113290141210636E-13  8.7243397060817720E-14
  3.3704128765372462E+02  1.6042773991981296E-13  8.6188289021931263E-14
  3.4039912922206867E+02  1.5975814073320819E-13  8.5143881564894679E-14
  3.4379042396191170E+02  1.5912711090564663E-13  8.4110083546361792E-14
  3.4721550515719861E+02  1.5853822936523135E-13  8.3086802809216064E-14
  3.5067470941228163E+02  1.5799578273333252E-13  8.2073942836086923E-14
  3.5416837668500256E+02  1.5750496032234763E-13  8.1071406987196227E-14
  3.5769685032010142E+02  1.5707210311756119E-13  8.0079099651216910E-14
  3.6126047708295846E+02  1.5670503472393661E-13  7.9096926232092228E-14
  3.6485960719367426E+02  1.5641351036542261E-13  7.8124793135901701E-14
  3.6849459436148777E+02  1.5620983359677496E-13  7.7162607757915230E-14
  3.7216579581953715E+02  1.5610971361769904E-13  7.6210278469829877E-14
  3.7587357235996689E+02  1.5613347010102482E-13  7.5267714607186642E-14
  3.7961828836938633E+02  1.5630774031160601E-13  7.4334826456960439E-14
  3.8340031186468025E+02  1.5666790391160547E-13  7.3411525245321488E-14
  3.8722001452917385E+02  1.5726149508289781E-13  7.2497723125564663E-14
  3.9107777174916379E+02  1.5815284039856043E-13  7.1593333828886004E-14
  3.9497396265080789E+02  1.5942877417718259E-13  7.0698276365704164E-14
  3.9890897013738339E+02  1.6120371802417894E-13  6.9812472407161321E-14
  4.0288318092691964E+02  1.6361784550810639E-13  6.8935844159488046E-14
  4.0689698559020167E+02  1.6681142252693208E-13  6.8068314337194827E-14
  4.1095077858915482E+02  1.7084558180151010E-13  6.7209806161777495E-14
  4.1504495831560934E+02  1.7556386322600032E-13  6.6360243360408581E-14
  4.1917992713045567E+02  1.8051496729956053E-13  6.5519550164613562E-14
  4.2335609140318513E+02  1.8513180530777254E-13  6.4687651308931764E-14
  4.2757386155182576E+02  1.8904753535957700E-13  6.3864472029558575E-14
  4.3183365208327893E+02  1.9219477302201109E-13  6.3049938062967274E-14
  4.3613588163405421E+02  1.9468233864736456E-13  6.2243975644510889E-14
  4.4048097301141036E+02  1.9666293439363016E-13  6.1446511426344682E-14
  4.4486935323490968E+02  1.9827199941684213E-13  6.0657471735250308E-14
  4.4930145357838228E+02  1.9961385810989746E-13  5.9876782995155698E-14
  4.5377770961231090E+02  2.0076453249851272E-13  5.9104372203348882E-14
  4.5829856124663542E+02  2.0177784549413750E-13  5.8340166932476746E-14
  4.6286445277398821E+02  2.0269192249190343E-13  5.7584095325814442E-14
  4.6747583291335650E+02  2.0353438849485167E-13  5.6836086092621495E-14
  4.7213315485417888E+02  2.0432566679909945E-13  5.6096068503577755E-14
  4.7683687630088656E+02  2.0508137447914597E-13  5.5363972386294603E-14
  4.8158745951788291E+02  2.0581349357569855E-13  5.4639728120896953E-14
  4.8638537137497195E+02  2.0653033462118233E-13  5.3923266635672023E-14
  4.9123108339324341E+02  2.0723824858945029E-13  5.3214519402778408E-14
  4.9612507179141022E+02  2.0794275638232259E-13  5.2513418436712632E-14
  5.0106781753261032E+02  2.0864898022475955E-13  5.1819895349335768E-14
  5.0605980637167221E+02  2.0936178393821688E-13  5.1133879910300975E-14
  5.1110152890285588E+02  2.1008452215975817E-13  5.0455302252653348E-14
  5.1619348060806533E+02  2.1081892195620659E-13  4.9784093221699132E-14
  5.2133616190554119E+02  2.1156628214475575E-13  4.9120184365422745E-14
  5.2653007819904258E+02  2.1232831658688625E-13  4.8463507925070674E-14
  5.3177573992751559E+02  2.1310692654688243E-13  4.7813996825897433E-14
  5.3707366261525488E+02  2.1390310311062408E-13  4.7171584668069326E-14
  5.4242436692257138E+02  2.1471645767007331E-13  4.6536205717717546E-14
  5.4782837869695902E+02  2.1554705843225169E-13  4.5907794898139878E-14
  5.5328622902477139E+02  2.1639663990324407E-13  4.5286287781142837E-14
  5.5879845428341821E+02  2.1726726198990389E-13  4.4671620578519039E-14
  5.6436559619407649E+02  2.1816048619515851E-13  4.4063730892910038E-14
  5.6998820187492981E+02  2.1907695296072780E-13  4.3462561410684469E-14
  5.7566682389493496E+02  2.2001650871383226E-13  4.2868056624225679E-14
  5.8140202032812965E+02  2.2097921922087828E-13  4.2280161248010169E-14
  5.8719435480847665E+02  2.2196585912417358E-13  4.1698820230256867E-14
  5.9304439658525337E+02  2.2297722205924169E-13  4.1123978755482966E-14
  5.9895272057899911E+02  2.2401293094265477E-13  4.0555582247012298E-14
  6.0491990743801512E+02  2.2507173030685000E-13  3.9993576369434759E-14
  6.1094654359542585E+02  2.2615332794093321E-13  3.9437907031014873E-14
  6.1703322132681558E+02  2.2725902595597353E-13  3.8888520386045997E-14
  6.2318053880843252E+02  2.2839059519656329E-13  3.8345362837150764E-14
  6.2938910017597652E+02  2.2954935714194364E-13  3.7808381037524232E-14
  6.3565951558396910E+02  2.3073602300638902E-13  3.7277521758255965E-14
  6.4199240126572045E+02  2.3195043869488631E-13  3.6752730497243681E-14
  6.4838837959388911E+02  2.3319224586003517E-13  3.6233952925782169E-14
  6.5484807914164435E+02  2.3446184782765089E-13  3.5721135244605921E-14
  6.6137213474444400E+02  2.3575902348977534E-13  3.5214224033209895E-14
  6.6796118756242163E+02  2.3708232054045951E-13  3.4713166247126471E-14
  6.7461588514339542E+02  2.3843116658542893E-13  3.4217909215277405E-14
  6.8133688148651129E+02  2.3980705894337452E-13  3.3728400637395992E-14
  6.8812483710651190E+02  2.4121193769254259E-13  3.3244588581514830E-14
  6.9498041909865151E+02  2.4264642384341196E-13  3.2766421481513423E-14
  7.0190430120425344E+02  2.4411037033207533E-13  3.2293848134722197E-14
  7.0889716387692567E+02  2.4560396894648761E-13  3.1826817699577073E-14
  7.1595969434943265E+02  2.4712752223961682E-13  3.1365279695357160E-14
  7.2309258670123074E+02  2.4868119388967956E-13  3.0909183167384104E-14
  7.3029654192668477E+02  2.5026480147954185E-13  3.0458473470239078E-14
  7.3757226800395699E+02  2.5187685048737153E-13  3.0013095494557350E-14
  7.4492047996458189E+02  2.5351657276419316E-13  2.9572994785247453E-14
  7.5234189996374164E+02  2.5518573706700817E-13  2.9138117530845279E-14
  7.5983725735123357E+02  2.5688606746482359E-13  2.8708410553069460E-14
  7.6740728874315050E+02  2.5861778624440486E-13  2.8283821296572049E-14
  7.7505273809426808E+02  2.6038118725467044E-13  2.7864297818879549E-14
  7.8277435677116330E+02  2.6217730910266387E-13  2.7449788780518076E-14
  7.9057290362605397E+02  2.6400651581613134E-13  2.7040243435318538E-14
  7.9844914507137321E+02  2.6586745208179418E-13  2.6635611620896798E-14
  8.0640385515509422E+02  2.6775844217154181E-13  2.6235843749325151E-14
  8.1443781563679920E+02  2.6967922158719822E-13  2.5840891280138613E-14
  8.2255181606450424E+02  2.7163033325486898E-13  2.5450710654837416E-14
  8.3074665385225921E+02  2.7361301286101653E-13  2.5065260979752943E-14
  8.3902313435851033E+02  2.7563053118404523E-13  2.4684501515544365E-14
  8.4738207096525070E+02  2.7768434043534054E-13  2.4308391655744981E-14
  8.5582428515795209E+02  2.7977262230104136E-13  2.3936890929475003E-14
  8.6435060660630279E+02  2.8189375834374334E-13  2.3569959004098421E-14
  8.7296187324574248E+02  2.8404664019914200E-13  2.3207555687825031E-14
  8.8165893135980855E+02  2.8623096261293952E-13  2.2849640932257024E-14
  8.9044263566331017E+02  2.8844780768112373E-13  2.2496174834881078E-14
  8.9931384938632527E+02  2.9069847106728225E-13  2.2147117641505447E-14
  9.0827344435903206E+02  2.9298389784491497E-13  2.1802429748643256E-14
  9.1732230109739464E+02  2.9530538973735755E-13  2.1462071651856570E-14
  9.2646130888969356E+02  2.9766414623989446E-13  2.1126002251952809E-14
  9.3569136588392359E+02  3.0005971323677081E-13  2.0794178633461351E-14
  9.4501337917605667E+02  3.0248968738874085E-13  2.0466558145406996E-14
  9.5442826489919344E+02  3.0495172150659152E-13  2.0143098525934655E-14
  9.6393694831359448E+02  3.0744697050598936E-13  1.9823757897562148E-14
  9.7354036389760904E+02  3.0997837892873459E-13  1.9508494762501532E-14
  9.8323945543951766E+02  3.1254677867573283E-13  1.9197267998048181E-14
  9.9303517613028100E+02  3.1515303420623406E-13  1.8890036852036817E-14
  1.0029284886572137E+03  3.1779782046201453E-13  1.8586760938364510E-14
  1.0129203652985990E+03  3.2047884451132974E-13  1.8287400232578511E-14
  1.0230117880192370E+03  3.2319370189652332E-13  1.7991915067529930E-14
  1.0332037485669505E+03  3.2594257766203432E-13  1.7700266130120441E-14
  1.0434972485700464E+03  3.2872695688897568E-13  1.7412414954782142E-14
  1.0538932996357573E+03  3.3154893396573263E-13  1.7128324723642982E-14
  1.0643929234496575E+03  3.3441064636106346E-13  1.6847959070385076E-14
  1.0749971518760649E+03  3.3731233808884081E-13  1.6571281841895619E-14
  1.0857070270594563E+03  3.4025151505787586E-13  1.6298257098107534E-14
  1.0965236015268829E+03  3.4322658200520635E-13  1.6028849111831031E-14
  1.1074479382914044E+03  3.4623972490736752E-13  1.5763022368576018E-14
  1.1184811109565658E+03  3.4929104276302102E-13  1.5500741566365599E-14
  1.1296242038219009E+03  3.5237858470141317E-13  1.5241971615541192E-14
  1.1408783119894979E+03  3.5550416446184858E-13  1.4986677638559407E-14
  1.1522445414716151E+03  3.5866989657920580E-13  1.4734824969780872E-14
  1.1637240092993845E+03  3.6187558539353756E-13  1.4486379155249980E-14
  1.1753178436325852E+03  3.6512022513818873E-13  1.4241305763969093E-14
  1.1870271838705107E+03  3.6840235037922063E-13  1.3999569435161716E-14
  1.1988531807639533E+03  3.7172116738152921E-13  1.3761134654911620E-14
  1.2107969965282907E+03  3.7507831357256759E-13  1.3525966233508564E-14
  1.2228598049577015E+03  3.7847603647636975E-13  1.3294029303073528E-14
  1.2350427915405285E+03  3.8191475758024481E-13  1.3065289313560890E-14
  1.2473471535757792E+03  3.8539320241693346E-13  1.2839712028828802E-14
  1.2597741002907940E+03  3.8890921491023235E-13  1.2617263522776809E-14
  1.2723248529600803E+03  3.9246121732270402E-13  1.2397910175550161E-14
  1.2850006450253418E+03  3.9604993223096989E-13  1.2181618669809705E-14
  1.2978027222166934E+03  3.9967809461845329E-13  1.1968355987066915E-14
  1.3107323426750822E+03  4.0334766926648837E-13  1.1758089404083420E-14
  1.3237907770759416E+03  4.0705854846191688E-13  1.1550786538867832E-14
  1.3369793087540645E+03  4.1080883319279041E-13  1.1346416151756830E-14
  1.3502992338297208E+03  4.1459587122103609E-13  1.1144947976782838E-14
  1.3637518613360426E+03  4.1841929714406457E-13  1.0946351944311419E-14
  1.3773385133476663E+03  4.2228129117725431E-13  1.0750598151889768E-14
  1.3910605251106645E+03  4.2618354290046863E-13  1.0557656864926528E-14
  1.4049192451737629E+03  4.3012649827221565E-13  1.0367498517350431E-14
  1.4189160355208783E+03  4.3410899910048363E-13  1.0180093712248113E-14
  1.4330522717049671E+03  4.3812799377574375E-13  9.9954132224812695E-15
  1.4473293429832036E+03  4.4218261213978812E-13  9.8134279912835313E-15
  1.4617486524535204E+03  4.4627644729167286E-13  9.6341091328368772E-15
  1.4763116171924951E+03  4.5041160276297531E-13  9.4574279328282895E-15
  1.4910196683946115E+03  4.5458555725231439E-13  9.2833558427027268E-15
  1.5058742515129200E+03  4.5879550992744422E-13  9.1118639038831716E-15
  1.5208768264010864E+03  4.6304037321178095E-13  8.9429222453970962E-15
  1.5360288674568640E+03  4.6732033596900962E-13  8.7765011577588023E-15
  1.5513318637669843E+03  4.7163669498596375E-13  8.6125712351231246E-15
  1.5667873192535098E+03  4.7599081666383206E-13  8.4511033708937003E-15
  1.5823967528216297E+03  4.8038229637277225E-13  8.2920687534197800E-15
  1.5981616985089252E+03  4.8480894415002384E-13  8.1354388617803010E-15
  1.6140837056361408E+03  4.8927005014539368E-13  7.9811854616533158E-15
  1.6301643389594412E+03  4.9376727008922648E-13  7.8292806012702885E-15
  1.6464051788241816E+03  4.9830068674520173E-13  7.6796966074533451E-15
  1.6628078213202330E+03  5.0286670791905809E-13  7.5324060817342582E-15
  1.6793738784388286E+03  5.0746275508022143E-13  7.3873818966652753E-15
  1.6961049782309919E+03  5.1208933598706426E-13  7.2445974536849333E-15
  1.7130027649675255E+03  5.1674934112349094E-13  7.1040275767528592E-15
  1.7300688993006163E+03  5.2144583543465157E-13  6.9656475928443843E-15
  1.7473050584270313E+03  5.2617731827444007E-13  6.8294329516514390E-15
  1.7647129362529436E+03  5.3093829619156048E-13  6.6953592270709872E-15
  1.7822942435604109E+03  5.3572386911789986E-13  6.5634021190210865E-15
  1.8000507081755020E+03  5.4053453590062701E-13  6.4335374552083852E-15
  1.8179840751380943E+03  5.4537394793511009E-13  6.3057411928473512E-15
  1.8360961068733811E+03  5.5024360603625545E-13  6.1799894203314602E-15
  1.8543885833650695E+03  5.5514127637189714E-13  6.0562583588569790E-15
  1.8728633023303134E+03  5.6006300920817292E-13  5.9345243639994696E-15
  1.8915220793963801E+03  5.6500546395458463E-13  5.8147639272435716E-15
  1.9103667482790936E+03  5.6996913613688062E-13  5.6969536100404241E-15
  1.9293991609630402E+03  5.7495893993797642E-13  5.5810693286599264E-15
  1.9486211878835700E+03  5.7997334651925974E-13  5.4670866686743990E-15
  1.9680347181106258E+03  5.8500369849524209E-13  5.3549814561577984E-15
  1.9876416595343906E+03  5.9004831131784847E-13  5.2447297680258073E-15
  2.0074439390527800E+03  5.9511070839468604E-13  5.1363079286882722E-15
  2.0274435027608238E+03  6.0019088001504963E-13  5.0296925067747464E-15
  2.0476423161419145E+03  6.0528538339039466E-13  4.9248603119318194E-15
  2.0680423642609617E+03  6.1039185082478232E-13  4.8217883916909014E-15
  2.0886456519594899E+03  6.1551021870967130E-13  4.7204540284049064E-15
  2.1094542040526567E+03  6.2063975241243391E-13  4.6208347362528292E-15
  2.1304700655282518E+03  6.2577719904915880E-13  4.5229082583106018E-15
  2.1516953017476590E+03  6.3091864841604236E-13  4.4266525676947944E-15
  2.1731319986488470E+03  6.3606142501669702E-13  4.3320460187161271E-15
  2.1947822629513598E+03  6.4120376519166024E-13  4.2390673946361073E-15
  2.2166482223633534E+03  6.4634432220826667E-13  4.1476956816676014E-15
  2.2387320257907086E+03  6.5147802580220408E-13  4.0579100477851599E-15
  2.2610358435482153E+03  6.5659900802696751E-13  3.9696898417066375E-15
  2.2835618675728510E+03  6.6170924616611902E-13  3.8830145918893068E-15
  2.3063123116392157E+03  6.6681351649258208E-13  3.7978640055398094E-15
  2.3292894115770791E+03  6.7190896987271272E-13  3.7142179676377144E-15
  2.3524954254911186E+03  6.7698776108185402E-13  3.6320565399721287E-15
  2.3759326339828240E+03  6.8204360111430664E-13  3.5513599601909937E-15
  2.3996033403746455E+03  6.8707190861001082E-13  3.4721086408624965E-15
  2.4235098709363442E+03  6.9206946085935480E-13  3.3942831685194791E-15
  2.4476545751136050E+03  6.9703286690989467E-13  3.3178643376956709E-15
  2.4720398257589441E+03  7.0195653913500143E-13  3.2428332855320801E-15
  2.4966680193648990E+03  7.0683191715823533E-13  3.1691713542025448E-15
  2.5215415762995376E+03  7.1165451912207798E-13  3.0968600346491423E-15
  2.5466629410443379E+03  7.1642831945337822E-13  3.0258809666264064E-15
  2.5720345824344145E+03  7.2115008575866906E-13  2.9562159387463837E-15
  2.5976589939011510E+03  7.2580487783824327E-13  2.8878468885108424E-15
  2.6235386937172329E+03  7.3038332534595089E-13  2.8207559023306478E-15
  2.6496762252441522E+03  7.3488287152131146E-13  2.7549252155319451E-15
  2.6760741571821518E+03  7.3929778137140483E-13  2.6903372123491808E-15
  2.7027350838226575E+03  7.4361785477100964E-13  2.6269744259047660E-15
  2.7296616253032539E+03  7.4783232218999575E-13  2.5648195381751508E-15
  2.7568564278651725E+03  7.5193112537151633E-13  2.5038553538076703E-15
  2.7843221641133464E+03  7.5590399066340404E-13  2.4440645285942409E-15
  2.8120615332790817E+03  7.5974026076444129E-13  2.3854297022512227E-15
  2.8400772614853158E+03  7.6342731513274663E-13  2.3279337069279592E-15
  2.8683721020145358E+03  7.6694653233018620E-13  2.2715595688881012E-15
  2.8969488355793515E+03  7.7027613090665796E-13  2.2162905061710213E-15
  2.9258102705957886E+03  7.7340191360784002E-13  2.1621099263020421E-15
  2.9549592434592828E+03  7.7631259438031641E-13  2.1090014240504618E-15
  2.9843986188234203E+03  7.7898504527088047E-13  2.0569487792342845E-15
  3.0141312898814822E+03  7.8138784994226935E-13  2.0059359545706470E-15
  3.0441601786507708E+03  7.8349060766840975E-13  1.9559470935709748E-15
  3.0744882362597637E+03  7.8526163424998361E-13  1.9069665184798778E-15
  3.1051184432381574E+03  7.8666319271910569E-13  1.8589787300236681E-15
  3.1360538098097713E+03  7.8764915638450399E-13  1.8119685008564130E-15
  3.1672973761883900E+03  7.8816581080857374E-13  1.7659209127469416E-15
  3.1988522128765262E+03  7.8815308758483973E-13  1.7208212067440969E-15
  3.2307214209672034E+03  7.8754062330028253E-13  1.6766547689569924E-15
  3.2629081324487083E+03  7.8624128188543175E-13  1.6334071299637727E-15
  3.2954155105123705E+03  7.8414775247069252E-13  1.5910639642216618E-15
  3.3282467498634719E+03  7.8113461838370052E-13  1.5496110894779006E-15
  3.3614050770351955E+03  7.7705623305225507E-13  1.5090344661815720E-15
  3.3948937507056644E+03  7.7172870267190358E-13  1.4693201968959650E-15
  3.4287160620182826E+03  7.6491168371322086E-13  1.4304545257111149E-15
  3.4628753349051212E+03  7.5629993327129669E-13  1.3924238376566257E-15
  3.4973749264135818E+03  7.4551203883022112E-13  1.3552146581032734E-15
  3.5322182270363232E+03  7.3206239642978880E-13  1.3188136295405516E-15
  3.5674086610444911E+03  7.1532221994959323E-13  1.2832074574132869E-15
  3.6029496868241995E+03  6.9448462393113091E-13  1.2483829789920360E-15
  3.6388447972164277E+03  6.6853577314869566E-13  1.2143271815427659E-15
  3.6750975198603096E+03  6.3625825389859902E-13  1.1810272010751207E-15
  3.7117114175397678E+03  5.9634843347317854E-13  1.1484703211110268E-15
  3.7486900885336781E+03  5.4778274173113039E-13  1.1166439714731059E-15
  3.7860371669695151E+03  4.9058151448514308E-13  1.0855357270925301E-15
  3.8237563231804543E+03  4.2683630030372736E-13  1.0551333068358993E-15
  3.8618512640661061E+03  3.6109559104262334E-13  1.0254245723505720E-15
  3.9003257334568334E+03  2.9898691614636760E-13  9.9639752692810703E-16
  3.9391835124816403E+03  2.4476547405656284E-13  9.6804031438534758E-16
  3.9784284199397866E+03  2.0003311867511995E-13  9.4034121553066041E-16
  4.0180643126761142E+03  1.6428500025607239E-13  9.1328863255257121E-16
  4.0580950859600289E+03  1.3607129933582028E-13  8.8687109906018686E-16
  4.0985246738683445E+03  1.1380946755591432E-13  8.6107728791383384E-16
  4.1393570496719267E+03  9.6130467196898623E-14  8.3589601008762515E-16
  4.1805962262261301E+03  8.1955772837881608E-14  8.1131621346285052E-16
  4.2222462563651834E+03  7.0468528064762061E-14  7.8732698164350489E-16
  4.2643112333005183E+03  6.1058563120771519E-14  7.6391753279346764E-16
  4.3067952910229824E+03  5.3270553160142227E-14  7.4107721849488170E-16
  4.3497026047091376E+03  4.6762834529679010E-14  7.1879552262713931E-16
  4.3930373911316074E+03  4.1276771634389239E-14  6.9706206026604655E-16
  4.4368039090734337E+03  3.6614567972944077E-14  6.7586657660271164E-16
  4.4810064597466408E+03  3.2623328724852401E-14  6.5519894635474975E-16
  4.5256493872149686E+03  2.9183605542881929E-14  6.3504918333241124E-16
  4.5707370788207390E+03  2.6201116615494190E-14  6.1540743891591248E-16
  4.6162739656160520E+03  2.3600713017613629E-14  5.9626398826917155E-16
  4.6622645227982739E+03  2.1321941398663059E-14  5.7760922878177145E-16
  4.7087132701498358E+03  1.9315748086128082E-14  5.5943367928194225E-16
  4.7556247724823479E+03  1.7542006509537983E-14  5.4172797925848968E-16
  4.8030036400853360E+03  1.5967644042251234E-14  5.2448288809134410E-16
  4.8508545291792589E+03  1.4565209431563570E-14  5.0768928429061319E-16
  4.8991821423730498E+03  1.3311767173288335E-14  4.9133816474380317E-16
  4.9479912291263881E+03  1.2188036777151704E-14  4.7542064397091806E-16
  4.9972865862163999E+03  1.1177717131231825E-14  4.5992795338729116E-16
  5.0470730582090055E+03  1.0266951996343521E-14  4.4485144051959769E-16
  5.0973555379351492E+03  9.4439038068170657E-15  4.3018255632914814E-16
  5.1481389669715772E+03  8.6984114551100443E-15  4.1591283721407709E-16
  5.1994283361264661E+03  8.0217146787056424E-15  4.0203393402960443E-16
  5.2512286859299202E+03  7.4062295617677684E-15  3.8853761689225227E-16
  5.3035451071293728E+03  6.8453648111519795E-15  3.7541577405772455E-16
  5.3563827411898174E+03  6.3333706490470715E-15  3.6266041082317856E-16
  5.4097467807991270E+03  5.8652138677634143E-15  3.5026364845306514E-16
  5.4636424703784032E+03  5.4364739935623852E-15  3.3821772312780481E-16
  5.5180751065973136E+03  5.0432565782132810E-15  3.2651498491455226E-16
  5.5730500388946648E+03  4.6821204622634056E-15  3.1514789675924042E-16
  5.6285726700041496E+03  4.3500164936489592E-15  3.0410903349916023E-16
  5.6846484564852553E+03  4.0442356841113099E-15  2.9339108089545793E-16
  5.7412829092595357E+03  3.7623651881593222E-15  2.8298683586384738E-16
  5.7984815941522402E+03  3.5022508259714995E-15  2.7288921148551415E-16
  5.8562501324392415E+03  3.2619649059901184E-15  2.6309123069409719E-16
  5.9145942013994991E+03  3.0397786178397290E-15  2.5358602212465507E-16
  5.9735195348730422E+03  2.8341382896258427E-15  2.4436681933788291E-16
  6.0330319238243965E+03  2.6436448746090208E-15  2.3542696006926753E-16
  6.0931372169117394E+03  2.4670361747827850E-15  2.2675988548695070E-16
  6.1538413210617118E+03  2.3031713920171986E-15  2.1835913945770752E-16
  6.2151502020498665E+03  2.1510176650914680E-15  2.1021836782041818E-16
  6.2770698850869912E+03  2.0096383063860688E-15  2.0233131766638601E-16
  6.3396064554112845E+03  1.8781824976241233E-15  1.9469183662588254E-16
  6.4027660588863209E+03  1.7558762417245394E-15  1.8729387216029709E-16
  6.4665549026050676E+03  1.6420143990785927E-15  1.8013147084904933E-16
  6.5309792554999494E+03  1.5359536651019309E-15  1.7319877772021065E-16
  6.5960454489588446E+03  1.4371063600909259E-15  1.6649003568409230E-16
  6.6617598774473627E+03  1.3449349228897537E-15  1.5999958469078557E-16
  6.7281289991372951E+03  1.2589470270735109E-15  1.5372186102226229E-16
  6.7951593365412327E+03  1.1786912376152163E-15  1.4765139660605786E-16
  6.8628574771536059E+03  1.1037531406955762E-15  1.4178281833006616E-16
  6.9312300740981236E+03  1.0337518888806144E-15  1.3611084735783191E-16
  7.0002838467815391E+03  9.6833711170365852E-16  1.3063029844372356E-16
  7.0700255815540395E+03  9.0718614834235589E-16  1.2533607924735118E-16
  7.1404621323762212E+03  8.5000156476570932E-16  1.2022318964662651E-16
  7.2116004214926597E+03  7.9650892259268001E-16  1.1528672104886835E-16
  7.2834474401120870E+03  7.4645477103928003E-16  1.1052185568870081E-16
  7.3560102490946520E+03  6.9960482676972009E-16  1.0592386429411113E-16
  7.4292959796457399E+03  6.5574232837393517E-16  1.0148810357652655E-16
  7.5033118340167139E+03  6.1466658663562589E-16  9.7210019328464691E-17
  7.5780650862129005E+03  5.7619165150685843E-16  9.3085146273958407E-17
  7.6535630827083742E+03  5.4014509962773201E-16  8.9109107272493546E-17
  7.7298132431678323E+03  5.0636693415425497E-16  8.5277612522002096E-17
  7.8068230611759727E+03  4.7470858526362384E-16  8.1586458760234577E-17
  7.8846001049738197E+03  4.4503200103938468E-16  7.8031528463908306E-17
  7.9631520182024879E+03  4.1720881960397890E-16  7.4608789044998728E-17
  8.0424865206544000E+03  3.9111961438728804E-16  7.1314292043589545E-17
  8.1226114090320179E+03  3.6665320531563495E-16  6.8144172316726457E-17
  8.2035345577139615E+03  3.4370602949330167E-16  6.5094647222846851E-17
  8.2852639195289357E+03  3.2218156940664960E-16  6.2162016601673331E-17
  8.3678075265373482E+03  3.0198984354854384E-16  5.9342665427291250E-17
  8.4511734908205726E+03  2.8304690426177046E-16  5.6633059358605941E-17
  8.5353700052782224E+03  2.6527438529867301E-16  5.4029742101497413E-17
  8.6204053444333749E+03  2.4859909630010179E-16  5.1529334673628465E-17
  8.7062878652456475E+03  2.3295265011603220E-16  4.9128534660528015E-17
  8.7930260079325581E+03  2.1827111997243061E-16  4.6824115457087660E-17
  8.8806282967990301E+03  2.0449472382179695E-16  4.4612925494515894E-17
  8.9691033410750424E+03  1.9156753347731024E-16  4.2491887452825027E-17
  9.0584598357617524E+03  1.7943720636457527E-16  4.0457997458945613E-17
  9.1487065624860752E+03  1.6805473793419163E-16  3.8508324270609983E-17
  9.2398523903635851E+03  1.5737423296536523E-16  3.6640008446177588E-17
  9.3319062768702115E+03  1.4735269387823937E-16  3.4850261425073612E-17
  9.4248772687225865E+03  1.3794982055483537E-16  3.3136363542123598E-17
  9.5187745027670280E+03  1.2912783120160736E-16  3.1495663596406888E-17
  9.6136072068775084E+03  1.2085129965639708E-16  2.9925579125028759E-17
  9.7093847008626199E+03  1.1308699974434815E-16  2.8423595502056195E-17
  9.8061163973813545E+03  1.0580376071306470E-16  2.6987264984546657E-17
  9.9038118028682147E+03  9.8972333050650619E-17  2.5614205749963385E-17
  1.0002480518467526E+04  9.2565263860822405E-17  2.4302100925248228E-17
  1.0102132240976884E+04  8.6556781041732052E-17  2.3048697607856299E-17
  1.0202776763800177E+04  8.0922685580596919E-17  2.1851805879082731E-17
  1.0304423977910112E+04  7.5640251335548550E-17  2.0709297810052616E-17
  1.0407083872820140E+04  7.0688131729796320E-17  1.9619106460774660E-17
  1.0510766537566238E+04  6.6046272852052427E-17  1.8579224880216805E-17
  1.0615482161698486E+04  6.1695834668001375E-17  1.7587705757025946E-17
  1.0721241036282418E+04  5.7619117009143367E-17  1.6642660843446505E-17
  1.0828053554910250E+04  5.3799484151109677E-17  1.5742258562210239E-17
  1.0935930214722575E+04  5.0221298592471872E-17  1.4884722846410484E-17
  1.1044881617439871E+04  4.6869859840519995E-17  1.4068332155267123E-17
  1.1154918470404242E+04  4.3731347192897450E-17  1.3291418482497946E-17
  1.1266051587631977E+04  4.0792766229037088E-17  1.2552366358119277E-17
  1.1378291890876182E+04  3.8041898747976246E-17  1.1849611844517199E-17
  1.1491650410699976E+04  3.5467255909735850E-17  1.1181641527630845E-17
  1.1606138287560829E+04  3.3058034356328307E-17  1.0546991504095260E-17
  1.1721766772905226E+04  3.0804075105761413E-17  9.9442463652052843E-18
  1.1838547230274407E+04  2.8695825028159188E-17  9.3720381785408231E-18
  1.1956491136421173E+04  2.6724300638759101E-17  8.8290454352469688E-18
  1.2075610082437852E+04  2.4881053931279181E-17  8.3139919289468806E-18
  1.2195915774895293E+04  2.3158140985113736E-17  7.8256458684034410E-18
  1.2317420036993401E+04  2.1548092267592442E-17  7.3628189034275854E-18
  1.2440134809723169E+04  2.0043884601063424E-17  6.9243651016945854E-18
  1.2564072153040030E+04  1.8638914835673556E-17  6.5091799288356665E-18
  1.2689244247049151E+04  1.7326975116455155E-17  6.1161992326422473E-18
  1.2815663393202525E+04  1.6102229641176126E-17  5.7443982321566632E-18
  1.2943342015507746E+04  1.4959192812806865E-17  5.3927905124096005E-18
  1.3072292661749085E+04  1.3892708697271300E-17  5.0604270255476768E-18
  1.3202528004720722E+04  1.2897931703444741E-17  4.7463950990806621E-18
  1.3334060843472005E+04  1.1970308408162516E-17  4.4498174519594393E-18
  1.3466904104565392E+04  1.1105560495728879E-17  4.1698512363909622E-18
  1.3601070843346892E+04  1.0299669141802426E-17  3.9056872592112033E-18
  1.3736574245228943E+04  9.5488595528912631E-18  3.6565489073779557E-18
  1.3873427626986311E+04  8.8495862505636539E-18  3.4216910329614114E-18
  1.4011644438064881E+04  8.1985196679086851E-18  3.2003990266469919E-18
  1.4151238261903263E+04  7.5925335341958954E-18  2.9919879061118150E-18
  1.4292222817267811E+04  7.0286929880108910E-18  2.7958014153648963E-18
  1.4434611959600925E+04  6.5042433753020111E-18  2.6112111356660036E-18
  1.4578419682382553E+04  6.0165996916027786E-18  2.4376156086050429E-18
  1.4723660118505491E+04  5.5633366303193980E-18  2.2744394718894870E-18
  1.4870347541664421E+04  5.1421792014149135E-18  2.1211326083546862E-18
  1.5018496367758478E+04  4.7509938870876349E-18  1.9771693086777064E-18
  1.5168121156308096E+04  4.3877803031756775E-18  1.8420474482303708E-18
  1.5319236611885937E+04  4.0506633503876202E-18  1.7152876831650602E-18
  1.5471857585561849E+04  3.7378858100888891E-18  1.5964326607537259E-18
  1.5625999076362432E+04  3.4478013223674213E-18  1.4850462297820955E-18
  1.5781676232745176E+04  3.1788677925953712E-18  1.3807126768677105E-18
  1.5938904354087153E+04  2.9296411779832452E-18  1.2830359801513063E-18
  1.6097698892188359E+04  2.6987696284840672E-18  1.1916390790300211E-18
  1.6258075452790645E+04  2.4849879619802689E-18  1.1061631601470529E-18
  1.6420049797111213E+04  2.2871124548835642E-18  1.0262669598209373E-18
  1.6583637843391345E+04  2.1040359303907603E-18  9.5162608306452267E-19
  1.6748855668461219E+04  1.9347231276820572E-18  8.8193233931260931E-19
  1.6915719509319650E+04  1.7782063363257988E-18  8.1689309494754239E-19
  1.7084245764729618E+04  1.6335812810696063E-18  7.5623064268508653E-19
  1.7254450996830285E+04  1.5000032424187898E-18  6.9968158807197392E-19
  1.7426351932764410E+04  1.3766833934932660E-18  6.4699624993990550E-19
  1.7599965466322214E+04  1.2628853632157892E-18  5.9793808230300585E-19
  1.7775308659601691E+04  1.1579219944743555E-18  5.5228311270146425E-19
  1.7952398744685524E+04  1.0611522858048665E-18  5.0981939562535159E-19
  1.8131253125334377E+04  9.7197851080485546E-19  4.7034648259731565E-19
  1.8311889378697379E+04  8.8984350541300235E-19  4.3367490879207453E-19
  1.8494325257039640E+04  8.1422811373653654E-19  3.9962569604865625E-19
  1.8678578689486683E+04  7.4464878362458302E-19  3.6802987211114123E-19
  1.8864667783786535E+04  6.8065530367059624E-19  3.3872800591443474E-19
  1.9052610828089419E+04  6.2182867378438647E-19  3.1156975871397676E-19
  1.9242426292744825E+04  5.6777910190442506E-19  2.8641345084155282E-19
  1.9434132832116797E+04  5.1814412291047578E-19  2.6312564537756575E-19
  1.9627749286417355E+04  4.7258685894805449E-19  2.4158076117486351E-19
  1.9823294683557800E+04  4.3079432832446221E-19  2.2166067290296213E-19
  2.0020788241018821E+04  3.9247585209364585E-19  2.0325432410957205E-19
  2.0220249367739245E+04  3.5736158696516075E-19  1.8625736978336881E-19
  2.0421697666023225E+04  3.2520114751481019E-19  1.7057183301347850E-19
  2.0625152933466816E+04  2.9576231209082049E-19  1.5610577515801607E-19
  2.0830635164903721E+04  2.6882980773097029E-19  1.4277297923584757E-19
  2.1038164554370072E+04  2.4420416965315398E-19  1.3049264624685738E-19
  2.1247761497089145E+04  2.2170067111576334E-19  1.1918910411821558E-19
  2.1459446591475840E+04  2.0114831966617683E-19  1.0879152896757180E-19
  2.1673240641160810E+04  1.8238891600576032E-19  9.9233678368509407E-20
  2.1889164657035013E+04  1.6527617171477455E-19  9.0453636198232302E-20
  2.2107239859314810E+04  1.4967487303528238E-19  8.2393563723858235E-20
  2.2327487679627058E+04  1.3546010632505894E-19  7.4999466540454090E-20
  2.2549929763115535E+04  1.2251655139714541E-19  6.8220982038145626E-20
  2.2774587970568235E+04  1.1073780318043183E-19  6.2011167760539201E-20
  2.3001484380565515E+04  1.0002573581079122E-19  5.6326299056558827E-20
  2.3230641291650023E+04  9.0289908284088117E-20  5.1125676588226799E-20
  2.3462081224518257E+04  8.1447009190897053E-20  4.6371443351327982E-20
  2.3695826924233541E+04  7.3420338188928736E-20  4.2028410869534171E-20
  2.3931901362461464E+04  6.6139321998158118E-20  3.8063894226684810E-20
  2.4170327739727552E+04  5.9539062826011765E-20  3.4447555606561060E-20
  2.4411129487697272E+04  5.3559917245865411E-20  3.1151256014520456E-20
  2.4654330271478473E+04  4.8147103662500276E-20  2.8148914861170126E-20
  2.4899953991947696E+04  4.3250337840016470E-20  2.5416377807771400E-20
  2.5148024788098766E+04  3.8823494828931097E-20  2.2931292565132500E-20
  2.5398567039414796E+04  3.4824287075805225E-20  2.0672987411726070E-20
  2.5651605368264678E+04  3.1213968792422110E-20  1.8622358680155664E-20
  2.5907164642322634E+04  2.7957062333751719E-20  1.6761765332957337E-20
  2.6165269977011751E+04  2.5021103868913389E-20  1.5074929562510387E-20
  2.6425946737972889E+04  2.2376407118113159E-20  1.3546843147848674E-20
  2.6689220543557167E+04  1.9995843998247958E-20  1.2163679307859068E-20
  2.6955117267343543E+04  1.7854641085953882E-20  1.0912709797176492E-20
  2.7223663040681724E+04  1.5930190869655170E-20  9.7822269980986601E-21
  2.7494884255260400E+04  1.4201876821721596E-20  8.7614707689692035E-21
  2.7768807565700583E+04  1.2650911378335276E-20  7.8405598167005504E-21
  2.8045459892175328E+04  1.1260185875154174E-20  7.0104273102945671E-21
  2.8324868423055483E+04  1.0014131142617201E-20  6.2627602188365331E-21
  2.8607060617581334E+04  8.8985899976531050E-21  5.5899433857786156E-21
  2.8892064208561354E+04  7.9006992567892807E-21  4.9850071249554511E-21
  2.9179907205097901E+04  7.0087802236545094E-21  4.4415779137142835E-21
  2.9470617895339434E+04  6.2122376615553136E-21  3.9538323802363448E-21
  2.9764224849260801E+04  5.5014666632694149E-21  3.5164544064362473E-21
  3.0060756921471129E+04  4.8677668594706174E-21  3.1245951705469453E-21
  3.0360243254049230E+04  4.3032634424400843E-21  2.7738359608432131E-21
  3.0662713279407697E+04  3.8008345149988913E-21  2.4601535991719866E-21
  3.0968196723185669E+04  3.3540443060197618E-21  2.1798883200364897E-21
  3.1276723607169730E+04  2.9570818235236055E-21  1.9297139579081242E-21
  3.1588324252244562E+04  2.6047045469930985E-21  1.7066103039966187E-21
  3.1903029281372928E+04  2.2921868602869673E-21  1.5078375479599979E-21
  3.2220869622604841E+04  2.0152726873887196E-21  1.3309125549612039E-21
  3.2541876512117215E+04  1.7701320136597896E-21  1.1735868630643547E-21
  3.2866081497283842E+04  1.5533212306517284E-21  1.0338264413135823E-21
  3.3193516439775391E+04  1.3617468832791627E-21  9.0979301151266568E-22
  3.3524213518690813E+04  1.1926325460205164E-21  7.9982682424190195E-22
  3.3858205233720000E+04  1.0434885831488371E-21  7.0243079149836861E-22
  3.4195524408337275E+04  9.1208456507830799E-22  6.1625588359997938E-22
  3.4536204193027690E+04  7.9642412895889603E-22  5.4008770306411464E-22
  3.4880278068544460E+04  6.9472208671881003E-22  4.7283415305938352E-22
  3.5227779849199527E+04  6.0538359788660094E-22  4.1351412273011821E-22
  3.5578743686186928E+04  5.2698523775361327E-22  3.6124711619389397E-22
  3.5933204070938642E+04  4.5825779444033729E-22  3.1524374985549346E-22
  3.6291195838514424E+04  3.9807065796259285E-22  2.7479705929059300E-22
  3.6652754171025568E+04  3.4541771061071503E-22  2.3927458466284678E-22
  3.7017914601092009E+04  2.9940452020887481E-22  2.0811112753033848E-22
  3.7386713015334513E+04  2.5923674673556301E-22  1.8080214283131945E-22
  3.7759185657901762E+04  2.2420966344397474E-22  1.5689772097707838E-22
  3.8135369134031847E+04  1.9369869450776876E-22  1.3599711332537890E-22
  3.8515300413649864E+04  1.6715087896091598E-22  1.1774375744999597E-22
  3.8899016835001472E+04  1.4407717790652741E-22  1.0182076160077033E-22
  3.9286556108321878E+04  1.2404554866965041E-22  8.7946810568517639E-23
  3.9677956319542063E+04  1.0667471579347018E-22  7.5872457835107915E-23
  4.0073255934032000E+04  9.1628574556268253E-23  6.5376771406381254E-23
  4.0472493800380427E+04  7.8611168330618870E-23  5.6264303304867249E-23
  4.0875709154212906E+04  6.7362186689933992E-23  4.8362355363759598E-23
  4.1282941622048078E+04  5.7652930017879443E-23  4.1518512008286023E-23
  4.1694231225191419E+04  4.9282700436562974E-23  3.5598419614282058E-23
  4.2109618383669018E+04  4.2075577822933710E-23  3.0483790371415635E-23
  4.2529143920199356E+04  3.5877541871613064E-23  2.6070609311627406E-23
  4.2952849064205438E+04  3.0553905962098420E-23  2.2267525800744238E-23
  4.3380775455866962E+04  2.5987031671742640E-23  1.8994412308871812E-23
  4.3812965150212010E+04  2.2074295603962981E-23  1.6181074684070746E-23
  4.4249460621250335E+04  1.8726282801139736E-23  1.3766099466228751E-23
  4.4690304766147819E+04  1.5865183399478648E-23  1.1695824998879386E-23
  4.5135540909441712E+04  1.3423371373528589E-23  9.9234242306768445E-24
  4.5585212807298667E+04  1.1342146216420078E-23  8.4080881433552164E-24
  4.6039364651815216E+04  9.5706200966984426E-24  7.1142996121194313E-24
  4.6498041075360277E+04  8.0647353188741995E-24  6.0111888547743001E-24
  4.6961287154961683E+04  6.7863977917794886E-24  5.0719619702957077E-24
  4.7429148416736527E+04  5.7027134307175290E-24  4.2733947081851237E-24
  4.7901670840364692E+04  4.7853163611635825E-24  3.5953848046893483E-24
  4.8378900863607865E+04  4.0097786704922158E-24  3.0205566665899712E-24
  4.8860885386873553E+04  3.3550924936798981E-24  2.5339127693748095E-24
  4.9347671777823729E+04  2.8032161757975159E-24  2.1225266837172828E-24
  4.9839307876030187E+04  2.3386771212633074E-24  1.7752731448449357E-24
  5.0335841997676398E+04  1.9482247246714642E-24  1.4825910368248241E-24
  5.0837322940305094E+04  1.6205274874092301E-24  1.2362755811085398E-24
  5.1343799987614759E+04  1.3459090646398720E-24  1.0292963988073573E-24
  5.1855322914302305E+04  1.1161185663374303E-24  8.5563846328933999E-25
  5.2371941990955085E+04  9.2413095084480134E-25  7.1016326982354740E-25
  5.2893707988991577E+04  7.6397381397640843E-25  5.8848783173352820E-25
  5.3420672185650423E+04  6.3057731461411044E-25  4.8687938403673256E-25
  5.3952886369030035E+04  5.1964433478966181E-25  4.0216389408246650E-25
  5.4490402843178505E+04  4.2753831347661354E-25  3.3164669226004433E-25
  5.5033274433233200E+04  3.5118649518927234E-25  2.7304372582210822E-25
  5.5581554490612500E+04  2.8799660283737149E-25  2.2442210889224077E-25
  5.6135296898259381E+04  2.3578518341969296E-25  1.8414879435621954E-25
  5.6694556075936118E+04  1.9271608791202906E-25  1.5084633011935185E-25
  5.7259386985572797E+04  1.5724773572864483E-25  1.2335478458520248E-25
  5.7829845136669144E+04  1.2808798180050566E-25  1.0069903550429429E-25
  5.8405986591749068E+04  1.0415555279496685E-25  8.2060713783010423E-26
  5.8987867971870633E+04  8.4547150284663609E-26  6.6754180566493971E-26
  5.9575546462190963E+04  6.8509434562101687E-26  5.4205992957944848E-26
  6.0169079817585414E+04  5.5415204927501729E-26  4.3937382067413007E-26
  6.0768526368323881E+04  4.4743182134690292E-26  3.5549327573759336E-26
  6.1373945025803710E+04  3.6060877605607370E-26  2.8709866436648938E-26
  6.1985395288338361E+04  2.9010103229921475E-26  2.3143320543372777E-26
  6.2602937247005691E+04  2.3294736145019166E-26  1.8621169585127192E-26
  6.3226631591552657E+04  1.8670405826595859E-26  1.4954331935472709E-26
  6.3856539616359965E+04  1.4935816993958438E-26  1.1986648299539883E-26
  6.4492723226466333E+04  1.1925462039088788E-26  9.5893909139760598E-27
  6.5135244943651465E+04  9.5035116328973552E-27  7.6566455537775576E-27