 #p(MeV) \t \delta f_\\nu \t \delta f_\\nubar
  2.6122801260583556E-01  9.9232386833901162E-02  2.0747880054378051E-06
  2.6383054918421767E-01  9.8985246819315503E-02  2.0558922579785194E-06
  2.6645901405633143E-01  9.8752136775429530E-02  2.0371449950238865E-06
  2.6911366553801463E-01  9.8541288338785255E-02  2.0185457407965813E-06
  2.7179476451862788E-01  9.8365091666755292E-02  2.0000941088548269E-06
  2.7450257448669518E-01  9.8147155051445986E-02  1.9817897779310081E-06
  2.7723736155579731E-01  9.7920218994578215E-02  1.9636324680569077E-06
  2.7999939449072520E-01  9.7643035160482200E-02  1.9456219223271090E-06
  2.8278894473389338E-01  9.7403264629125810E-02  1.9277579001752466E-06
  2.8560628643201558E-01  9.7160051905210959E-02  1.9100401448463145E-06
  2.8845169646304758E-01  9.6963241934554981E-02  1.8924683035776623E-06
  2.9132545446339719E-01  9.6749249902172027E-02  1.8750418418063894E-06
  2.9422784285540615E-01  9.6525547689339672E-02  1.8577599911723295E-06
  2.9715914687510592E-01  9.6288871929490677E-02  1.8406217417551345E-06
  3.0011965460024853E-01  9.6046807767524695E-02  1.8236258670609615E-06
  3.0310965697861947E-01  9.5794344966193892E-02  1.8067709646662157E-06
  3.0612944785662921E-01  9.5580770105735152E-02  1.7900554992324985E-06
  3.0917932400819231E-01  9.5347293261426741E-02  1.7734778398306420E-06
  3.1225958516389346E-01  9.5119220093691961E-02  1.7570362965631713E-06
  3.1537053404044313E-01  9.4905460514180140E-02  1.7407291564376215E-06
  3.1851247637042823E-01  9.4704170038825461E-02  1.7245546940965058E-06
  3.2168572093235764E-01  9.4471935167720955E-02  1.7085111630961033E-06
  3.2489057958100831E-01  9.4286083660772610E-02  1.6925968289847648E-06
  3.2812736727807346E-01  9.4069289744948922E-02  1.6768100387066021E-06
  3.3139640212311477E-01  9.3837387269077657E-02  1.6611492872687041E-06
  3.3469800538482547E-01  9.3604208583281640E-02  1.6456132549290505E-06
  3.3803250153260228E-01  9.3397663356706420E-02  1.6302008112382144E-06
  3.4140021826843331E-01  9.3171191522561939E-02  1.6149109960808635E-06
  3.4480148655910431E-01  9.2942003826844088E-02  1.5997429902048769E-06
  3.4823664066872340E-01  9.2731718993915926E-02  1.5846960848907331E-06
  3.5170601819157260E-01  9.2517662198473280E-02  1.5697696517089154E-06
  3.5520996008528449E-01  9.2298004806246295E-02  1.5549631079492426E-06
  3.5874881070435061E-01  9.2077441865991400E-02  1.5402758947894886E-06
  3.6232291783396364E-01  9.1852791092706429E-02  1.5257074952762401E-06
  3.6593263272419552E-01  9.1627545233325919E-02  1.5112574480599105E-06
  3.6957831012451853E-01  9.1394117381874959E-02  1.4969253275481477E-06
  3.7326030831866708E-01  9.1214546488436854E-02  1.4827107044403768E-06
  3.7697898915984945E-01  9.0988854606202971E-02  1.4686131085443897E-06
  3.8073471810630971E-01  9.0803483752770239E-02  1.4546320066086574E-06
  3.8452786425724267E-01  9.0600087561246920E-02  1.4407667963491691E-06
  3.8835880038906784E-01  9.0372732644778714E-02  1.4270168117385917E-06
  3.9222790299206550E-01  9.0141346504345937E-02  1.4133813335989781E-06
  3.9613555230737518E-01  8.9897963782849810E-02  1.3998596015814253E-06
  4.0008213236436607E-01  8.9678935774769042E-02  1.3864508275302774E-06
  4.0406803101837613E-01  8.9460201026887815E-02  1.3731542118494835E-06
  4.0809363998883103E-01  8.9245045441776472E-02  1.3599689581095838E-06
  4.1215935489773936E-01  8.9033357458454782E-02  1.3468942939970180E-06
  4.1626557530857333E-01  8.8847374292159567E-02  1.3339295079858301E-06
  4.2041270476553738E-01  8.8648249944699012E-02  1.3210739864553592E-06
  4.2460115083322542E-01  8.8462105287147041E-02  1.3083272353308426E-06
  4.2883132513667560E-01  8.8249364881385600E-02  1.2956888810904504E-06
  4.3310364340182378E-01  8.8034157296389068E-02  1.2831586557384011E-06
  4.3741852549635829E-01  8.7815219345039081E-02  1.2707363738490138E-06
  4.4177639547098452E-01  8.7600127557850252E-02  1.2584219085137172E-06
  4.4617768160109728E-01  8.7386501843010916E-02  1.2462151701203850E-06
  4.5062281642887198E-01  8.7168295634248355E-02  1.2341160901101466E-06
  4.5511223680577190E-01  8.6967774369387532E-02  1.2221246017279919E-06
  4.5964638393548068E-01  8.6763650822536717E-02  1.2102406027740409E-06
  4.6422570341726282E-01  8.6552484530734580E-02  1.1984639047454523E-06
  4.6885064528975484E-01  8.6342073858359791E-02  1.1867941710726957E-06
  4.7352166407519325E-01  8.6141647484752754E-02  1.1752308659929742E-06
  4.7823921882408438E-01  8.5953139234621681E-02  1.1637732328361143E-06
  4.8300377316031673E-01  8.5769941279232084E-02  1.1524203046743593E-06
  4.8781579532672603E-01  8.5576771382528352E-02  1.1411709376339217E-06
  4.9267575823110993E-01  8.5352614471105495E-02  1.1300238535524751E-06
  4.9758413949270647E-01  8.5115524707381499E-02  1.1189776816649112E-06
  5.0254142148913061E-01  8.4865318197012360E-02  1.1080309940372889E-06
  5.0754809140378099E-01  8.4647042472941095E-02  1.0971823334583810E-06
  5.1260464127371963E-01  8.4435555764310069E-02  1.0864302403716506E-06
  5.1771156803802598E-01  8.4248629095283037E-02  1.0757732993952177E-06
  5.2286937358663488E-01  8.4096043763422959E-02  1.0652101897880701E-06
  5.2807856480966131E-01  8.3915894591663195E-02  1.0547397305904550E-06
  5.3333965364721392E-01  8.3723029100739324E-02  1.0443609100215396E-06
  5.3865315713970852E-01  8.3516963918410514E-02  1.0340728895080434E-06
  5.4401959747867890E-01  8.3316927947423347E-02  1.0238749847047879E-06
  5.4943950205809822E-01  8.3098909591843878E-02  1.0137666333993660E-06
  5.5491340352620711E-01  8.2899002222779641E-02  1.0037473607428492E-06
  5.6044183983786144E-01  8.2676994282887870E-02  9.9381674863968129E-07
  5.6602535430740131E-01  8.2500421600296164E-02  9.8397441193017267E-07
  5.7166449566204403E-01  8.2294178702498250E-02  9.7421998076912284E-07
  5.7735981809581249E-01  8.2099545944533905E-02  9.6455308524316708E-07
  5.8311188132399949E-01  8.1896733718094000E-02  9.5497332813345701E-07
  5.8892125063817280E-01  8.1702062460749902E-02  9.4548024882185195E-07
  5.9478849696173253E-01  8.1506890471413268E-02  9.3607329877559042E-07
  6.0071419690601624E-01  8.1304073403253699E-02  9.2675184067356945E-07
  6.0669893282696941E-01  8.1097710402763867E-02  9.1751517179030311E-07
  6.1274329288237450E-01  8.0899381063533032E-02  9.0836256028990686E-07
  6.1884787108965433E-01  8.0697715387221397E-02  8.9929328034441650E-07
  6.2501326738425045E-01  8.0506633931126392E-02  8.9030663705892354E-07
  6.3124008767858097E-01  8.0307537471812795E-02  8.8140197909393682E-07
  6.3752894392158799E-01  8.0106130626291225E-02  8.7257870142740409E-07
  6.4388045415887951E-01  7.9916715897259599E-02  8.6383624242664580E-07
  6.5029524259346505E-01  7.9736083175735065E-02  8.5517407954519771E-07
  6.5677393964710384E-01  7.9556600930666604E-02  8.4659172637774062E-07
  6.6331718202225742E-01  7.9365525798480732E-02  8.3808873594810312E-07
  6.6992561276466434E-01  7.9173202683614691E-02  8.2966470737410222E-07
  6.7659988132653504E-01  7.8965114038289541E-02  8.2131926970204578E-07
  6.8334064363037794E-01  7.8757360168128662E-02  8.1305204120468348E-07
  6.9014856213346232E-01  7.8546643394214771E-02  8.0486257953109972E-07
  6.9702430589292019E-01  7.8361929497580390E-02  7.9675034080461491E-07
  7.0396855063149977E-01  7.8166053467855934E-02  7.8871465834992454E-07
  7.1098197880397351E-01  7.7995801648938684E-02  7.8075474172210950E-07
  7.1806527966420597E-01  7.7805121732972271E-02  7.7286969028004953E-07
  7.2521914933289311E-01  7.7617166794435186E-02  7.6505851385967687E-07
  7.3244429086597140E-01  7.7457056447309658E-02  7.5732015430713699E-07
  7.3974141432371521E-01  7.7279904475170164E-02  7.4965350814149454E-07
  7.4711123684051595E-01  7.7082661729064139E-02  7.4205745678071111E-07
  7.5455448269536041E-01  7.6885530730984225E-02  7.3453087869699007E-07
  7.6207188338301157E-01  7.6686612252542766E-02  7.2707267120833756E-07
  7.6966417768589501E-01  7.6484068576536154E-02  7.1968179627544844E-07
  7.7733211174670436E-01  7.6271156365549819E-02  7.1235733646743119E-07
  7.8507643914173131E-01  7.6091555110290615E-02  7.0509854176107523E-07
  7.9289792095492140E-01  7.5909577996393043E-02  6.9790485373087863E-07
  8.0079732585267216E-01  7.5727577089654163E-02  6.9077590455909856E-07
  8.0877543015937503E-01  7.5540996332217697E-02  6.8371149682332661E-07
  8.1683301793370955E-01  7.5348985649066405E-02  6.7671157314322053E-07
  8.2497088104569671E-01  7.5154525038017256E-02  6.6977618371463675E-07
  8.3318981925452129E-01  7.4950962160860279E-02  6.6290545473469671E-07
  8.4149064028713150E-01  7.4772460866647170E-02  6.5609954217478693E-07
  8.4987415991761595E-01  7.4587124886232523E-02  6.4935860516137858E-07
  8.5834120204737663E-01  7.4420830216396450E-02  6.4268279742297000E-07
  8.6689259878610003E-01  7.4270110219983601E-02  6.3607224206932704E-07
  8.7552919053353184E-01  7.4102309299974772E-02  6.2952699276995395E-07
  8.8425182606206854E-01  7.3918730952914471E-02  6.2304699403314695E-07
  8.9306136260017321E-01  7.3722657555113133E-02  6.1663205314536607E-07
  9.0195866591662011E-01  7.3524018647677367E-02  6.1028183014346287E-07
  9.1094461040557761E-01  7.3330030561910314E-02  6.0399584483850875E-07
  9.2002007917254203E-01  7.3132981390134091E-02  5.9777349537245236E-07
  9.2918596412112675E-01  7.2952499014846725E-02  5.9161408184187232E-07
  9.3844316604071332E-01  7.2770339805932824E-02  5.8551683020175616E-07
  9.4779259469497767E-01  7.2590403728515357E-02  5.7948092488961580E-07
  9.5723516891130145E-01  7.2411728432216091E-02  5.7350553629699247E-07
  9.6677181667106715E-01  7.2226696380084943E-02  5.6758981663799070E-07
  9.7640347520085768E-01  7.2051145172489103E-02  5.6173289891166587E-07
  9.8613109106456598E-01  7.1877364782281392E-02  5.5593390809164824E-07
  9.9595562025641771E-01  7.1709664137816501E-02  5.5019198155180604E-07
  1.0058780282949216E+00  7.1527423244231336E-02  5.4450629184115093E-07
  1.0158992903177595E+00  7.1340237915125823E-02  5.3887606496620258E-07
  1.0260203911776193E+00  7.1171452799917059E-02  5.3330059038328290E-07
  1.0362423255389805E+00  7.0989646177411728E-02  5.2777922253622476E-07
  1.0465660979758671E+00  7.0788823471295545E-02  5.2231137617967288E-07
  1.0569927230705756E+00  7.0604808590885276E-02  5.1689651834983122E-07
  1.0675232255133809E+00  7.0434697719130759E-02  5.1153415627855898E-07
  1.0781586402032404E+00  7.0258571631632655E-02  5.0622382135574773E-07
  1.0889000123495016E+00  7.0084653175848555E-02  5.0096507125159259E-07
  1.0997483975746205E+00  6.9897262729692544E-02  4.9575749552650314E-07
  1.1107048620179025E+00  6.9735107313601150E-02  4.9060071307044228E-07
  1.1217704824402803E+00  6.9576446682581297E-02  4.8549436086011233E-07
  1.1329463463301355E+00  6.9395903055536168E-02  4.8043807748054026E-07
  1.1442335520101694E+00  6.9225978764510088E-02  4.7543148658668049E-07
  1.1556332087453440E+00  6.9045097702281247E-02  4.7047418461364375E-07
  1.1671464368518985E+00  6.8856362817061645E-02  4.6556573464458762E-07
  1.1787743678074454E+00  6.8663448551257777E-02  4.6070566598109036E-07
  1.1905181443621711E+00  6.8489786787901630E-02  4.5589347773329352E-07
  1.2023789206511406E+00  6.8308974250340604E-02  4.5112864592143187E-07
  1.2143578623077229E+00  6.8126662044180691E-02  4.4641063856904062E-07
  1.2264561465781409E+00  6.7966406630733889E-02  4.4173892368508024E-07
  1.2386749624371709E+00  6.7806672157426764E-02  4.3711297098939139E-07
  1.2510155107049901E+00  6.7641048206370319E-02  4.3253225922875698E-07
  1.2634790041651873E+00  6.7461763576639466E-02  4.2799628934817359E-07
  1.2760666676839505E+00  6.7278236877050812E-02  4.2350460030184047E-07
  1.2887797383304465E+00  6.7109297716118427E-02  4.1905678298636258E-07
  1.3016194654983888E+00  6.6941421295481834E-02  4.1465248861668255E-07
  1.3145871110288279E+00  6.6757503023541997E-02  4.1029143012357766E-07
  1.3276839493341603E+00  6.6590085524716500E-02  4.0597337744799011E-07
  1.3409112675233734E+00  6.6414284644241026E-02  4.0169814890440165E-07
  1.3542703655285322E+00  6.6240960852881572E-02  3.9746560011855507E-07
  1.3677625562325393E+00  6.6067494206162120E-02  3.9327560365343724E-07
  1.3813891655981578E+00  6.5890785359722578E-02  3.8912802972769176E-07
  1.3951515327983195E+00  6.5725374462177188E-02  3.8502274525540388E-07
  1.4090510103477352E+00  6.5556191100439851E-02  3.8095961587527501E-07
  1.4230889642358182E+00  6.5398459798597486E-02  3.7693850757230863E-07
  1.4372667740609231E+00  6.5235473331837768E-02  3.7295928740398372E-07
  1.4515858331659306E+00  6.5072526409212988E-02  3.6902182319213100E-07
  1.4660475487751816E+00  6.4911846264744555E-02  3.6512598239403223E-07
  1.4806533421327726E+00  6.4754378289629308E-02  3.6127163057365035E-07
  1.4954046486422263E+00  6.4579070869048003E-02  3.5745862990287113E-07
  1.5103029180075649E+00  6.4403773391773264E-02  3.5368683798220813E-07
  1.5253496143757788E+00  6.4228242187849421E-02  3.4995610710931104E-07
  1.5405462164807147E+00  6.4039970887435113E-02  3.4626628389510176E-07
  1.5558942177884021E+00  6.3835071940423052E-02  3.4261721205757847E-07
  1.5713951266438297E+00  6.3668522652253992E-02  3.3900874785966610E-07
  1.5870504664191729E+00  6.3498724236226420E-02  3.3544079774709282E-07
  1.6028617756635086E+00  6.3331824135915538E-02  3.3191337908563624E-07
  1.6188306082540200E+00  6.3195262755058768E-02  3.2842669452813315E-07
  1.6349585335487047E+00  6.3035011451137518E-02  3.2498120319841737E-07
  1.6512471365405998E+00  6.2884354467577050E-02  3.2157767094703966E-07
  1.6676980180135597E+00  6.2716687544289731E-02  3.1821718809272440E-07
  1.6843127946995677E+00  6.2557092037753351E-02  3.1490115314929246E-07
  1.7010930994376234E+00  6.2379860534385781E-02  3.1163123005332190E-07
  1.7180405813342137E+00  6.2211970794215650E-02  3.0840929082399684E-07
  1.7351569059253815E+00  6.2040484836738609E-02  3.0523734096724014E-07
  1.7524437553404058E+00  6.1871273318603405E-02  3.0211738201236137E-07
  1.7699028284671161E+00  6.1706452025243226E-02  2.9905133562483460E-07
  1.7875358411188551E+00  6.1547425824498701E-02  2.9604102487238867E-07
  1.8053445262031025E+00  6.1375304117402267E-02  2.9308814372011620E-07
  1.8233306338917705E+00  6.1221779299780447E-02  2.9019421462900092E-07
  1.8414959317932167E+00  6.1059503980603218E-02  2.8736054291570589E-07
  1.8598422051259511E+00  6.0897843696025744E-02  2.8458817921615836E-07
  1.8783712568940811E+00  6.0737585447354331E-02  2.8187789984234127E-07
  1.8970849080645029E+00  6.0582126817243703E-02  2.7923020957585451E-07
  1.9159849977458658E+00  6.0416990872124141E-02  2.7664536504378530E-07
  1.9350733833693057E+00  6.0262582193165652E-02  2.7412341211717633E-07
  1.9543519408709886E+00  6.0111891257164200E-02  2.7166423200658969E-07
  1.9738225648764749E+00  5.9939124612348404E-02  2.6926762880505241E-07
  1.9934871688869120E+00  5.9788923074489998E-02  2.6693342202210650E-07
  2.0133476854670835E+00  5.9629761223672459E-02  2.6466150886463080E-07
  2.0334060664353415E+00  5.9475873137452361E-02  2.6245197408249729E-07
  2.0536642830554217E+00  5.9324663209532960E-02  2.6030525584003892E-07
  2.0741243262301681E+00  5.9167951774015952E-02  2.5822234633735404E-07
  2.0947882066971948E+00  5.9017272068574704E-02  2.5620498960601626E-07
  2.1156579552264958E+00  5.8872373004812267E-02  2.5425583437125558E-07
  2.1367356228200176E+00  5.8711511528208575E-02  2.5237851057348152E-07
  2.1580232809132243E+00  5.8558110230609230E-02  2.5057761993081748E-07
  2.1795230215786749E+00  5.8396919054569084E-02  2.4885865396562519E-07
  2.2012369577316231E+00  5.8230491735063457E-02  2.4722786488214580E-07
  2.2231672233376591E+00  5.8081263866258774E-02  2.4569199735413867E-07
  2.2453159736224393E+00  5.7930042475063233E-02  2.4425787390217019E-07
  2.2676853852834902E+00  5.7765948085812223E-02  2.4293228818813164E-07
  2.2902776567041201E+00  5.7626174340586915E-02  2.4172196782066969E-07
  2.3130950081694750E+00  5.7479621958241127E-02  2.4063349107936594E-07
  2.3361396820847395E+00  5.7338932047166190E-02  2.3967316306727052E-07
  2.3594139431955088E+00  5.7201887330113797E-02  2.3884687297058491E-07
  2.3829200788103595E+00  5.7067180455657000E-02  2.3815996468866660E-07
  2.4066603990256450E+00  5.6933351496781921E-02  2.3761715356495150E-07
  2.4306372369525131E+00  5.6809859827420595E-02  2.3722251071220526E-07
  2.4548529489462005E+00  5.6687655689586676E-02  2.3697951783724777E-07
  2.4793099148376090E+00  5.6547108246655549E-02  2.3689117826550746E-07
  2.5040105381671842E+00  5.6428209936065066E-02  2.3696021661839180E-07
  2.5289572464211245E+00  5.6298795635709810E-02  2.3718950805333235E-07
  2.5541524912699467E+00  5.6172689622873057E-02  2.3758228681100625E-07
  2.5795987488094312E+00  5.6043178638379654E-02  2.3814213552389830E-07
  2.6052985198039580E+00  5.5911654285089922E-02  2.3887293143707404E-07
  2.6312543299322728E+00  5.5770474105243190E-02  2.3977875292952540E-07
  2.6574687300357089E+00  5.5649415039525911E-02  2.4086375247588662E-07
  2.6839442963688676E+00  5.5514207279783165E-02  2.4213201349256449E-07
  2.7106836308527971E+00  5.5398379927944282E-02  2.4358741653249205E-07
  2.7376893613307165E+00  5.5272436139225112E-02  2.4523354060186245E-07
  2.7649641418262596E+00  5.5141917399537381E-02  2.4707361656185002E-07
  2.7925106528042964E+00  5.5034412236011250E-02  2.4911053505235650E-07
  2.8203316014343751E+00  5.4918869016562746E-02  2.5134691628238699E-07
  2.8484297218567654E+00  5.4816814189334290E-02  2.5378541310721503E-07
  2.8768077754511485E+00  5.4709169716974572E-02  2.5642899256791375E-07
  2.9054685511080161E+00  5.4593999793965078E-02  2.5928091346018051E-07
  2.9344148655027422E+00  5.4488153346283374E-02  2.6234460726450328E-07
  2.9636495633723814E+00  5.4371803206273300E-02  2.6562346469382209E-07
  2.9931755177952755E+00  5.4253386234894597E-02  2.6912051167920625E-07
  3.0229956304733694E+00  5.4130459796386747E-02  2.7283798134957090E-07
  3.0531128320173941E+00  5.4016966057929036E-02  2.7677681786580967E-07
  3.0835300822348999E+00  5.3898344681570995E-02  2.8093617302409635E-07
  3.1142503704210922E+00  5.3773987858328022E-02  2.8531296441061162E-07
  3.1452767156526429E+00  5.3656928258032914E-02  2.8990154748441366E-07
  3.1766121670843823E+00  5.3545512956172554E-02  2.9469353144889035E-07
  3.2082598042489492E+00  5.3417324073100965E-02  2.9967813904322279E-07
  3.2402227373594545E+00  5.3308294503076462E-02  3.0484313132156928E-07
  3.2725041076151324E+00  5.3190590624121049E-02  3.1017493892717634E-07
  3.3051070875100357E+00  5.3070573927530500E-02  3.1565857887913966E-07
  3.3380348811448375E+00  5.2935221472321811E-02  3.2127762755521511E-07
  3.3712907245417076E+00  5.2819884218495719E-02  3.2701427389483912E-07
  3.4048778859623270E+00  5.2696757361369091E-02  3.3284946691439604E-07
  3.4387996662290998E+00  5.2580387196934364E-02  3.3876315293791783E-07
  3.4730593990495380E+00  5.2456413390698071E-02  3.4473457248809147E-07
  3.5076604513438729E+00  5.2338733233280879E-02  3.5074256410540204E-07
  3.5426062235759677E+00  5.2217647066205769E-02  3.5676581490561861E-07
  3.5779001500874887E+00  5.2094702991283569E-02  3.6278301133659939E-07
  3.6135456994354072E+00  5.1976324463371998E-02  3.6877270664156500E-07
  3.6495463747329171E+00  5.1846214118667196E-02  3.7471250375614724E-07
  3.6859057139936584E+00  5.1733308101575240E-02  3.8057868051494184E-07
  3.7226272904794429E+00  5.1608880025108189E-02  3.8634626024284752E-07
  3.7597147130514443E+00  5.1481348092361774E-02  3.9198918101543304E-07
  3.7971716265248152E+00  5.1355736202775677E-02  3.9748059422711115E-07
  3.8350017120269251E+00  5.1227852101000199E-02  4.0279333338701607E-07
  3.8732086873591163E+00  5.1094120020861750E-02  4.0790057295781946E-07
  3.9117963073620632E+00  5.0966667506896074E-02  4.1277665311122385E-07
  3.9507683642848055E+00  5.0839217667922425E-02  4.1739798752505457E-07
  3.9901286881574252E+00  5.0717101213517635E-02  4.2174392118438097E-07
  4.0298811471674396E+00  5.0592160767625460E-02  4.2579739270268432E-07
  4.0700296480399718E+00  5.0464107811565198E-02  4.2954515538028850E-07
  4.1105781364216796E+00  5.0330340085870701E-02  4.3297633204943431E-07
  4.1515305972685050E+00  5.0207300890804968E-02  4.3608093259060597E-07
  4.1928910552373306E+00  5.0081933421594768E-02  4.3884977607180825E-07
  4.2346635750814867E+00  4.9962141362810158E-02  4.4127456672432839E-07
  4.2768522620502178E+00  4.9834038834489808E-02  4.4334800414274778E-07
  4.3194612622921502E+00  4.9708047947123649E-02  4.4506394785658389E-07
  4.3624947632627471E+00  4.9584139353480987E-02  4.4641765384417485E-07
  4.4059569941358250E+00  4.9460258818329141E-02  4.4740608759296891E-07
  4.4498522262192211E+00  4.9329948916180068E-02  4.4802829349942182E-07
  4.4941847733745126E+00  4.9213620111128932E-02  4.4828576926546341E-07
  4.5389589924409863E+00  4.9096016108588825E-02  4.4818277059603927E-07
  4.5841792836638460E+00  4.8975108615591380E-02  4.4772645308304321E-07
  4.6298500911265892E+00  4.8848717558529743E-02  4.4692629786430189E-07
  4.6759759031878065E+00  4.8717514807501291E-02  4.4579292386610939E-07
  4.7225612529222643E+00  4.8588025754451834E-02  4.4433777586127051E-07
  4.7696107185663825E+00  4.8456277396603846E-02  4.4257303903191470E-07
  4.8171289239681974E+00  4.8329788261700542E-02  4.4051154975468034E-07
  4.8651205390417571E+00  4.8202319288648168E-02  4.3816669856428842E-07
  4.9135902802260558E+00  4.8071208902873190E-02  4.3555232108763144E-07
  4.9625429109485735E+00  4.7940501438289963E-02  4.3268257356696309E-07
  5.0119832420933914E+00  4.7815409884105327E-02  4.2957179320197558E-07
  5.0619161324739768E+00  4.7698778049882283E-02  4.2623435007770133E-07
  5.1123464893107196E+00  4.7572858763907440E-02  4.2268450488134054E-07
  5.1632792687131772E+00  4.7446812703186361E-02  4.1893629165402665E-07
  5.2147194761671267E+00  4.7322367537551938E-02  4.1500349437511777E-07
  5.2666721670265249E+00  4.7211545781403713E-02  4.1089981345457184E-07
  5.3191424470103037E+00  4.7089346476862290E-02  4.0663890384167450E-07
  5.3721354727041257E+00  4.6970347059830858E-02  4.0223431453121915E-07
  5.4256564520672139E+00  4.6852653678790629E-02  3.9769941787098987E-07
  5.4797106449440962E+00  4.6727265015056196E-02  3.9304732591429914E-07
  5.5343033635815617E+00  4.6610438231038151E-02  3.8829078931558758E-07
  5.5894399731507578E+00  4.6485313688859060E-02  3.8344207717371816E-07
  5.6451258922743888E+00  4.6366068791711325E-02  3.7851284227729779E-07
  5.7013665935592970E+00  4.6235250271587536E-02  3.7351398496043966E-07
  5.7581676041342762E+00  4.6114547585000450E-02  3.6845553747693489E-07
  5.8155345061932273E+00  4.5987370647189649E-02  3.6334659440870548E-07
  5.8734729375438031E+00  4.5859406015208576E-02  3.5819534419720215E-07
  5.9319885921614439E+00  4.5734332751184652E-02  3.5300943944049804E-07
  5.9910872207489509E+00  4.5605285137754907E-02  3.4779629379221369E-07
  6.0507746313016728E+00  4.5491176222242809E-02  3.4256309456472779E-07
  6.1110566896782803E+00  4.5366259124964128E-02  3.3731679229583384E-07
  6.1719393201772199E+00  4.5258722215009761E-02  3.3206408560197448E-07
  6.2334285061189751E+00  4.5139302923028299E-02  3.2681139574131167E-07
  6.2955302904340575E+00  4.5023746142733446E-02  3.2156482410807140E-07
  6.3582507762568721E+00  4.4916613006110606E-02  3.1633008658027016E-07
  6.4215961275255458E+00  4.4794678182038368E-02  3.1111242281871752E-07
  6.4855725695876778E+00  4.4669915597787636E-02  3.0591648711528822E-07
  6.5501863898121231E+00  4.4547719601322026E-02  3.0074623864529368E-07
  6.6154439382069352E+00  4.4423348563439956E-02  2.9560486779205643E-07
  6.6813516280433971E+00  4.4301231094512450E-02  2.9049499244549471E-07
  6.7479159364862680E+00  4.4171322981458261E-02  2.8541904844489486E-07
  6.8151434052304127E+00  4.4050328327308201E-02  2.8037935962918103E-07
  6.8830406411436060E+00  4.3934803253679225E-02  2.7537813905852261E-07
  6.9516143169158644E+00  4.3818520734324046E-02  2.7041749234320226E-07
  7.0208711717152683E+00  4.3702089358179555E-02  2.6549942510937283E-07
  7.0908180118501631E+00  4.3580625743594260E-02  2.6062585712640265E-07
  7.1614617114381360E+00  4.3476190993301744E-02  2.5579864577006455E-07
  7.2328092130815538E+00  4.3366548665022153E-02  2.5101962062895461E-07
  7.3048675285498330E+00  4.3250995780146885E-02  2.4629062859684315E-07
  7.3776437394685743E+00  4.3130742639932641E-02  2.4161358467794948E-07
  7.4511449980154953E+00  4.3010336176459975E-02  2.3699051849326112E-07
  7.5253785276232996E+00  4.2891120031914379E-02  2.3242354873133091E-07
  7.6003516236896145E+00  4.2763347247524071E-02  2.2791469856419552E-07
  7.6760716542939340E+00  4.2650256727094910E-02  2.2346582588550915E-07
  7.7525460609216967E+00  4.2525274256503008E-02  2.1907862442343477E-07
  7.8297823591956632E+00  4.2407799743921844E-02  2.1475462359094712E-07
  7.9077881396144951E+00  4.2283656251939937E-02  2.1049518393294703E-07
  7.9865710682986988E+00  4.2172010887203779E-02  2.0630148596763342E-07
  8.0661388877440725E+00  4.2052162153969674E-02  2.0217451024041073E-07
  8.1464994175825804E+00  4.1937573286417243E-02  1.9811500725770276E-07
  8.2276605553508144E+00  4.1823922862451388E-02  1.9412345812617566E-07
  8.3096302772662156E+00  4.1710806455040821E-02  1.9020003034090053E-07
  8.3924166390108468E+00  4.1602270507619291E-02  1.8634453754029699E-07
  8.4760277765231233E+00  4.1484368397982439E-02  1.8255644020803544E-07
  8.5604719067974298E+00  4.1370492058159472E-02  1.7883503401390454E-07
  8.6457573286915519E+00  4.1257556305767114E-02  1.7517959640581679E-07
  8.7318924237423463E+00  4.1135905240637344E-02  1.7158939646107801E-07
  8.8188856569894174E+00  4.1019350350521483E-02  1.6806369592004197E-07
  8.9067455778069995E+00  4.0890508353656971E-02  1.6460175024179802E-07
  8.9954808207442145E+00  4.0773106973548086E-02  1.6120280957014199E-07
  9.0851001063736145E+00  4.0662307041140537E-02  1.5786611943581635E-07
  9.1756122421481816E+00  4.0548972501417077E-02  1.5459092096785615E-07
  9.2670261232669429E+00  4.0432759335155687E-02  1.5137645037836751E-07
  9.3593507335491353E+00  4.0305288764324786E-02  1.4822193757217086E-07
  9.4525951463170799E+00  4.0195011272213921E-02  1.4512660395828118E-07
  9.5467685252879111E+00  4.0078578717768376E-02  1.4208966015405143E-07
  9.6418801254741417E+00  3.9966339479249220E-02  1.3911030877086323E-07
  9.7379392940931826E+00  3.9848302325670999E-02  1.3618775110563679E-07
  9.8349554714859995E+00  3.9730834062026696E-02  1.3332118871266128E-07
  9.9329381920448547E+00  3.9597193373780065E-02  1.3050982413752159E-07
  1.0031897085150272E+01  3.9446415747600383E-02  1.2775286197666109E-07
  1.0131841876117482E+01  6.9418039087942632E-05  1.2504951047478348E-07
  1.0232782387152062E+01  2.2938990631177268E-05  1.2239898391699356E-07
  1.0334728538315288E+01  1.3407004439474898E-05  1.1980050608237193E-07
  1.0437690348499100E+01  9.3115630637783092E-06  1.1725331495326153E-07
  1.0541677936410590E+01  7.0401866916568690E-06  1.1475666865667631E-07
  1.0646701521566548E+01  5.5998510876840923E-06  1.1230985221079030E-07
  1.0752771425297754E+01  4.6072881612490900E-06  1.0991218396454252E-07
  1.0859898071763281E+01  3.8833294869316543E-06  1.0756301083327423E-07
  1.0968091988975026E+01  3.3330416523650636E-06  1.0526168166896680E-07
  1.1077363809832308E+01  2.9014453039205990E-06  1.0300753863529345E-07
  1.1187724273166818E+01  2.5545064017777987E-06  1.0079991747006589E-07
  1.1299184224798047E+01  2.2700348138795889E-06  9.8638147456981928E-08
  1.1411754618599144E+01  2.0329480751046548E-06  9.6521550847080836E-08
  1.1525446517573382E+01  1.8326389090300471E-06  9.4449441579072644E-08
  1.1640271094941468E+01  1.6614316330422068E-06  9.2421123163309620E-08
  1.1756239635239561E+01  1.5136359658558162E-06  9.0435885662853081E-08
  1.1873363535428249E+01  1.3849448908111779E-06  8.8493001863227027E-08
  1.1991654306012661E+01  1.2720389685335225E-06  8.6591722995378350E-08
  1.2111123572173650E+01  1.1723189005498160E-06  8.4731274747411252E-08
  1.2231783074910222E+01  1.0837200156474840E-06  8.2910858202271595E-08
  1.2353644672193528E+01  1.0045818805622643E-06  8.1129672196669298E-08
  1.2476720340132069E+01  9.3355478968605682E-07  7.9386928463464332E-08
  1.2601022174148730E+01  8.6953059396697282E-07  7.7681852410854866E-08
  1.2726562390169557E+01  8.1159116462037574E-07  7.6013683242975103E-08
  1.2853353325824123E+01  7.5896949580411585E-07  7.4381674195528866E-08
  1.2981407441658167E+01  7.1101997427075163E-07  7.2785092898858303E-08
  1.3110737322358121E+01  6.6719539264407248E-07  7.1223221871420306E-08
  1.3241355677987846E+01  6.2702898845212078E-07  6.9695359128219978E-08
  1.3373275345237802E+01  5.9012027393609542E-07  6.8200818857499301E-08
  1.3506509288686566E+01  5.5612375789968934E-07  6.6738932073498708E-08
  1.3641070602074890E+01  5.2473990085532522E-07  6.5309047099933971E-08
  1.3776972509592591E+01  4.9570782659018120E-07  6.3910529507546769E-08
  1.3914228367178136E+01  4.6879934418451307E-07  6.2542758697293697E-08
  1.4052851663831168E+01  4.4381395721191410E-07  6.1205123560452301E-08
  1.4192856022938249E+01  4.2057481004228155E-07  5.9897021831096215E-08
  1.4334255203611667E+01  3.9892533576476609E-07  5.8617859935825307E-08
  1.4477063102041576E+01  3.7872645699280802E-07  5.7367052828100792E-08
  1.4621293752861778E+01  3.5985423614568866E-07  5.6144023842303202E-08
  1.4766961330528924E+01  3.4219789334816047E-07  5.4948204617724733E-08
  1.4914080150715481E+01  3.2565812675164888E-07  5.3779035160247889E-08
  1.5062664671716790E+01  3.1014568311656567E-07  5.2635964125660167E-08
  1.5212729495871766E+01  2.9558013693689051E-07  5.1518449413381949E-08
  1.5364289370998069E+01  2.8188884546638861E-07  5.0425959134933911E-08
  1.5517359191841544E+01  2.6900605799985658E-07  4.9357972919115539E-08
  1.5671954001539826E+01  2.5687214910342199E-07  4.8313982116428642E-08
  1.5828088993100897E+01  2.4543291131748459E-07  4.7293487394844076E-08
  1.5985779510896132E+01  2.3463895350224014E-07  4.6295998080939556E-08
  1.6145041052168246E+01  2.2444518808970668E-07  4.5321032415863157E-08
  1.6305889268554392E+01  2.1481038241775581E-07  4.4368117902938986E-08
  1.6468339967624310E+01  2.0569676494875669E-07  4.3436791721144161E-08
  1.6632409114433777E+01  1.9706967878142866E-07  4.2526601174260336E-08
  1.6798112833093700E+01  1.8889727606841085E-07  4.1637104127658669E-08
  1.6965467408354673E+01  1.8115024796590102E-07  4.0767869359722875E-08
  1.7134489287207359E+01  1.7380158561716497E-07  3.9918476724550805E-08
  1.7305195080498898E+01  1.6682636847591716E-07  3.9088516996241816E-08
  1.7477601564565351E+01  1.6020157713719154E-07  3.8277591262128883E-08
  1.7651725682880336E+01  1.5390592524853569E-07  3.7485309580671820E-08
  1.7827584547720296E+01  1.4791969338698271E-07  3.6711288611730705E-08
  1.8005195441846155E+01  1.4222458329862958E-07  3.5955150536603487E-08
  1.8184575820201758E+01  1.3680359556968725E-07  3.5216522891565681E-08
  1.8365743311629448E+01  1.3164091984580862E-07  3.4495038387680585E-08
  1.8548715720602356E+01  1.2672183578029903E-07  3.3790334697552795E-08
  1.8733511028974249E+01  1.2203262350206552E-07  3.3102054231578356E-08
  1.8920147397746835E+01  1.1756048254953952E-07  3.2429843936094974E-08
  1.9108643168854329E+01  1.1329345835692031E-07  3.1773355159811678E-08
  1.9299016866966216E+01  1.0922037551865599E-07  3.1132243652320711E-08
  1.9491287201307742E+01  1.0533077723760233E-07  3.0506169774905927E-08
  1.9685473067498489E+01  1.0161487072832864E-07  2.9894799007251055E-08
  1.9881593549409523E+01  9.8063479260254221E-08  2.9297802764196892E-08
  2.0079667921038805E+01  9.4667998987704689E-08  2.8714858971119251E-08
  2.0279715648405311E+01  9.1420356635273627E-08  2.8145651980037995E-08
  2.0481756391462213E+01  8.8312970988128045E-08  2.7589872447860756E-08
  2.0685810006028905E+01  8.5338717716355788E-08  2.7047217174417279E-08
  2.0891896545742327E+01  8.2490896983107467E-08  2.6517388839218502E-08
  2.1100036264027853E+01  7.9763203487088751E-08  2.6000095587780410E-08
  2.1310249616089688E+01  7.7149698570513181E-08  2.5495050405794871E-08
  2.1522557260921058E+01  7.4644783952785168E-08  2.5001970205866267E-08
  2.1736980063334617E+01  7.2243176469817674E-08  2.4520574542335339E-08
  2.1953539096012914E+01  6.9939882753737402E-08  2.4050583877638062E-08
  2.2172255641579270E+01  6.7730171595490867E-08  2.3591717369123035E-08
  2.2393151194689477E+01  6.5609538818780860E-08  2.3143690377165331E-08
  2.2616247464144163E+01  6.3573685381905973E-08  2.2706216212214918E-08
  2.2841566375022150E+01  6.1618543508716342E-08  2.2279014488889697E-08
  2.3069130070835428E+01  5.9740274519587287E-08  2.1861813339185156E-08
  2.3298960915705031E+01  5.7935254673540976E-08  2.1454349737732408E-08
  2.3531081496559054E+01  5.6200062593039219E-08  2.1056370319459934E-08
  2.3765514625352534E+01  5.4531468576020803E-08  2.0667632910427820E-08
  2.4002283341309031E+01  5.2926426205451650E-08  2.0287909033261677E-08
  2.4241410913185103E+01  5.1382067023328367E-08  1.9916987711512035E-08
  2.4482920841556965E+01  4.9895699737763757E-08  1.9554680951847536E-08
  2.4726836861129971E+01  4.8464816914146476E-08  1.9200831283092000E-08
  2.4973182943071325E+01  4.7087115569103203E-08  1.8855321591477332E-08
  2.5221983297365810E+01  4.5760547178265720E-08  1.8518087025514716E-08
  2.5473262375194949E+01  4.4483371664036539E-08  1.8189117250281407E-08
  2.5727044871340180E+01  4.3254005803287179E-08  1.7868415759538409E-08
  2.5983355726609645E+01  4.2070914517440270E-08  1.7555977337180220E-08
  2.6242220130289230E+01  4.0932606306449519E-08  1.7251787649672096E-08
  2.6503663522618218E+01  3.9837631988100429E-08  1.6955823101635278E-08
  2.6767711597289367E+01  3.8784582580934038E-08  1.6668049987615472E-08
  2.7034390303974046E+01  3.7772085898740642E-08  1.6388422671178002E-08
  2.7303725850872340E+01  3.6798801144528984E-08  1.6116880448968523E-08
  2.7575744707288894E+01  3.5863410256575451E-08  1.5853342677272585E-08
  2.7850473606234122E+01  3.4964603685734361E-08  1.5597701686199167E-08
  2.8127939547051326E+01  3.4101055962195080E-08  1.5349813057082442E-08
  2.8408169798070286E+01  3.3271380855270895E-08  1.5109483135622252E-08
  2.8691191899287006E+01  3.2474060601738919E-08  1.4876458403450006E-08
  2.8977033665070145E+01  3.1707515211318788E-08  1.4650455873130353E-08
  2.9265723186894672E+01  3.0970240289721316E-08  1.4431201294395524E-08
  2.9557288836102519E+01  3.0260816321017331E-08  1.4218432333152844E-08
  2.9851759266690816E+01  2.9577903540414492E-08  1.4011898276770420E-08
  3.0149163418127834E+01  2.8920237455222723E-08  1.3811359997698172E-08
  3.0449530518197175E+01  2.8286625115963525E-08  1.3616590263337026E-08
  3.0752890085870145E+01  2.7675942320942184E-08  1.3427374507206131E-08
  3.1059271934206610E+01  2.7087132084846528E-08  1.3243512209161000E-08
  3.1368706173285151E+01  2.6519204980670973E-08  1.3064819062874703E-08
  3.1681223213162045E+01  2.5971242524583269E-08  1.2891130115824706E-08
  3.1996853766859779E+01  2.5442405999506396E-08  1.2722304009868993E-08
  3.2315628853385597E+01  2.4931954785193358E-08  1.2558227923911223E-08
  3.2637579800779790E+01  2.4439242223472831E-08  1.2398812762080953E-08
  3.2962738249194608E+01  2.3963661792208323E-08  1.2243975650767504E-08
  3.3291136154003546E+01  2.3504632155428861E-08  1.2093635661765292E-08
  3.3622805788942053E+01  2.3061595057806698E-08  1.1947712980212791E-08
  3.3957779749279148E+01  2.2634012777235335E-08  1.1806127362773278E-08
  3.4296090955020652E+01  2.2221364537707187E-08  1.1668795548901852E-08
  3.4637772654144683E+01  2.1823140856787618E-08  1.1535627192279649E-08
  3.4982858425869026E+01  2.1438834719767588E-08  1.1406518735952804E-08
  3.5331382183951042E+01  2.1067927896968144E-08  1.1281344489549176E-08
  3.5683378180020846E+01  2.0709869057151857E-08  1.1159944033010287E-08
  3.6038881006947250E+01  2.0364037081469169E-08  1.1042105091064465E-08
  3.6397925602237528E+01  2.0029676364181528E-08  1.0927541570681397E-08
  3.6760547251470769E+01  1.9705846540594041E-08  1.0815887903145516E-08
  3.7126781591765841E+01  1.9391573066362102E-08  1.0706761286408132E-08
  3.7496664615283592E+01  1.9085934416613385E-08  1.0599792947894609E-08
  3.7870232672763876E+01  1.8788061996467690E-08  1.0494629208529317E-08
  3.8247522477098215E+01  1.8497139158496807E-08  1.0390932917282827E-08
  3.8628571106937699E+01  1.8212402372783942E-08  1.0288386564654640E-08
  3.9013416010336819E+01  1.7933145467241485E-08  1.0186697749405238E-08
  3.9402095008433925E+01  1.7658728427377589E-08  1.0085607908301801E-08
  3.9794646299168051E+01  1.7388593252130789E-08  9.9849055081198243E-09
  4.0191108461032897E+01  1.7122291230829650E-08  9.8844451847290521E-09
  4.0591520456868068E+01  1.6859529622364319E-08  9.7841744362558832E-09
  4.0995921637688362E+01  1.6600253137624746E-08  9.6841690643431060E-09
  4.1404351746551015E+01  1.6344753323452712E-08  9.5846640336736227E-09
  4.1816850922461320E+01  1.6093522078884815E-08  9.4859765094534953E-09
  4.2233459704317589E+01  1.5847035485382067E-08  9.3884176774742558E-09
  4.2654219034895078E+01  1.5605736297589451E-08  9.2922854417352735E-09
  4.3079170264869532E+01  1.5370034316363476E-08  9.1978636046521947E-09
  4.3508355156881237E+01  1.5140305782846762E-08  9.1054201572794361E-09
  4.3941815889639187E+01  1.4916891180386263E-08  9.0152042078425943E-09
  4.4379595062066116E+01  1.4700090489350739E-08  8.9274409039415084E-09
  4.4821735697485195E+01  1.4490154354730570E-08  8.8423234767415188E-09
  4.5268281247848073E+01  1.4287268586453047E-08  8.7600012740676321E-09
  4.5719275598005254E+01  1.4091527484177348E-08  8.6805624357815002E-09
  4.6174763070018727E+01  1.3902887765155018E-08  8.6040099017478098E-09
  4.6634788427518082E+01  1.3721093431647288E-08  8.5302325254880442E-09
  4.7099396880099562E+01  1.3545699111729776E-08  8.4590288280193758E-09
  4.7568634087768963E+01  1.3376245489257674E-08  8.3901887509827857E-09
  4.8042546165429201E+01  1.3212295082766012E-08  8.3235093253770506E-09
  4.8521179687412193E+01  1.3053431037908330E-08  8.2587944262956071E-09
  4.9004581692055829E+01  1.2899256220026887E-08  8.1958547568425144E-09
  4.9492799686327068E+01  1.2749392783827294E-08  8.1345081893320784E-09
  4.9985881650490512E+01  1.2603482404862851E-08  8.0745806064111508E-09
  5.0483876042823844E+01  1.2461187475524194E-08  8.0159074394009195E-09
  5.0986831804379932E+01  1.2322193764945902E-08  7.9583361680534399E-09
  5.1494798363796860E+01  1.2186215389356468E-08  7.9017301113136621E-09
  5.2007825642155474E+01  1.2053003576960168E-08  7.8459738649817947E-09
  5.2525964057885233E+01  1.1922361752790341E-08  7.7909805714271291E-09
  5.3049264531719523E+01  1.1794153511723790E-08  7.7366932783550821E-09
  5.3577778491699760E+01  1.1668265133702893E-08  7.6830651044292289E-09
  5.4111557878229377E+01  1.1544587270764662E-08  7.6300504637912183E-09
  5.4650655149178725E+01  1.1423014469520871E-08  7.5776049094778304E-09
  5.5195123285040125E+01  1.1303445113765020E-08  7.5256851946235870E-09
  5.5745015794134780E+01  1.1185781459443930E-08  7.4742494116077376E-09
  5.6300386717871142E+01  1.1069929811907068E-08  7.4232572475351604E-09
  5.6861290636056204E+01  1.0955800918245040E-08  7.3726704097705284E-09
  5.7427782672259276E+01  1.0843310692865036E-08  7.3224532950698024E-09
  5.7999918499229111E+01  1.0732381475239277E-08  7.2725739979535236E-09
  5.8577754344365587E+01  1.0622944153051070E-08  7.2230057705095609E-09
  5.9161346995245388E+01  1.0514941723250596E-08  7.1737290356343410E-09
  5.9750753805202642E+01  1.0408333435056030E-08  7.1247331077942411E-09
  6.0346032698965743E+01  1.0303087925389954E-08  7.0760119612201364E-09
  6.0947242178349818E+01  1.0199175171151268E-08  7.0275599592092818E-09
  6.1554441328006156E+01  1.0096565900004166E-08  6.9793715592130476E-09
  6.2167689821228528E+01  9.9952315409648730E-09  6.9314412844476026E-09
  6.2787047925818108E+01  9.8951441470085417E-09  6.8837636699483453E-09
  6.3412576510006133E+01  9.7962762715797211E-09  6.8363331687877759E-09
  6.4044337048435665E+01  9.6986007750636625E-09  6.7891439979778338E-09
  6.4682391628203391E+01  9.6020905211342972E-09  6.7421898950937852E-09
  6.5326802954961252E+01  9.5067178921830652E-09  6.6954637460176112E-09
  6.5977634359078593E+01  9.4124540070921714E-09  6.6489570332633263E-09
  6.6634949801866526E+01  9.3192674514584706E-09  6.6026590491011931E-09
  6.7298813881863467E+01  9.2271223868079034E-09  6.5565559328592249E-09
  6.7969291841183889E+01  9.1359794437401179E-09  6.5106314626321245E-09
  6.8646449571929693E+01  9.0457997909645815E-09  6.4648694408168063E-09
  6.9330353622666280E+01  8.9565458333300264E-09  6.4192540968831382E-09
  7.0021071204962553E+01  8.8681811986360903E-09  6.3737701017198227E-09
  7.0718670199995969E+01  8.7806707513092345E-09  6.3284026060352121E-09
  7.1423219165224012E+01  8.6939806510968857E-09  6.2831373185016371E-09
  7.2134787341121680E+01  8.6080784818025578E-09  6.2379606461556227E-09
  7.2853444657985875E+01  8.5229334953142517E-09  6.1928599295300737E-09
  7.3579261742808342E+01  8.4385170406539024E-09  6.1478238181806283E-09
  7.4312309926216386E+01  8.3548032882495217E-09  6.1028428474734302E-09
  7.5052661249483066E+01  8.2717704353382270E-09  6.0579102898313570E-09
  7.5800388471606908E+01  8.1894026709506766E-09  6.0130233317065970E-09
  7.6555565076462770E+01  8.1076908967247052E-09  5.9681832502386802E-09
  7.7318265280023439E+01  8.0266281029465929E-09  5.9233924783832673E-09
  7.8088564037652944E+01  7.9462074645485961E-09  5.8786534697043517E-09
  7.8866537051473500E+01  7.8664223082422904E-09  5.8339686837024486E-09
  7.9652260777804884E+01  7.7872661112553897E-09  5.7893405853968368E-09
  8.0445812434678103E+01  7.7087324946382687E-09  5.7447716419600273E-09
  8.1247270009424540E+01  7.6308152084837989E-09  5.7002643141978187E-09
  8.2056712266339986E+01  7.5535081133657495E-09  5.6558210396334147E-09
  8.2874218754425442E+01  7.4768051460397798E-09  5.6114442025472679E-09
  8.3699869815204536E+01  7.4007002557317718E-09  5.5671360846173745E-09
  8.4533746590619742E+01  7.3251872998866361E-09  5.5228987881909116E-09
  8.5375931031006473E+01  7.2502598740388808E-09  5.4787341239047473E-09
  8.6226505903146546E+01  7.1759111310904442E-09  5.4346435134239221E-09
  8.7085554798402725E+01  7.1021340830185770E-09  5.3906282029428413E-09
  8.7953162140933529E+01  7.0289219053514958E-09  5.3466894579193959E-09
  8.8829413195989886E+01  6.9562679599719069E-09  5.3028285794719327E-09
  8.9714394078295186E+01  6.8841658010434748E-09  5.2590469183680619E-09
  9.0608191760507935E+01  6.8126092013916171E-09  5.2153459023772957E-09
  9.1510894081769365E+01  6.7415922079806501E-09  5.1717270846938075E-09
  9.2422589756335483E+01  6.6711092250674197E-09  5.1281922247320433E-09
  9.3343368382296219E+01  6.6011551566250522E-09  5.0847434176453107E-09
  9.4273320450380467E+01  6.5317256454333728E-09  5.0413832955548356E-09
  9.5212537352848912E+01  6.4628174582247638E-09  4.9981153310269706E-09
  9.6161111392476300E+01  6.3944291060963273E-09  4.9549442789052210E-09
  9.7119135791622298E+01  6.3265617136053115E-09  4.9118767113972543E-09
  9.8086704701392804E+01  6.2592183557689513E-09  4.8689204722819709E-09
  9.9063913210893304E+01  6.1924021463606958E-09  4.8260833793633027E-09
  1.0005085735657353E+02  6.1261159588093762E-09  4.7833730377303393E-09
  1.0104763413166570E+02  6.0603624238035795E-09  4.7407968337269799E-09
  1.0205434149571640E+02  5.9951439213379565E-09  4.6983619232524967E-09
  1.0307107838421408E+02  5.9304625633113397E-09  4.6560752112766692E-09
  1.0409794471831192E+02  5.8663201592199128E-09  4.6139433181715046E-09
  1.0513504141464739E+02  5.8027181566233868E-09  4.5719725266867423E-09
  1.0618247039526051E+02  5.7396575484483958E-09  4.5301687011533775E-09
  1.0724033459761016E+02  5.6771387291453090E-09  4.4885371681230014E-09
  1.0830873798468998E+02  5.6151612717634208E-09  4.4470825462256343E-09
  1.0938778555524615E+02  5.5537235964315528E-09  4.4058085209048013E-09
  1.1047758335409590E+02  5.4928229529032333E-09  4.3647178732920602E-09
  1.1157823848254932E+02  5.4324562830530166E-09  4.3238131026326772E-09
  1.1268985910893454E+02  5.3726205147456038E-09  4.2830966310254814E-09
  1.1381255447922869E+02  5.3133125707110918E-09  4.2425708114507530E-09
  1.1494643492779396E+02  5.2545293799325515E-09  4.2022379387696831E-09
  1.1609161188822038E+02  5.1962679016835260E-09  4.1621002683639034E-09
  1.1724819790427794E+02  5.1385251607652483E-09  4.1221600465380988E-09
  1.1841630664097652E+02  5.0812982948097710E-09  4.0824195587589430E-09
  1.1959605289573616E+02  5.0245846361636062E-09  4.0428812045671193E-09
  1.2078755260966962E+02  4.9683818510997394E-09  4.0035476116323576E-09
  1.2199092287897618E+02  4.9126881550784164E-09  3.9644218055681684E-09
  1.2320628196644968E+02  4.8575026478067387E-09  3.9255074546512970E-09
  1.2443374931310044E+02  4.8028255989598583E-09  3.8868090442953215E-09
  1.2567344554989414E+02  4.7486576962406297E-09  3.8483313032826717E-09
  1.2692549250960687E+02  4.6949994598771832E-09  3.8100787811617136E-09
  1.2819001323879766E+02  4.6418512249735058E-09  3.7720558356046836E-09
  1.2946713200990220E+02  4.5892131574569372E-09  3.7342666422645729E-09
  1.3075697433344513E+02  4.5370852748008544E-09  3.6967152113119626E-09
  1.3205966697037462E+02  4.4854674735507687E-09  3.6594054146749931E-09
  1.3337533794452062E+02  4.4343595772674926E-09  3.6223410300043067E-09
  1.3470411655517609E+02  4.3837614207343828E-09  3.5855258102721398E-09
  1.3604613338980434E+02  4.3336729781471754E-09  3.5489635918796031E-09
  1.3740152033687210E+02  4.2840945619833085E-09  3.5126584590303540E-09
  1.3877041059881185E+02  4.2350271351937184E-09  3.4766149866328548E-09
  1.4015293870511212E+02  4.1864727191985183E-09  3.4408385289177117E-09
  1.4154924052553810E+02  4.1384339878492468E-09  3.4053348784530896E-09
  1.4295945328348515E+02  4.0909133951520431E-09  3.3701096055364637E-09
  1.4438371556946439E+02  4.0439130828899759E-09  3.3351679854445006E-09
  1.4582216735472227E+02  3.9974348897551496E-09  3.3005150059731950E-09
  1.4727495000499735E+02  3.9514803583870103E-09  3.2661553760014605E-09
  1.4874220629441268E+02  3.9060507478107664E-09  3.2320935357250870E-09
  1.5022408041950735E+02  3.8611470523923423E-09  3.1983336696461512E-09
  1.5172071801340692E+02  3.8167700261362296E-09  3.1648797241298253E-09
  1.5323226616013676E+02  3.7729202166044558E-09  3.1317354325230157E-09
  1.5475887340907639E+02  3.7295980113135290E-09  3.0989043526880424E-09
  1.5630068978955791E+02  3.6868036989896436E-09  3.0663899245465973E-09
  1.5785786682561124E+02  3.6445375824592744E-09  3.0341955556883527E-09
  1.5943055755085496E+02  3.6028000108074328E-09  3.0023246271074170E-09
  1.6101891652353530E+02  3.5615911465756851E-09  2.9707803124186834E-09
  1.6262309984171659E+02  3.5209108941365983E-09  2.9395655293836323E-09
  1.6424326515862151E+02  3.4807589066458767E-09  2.9086829444422153E-09
  1.6587957169812415E+02  3.4411345950919668E-09  2.8781349751846699E-09
  1.6753218027039892E+02  3.4020371296383262E-09  2.8479237888878031E-09
  1.6920125328772377E+02  3.3634654297693029E-09  2.8180512948078384E-09
  1.7088695478044181E+02  3.3254181446235040E-09  2.7885191267980871E-09
  1.7258945041308081E+02  3.2878936199992203E-09  2.7593286112202081E-09
  1.7430890750063537E+02  3.2508898389935915E-09  2.7304807130013478E-09
  1.7604549502500913E+02  3.2144043198548714E-09  2.7019759502631776E-09
  1.7779938365162158E+02  3.1784339529587822E-09  2.6738142666400818E-09
  1.7957074574618119E+02  3.1429748856748132E-09  2.6459949567283692E-09
  1.8135975539162447E+02  3.1080229341457455E-09  2.6185169976183944E-09
  1.8316658840522359E+02  3.0735738595089513E-09  2.5913792593445994E-09
  1.8499142235586623E+02  3.0396233742103963E-09  2.5645805142959938E-09
  1.8683443658150557E+02  3.0061671300093885E-09  2.5381194361784863E-09
  1.8869581220678546E+02  2.9732007126383692E-09  2.5119945931930087E-09
  1.9057573216083975E+02  2.9407196300449721E-09  2.4862044318296288E-09
  1.9247438119527118E+02  2.9087192778558556E-09  2.4607472459079120E-09
  1.9439194590230747E+02  2.8771948787256363E-09  2.4356211229640466E-09
  1.9632861473313832E+02  2.8461413808605423E-09  2.4108238566910195E-09
  1.9828457801643683E+02  2.8155532954543452E-09  2.3863528101197398E-09
  2.0026002797706383E+02  2.7854244449355237E-09  2.3622047109934531E-09
  2.0225515875495830E+02  2.7557476670508061E-09  2.3383754220771376E-09
  2.0427016642421802E+02  2.7265152175053958E-09  2.3148602812413760E-09
  2.0630524901236817E+02  2.6977194067750206E-09  2.2916546271877234E-09
  2.0836060651982314E+02  2.6693526468321569E-09  2.2687538408939930E-09
  2.1043644093954106E+02  2.6414074364896333E-09  2.2461533194427669E-09
  2.1253295627687604E+02  2.6138763019518577E-09  2.2238484238433677E-09
  2.1465035856962669E+02  2.5867516790159004E-09  2.2018343840456665E-09
  2.1678885590828375E+02  2.5600257284624579E-09  2.1801061356150912E-09
  2.1894865845648218E+02  2.5336900371432622E-09  2.1586580496535162E-09
  2.2112997847165420E+02  2.5077351290649177E-09  2.1374834991929271E-09
  2.2333303032588876E+02  2.4821496832884437E-09  2.1165741811585155E-09
  2.2555803052700054E+02  2.4569193077762431E-09  2.0959190862734304E-09
  2.2780519773980660E+02  2.4320247463211811E-09  2.0755030682987347E-09
  2.3007475280761636E+02  2.4074422847199773E-09  2.0553072847816680E-09
  2.3236691877393449E+02  2.3831480132034013E-09  2.0353127013318039E-09
  2.3468192090438200E+02  2.3591188757685778E-09  2.0155009364189614E-09
  2.3701998670883401E+02  2.3353326870239355E-09  1.9958542836877969E-09
  2.3938134596377776E+02  2.3117681809754055E-09  1.9763557716256435E-09
  2.4176623073489563E+02  2.2884051524510239E-09  1.9569892898077502E-09
  2.4417487539987101E+02  2.2652247230631372E-09  1.9377398220039997E-09
  2.4660751667142137E+02  2.2422097831921856E-09  1.9185938472474941E-09
  2.4906439362056284E+02  2.2193457253326685E-09  1.8995400000871177E-09
  2.5154574770010444E+02  2.1966216356326866E-09  1.8805701221125862E-09
  2.5405182276837763E+02  2.1740321852659893E-09  1.8616808856509023E-09
  2.5658286511320063E+02  2.1515805431918700E-09  1.8428761978601747E-09
  2.5913912347608431E+02  2.1292800185636273E-09  1.8241684163653271E-09
  2.6172084907667721E+02  2.1071471315009787E-09  1.8055725314216405E-09
  2.6432829563745219E+02  2.0851977534777216E-09  1.7871029851244288E-09
  2.6696171940864542E+02  2.0634469641003720E-09  1.7687735466730620E-09
  2.6962137919343775E+02  2.0419089345851606E-09  1.7505972077453529E-09
  2.7230753637338546E+02  2.0205966720429348E-09  1.7325859664269633E-09
  2.7502045493411458E+02  1.9995215593559341E-09  1.7147504254905204E-09
  2.7776040149126021E+02  1.9786925742693182E-09  1.6970990909001040E-09
  2.8052764531666838E+02  1.9581149786779080E-09  1.6796371973768733E-09
  2.8332245836485993E+02  1.9377881615583970E-09  1.6623648045473589E-09
  2.8614511529975880E+02  1.9177021843282311E-09  1.6452737999495075E-09
  2.8899589352168215E+02  1.8978323842000378E-09  1.6283433369928076E-09
  2.9187507319460320E+02  1.8781332226209121E-09  1.6115348780264953E-09
  2.9478293727368703E+02  1.8585476876321289E-09  1.5948003071673846E-09
  2.9771977153309439E+02  1.8390200601225714E-09  1.5780926011134530E-09
  3.0068586459406890E+02  1.8194969971848116E-09  1.5613667332011613E-09
  3.0368150795330286E+02  1.7999276212071470E-09  1.5445797565070773E-09
  3.0670699601158123E+02  1.7802637358028692E-09  1.5276909903559387E-09
  3.0976262610271596E+02  1.7604602303570543E-09  1.5106623715772041E-09
  3.1284869852276870E+02  1.7404757631259336E-09  1.4934590659675871E-09
  3.1596551655955915E+02  1.7202739006384421E-09  1.4760504861672344E-09
  3.1911338652247275E+02  1.6998249773865070E-09  1.4584119350207610E-09
  3.2229261777256579E+02  1.6791090508705097E-09  1.4405271901634065E-09
  3.2550352275296427E+02  1.6581205035928904E-09  1.4223924533553418E-09
  3.2874641701957160E+02  1.6368745447493409E-09  1.4040217486138281E-09
  3.3202161927208238E+02  1.6154042359931885E-09  1.3854441712940257E-09
  3.3532945138529880E+02  1.5937448298469887E-09  1.3666906466991903E-09
  3.3867023844076567E+02  1.5719304953537308E-09  1.3477911820757525E-09
  3.4204430875871998E+02  1.5499942421753793E-09  1.3287748021409180E-09
  3.4545199393035284E+02  1.5279678244341189E-09  1.3096694685602467E-09
  3.4889362885039958E+02  1.5058816075409373E-09  1.2905019595171158E-09
  3.5236955175005340E+02  1.4837643595974325E-09  1.2712976794991206E-09
  3.5588010423020188E+02  1.4616429002744666E-09  1.2520803533864942E-09
  3.5942563129499990E+02  1.4395415358098511E-09  1.2328715353907322E-09
  3.6300648138577793E+02  1.4174811752099398E-09  1.2136898308938580E-09
  3.6662300641528094E+02  1.3954779428338022E-09  1.1945496894709450E-09
  3.7027556180225525E+02  1.3735410569443865E-09  1.1754596102927813E-09
  3.7396450650637951E+02  1.3516720381131042E-09  1.1564215412162891E-09
  3.7769020306354111E+02  1.3298701770670387E-09  1.1374355473703006E-09
  3.8145301762145931E+02  1.3081350855019166E-09  1.1185019644207860E-09
  3.8525331997567844E+02  1.2864667514602521E-09  1.0996214429103287E-09
  3.8909148360590507E+02  1.2648655550523878E-09  1.0807949598077993E-09
  3.9296788571270793E+02  1.2433323009966819E-09  1.0620238472061592E-09
  3.9688290725459672E+02  1.2218682837491374E-09  1.0433098498702287E-09
  4.0083693298545711E+02  1.2004754134965330E-09  1.0246552297330925E-09
  4.0483035149235764E+02  1.1791564283208340E-09  1.0060629449376801E-09
  4.0886355523374857E+02  1.1579152280324629E-09  9.8753694447588102E-10
  4.1293694057802571E+02  1.1367574085697408E-09  9.6908263684320861E-10
  4.1705090784248273E+02  1.1156911051001287E-09  9.5070760841747116E-10
  4.2120586133265493E+02  1.0947278375181144E-09  9.3242231982587824E-10
  4.2540220938205528E+02  1.0738806504193086E-09  9.1423850078731193E-10
  4.2964036439229898E+02  1.0531621272820143E-09  8.9616746211945125E-10
  4.3392074287363505E+02  1.0325842502198728E-09  8.7821997862417645E-10
  4.3824376548588231E+02  1.0121583878048717E-09  8.6040628073722007E-10
  4.4260985707976482E+02  9.9189527236351979E-10  8.4273603601078963E-10
  4.4701944673866757E+02  9.7180495586918644E-10  8.2521831275305766E-10
  4.5147296782080730E+02  9.5189673108265152E-10  8.0786151405366636E-10
  4.5597085800181691E+02  9.3217899938944648E-10  7.9067326435265299E-10
  4.6051355931776044E+02  9.1265905784922978E-10  7.7366022204136041E-10
  4.6510151820857772E+02  8.9334276096292863E-10  7.5682778020550206E-10
  4.6973518556195364E+02  8.7423398037567497E-10  7.4017960538071982E-10
  4.7441501675763226E+02  8.5533386802903214E-10  7.2371702856464680E-10
  4.7914147171217257E+02  8.3664150248556119E-10  7.0743961090802419E-10
  4.8391501492414187E+02  8.1815586166717855E-10  6.9134681466958961E-10
  4.8873611551976802E+02  7.9987615861334026E-10  6.7543828319665859E-10
  4.9360524729904580E+02  7.8180184488301679E-10  6.5971384324740545E-10
  4.9852288878229490E+02  7.6393262585632899E-10  6.4417352049925171E-10
  5.0348952325718989E+02  7.4626850673752897E-10  6.2881757779131483E-10
  5.0850563882625880E+02  7.2880989130178719E-10  6.1364659053225904E-10
  5.1357172845484649E+02  7.1155774561812111E-10  5.9866158132214097E-10
  5.1868829001956351E+02  6.9451385933226894E-10  5.8386424699754706E-10
  5.2385582635722005E+02  6.7768126965967386E-10  5.6925732665455120E-10
  5.2907484531423552E+02  6.6106493256534560E-10  5.5484517775576381E-10
  5.3434585979655139E+02  6.4467273141714234E-10  5.4063462772223563E-10
  5.3966938782004081E+02  6.2851556051314117E-10  5.2663502610842938E-10
  5.4504595256141135E+02  6.1260434724373905E-10  5.1285571493438221E-10
  5.5047608240962313E+02  5.9694892155524631E-10  4.9930507425853090E-10
  5.5596031101782091E+02  5.8155803033928717E-10  4.8599053587309834E-10
  5.6149917735577333E+02  5.6643935771089015E-10  4.7291860380558443E-10
  5.6709322576284296E+02  5.5159953399707973E-10  4.6009486149932095E-10
  5.7274300600148536E+02  5.3704411196973608E-10  4.4752395615388160E-10
  5.7844907331127615E+02  5.2277749363016227E-10  4.3520954584218523E-10
  5.8421198846346977E+02  5.0880279297215761E-10  4.2315418780195734E-10
  5.9003231781612408E+02  4.9512159683358047E-10  4.1135913610332683E-10
  5.9591063336975299E+02  4.8173356881423083E-10  3.9982400384062156E-10
  6.0184751282353318E+02  4.6863582632615432E-10  3.8854623263575490E-10
  6.0784353963209253E+02  4.5582243427137416E-10  3.7752066822268747E-10
  6.1389930306284361E+02  4.4328620466794383E-10  3.6674109209594540E-10
  6.2001539825388591E+02  4.3102021773046241E-10  3.5620151314332316E-10
  6.2619242627250969E+02  4.1901788935958630E-10  3.4589622532292252E-10
  6.3243099417425742E+02  4.0727296459119649E-10  3.3581979724746937E-10
  6.3873171506258234E+02  3.9577951487273864E-10  3.2596706632969606E-10
  6.4509520814910320E+02  3.8453194099204445E-10  3.1633314006754536E-10
  6.5152209881446390E+02  3.7352498882066804E-10  3.0691340842737370E-10
  6.5801301866978395E+02  3.6275378506881338E-10  2.9770357335093554E-10
  6.6456860561873600E+02  3.5221390319084411E-10  2.8869970440595706E-10
  6.7118950392023987E+02  3.4190147496321448E-10  2.7989833361712639E-10
  6.7787636425177095E+02  3.3181336881995870E-10  2.7129660698250528E-10
  6.8462984377330929E+02  3.2194741969924384E-10  2.6289247823723266E-10
  6.9145060619192736E+02  3.1230209978076446E-10  2.5468442954890644E-10
  6.9833932182700869E+02  3.0287581461278710E-10  2.4667087739126408E-10
  7.0529666767612878E+02  2.9366681097445990E-10  2.3885009570586296E-10
  7.1232332748159104E+02  2.8467317966929181E-10  2.3122022333204832E-10
  7.1941999179761547E+02  2.7589285889536878E-10  2.2377926991025011E-10
  7.2658735805820663E+02  2.6732364086093413E-10  2.1652511932014491E-10
  7.3382613064570046E+02  2.5896317242415475E-10  2.0945552925077155E-10
  7.4113702095997860E+02  2.5080894406384660E-10  2.0256812477657291E-10
  7.4852074748838731E+02  2.4285826725588128E-10  1.9586038274820075E-10
  7.5597803587635190E+02  2.3510823859620336E-10  1.8932960233533429E-10
  7.6350961899868139E+02  2.2755568204639239E-10  1.8297285527427015E-10
  7.7111623703159739E+02  2.2019705908531550E-10  1.7678691032272227E-10
  7.7879863752548056E+02  2.1302849522239920E-10  1.7076825730683359E-10
  7.8655757547832809E+02  2.0604609825224835E-10  1.6491337534815581E-10
  7.9439381340995578E+02  1.9924606106162460E-10  1.5921881736612689E-10
  8.0230812143694186E+02  1.9262466629446952E-10  1.5368120806879949E-10
  8.1030127734830046E+02  1.8617828449677807E-10  1.4829724150964673E-10
  8.1837406668192523E+02  1.7990336268178734E-10  1.4306367921769143E-10
  8.2652728280179383E+02  1.7379641962456478E-10  1.3797734916383073E-10
  8.3476172697592722E+02  1.6785405163701516E-10  1.3303514596352577E-10
  8.4307820845513970E+02  1.6207293773572889E-10  1.2823403291947146E-10
  8.5147754455257325E+02  1.5644984436450856E-10  1.2357104679414678E-10
  8.5996056072401791E+02  1.5098163473659173E-10  1.1904330656474797E-10
  8.6852809064902215E+02  1.4566528664354942E-10  1.1464802772743931E-10
  8.7718097631284559E+02  1.4049790369662294E-10  1.1038253056682674E-10
  8.8592006808919473E+02  1.3547665198582030E-10  1.0624418839948281E-10
  8.9474622482378470E+02  1.3059871478819563E-10  1.0223039182005524E-10
  9.0366031391876413E+02  1.2586128977720244E-10  9.8338547973081031E-11
  9.1266321141795049E+02  1.2126159000708418E-10  9.4566081369389467E-11
  9.2175580209291195E+02  1.1679684800099654E-10  9.0910434641635501E-11
  9.3093897952994303E+02  1.1246431746514939E-10  8.7369069203285287E-11
  9.4021364621786927E+02  1.0826126866890051E-10  8.3939465756555626E-11
  9.4958071363673878E+02  1.0418498556177701E-10  8.0619124565827366E-11
  9.5904110234740278E+02  1.0023276839474476E-10  7.7405565369948076E-11
  9.6859574208199069E+02  9.6401936917785225E-11  7.4296326746560349E-11
  9.7824557183526952E+02  9.2689829262075404E-11  7.1288964670027389E-11
  9.8799153995692996E+02  8.9093796965248424E-11  6.8381050594096547E-11
  9.9783460424479381E+02  8.5611209490459821E-11  6.5570176728427821E-11
  1.0077757320389292E+03  8.2239464416823684E-11  6.2853964488155412E-11
  1.0178159003167249E+03  7.8975989377111331E-11  6.0230065671836159E-11
  1.0279560957889091E+03  7.5818242393874685E-11  5.7696162629381203E-11
  1.0381973149965074E+03  7.2763711797014608E-11  5.5249968354102466E-11
  1.0485405644087862E+03  6.9809916874441350E-11  5.2889226448762740E-11
  1.0589868605221707E+03  6.6954408868836094E-11  5.0611710889868345E-11
  1.0695372299601288E+03  6.4194768714862125E-11  4.8415225475249760E-11
  1.0801927095740716E+03  6.1528602575258777E-11  4.6297602781356813E-11
  1.0909543465452573E+03  5.8953540359423472E-11  4.4256702374412260E-11
  1.1018231984876913E+03  5.6467233931836776E-11  4.2290407917497962E-11
  1.1128003335520712E+03  5.4067351816008061E-11  4.0396622940317122E-11
  1.1238868305307667E+03  5.1751582976221813E-11  3.8573273517044181E-11
  1.1350837789638272E+03  4.9517656724599778E-11  3.6818323815582212E-11
  1.1463922792460635E+03  4.7363346620353501E-11  3.5129779754026918E-11
  1.1578134427351977E+03  4.5286468855628481E-11  3.3505688311563421E-11
  1.1693483918610700E+03  4.3284881392178792E-11  3.1944136884936675E-11
  1.1809982602359530E+03  4.1356483540066615E-11  3.0443252734982412E-11
  1.1927641927659668E+03  3.9499215984740378E-11  2.9001202551366626E-11
  1.2046473457635816E+03  3.7711061603309023E-11  2.7616192179402643E-11
  1.2166488870612632E+03  3.5990045828907756E-11  2.6286466576110742E-11
  1.2287699961262497E+03  3.4334235128457409E-11  2.5010310095293815E-11
  1.2410118641764518E+03  3.2741736895210178E-11  2.3786047242148299E-11
  1.2533756942975278E+03  3.1210702797420754E-11  2.2612044066986854E-11
  1.2658627015611241E+03  2.9739329808496230E-11  2.1486708375102627E-11
  1.2784741131442850E+03  2.8325850708838922E-11  2.0408482410315152E-11
  1.2912111684500367E+03  2.6968528803050576E-11  1.9375838720182645E-11
  1.3040751192292232E+03  2.5665657646491064E-11  1.8387280136853249E-11
  1.3170672297035082E+03  2.4415560944196132E-11  1.7441339875868671E-11
  1.3301887766896016E+03  2.3216592661435143E-11  1.6536581606995792E-11
  1.3434410497247720E+03  2.2067137227955292E-11  1.5671599494390602E-11
  1.3568253511935632E+03  2.0965609725269804E-11  1.4845018202083111E-11
  1.3703429964557697E+03  1.9910456559725229E-11  1.4055492858632191E-11
  1.3839953139757388E+03  1.8900156574770168E-11  1.3301708971569191E-11
  1.3977836454529083E+03  1.7933220297058757E-11  1.2582382277597190E-11
  1.4117093459536609E+03  1.7008187183771109E-11  1.1896258508815749E-11
  1.4257737840445000E+03  1.6123625145307965E-11  1.1242113120832902E-11
  1.4399783419265568E+03  1.5278133311890727E-11  1.0618751650886621E-11
  1.4543244155714106E+03  1.4470343924978529E-11  1.0025010189358885E-11
  1.4688134148582876E+03  1.3698922244869062E-11  9.4597552196356373E-12
  1.4834467637126279E+03  1.2962565795116525E-11  8.9218833760738863E-12
  1.4982259002460069E+03  1.2260003338688814E-11  8.4103211866232741E-12
  1.5131522768974748E+03  1.1589994389941555E-11  7.9240248012870918E-12
  1.5282273605763071E+03  1.0951329117503201E-11  7.4619797081246422E-12
  1.5434526328061490E+03  1.0342828181993121E-11  7.0232004392193337E-12
  1.5588295898706222E+03  9.7633427896597022E-12  6.6067302700724906E-12
  1.5743597429603842E+03  9.2117553019990225E-12  6.2116409172412641E-12
  1.5900446183216238E+03  8.6869796574410010E-12  5.8370322405230106E-12
  1.6058857574060642E+03  8.1879602848497702E-12  5.4820319504445564E-12
  1.6218847170224612E+03  7.7136703812791620E-12  5.1457951336500366E-12
  1.6380430694895801E+03  7.2631115377306721E-12  4.8275035436392810E-12
  1.6543624027907288E+03  6.8353142243287101E-12  4.5263651504954738E-12
  1.6708443207298274E+03  6.4293376724606254E-12  4.2416137544894920E-12
  1.6874904430890056E+03  6.0442693930504172E-12  3.9725085864427763E-12
  1.7043024057877967E+03  5.6792245412103092E-12  3.7183338959357060E-12
  1.7212818610439231E+03  5.3333453932246273E-12  3.4783985289960451E-12
  1.7384304775356472E+03  5.0058010098996298E-12  3.2520354973149957E-12
  1.7557499405657732E+03  4.6957868839084484E-12  3.0386015416575334E-12
  1.7732419522272855E+03  4.4025245794513779E-12  2.8374766930144329E-12
  1.7909082315705994E+03  4.1252615683644858E-12  2.6480638361600067E-12
  1.8087505147725167E+03  3.8632711690823174E-12  2.4697882809268855E-12
  1.8267705553068604E+03  3.6158520664742488E-12  2.3020972847604518E-12
  1.8449701241167775E+03  3.3823272578451774E-12  2.1444593771487987E-12
  1.8633510097887918E+03  3.1620433460090164E-12  1.9963637891255884E-12
  1.8819150187285916E+03  2.9543701345904707E-12  1.8573199758843389E-12
  1.9006639753385332E+03  2.7587002180947852E-12  1.7268571358398810E-12
  1.9195997221969481E+03  2.5744486563203051E-12  1.6045237244257146E-12
  1.9387241202392327E+03  2.4010525994304482E-12  1.4898869634792608E-12
  1.9580390489407300E+03  2.2379707152104637E-12  1.3825323469557232E-12
  1.9775464065014105E+03  2.0846825972633859E-12  1.2820631435518794E-12
  1.9972481100324669E+03  1.9406882906477757E-12  1.1880998965911779E-12
  2.0171460957446977E+03  1.8055078526796298E-12  1.1002799212076901E-12
  2.0372423191387666E+03  1.6786808485211569E-12  1.0182567985029571E-12
  2.0575387551974291E+03  1.5597658620487299E-12  9.4169987133722349E-13
  2.0780373985796045E+03  1.4483401252196037E-12  8.7029378240834768E-13
  2.0987402638163776E+03  1.3439989657294118E-12  8.0373801545306652E-13
  2.1196493855090275E+03  1.2463550986455115E-12  7.4174640535925400E-13
  2.1407668185289558E+03  1.1550382162591987E-12  6.8404665028135761E-13
  2.1620946382196230E+03  1.0696946388554807E-12  6.3037982942008735E-13
  2.1836349406005165E+03  9.8998675751464612E-13  5.8049992707350305E-13
  2.2053898425731522E+03  9.1559246944578244E-13  5.3417336356556893E-13
  2.2273614821290898E+03  8.4620469120252711E-13  4.9117853367663661E-13
  2.2495520185600590E+03  7.8153088800062715E-13  4.5130535324242836E-13
  2.2719636326701811E+03  7.2129258702671731E-13  4.1435481466133206E-13
  2.2945985269902644E+03  6.6522487778404180E-13  3.8013855214263543E-13
  2.3174589259942704E+03  6.1307592331017666E-13  3.4847841692320660E-13
  2.3405470763179460E+03  5.6460648219288446E-13  3.1920604773494846E-13
  2.3638652469795825E+03  5.1958942822849894E-13  2.9216243757719768E-13
  2.3874157296030235E+03  4.7780928750875563E-13  2.6719753113243342E-13
  2.4112008386428884E+03  4.3906178940557187E-13  2.4416983632083800E-13
  2.4352229116120029E+03  4.0315345400921829E-13  2.2294604530700510E-13
  2.4594843093111326E+03  3.6990118218781581E-13  2.0340066516223448E-13
  2.4839874160610111E+03  3.3913182115574907E-13  1.8541565835641823E-13
  2.5087346399366311E+03  3.1068173076074391E-13  1.6888009321378748E-13
  2.5337284130039175E+03  2.8439637389171763E-13  1.5368980442420323E-13
  2.5589711915587536E+03  2.6012992763270140E-13  1.3974706365519974E-13
  2.5844654563683512E+03  2.3774490564561578E-13  1.2696026025971838E-13
  2.6102137129150628E+03  2.1711178645967348E-13  1.1524359204270492E-13
  2.6362184916426281E+03  1.9810865067624174E-13  1.0451676772541493E-13
  2.6624823482048255E+03  1.8062084199975878E-13  9.4704723969801936E-14
  2.6890078637166484E+03  1.6454064881795754E-13  8.5737349180884468E-14
  2.7157976450079823E+03  1.4976697801302858E-13  7.7549215464718115E-14
  2.7428543248797573E+03  1.3620498715626394E-13  7.0079320864635298E-14
  2.7701805623627356E+03  1.2376574077042607E-13  6.3270841796904697E-14
  2.7977790429787901E+03  1.1236594194194880E-13  5.7070895547240206E-14
  2.8256524790048443E+03  1.0192766467107247E-13  5.1430312674412809E-14
  2.8538036097394443E+03  9.2378067634527458E-14  4.6303419153630641E-14
  2.8822352017719304E+03  8.3649121662789538E-14  4.1647828080236164E-14
  2.9109500492543448E+03  7.5677347969154059E-14  3.7424240743584814E-14
  2.9399509741760494E+03  6.8403563008399728E-14  3.3596256871106252E-14
  2.9692408266410253E+03  6.1772632669148011E-14  3.0130193734386106E-14
  2.9988224851479854E+03  5.5733237531603397E-14  2.6994913336326296E-14
  3.0286988568732831E+03  5.0237653284149587E-14  2.4161658293908990E-14
  3.0588728779565840E+03  4.5241546112525074E-14  2.1603896487165113E-14
  3.0893475137894329E+03  4.0703774044540799E-14  1.9297173693826818E-14
  3.1201257593067044E+03  3.6586186671935542E-14  1.7218973927663096E-14
  3.1512106392808937E+03  3.2853434512132255E-14  1.5348587232042802E-14
  3.1826052086193999E+03  2.9472801111239233E-14  1.3666984676814215E-14
  3.2143125526647714E+03  2.6414045570818614E-14  1.2156700303942919E-14
  3.2463357874978819E+03  2.3649240980263921E-14  1.0801719765356500E-14
  3.2786780602441854E+03  2.1152616757431459E-14  9.5873753950339431E-15
  3.3113425493830282E+03  1.8900414899364271E-14  8.5002474567131950E-15
  3.3443324650599684E+03  1.6870756889156369E-14  7.5280713238734150E-15
  3.3776510494023100E+03  1.5043517046570895E-14  6.6596505961209263E-15
  3.4113015768376836E+03  1.3400201755982104E-14  5.8847757689375977E-15
  3.4452873544158606E+03  1.1923834830738377E-14  5.1941477203821722E-15
  3.4796117221337850E+03  1.0598849799087151E-14  4.5793061043315695E-15
  3.5142780532637653E+03  9.4109879960514008E-15  4.0325624792404797E-15
  3.5492897546850195E+03  8.3472014530778207E-15  3.5469379362492977E-15
  3.5846502672185011E+03  7.3955621810645230E-15  3.1161049962221859E-15
  3.6203630659650144E+03  6.5451784706641805E-15  2.7343335514416166E-15
  3.6564316606467532E+03  5.7861161493801322E-15  2.3964406341400026E-15
  3.6928595959522472E+03  5.1093242016590613E-15  2.0977438007864010E-15
  3.7296504518846750E+03  4.5065653812147640E-15  1.8340179280115934E-15
  3.7668078441137150E+03  3.9703516810671545E-15  1.6014552227998380E-15
  3.8043354243309072E+03  3.4938841410598168E-15  1.3966282334286886E-15
  3.8422368806084773E+03  3.0709965786548188E-15  1.2164556554326467E-15
  3.8805159377618120E+03  2.6961031430917139E-15  1.0581708537611916E-15
  3.9191763577155439E+03  2.3641495785012034E-15  9.1929289865358410E-16
  3.9582219398732122E+03  2.0705683447303949E-15  7.9759992875981471E-16
  3.9976565214906777E+03  1.8112373805204229E-15  6.9110468777242687E-16
  4.0374839780532570E+03  1.5824409969802276E-15  5.9803208823450040E-16
  4.0777082236565366E+03  1.3808324490360451E-15  5.1679866318029410E-16
  4.1183332113910992E+03  1.2034008859413294E-15  4.4599377317090242E-16
  4.1593629337309621E+03  1.0474424182713226E-15  3.8436244308738075E-16
  4.2008014229259688E+03  9.1053211330747175E-16  3.3078970971169717E-16
  4.2426527513980855E+03  7.9049731648109149E-16  2.8428636764289633E-16
  4.2849210321415767E+03  6.8539368671449610E-16  2.4397600739507327E-16
  4.3276104191272370E+03  5.9348366908086381E-16  2.0908324550747927E-16
  4.3707251077106584E+03  5.1321676961836090E-16  1.7892305296175339E-16
  4.4142693350444797E+03  4.4321127614646228E-16  1.5289109397599317E-16
  4.4582473804948222E+03  3.8223736816110015E-16  1.3045499255054796E-16
  4.5026635660618804E+03  3.2920179561208770E-16  1.1114644960285741E-16
  4.5475222568046174E+03  2.8313417745638784E-16  9.4554138695761582E-17
  4.5928278612697741E+03  2.4317447401689023E-16  8.0317313302023155E-17
  4.6385848319251509E+03  2.0856126781806287E-16  6.8120063261808978E-17
  4.6847976655971279E+03  1.7862129902448368E-16  5.7686162578772169E-17
  4.7314709039126164E+03  1.5276032792358126E-16  4.8774454964947496E-17
  4.7786091337454336E+03  1.3045468821025146E-16  4.1174727587137746E-17
  4.8262169876670168E+03  1.1124348771439353E-16  3.4704027300993891E-17
  4.8742991444017271E+03  9.4721640228068429E-17  2.9203377381479788E-17
  4.9228603292866874E+03  8.0533641123842440E-17  2.4534855882083892E-17
  4.9719053147361028E+03  6.8367978345923192E-17  2.0578999886636529E-17
  5.0214389207103513E+03  5.7952102751444718E-17  1.7232503291926084E-17
  5.0714660151896105E+03  4.9047900418024443E-17  1.4406178378129213E-17
  5.1219915146522808E+03  4.1447654407396000E-17  1.2023153997351563E-17
  5.1730203845582046E+03  3.4970469819861701E-17  1.0017285634144926E-17
  5.2245576398365802E+03  2.9459063491479679E-17  8.3317548422006027E-18