 #p(MeV) \t \delta f_\\nu \t \delta f_\\nubar
  2.8282419180287501E+00  1.4807145648928532E-10  1.4488113861913248E-10
  2.8564188465700613E+00  1.4531140772588778E-10  1.4218542634718403E-10
  2.8848764934250912E+00  1.4260428376256486E-10  1.3954116690018021E-10
  2.9136176553064641E+00  1.3994905482791138E-10  1.3694736669402585E-10
  2.9426451567896077E+00  1.3734471039246368E-10  1.3440305047027755E-10
  2.9719618505903584E+00  1.3479025899175658E-10  1.3190726113463334E-10
  3.0015706178453021E+00  1.3228472866130874E-10  1.2945906020486577E-10
  3.0314743683949263E+00  1.2982716653196392E-10  1.2705752743048562E-10
  3.0616760410695947E+00  1.2741663845399877E-10  1.2470176043991815E-10
  3.0921786039783532E+00  1.2505222862870676E-10  1.2239087439452132E-10
  3.1229850548006355E+00  1.2273303924729730E-10  1.2012400164930519E-10
  3.1540984210808554E+00  1.2045819013696342E-10  1.1790029142021930E-10
  3.1855217605259467E+00  1.1822681841396476E-10  1.1571890945787683E-10
  3.2172581613058675E+00  1.1603807814358565E-10  1.1357903772758529E-10
  3.2493107423570828E+00  1.1389114000682343E-10  1.1147987409556082E-10
  3.2816826536890966E+00  1.1178519054587715E-10  1.0942063160279649E-10
  3.3143770766940097E+00  1.0971942756657855E-10  1.0740053398830925E-10
  3.3473972244591819E+00  1.0769306004570490E-10  1.0541881561361215E-10
  3.3807463420830057E+00  1.0570531259674308E-10  1.0347472582791221E-10
  3.4144277069938131E+00  1.0375542557693689E-10  1.0156752908235611E-10
  3.4484446292719801E+00  1.0184265475736623E-10  9.9696504617619445E-11
  3.4828004519752196E+00  9.9966271000260488E-11  9.7860946158231679E-11
  3.5174985514671278E+00  9.8125559943373293E-11  9.6060161613476096E-11
  3.5525423377490086E+00  9.6319821691252145E-11  9.4293472784716319E-11
  3.5879352547949805E+00  9.4548370513244143E-11  9.2560215079000171E-11
  3.6236807808904543E+00  9.2810534548075810E-11  9.0859737228795773E-11
  3.6597824289739531E+00  9.1105655514857235E-11  8.9191401017721781E-11
  3.6962437469823559E+00  8.9433088569967529E-11  8.7554581148481142E-11
  3.7330683181995807E+00  8.7792207318704395E-11  8.5948670147905961E-11
  3.7702597616087257E+00  8.6182408407583192E-11  8.4373082862362760E-11
  3.8078217322477421E+00  8.4603101634662077E-11  8.2827246799130905E-11
  3.8457579215686253E+00  8.3053707798744238E-11  8.1310600030991316E-11
  3.8840720578002044E+00  8.1533658502984691E-11  7.9822591010856776E-11
  3.9227679063145424E+00  8.0042395961836151E-11  7.8362678389458161E-11
  3.9618492699969701E+00  7.8579372811279372E-11  7.6930330836034207E-11
  4.0013199896198364E+00  7.7144051922277364E-11  7.5525026861974499E-11
  4.0411839442199504E+00  7.5735906217401964E-11  7.4146254647370605E-11
  4.0814450514798066E+00  7.4354418490575901E-11  7.2793511870425711E-11
  4.1221072681126012E+00  7.2999081229879295E-11  7.1466305539677207E-11
  4.1631745902510771E+00  7.1669396438246980E-11  7.0164151824011068E-11
  4.2046510538402542E+00  7.0364872825420021E-11  6.8886573314925133E-11
  4.2465407350340687E+00  6.9085019666526451E-11  6.7633093029441101E-11
  4.2888477505959521E+00  6.7829353669206029E-11  6.6403241126992104E-11
  4.3315762583034312E+00  6.6597401289099056E-11  6.5196557177857145E-11
  4.3747304573567138E+00  6.5388698543941231E-11  6.4012589985763152E-11
  4.4183145887913948E+00  6.4202790814715870E-11  6.2850897397683199E-11
  4.4623329358952306E+00  6.3039232651163111E-11  6.1711046117754778E-11
  4.5067898246290943E+00  6.1897587581540254E-11  6.0592611525216646E-11
  4.5516896240521199E+00  6.0777427926529958E-11  5.9495177496269803E-11
  4.5970367467510638E+00  5.9678334617198438E-11  5.8418336229770818E-11
  4.6428356492739642E+00  5.8599897016906275E-11  5.7361688076663857E-11
  4.6890908325681240E+00  5.7541712747078150E-11  5.6324841373067738E-11
  4.7358068424224271E+00  5.6503388710124962E-11  5.5307413442758504E-11
  4.7829882699141022E+00  5.5484551075480937E-11  5.4309040366702632E-11
  4.8306397518598994E+00  5.4484839474009747E-11  5.3329371308845902E-11
  4.8787659712717959E+00  5.3503899930170626E-11  5.2368061602051384E-11
  4.9273716578172104E+00  5.2541384673678953E-11  5.1424772566982049E-11
  4.9764615882838230E+00  5.1596952043334997E-11  5.0499171421174408E-11
  5.0260405870490299E+00  5.0670266392078754E-11  4.9590931189204571E-11
  5.0761135265540487E+00  4.9760997993255530E-11  4.8699730613936872E-11
  5.1266853277827709E+00  4.8868822948075741E-11  4.7825254068840870E-11
  5.1777609607453883E+00  4.7993423094256370E-11  4.6967191471367761E-11
  5.2293454449668060E+00  4.7134485915829488E-11  4.6125238197374966E-11
  5.2814438499799676E+00  4.6291704454104363E-11  4.5299094996587979E-11
  5.3340612958240445E+00  4.5464777010469310E-11  4.4488467704824302E-11
  5.3872029535476393E+00  4.4653399367412141E-11  4.3693059641403125E-11
  5.4408740457169591E+00  4.3857264579800258E-11  4.2912571408211275E-11
  5.4950798469290731E+00  4.3076071912633619E-11  4.2146709635591893E-11
  5.5498256843302949E+00  4.2309526812496488E-11  4.1395186956265527E-11
  5.6051169381396937E+00  4.1557340775203238E-11  4.0657721877533599E-11
  5.6609590421778533E+00  4.0819231216637268E-11  3.9934038656551130E-11
  5.7173574844008979E+00  4.0094921346686592E-11  3.9223867178576453E-11
  5.7743178074398021E+00  3.9384140046181774E-11  3.8526942838106777E-11
  5.8318456091451303E+00  3.8686621746745846E-11  3.7843006422812018E-11
  5.8899465431371434E+00  3.8002106313469611E-11  3.7171804000184526E-11
  5.9486263193614457E+00  3.7330338930328203E-11  3.6513086806823545E-11
  6.0078907046501122E+00  3.6671069990147250E-11  3.5866611142104682E-11
  6.0677455232884387E+00  3.6024056339041640E-11  3.5232139582834689E-11
  6.1281966575873490E+00  3.5389058075900309E-11  3.4609437842698219E-11
  6.1892500484614557E+00  3.4765837110100377E-11  3.3998273371026523E-11
  6.2509116960129303E+00  3.4154160404078541E-11  3.3398418530154550E-11
  6.3131876601211792E+00  3.3553799887038108E-11  3.2809650512412481E-11
  6.3760840610383607E+00  3.2964532340563972E-11  3.2231751229565817E-11
  6.4396070799908891E+00  3.2386139287246150E-11  3.1664507205143197E-11
  6.5037629597868731E+00  3.1818406882217007E-11  3.1107709469561585E-11
  6.5685580054296686E+00  3.1261125807508959E-11  3.0561153457959682E-11
  6.6339985847374852E+00  3.0714091169145613E-11  3.0024638910655763E-11
  6.7000911289691976E+00  3.0177102396879662E-11  2.9497969776147923E-11
  6.7668421334564028E+00  2.9649963146499923E-11  2.8980954116581893E-11
  6.8342581582417337E+00  2.9132481451249537E-11  2.8473404256377661E-11
  6.9023458287235631E+00  2.8624477078097136E-11  2.7975143980985378E-11
  6.9711118363071432E+00  2.8125781751088221E-11  2.7486008757076021E-11
  7.0405629390621760E+00  2.7636230319617331E-11  2.7005837090357917E-11
  7.1107059623870086E+00  2.7155660267734268E-11  2.6534470046229757E-11
  7.1815477996793762E+00  2.6683911682555473E-11  2.6071751219673195E-11
  7.2530954130138880E+00  2.6220827222811683E-11  2.5617526705253080E-11
  7.3253558338262090E+00  2.5766252087535403E-11  2.5171645067228689E-11
  7.3983361636040987E+00  2.5320033984889879E-11  2.4733957309778233E-11
  7.4720435745853235E+00  2.4882023101142602E-11  2.4304316847340678E-11
  7.5464853104624998E+00  2.4452072069786657E-11  2.3882579475078029E-11
  7.6216686870949886E+00  2.4030035940812715E-11  2.3468603339461571E-11
  7.6976010932278793E+00  2.3615772082602105E-11  2.3062248843705643E-11
  7.7742899912181063E+00  2.3209136582674950E-11  2.2663375138471601E-11
  7.8517429177678499E+00  2.2809980895527879E-11  2.2271836841850348E-11
  7.9299674846651831E+00  2.2418158552247272E-11  2.1887490595132905E-11
  8.0089713795321646E+00  2.2033526122875195E-11  2.1510196004426523E-11
  8.0887623665803208E+00  2.1655943149665078E-11  2.1139815575835645E-11
  8.1693482873736976E+00  2.1285272081943936E-11  2.0776214652194235E-11
  8.2507370615995068E+00  2.0921378212537310E-11  2.0419261351307050E-11
  8.3329366878464270E+00  2.0564129615714849E-11  2.0068826505659265E-11
  8.4159552443906858E+00  2.0213397086614350E-11  1.9724783603554411E-11
  8.4998008899899666E+00  1.9869054082105261E-11  1.9387008731642524E-11
  8.5844818646852108E+00  1.9530976663052615E-11  1.9055380518801162E-11
  8.6700064906104206E+00  1.9199043445004977E-11  1.8729780088159545E-11
  8.7563831728105388E+00  1.8873136098941531E-11  1.8410091539129051E-11
  8.8436204000674596E+00  1.8553140401579401E-11  1.8096202969214803E-11
  8.9317267457342631E+00  1.8238944908778162E-11  1.7788005189216253E-11
  9.0207108685777833E+00  1.7930440336774591E-11  1.7485391119633346E-11
  9.1105815136295707E+00  1.7627519517933167E-11  1.7188255747669778E-11
  9.2013475130452971E+00  1.7330077359014609E-11  1.6896496086685495E-11
  9.2930177869727633E+00  1.7038010800346962E-11  1.6610011136518830E-11
  9.3856013444285455E+00  1.6751218775874999E-11  1.6328701844655834E-11
  9.4791072841833461E+00  1.6469602174064933E-11  1.6052471068224048E-11
  9.5735447956562005E+00  1.6193063799641694E-11  1.5781223536789389E-11
  9.6689231598175827E+00  1.5921508336137485E-11  1.5514865815935083E-11
  9.7652517501015055E+00  1.5654842309246941E-11  1.5253306271617977E-11
  9.8625400333266935E+00  1.5392974108664852E-11  1.4996455093694059E-11
  9.9607975706269478E+00  1.5135815130215615E-11  1.4744225415562620E-11
  1.0060034018390809E+01  1.4883279205721871E-11  1.4496532750840188E-11
  1.0160259129210512E+01  1.4635281732330252E-11  1.4253294142819944E-11
  1.0261482752840450E+01  1.4391739638978619E-11  1.4014428131912598E-11
  1.0363714837165192E+01  1.4152571359618718E-11  1.3779854729647215E-11
  1.0466965429177090E+01  1.3917696806977154E-11  1.3549495393188370E-11
  1.0571244675963674E+01  1.3687037346836852E-11  1.3323273000353056E-11
  1.0676562825704888E+01  1.3460515772823585E-11  1.3101111825111781E-11
  1.0782930228680229E+01  1.3238056281682043E-11  1.2882937513559637E-11
  1.0890357338285913E+01  1.3019584449026539E-11  1.2668677060342506E-11
  1.0998854712062229E+01  1.2805027205552729E-11  1.2458258785525731E-11
  1.1108433012731096E+01  1.2594312775684125E-11  1.2251612274670532E-11
  1.1219103009243922E+01  1.2387369354603332E-11  1.2048667091300391E-11
  1.1330875577839958E+01  1.2184124901317183E-11  1.1849352577953431E-11
  1.1443761703115202E+01  1.1984508730640610E-11  1.1653599404916384E-11
  1.1557772479101869E+01  1.1788451585932870E-11  1.1461339640848367E-11
  1.1672919110358700E+01  1.1595885608544401E-11  1.1272506722963469E-11
  1.1789212913072124E+01  1.1406744308014169E-11  1.1087035427942656E-11
  1.1906665316168343E+01  1.1220962532995013E-11  1.0904861843553130E-11
  1.2025287862436528E+01  1.1038476442885163E-11  1.0725923340953704E-11
  1.2145092209663202E+01  1.0859223480144762E-11  1.0550158547665903E-11
  1.2266090131777954E+01  1.0683142343277161E-11  1.0377507321191013E-11
  1.2388293520010489E+01  1.0510172960455562E-11  1.0207910723254181E-11
  1.2511714384059276E+01  1.0340256465571886E-11  1.0041310996497794E-11
  1.2636364853271845E+01  1.0173335893294204E-11  9.8776522374220896E-12
  1.2762257177836760E+01  1.0009356717966762E-11  9.7168809119021247E-12
  1.2889403729987562E+01  9.8482655144111009E-12  9.5589445611949189E-12
  1.3017817005218658E+01  9.6900098416945591E-12  9.4037916907731905E-12
  1.3147509623513340E+01  9.5345382250226441E-12  9.2513717526676661E-12
  1.3278494330583992E+01  9.3818001379951354E-12  9.1016351281606062E-12
  1.3410783999124735E+01  9.2317459852364172E-12  8.9545331108409305E-12
  1.3544391630076499E+01  9.0843270853890430E-12  8.8100178900102501E-12
  1.3679330353904692E+01  8.9394956544595956E-12  8.6680425344294657E-12
  1.3815613431889616E+01  8.7972047895064563E-12  8.5285609763957129E-12
  1.3953254257429768E+01  8.6574084526597967E-12  8.3915279961402924E-12
  1.4092266357358044E+01  8.5200614555040598E-12  8.2568992065757119E-12
  1.4232663393271130E+01  8.3851189780721960E-12  8.1246305887791232E-12
  1.4374459162872139E+01  8.2525346076518633E-12  7.9946766050265549E-12
  1.4517667601326572E+01  8.1222621948721513E-12  7.8669919903339742E-12
  1.4662302782631778E+01  7.9942565880693619E-12  7.7415324576231639E-12
  1.4808378921000173E+01  7.8684736047597947E-12  7.6182546698187895E-12
  1.4955910372256120E+01  7.7448700089261164E-12  7.4971162176151998E-12
  1.5104911635246747E+01  7.6234034889313012E-12  7.3780755978557672E-12
  1.5255397353266863E+01  7.5040326360386451E-12  7.2610921925043669E-12
  1.5407382315498069E+01  7.3867169235181161E-12  7.1461262481892352E-12
  1.5560881458462132E+01  7.2714166863193453E-12  7.0331388563003486E-12
  1.5715909867488927E+01  7.1580931012928037E-12  6.9220919336219406E-12
  1.5872482778198965E+01  7.0467081679410512E-12  6.8129482034826575E-12
  1.6030615578000702E+01  6.9372248788417440E-12  6.7056713594551890E-12
  1.6190323807602706E+01  6.8296109937540317E-12  6.6002297017001989E-12
  1.6351623162540999E+01  6.7238386469709710E-12  6.4965957558552904E-12
  1.6514529494721561E+01  6.6198804135271496E-12  6.3947424776885826E-12
  1.6679058813978124E+01  6.5177091392495896E-12  6.2946430891746075E-12
  1.6845227289645624E+01  6.4172979436396020E-12  6.1962710813671141E-12
  1.7013051252149268E+01  6.3186202225777564E-12  6.0996002170933623E-12
  1.7182547194609381E+01  6.2216496508519456E-12  6.0046045334698818E-12
  1.7353731774462311E+01  6.1263601845089014E-12  5.9112583442402960E-12
  1.7526621815097482E+01  6.0327260630299227E-12  5.8195362419360637E-12
  1.7701234307510724E+01  5.9407218113321046E-12  5.7294130998614211E-12
  1.7877586411974033E+01  5.8503222415965394E-12  5.6408640739042012E-12
  1.8055695459722106E+01  5.7615024422569952E-12  5.5538645921894870E-12
  1.8235578954655551E+01  5.6742351984983912E-12  5.4683878762160313E-12
  1.8417254575061069E+01  5.5884875798680100E-12  5.3844016579694640E-12
  1.8600740175348864E+01  5.5042265545546946E-12  5.3018735866717264E-12
  1.8786053787807308E+01  5.4214199239406616E-12  5.2207721286582133E-12
  1.8973213624375042E+01  5.3400362990731290E-12  5.1410665443114018E-12
  1.9162238078430811E+01  5.2600450779822906E-12  5.0627268658223475E-12
  1.9353145726601102E+01  5.1814164237917924E-12  4.9857238757274994E-12
  1.9545955330585805E+01  5.1041212435886133E-12  4.9100290861884721E-12
  1.9740685839001937E+01  5.0281311680210471E-12  4.8356147189839313E-12
  1.9937356389245988E+01  4.9534185315944871E-12  4.7624536861839935E-12
  2.0135986309374598E+01  4.8799563536364920E-12  4.6905195714792130E-12
  2.0336595120004041E+01  4.8077183200439323E-12  4.6197866122590191E-12
  2.0539202536228640E+01  4.7366793094137826E-12  4.5502302015338919E-12
  2.0743828469558345E+01  4.6668176696511343E-12  4.4818290635120571E-12
  2.0950493029875503E+01  4.5981130167859198E-12  4.4145631433377508E-12
  2.1159216527411193E+01  4.5305453268671979E-12  4.3484127398578573E-12
  2.1370019474741287E+01  4.4640949382771699E-12  4.2833585078237711E-12
  2.1582922588802312E+01  4.3987425448241978E-12  4.2193814511236321E-12
  2.1797946792927387E+01  4.3344691890303695E-12  4.1564629162035323E-12
  2.2015113218902602E+01  4.2712562556051228E-12  4.0945845856692719E-12
  2.2234443209043704E+01  4.2090854650966451E-12  4.0337284720607041E-12
  2.2455958318293529E+01  4.1479388677132318E-12  3.9738769117910798E-12
  2.2679680316340356E+01  4.0877988373073470E-12  3.9150125592440892E-12
  2.2905631189757408E+01  4.0286480655151484E-12  3.8571183810218990E-12
  2.3133833144163511E+01  3.9704695822436763E-12  3.8001776764454351E-12
  2.3364308606405441E+01  3.9132490558319197E-12  3.7441763046499895E-12
  2.3597080226761967E+01  3.8569759542762872E-12  3.6891038005177515E-12
  2.3832170881169819E+01  3.8016399780273582E-12  3.6349499234893189E-12
  2.4069603673471775E+01  3.7472307468338757E-12  3.5817043550966051E-12
  2.4309401937687365E+01  3.6937378103595372E-12  3.5293567093797632E-12
  2.4551589240305965E+01  3.6411506585138688E-12  3.4778965430190968E-12
  2.4796189382602808E+01  3.5894587314939082E-12  3.4273133651788561E-12
  2.5043226402978121E+01  3.5386514295345174E-12  3.3775966470607899E-12
  2.5292724579319565E+01  3.4887181223657127E-12  3.3287358311660553E-12
  2.5544708431388091E+01  3.4396481583764186E-12  3.2807203402648370E-12
  2.5799202723227697E+01  3.3914308734844645E-12  3.2335395860736617E-12
  2.6056232465599191E+01  3.3440555954859276E-12  3.1871829736089656E-12
  2.6315822918438073E+01  3.2975090850858516E-12  3.1416374434834098E-12
  2.6577999593337019E+01  3.2517701428559994E-12  3.0968822896840914E-12
  2.6842788256053108E+01  3.2068165534945048E-12  3.0528958414039561E-12
  2.7110214929039952E+01  3.1626268148880454E-12  3.0096571267555861E-12
  2.7380305894005062E+01  3.1191801136438148E-12  2.9671458487904422E-12
  2.7653087694492733E+01  3.0764563016837963E-12  2.9253423625562486E-12
  2.7928587138492706E+01  3.0344358738500576E-12  2.8842276531422281E-12
  2.8206831301074661E+01  2.9930999464722688E-12  2.8437833146644519E-12
  2.8487847527049105E+01  2.9524302368511446E-12  2.8039915301458079E-12
  2.8771663433654744E+01  2.9124090436136563E-12  2.7648350522474575E-12
  2.9058306913272585E+01  2.8730192278981482E-12  2.7262971848106300E-12
  2.9347806136166998E+01  2.8342441953817257E-12  2.6883617652171452E-12
  2.9640189553254373E+01  2.7960686127124814E-12  2.6510138481305575E-12
  2.9935485898899060E+01  2.7584833680592104E-12  2.6142444521779202E-12
  3.0233724193737213E+01  2.7214822988577431E-12  2.5780474236679565E-12
  3.0534933747528978E+01  2.6850592329317564E-12  2.5424165998622034E-12
  3.0839144162038892E+01  2.6492079682047390E-12  2.5073457896027268E-12
  3.1146385333944927E+01  2.6139222775042763E-12  2.4728287780209486E-12
  3.1456687457776805E+01  2.5791959132271267E-12  2.4388593311075906E-12
  3.1770081028883329E+01  2.5450226118655382E-12  2.4054312001441403E-12
  3.2086596846429202E+01  2.5113960983952391E-12  2.3725381259964231E-12
  3.2406266016422229E+01  2.4783100905259145E-12  2.3401738432709450E-12
  3.2729119954769885E+01  2.4457583028151223E-12  2.3083320843351639E-12
  3.3055190390366917E+01  2.4137344506466688E-12  2.2770065832025898E-12
  3.3384509368213770E+01  2.3822321659624602E-12  2.2461909962496131E-12
  3.3717109252565422E+01  2.3512432398956001E-12  2.2158772340816471E-12
  3.4053022730112367E+01  2.3207577004737533E-12  2.1860555343924669E-12
  3.4392282813192828E+01  2.2907657002363974E-12  2.1567162596760312E-12
  3.4734922843036983E+01  2.2612576083336215E-12  2.1278499849766836E-12
  3.5080976493043813E+01  2.2322240052768285E-12  2.0994474927413331E-12
  3.5430477772090313E+01  2.2036556778321035E-12  2.0714997678114524E-12
  3.5783461027873635E+01  2.1755436140519810E-12  2.0439979925505708E-12
  3.6139960950286877E+01  2.1478789984413790E-12  2.0169335421032278E-12
  3.6500012574828183E+01  2.1206532072537718E-12  1.9902979797814575E-12
  3.6863651286043762E+01  2.0938578039136391E-12  1.9640830525749680E-12
  3.7230912821005596E+01  2.0674845345614677E-12  1.9382806867813247E-12
  3.7601833272823413E+01  2.0415253286752344E-12  1.9128829881803814E-12
  3.7976449094191715E+01  2.0159725557129380E-12  1.8878824793618220E-12
  3.8354797100972391E+01  1.9908191648791440E-12  1.8632722303390418E-12
  3.8736914475812767E+01  1.9660582750738788E-12  1.8390454759048905E-12
  3.9122838771799593E+01  1.9416831346478567E-12  1.8151955779789161E-12
  3.9512607916150102E+01  1.9176871188017418E-12  1.7917160230509416E-12
  3.9906260213938779E+01  1.8940637270446029E-12  1.7686004196825442E-12
  4.0303834351862129E+01  1.8708065807099141E-12  1.7458424960648153E-12
  4.0705369402040880E+01  1.8479094205276429E-12  1.7234360976309934E-12
  4.1110904825859343E+01  1.8253661042509665E-12  1.7013751847225279E-12
  4.1520480477843954E+01  1.8031706043361686E-12  1.6796538303071304E-12
  4.1934136609579880E+01  1.7813170056743449E-12  1.6582662177475199E-12
  4.2351913873666689E+01  1.7597995031762834E-12  1.6372066384536976E-12
  4.2773853327713738E+01  1.7386123830198886E-12  1.6164694768110374E-12
  4.3199996438375074E+01  1.7177501574471124E-12  1.5960493419736988E-12
  4.3630385085424528E+01  1.6972075388087548E-12  1.5759410373631772E-12
  4.4065061565871680E+01  1.6769793290748169E-12  1.5561394544559005E-12
  4.4504068598118600E+01  1.6570604172935339E-12  1.5366395703200140E-12
  4.4947449326157859E+01  1.6374457782006543E-12  1.5174364462455389E-12
  4.5395247323812889E+01  1.6181304708525978E-12  1.4985252263976187E-12
  4.5847506599020086E+01  1.5991096372830026E-12  1.4799011364924724E-12
  4.6304271598153619E+01  1.5803785011821458E-12  1.4615594824954856E-12
  4.6765587210393733E+01  1.5619323665987417E-12  1.4434956493409676E-12
  4.7231498772138146E+01  1.5437666166636900E-12  1.4257050996731467E-12
  4.7702052071457373E+01  1.5258767123353750E-12  1.4081833726080222E-12
  4.8177293352595107E+01  1.5082581675627713E-12  1.3909260601035303E-12
  4.8657269320512341E+01  1.4909060716940185E-12  1.3739283579066419E-12
  4.9142027145477606E+01  1.4738151313141066E-12  1.3571851062347480E-12
  4.9631614467703031E+01  1.4569801538666245E-12  1.3406912450077490E-12
  5.0126079402025560E+01  1.4403960662549789E-12  1.3244418312576244E-12
  5.0625470542636087E+01  1.4240579117723647E-12  1.3084320361221975E-12
  5.1129836967854914E+01  1.4079608471208762E-12  1.2926571419260648E-12
  5.1639228244954793E+01  1.3921001395168757E-12  1.2771125393459299E-12
  5.2153694435032570E+01  1.3764711638799511E-12  1.2617937246576219E-12
  5.2673286097928795E+01  1.3610694001027956E-12  1.2466962970622943E-12
  5.3198054297196471E+01  1.3458904303995352E-12  1.2318159560892699E-12
  5.3728050605119655E+01  1.3309299367299595E-12  1.2171484990731159E-12
  5.4263327107781656E+01  1.3161837021578013E-12  1.2026898221243275E-12
  5.4803936410183681E+01  1.3016477922933969E-12  1.1884360855605091E-12
  5.5349931641415004E+01  1.2873186900772517E-12  1.1743838394051703E-12
  5.5901366459874147E+01  1.2731929852367877E-12  1.1605297363934169E-12
  5.6458295058541999E+01  1.2592673311650104E-12  1.1468704917083317E-12
  5.7020772170308135E+01  1.2455384436135823E-12  1.1334028816970891E-12
  5.7588853073349519E+01  1.2320030994162841E-12  1.1201237426167977E-12
  5.8162593596562822E+01  1.2186581352420551E-12  1.1070299694092358E-12
  5.8742050125051733E+01  1.2055004463768666E-12  1.0941185145037577E-12
  5.9327279605667535E+01  1.1925269855337303E-12  1.0813863866476920E-12
  5.9918339552605936E+01  1.1797347616900635E-12  1.0688306497634716E-12
  6.0515288053059756E+01  1.1671208389517822E-12  1.0564484218318374E-12
  6.1118183772926713E+01  1.1546823352410968E-12  1.0442368736195733E-12
  6.1727085962575572E+01  1.1424164013882256E-12  1.0321932112467039E-12
  6.2342054462668813E+01  1.1303202186550625E-12  1.0203146759670153E-12
  6.2963149710043339E+01  1.1183910232523114E-12  1.0085985632549077E-12
  6.3590432743650389E+01  1.1066261021596846E-12  9.9704221839748114E-13
  6.4223965210554013E+01  1.0950227920980447E-12  9.8564303548562292E-13
  6.4863809371989348E+01  1.0835784785422201E-12  9.7439845644386246E-13
  6.5510028109481766E+01  1.0722905947573083E-12  9.6330597008297223E-13
  6.6162684931026519E+01  1.0611566208578205E-12  9.5236311117471022E-13
  6.6821843977329777E+01  1.0501740828890619E-12  9.4156745954807022E-13
  6.7487570028112629E+01  1.0393405519301294E-12  9.3091663920646766E-13
  6.8159928508477122E+01  1.0286536432179996E-12  9.2040831746530425E-13
  6.8838985495335848E+01  1.0181110152914449E-12  9.1004020410896571E-13
  6.9524807723906122E+01  1.0077103499412677E-12  8.9981003286336004E-13
  7.0217462594268284E+01  9.9744909495763365E-13  8.8971532588637875E-13
  7.0917018177989277E+01  9.8732454215492949E-13  8.7975346610528744E-13
  7.1623543224812963E+01  9.7733403860816246E-13  8.6992189099326518E-13
  7.2337107169416328E+01  9.6747499117015531E-13  8.6021809664513573E-13
  7.3057780138232999E+01  9.5774486498665628E-13  8.5063963632593576E-13
  7.3785632956345779E+01  9.4814118205541049E-13  8.4118411906214649E-13
  7.4520737154446195E+01  9.3866151982781011E-13  8.3184920827424816E-13
  7.5263164975864612E+01  9.2930350985170523E-13  8.2263262044920952E-13
  7.6012989383670600E+01  9.2006483645409614E-13  8.1353212385162631E-13
  7.6770284067842411E+01  9.1094323546242515E-13  8.0454553727227299E-13
  7.7535123452509808E+01  9.0193649296322672E-13  7.9567072881284036E-13
  7.8307582703267940E+01  8.9304245061193806E-13  7.8690562037999839E-13
  7.9087737734564044E+01  8.8425925569077793E-13  7.7824840948842243E-13
  7.9875665217158570E+01  8.7558546014602261E-13  7.6969765805506259E-13
  8.0671442585659776E+01  8.6701966828412665E-13  7.6125197672346255E-13
  8.1475148046133540E+01  8.5856050383987672E-13  7.5290999510680942E-13
  8.2286860583789661E+01  8.5020660969840826E-13  7.4467036151061192E-13
  8.3106659970743976E+01  8.4195664762237269E-13  7.3653174266029263E-13
  8.3934626773857730E+01  8.3380929798414515E-13  7.2849282343354789E-13
  8.4770842362656055E+01  8.2576325950296083E-13  7.2055230659737689E-13
  8.5615388917324282E+01  8.1781724898687497E-13  7.1270891254967231E-13
  8.6468349436784123E+01  8.0997000107946023E-13  7.0496137906527590E-13
  8.7329807746850975E+01  8.0222026801110248E-13  6.9730846104636326E-13
  8.8199848508471774E+01  7.9456681920076496E-13  6.8974893015078890E-13
  8.9078557226044808E+01  7.8700831200363138E-13  6.8228146145524275E-13
  8.9966020255823722E+01  7.7954298597753090E-13  6.7490436390828416E-13
  9.0862324814403152E+01  7.7216901928445629E-13  6.6761589573282704E-13
  9.1767558987290641E+01  7.6488463120653375E-13  6.6041435548829510E-13
  9.2681811737563791E+01  7.5768808117672280E-13  6.5329808112077560E-13
  9.3605172914612140E+01  7.5057766782141159E-13  6.4626544902549807E-13
  9.4537733262968160E+01  7.4355172803152191E-13  6.3931487313671803E-13
  9.5479584431224993E+01  7.3660863606124165E-13  6.3244480404407261E-13
  9.6430818981043032E+01  7.2974680265349137E-13  6.2565372813458699E-13
  9.7391530396247092E+01  7.2296467419127904E-13  6.1894016675942629E-13
  9.8361813092013378E+01  7.1626073187412134E-13  6.1230267542463441E-13
  9.9341762424147973E+01  7.0963349091842099E-13  6.0573984300482044E-13
  1.0033147469845865E+02  7.0308153938169074E-13  5.9925032547474753E-13
  1.0133104718021912E+02  6.9660388782005458E-13  5.9283315186841098E-13
  1.0234057810372767E+02  6.9019979497381282E-13  5.8648757061902476E-13
  1.0336016668196179E+02  6.8386852973064850E-13  5.8021283958915362E-13
  1.0438991311632823E+02  6.7760936729188719E-13  5.7400822265392391E-13
  1.0542991860651009E+02  6.7142158917925963E-13  5.6787298969930300E-13
  1.0648028536041291E+02  6.6530448324074895E-13  5.6180641661912737E-13
  1.0754111660420909E+02  6.5925734365555201E-13  5.5580778531092635E-13
  1.0861251659248208E+02  6.5327947093820757E-13  5.4987638367055000E-13
  1.0969459061847330E+02  6.4737017194192004E-13  5.4401150558562552E-13
  1.1078744502442865E+02  6.4152875986113581E-13  5.3821245092789004E-13
  1.1189118721204993E+02  6.3575455423340263E-13  5.3247852554439634E-13
  1.1300592565305078E+02  6.3004687729448708E-13  5.2680903799158934E-13
  1.1413176989981517E+02  6.2440484936537498E-13  5.2120312026109936E-13
  1.1526883059616527E+02  6.1882728517757042E-13  5.1565963813966682E-13
  1.1641721948823454E+02  6.1331299764390038E-13  5.1017745839487690E-13
  1.1757704943544933E+02  6.0786082620195913E-13  5.0475547364954765E-13
  1.1874843442162117E+02  6.0246963620714280E-13  4.9939260177975314E-13
  1.1993148956614816E+02  5.9713831834494076E-13  4.9408778533086173E-13
  1.2112633113532819E+02  5.9186578806192491E-13  4.8883999095095638E-13
  1.2233307655378587E+02  5.8665098501482268E-13  4.8364820884103658E-13
  1.2355184441601227E+02  5.8149287253715406E-13  4.7851145222144269E-13
  1.2478275449801949E+02  5.7639043712289286E-13  4.7342875681394091E-13
  1.2602592776911263E+02  5.7134268792664082E-13  4.6839918033892118E-13
  1.2728148640377778E+02  5.6634865625873703E-13  4.6342180202319673E-13
  1.2854955379368855E+02  5.6140746257672148E-13  4.5849578060776423E-13
  1.2983025455983329E+02  5.5651850746820549E-13  4.5362051900311963E-13
  1.3112371456476191E+02  5.5168126438659082E-13  4.4879548374942122E-13
  1.3243006092495489E+02  5.4689521306791289E-13  4.4402014713709367E-13
  1.3374942202331698E+02  5.4215983948675433E-13  4.3929398714525313E-13
  1.3508192752179275E+02  5.3747463581639653E-13  4.3461648738304943E-13
  1.3642770837410981E+02  5.3283910039068155E-13  4.2998713703162411E-13
  1.3778689683864951E+02  5.2825273766762722E-13  4.2540543078669166E-13
  1.3915962649144296E+02  5.2371505819488336E-13  4.2087086880173004E-13
  1.4054603223929982E+02  5.1922557857705216E-13  4.1638295663175928E-13
  1.4194625033306599E+02  5.1478382144498264E-13  4.1194120517771210E-13
  1.4336041838101337E+02  5.1038931542524024E-13  4.0754513063045352E-13
  1.4478867536236439E+02  5.0604159177218939E-13  4.0319425147929111E-13
  1.4623116164094984E+02  5.0174013821134263E-13  3.9888804841175190E-13
  1.4768801897900303E+02  4.9748441648318680E-13  3.9462598004888539E-13
  1.4915939055109237E+02  4.9327389680854788E-13  3.9040751271294527E-13
  1.5064542095819181E+02  4.8910805834915560E-13  3.8623212077411169E-13
  1.5214625624189094E+02  4.8498638910725421E-13  3.8209928651551275E-13
  1.5366204389874866E+02  4.8090838583021941E-13  3.7800850000085941E-13
  1.5519293289478790E+02  4.7687355392031901E-13  3.7395925894464730E-13
  1.5673907368013508E+02  4.7288140734972613E-13  3.6995106858485192E-13
  1.5830061820380669E+02  4.6893146858093985E-13  3.6598344155807143E-13
  1.5987771992864188E+02  4.6502326849278019E-13  3.6205589777705119E-13
  1.6147053384638346E+02  4.6115634631214554E-13  3.5816796431054434E-13
  1.6307921649291194E+02  4.5733024915551814E-13  3.5431917485408828E-13
  1.6470392596362677E+02  4.5354452541769505E-13  3.5050906440230049E-13
  1.6634482192898480E+02  4.4979872648251181E-13  3.4673717083978551E-13
  1.6800206565019283E+02  4.4609241214320031E-13  3.4300303903725043E-13
  1.6967581999505356E+02  4.4242515075010336E-13  3.3930622088705336E-13
  1.7136624945397378E+02  4.3879651917194962E-13  3.3564627518507046E-13
  1.7307352015612886E+02  4.3520610276528876E-13  3.3202276751479389E-13
  1.7479779988578903E+02  4.3165349535254993E-13  3.2843527013359383E-13
  1.7653925809880957E+02  4.2813829920923276E-13  3.2488336186110647E-13
  1.7829806593928370E+02  4.2466012506080904E-13  3.2136662796969512E-13
  1.8007439625636158E+02  4.2121859208997588E-13  3.1788466007693926E-13
  1.8186842362123832E+02  4.1781332795497548E-13  3.1443705604010366E-13
  1.8368032434430958E+02  4.1444396887404172E-13  3.1102341991371829E-13
  1.8551027649249838E+02  4.1111017597122232E-13  3.0764337481323537E-13
  1.8735845990675560E+02  4.0781166332507384E-13  3.0429658505871382E-13
  1.8922505621973389E+02  4.0454815992592256E-13  3.0098272545015928E-13
  1.9111024887363703E+02  4.0131940117919580E-13  2.9770147420957594E-13
  1.9301422313824932E+02  3.9812512906642772E-13  2.9445251294325406E-13
  1.9493716612914241E+02  3.9496509232404021E-13  2.9123552660451170E-13
  1.9687926682606374E+02  3.9183904664170511E-13  2.8805020345688222E-13
  1.9884071609151079E+02  3.8874675488234751E-13  2.8489623503774108E-13
  2.0082170668948589E+02  3.8568798732608699E-13  2.8177331612236260E-13
  2.0282243330444143E+02  3.8266252194073132E-13  2.7868114468840559E-13
  2.0484309256041399E+02  3.7967014468176344E-13  2.7561942188080744E-13
  2.0688388304034530E+02  3.7671064982743943E-13  2.7258785197769592E-13
  2.0894500530560029E+02  3.7378383739062267E-13  2.6958613996577392E-13
  2.1102666191567684E+02  3.7088949189197454E-13  2.6661397435610546E-13
  2.1312905744811189E+02  3.6802739568217538E-13  2.6367103753425420E-13
  2.1525239851858785E+02  3.6519734241243388E-13  2.6075701613049685E-13
  2.1739689380123744E+02  3.6239913769977579E-13  2.5787160106137729E-13
  2.1956275404915061E+02  3.5963259972544656E-13  2.5501448746443089E-13
  2.2175019211508811E+02  3.5689755990826273E-13  2.5218537463402232E-13
  2.2395942297239898E+02  3.5419386366283337E-13  2.4938396595828645E-13
  2.2619066373614689E+02  3.5152137125415282E-13  2.4660996885713310E-13
  2.2844413368444856E+02  3.4887995876193633E-13  2.4386309472130144E-13
  2.3072005428002308E+02  3.4626951917029643E-13  2.4114305885243907E-13
  2.3301864919195569E+02  3.4368996360100496E-13  2.3844958040418159E-13
  2.3534014431768048E+02  3.4114122289383625E-13  2.3578238255203599E-13
  2.3768476780518023E+02  3.3862326144473432E-13  2.3314120238224597E-13
  2.4005275007540706E+02  3.3613608273589833E-13  2.3052579336724774E-13
  2.4244432384492887E+02  3.3367971531617101E-13  2.2793591246258729E-13
  2.4485972414879922E+02  3.3125421405083514E-13  2.2537131918219297E-13
  2.4729918836365454E+02  3.2885966285198977E-13  2.2283177556908790E-13
  2.4976295623104545E+02  3.2649617781615350E-13  2.2031704616646515E-13
  2.5225126988099456E+02  3.2416391084181467E-13  2.1782689798912483E-13
  2.5476437385579342E+02  3.2186305381498207E-13  2.1536110049525875E-13
  2.5730251513403681E+02  3.1959384346986562E-13  2.1291942555857684E-13
  2.5986594315489162E+02  3.1735656705570097E-13  2.1050164744077852E-13
  2.6245490984261363E+02  3.1515156897073537E-13  2.0810754276434718E-13
  2.6506966963130469E+02  3.1297925875490219E-13  2.0573689056580144E-13
  2.6771047948991668E+02  3.1084012576329695E-13  2.0338947515880836E-13
  2.7037759894750701E+02  3.0873475061032990E-13  2.0106508630575669E-13
  2.7307129011874372E+02  3.0666381199301655E-13  1.9876351574943306E-13
  2.7579181772966393E+02  3.0462810218658940E-13  1.9648455715637138E-13
  2.7853944914369197E+02  3.0262854595146861E-13  1.9422800609904634E-13
  2.8131445438791405E+02  3.0066622348601377E-13  1.9199366003826232E-13
  2.8411710617961461E+02  2.9874239847351196E-13  1.8978131830572980E-13
  2.8694767995307967E+02  2.9685855259276767E-13  1.8759078208682045E-13
  2.8980645388666449E+02  2.9501642829633140E-13  1.8542185440350370E-13
  2.9269370893013240E+02  2.9321808225473151E-13  1.8327434009745559E-13
  2.9560972883226418E+02  2.9146595268581915E-13  1.8114804581333496E-13
  2.9855480016874600E+02  2.8976294491017655E-13  1.7904277997591045E-13
  3.0152921237033166E+02  2.8811253709834719E-13  1.7695835097817714E-13
  3.0453325775128621E+02  2.8651891532837255E-13  1.7489456332787815E-13
  3.0756723153811527E+02  2.8498716930069894E-13  1.7285122237682723E-13
  3.1063143189857772E+02  2.8352354156745171E-13  1.7082813562555529E-13
  3.1372615997098802E+02  2.8213575846436257E-13  1.6882511269466286E-13
  3.1685171989381217E+02  2.8083347909739722E-13  1.6684196529792259E-13
  3.2000841883555682E+02  2.7962891204210163E-13  1.6487850721574298E-13
  3.2319656702495661E+02  2.7853767264547614E-13  1.6293455426898351E-13
  3.2641647778146159E+02  2.7757998784208221E-13  1.6100992429311817E-13
  3.2966846754603046E+02  2.7678240326107599E-13  1.5910443711273512E-13
  3.3295285591222898E+02  2.7618020801982679E-13  1.5721791451637095E-13
  3.3626996565763676E+02  2.7582084683485101E-13  1.5535018023167296E-13
  3.3962012277557102E+02  2.7576855801026015E-13  1.5350106065209235E-13
  3.4300365650712286E+02  2.7611009144819832E-13  1.5167039036949492E-13
  3.4642089937351295E+02  2.7695978803525183E-13  1.4985800941538530E-13
  3.4987218720877252E+02  2.7845774159800271E-13  1.4806375922342226E-13
  3.5335785919274639E+02  2.8074413914090368E-13  1.4628748250907308E-13
  3.5687825788442723E+02  2.8388003533381786E-13  1.4452902326077606E-13
  3.6043372925561931E+02  2.8770889285661198E-13  1.4278822673115354E-13
  3.6402462272494182E+02  2.9177933582513255E-13  1.4106493942827476E-13
  3.6765129119216687E+02  2.9552419996702883E-13  1.3935900910696615E-13
  3.7131409107290068E+02  2.9857656865319868E-13  1.3767028476016841E-13
  3.7501338233361247E+02  3.0086898352714919E-13  1.3599861661033277E-13
  3.7874952852700994E+02  3.0251019182688919E-13  1.3434385610086221E-13
  3.8252289682776643E+02  3.0365282340382565E-13  1.3270585580924938E-13
  3.8633385806860792E+02  3.0443224650437490E-13  1.3108446908500766E-13
  3.9018278677675568E+02  3.0495271667154113E-13  1.2947955089333334E-13
  3.9407006121073402E+02  3.0529018798220168E-13  1.2789095751933515E-13
  3.9799606339754257E+02  3.0549841612278719E-13  1.2631854644941265E-13
  4.0196117917020297E+02  3.0561545998422303E-13  1.2476217636123302E-13
  4.0596579820567604E+02  3.0566887878324221E-13  1.2322170711382827E-13
  4.1001031406315610E+02  3.0567903074474074E-13  1.2169699973780213E-13
  4.1409512422275151E+02  3.0566146858437144E-13  1.2018791642564290E-13
  4.1822063012454618E+02  3.0562811069375869E-13  1.1869432052213747E-13
  4.2238723720805001E+02  3.0558720466350506E-13  1.1721607651488288E-13
  4.2659535495204682E+02  3.0554503923050325E-13  1.1575305002488795E-13
  4.3084539691483496E+02  3.0550707376218788E-13  1.1430510779996233E-13
  4.3513778077487058E+02  3.0547836946480567E-13  1.1287211664990857E-13
  4.3947292837181431E+02  3.0546372882765234E-13  1.1145394149040509E-13
  4.4385126574799023E+02  3.0546644553503368E-13  1.1005044798694279E-13
  4.4827322319025495E+02  3.0548818644025169E-13  1.0866150312697633E-13
  4.5273923527228300E+02  3.0553019088385187E-13  1.0728697520460306E-13
  4.5724974089727766E+02  3.0559411398480658E-13  1.0592673380512564E-13
  4.6180518334110383E+02  3.0568179899644685E-13  1.0458064978982567E-13
  4.6640601029584968E+02  3.0579417972281885E-13  1.0324859528094304E-13
  4.7105267391382739E+02  3.0593081100088539E-13  1.0193044364685157E-13
  4.7574563085200725E+02  3.0609170520737523E-13  1.0062606948743112E-13
  4.8048534231689518E+02  3.0627854174081813E-13  9.9335348619626185E-14
  4.8527227410986080E+02  3.0649332612144157E-13  9.8058158063185491E-14
  4.9010689667291325E+02  3.0673756609330325E-13  9.6794376736915353E-14
  4.9498968513493509E+02  3.0701184814540622E-13  9.5543888740371187E-14
  4.9992111935837443E+02  3.0731596505045379E-13  9.4306580356766195E-14
  5.0490168398640679E+02  3.0764992967615764E-13  9.3082338673525227E-14
  5.0993186849056309E+02  3.0801446451381070E-13  9.1871051581846787E-14
  5.1501216721883100E+02  3.0841031179378453E-13  9.0672607772842192E-14
  5.2014307944424070E+02  3.0883704377175402E-13  8.9486896733686771E-14
  5.2532510941393082E+02  3.0929335506211210E-13  8.8313808743785532E-14
  5.3055876639870144E+02  3.0977890427758646E-13  8.7153234870946614E-14
  5.3584456474306705E+02  3.1029494509356993E-13  8.6005066967560073E-14
  5.4118302391580221E+02  3.1084320065893660E-13  8.4869197666780649E-14
  5.4657466856099416E+02  3.1142494549665566E-13  8.3745520378712464E-14
  5.5202002854960062E+02  3.1204084466503249E-13  8.2633929183774945E-14
  5.5751963903152682E+02  3.1269070296911604E-13  8.1534319642814245E-14
  5.6307404048821661E+02  3.1337412859420873E-13  8.0446591482004176E-14
  5.6868377878576689E+02  3.1409149248168855E-13  7.9370645479069874E-14
  5.7434940522857733E+02  3.1484254158008008E-13  7.8306382975704735E-14
  5.8007147661352838E+02  3.1562579209080184E-13  7.7253705877319092E-14
  5.8585055528469923E+02  3.1644064058800096E-13  7.6212516652790009E-14
  5.9168720918863733E+02  3.1728855383022648E-13  7.5182718334207970E-14
  5.9758201193017067E+02  3.1817144181763533E-13  7.4164214516616470E-14
  6.0353554282878133E+02  3.1908989597551686E-13  7.3156909357738596E-14
  6.0954838697553669E+02  3.2004374015877715E-13  7.2160707577688102E-14
  6.1562113529059286E+02  3.2103313758955703E-13  7.1175514458658806E-14
  6.2175438458126712E+02  3.2205836278202780E-13  7.0201235846624461E-14
  6.2794873760068742E+02  3.2311954916255842E-13  6.9237775997340605E-14
  6.3420480310703294E+02  3.2421647360621994E-13  6.8285030484129305E-14
  6.4052319592335880E+02  3.2534759900831198E-13  6.7342893671512932E-14
  6.4690453699801606E+02  3.2651211560134174E-13  6.6411261200707455E-14
  6.5334945346568043E+02  3.2771175148787717E-13  6.5490029969068626E-14
  6.5985857870898258E+02  3.2894819104720436E-13  6.4579098110105443E-14
  6.6643255242075554E+02  3.3022161784222078E-13  6.3678364973823864E-14
  6.7307202066689854E+02  3.3153228796548479E-13  6.2787731107394187E-14
  6.7977763594987425E+02  3.3288120323738396E-13  6.1907098236131366E-14
  6.8655005727283242E+02  3.3426869187145072E-13  6.1036369244783402E-14
  6.9338995020437210E+02  3.3569336371594079E-13  6.0175448159119961E-14
  7.0029798694395492E+02  3.3715350918390950E-13  5.9324240127834556E-14
  7.0727484638796534E+02  3.3864883190867498E-13  5.8482652339409143E-14
  7.1432121419642704E+02  3.4017985583058251E-13  5.7650602823509422E-14
  7.2143778286039162E+02  3.4174780619729483E-13  5.6828015994825830E-14
  7.2862525176999134E+02  3.4335594402765273E-13  5.6014816498609913E-14
  7.3588432728317400E+02  3.4500571232856567E-13  5.5210929126206848E-14
  7.4321572279511804E+02  3.4669528416072986E-13  5.4416278823252209E-14
  7.5062015880834701E+02  3.4842303306493193E-13  5.3630790697691983E-14
  7.5809836300353584E+02  3.5018784328397583E-13  5.2854390027629729E-14
  7.6565107031102218E+02  3.5198940282560056E-13  5.2087002269000621E-14
  7.7327902298303673E+02  3.5382878772953967E-13  5.1328553063073995E-14
  7.8098297066664782E+02  3.5570728831242183E-13  5.0578968243786003E-14
  7.8876367047743054E+02  3.5762584503852832E-13  4.9838173844904575E-14
  7.9662188707387872E+02  3.5958575565040791E-13  4.9106095995807729E-14
  8.0455839273254912E+02  3.6158820803362137E-13  4.8382655771575378E-14
  8.1257396742395997E+02  3.6363272416415049E-13  4.7667767140432146E-14
  8.2066939888923991E+02  3.6571687692075387E-13  4.6961344412901360E-14
  8.2884548271754943E+02  3.6783829669520959E-13  4.6263302884570302E-14
  8.3710302242426587E+02  3.6999811736279359E-13  4.5573558820546057E-14
  8.4544282952994763E+02  3.7219926382046642E-13  4.4892029440142751E-14
  8.5386572364009214E+02  3.7444254973812360E-13  4.4218632901795602E-14
  8.6237253252568155E+02  3.7672882277752122E-13  4.3553288288199183E-14
  8.7096409220452995E+02  3.7905874253761488E-13  4.2895915591666949E-14
  8.7964124702344964E+02  3.8143000222120352E-13  4.2246435699707495E-14
  8.8840484974122694E+02  3.8384018500683004E-13  4.1604770380816430E-14
  8.9725576161242975E+02  3.8628946510297382E-13  4.0970842271580305E-14
  9.0619485247204534E+02  3.8877932141751803E-13  4.0344576528872834E-14
  9.1522300082096876E+02  3.9131185578640509E-13  3.9725904931459350E-14
  9.2434109391233778E+02  3.9388921744797839E-13  3.9114760986489644E-14
  9.3355002783872476E+02  3.9651166350761776E-13  3.8511078501257889E-14
  9.4285070762020666E+02  3.9917671433859656E-13  3.7914791585203666E-14
  9.5224404729330558E+02  4.0188279056881876E-13  3.7325834651894592E-14
  9.6173097000081282E+02  4.0463209554795406E-13  3.6744142420939071E-14
  9.7131240808251880E+02  4.0742474718849379E-13  3.6169649919829876E-14
  9.8098930316683482E+02  4.1025881513534405E-13  3.5602292485720509E-14
  9.9076260626333567E+02  4.1313613530930195E-13  3.5042005767134875E-14
  1.0006332778562175E+03  4.1605884615961674E-13  3.4488725725612072E-14
  1.0106022879986959E+03  4.1902677774384865E-13  3.3942388637285136E-14
  1.0206706164083371E+03  4.2203895132648108E-13  3.3402930723562771E-14
  1.0308392525633365E+03  4.2509392476538580E-13  3.2870285545942160E-14
  1.0411091957997692E+03  4.2819092639682552E-13  3.2344385661814664E-14
  1.0514814554097959E+03  4.3133161793041817E-13  3.1825164234215972E-14
  1.0619570507408503E+03  4.3451827350924354E-13  3.1312555041152162E-14
  1.0725370112958233E+03  4.3775134366109030E-13  3.0806492467520628E-14
  1.0832223768342337E+03  4.4102958546988714E-13  3.0306911497148763E-14
  1.0940141974744151E+03  4.4435087701562728E-13  2.9813747704949034E-14
  1.1049135337967127E+03  4.4771367742170005E-13  2.9326937249189986E-14
  1.1159214569477194E+03  4.5111874893547306E-13  2.8846416863880902E-14
  1.1270390487455418E+03  4.5456886913233799E-13  2.8372123851270468E-14
  1.1382674017861129E+03  4.5806604842453166E-13  2.7903996074458003E-14
  1.1496076195505764E+03  4.6161022796232615E-13  2.7441972018112233E-14
  1.1610608165137280E+03  4.6519956344293746E-13  2.6985992249221177E-14
  1.1726281182535397E+03  4.6883146401016893E-13  2.6535999385212001E-14
  1.1843106615617833E+03  4.7250562939218352E-13  2.6091936448149675E-14
  1.1961095945557461E+03  4.7622430863033169E-13  2.5653746774389423E-14
  1.2080260767910656E+03  4.7998926399898994E-13  2.5221374014941332E-14
  1.2200612793756825E+03  4.8380101820329723E-13  2.4794762135802315E-14
  1.2322163850849381E+03  4.8765849404454476E-13  2.4373855418255388E-14
  1.2444925884778122E+03  4.9155872535946203E-13  2.3958598459137781E-14
  1.2568910960143137E+03  4.9550093210791624E-13  2.3548936171078078E-14
  1.2694131261740563E+03  4.9948880241117791E-13  2.3144813782703042E-14
  1.2820599095760012E+03  5.0352453997394611E-13  2.2746176838815101E-14
  1.2948326890993949E+03  5.0760572907973783E-13  2.2352971193963575E-14
  1.3077327200059217E+03  5.1172967818680136E-13  2.1965141978217109E-14
  1.3207612700630618E+03  5.1589540876724725E-13  2.1582632146253714E-14
  1.3339196196686851E+03  5.2010322383040460E-13  2.1205384798402042E-14
  1.3472090619768780E+03  5.2435454097438291E-13  2.0833343622529529E-14
  1.3606309030250388E+03  5.2865085442229906E-13  2.0466452884567787E-14
  1.3741864618622265E+03  5.3299189474530166E-13  2.0104657419209446E-14
  1.3878770706787857E+03  5.3737561495431321E-13  1.9747902620774352E-14
  1.4017040749372811E+03  5.4180145636633833E-13  1.9396134434241811E-14
  1.4156688335047177E+03  5.4627123452263120E-13  1.9049299346448542E-14
  1.4297727187860814E+03  5.5078520112342444E-13  1.8707344377448806E-14
  1.4440171168592240E+03  5.5533994255289931E-13  1.8370217072035071E-14
  1.4584034276110742E+03  5.5993306905421846E-13  1.8037865491528660E-14
  1.4729330648752177E+03  5.6456528894741592E-13  1.7710238660557695E-14
  1.4876074565708363E+03  5.6923971316003363E-13  1.7387288890065374E-14
  1.5024280448430488E+03  5.7395964352039852E-13  1.7068969933571780E-14
  1.5173962862046337E+03  5.7872382919624299E-13  1.6755235720529665E-14
  1.5325136516791677E+03  5.8352704026111651E-13  1.6446040351871806E-14
  1.5477816269455986E+03  5.8836465476267493E-13  1.6141338103869924E-14
  1.5632017124842500E+03  5.9323746520270012E-13  1.5841083431902153E-14
  1.5787754237242780E+03  5.9814943319214132E-13  1.5545230974129743E-14
  1.5945042911926098E+03  6.0310238742560776E-13  1.5253735555083962E-14
  1.6103898606643545E+03  6.0809444080653679E-13  1.4966552189164188E-14
  1.6264336933147172E+03  6.1312201048133333E-13  1.4683636084047994E-14
  1.6426373658724201E+03  6.1818214427950103E-13  1.4404942644014321E-14
  1.6590024707746672E+03  6.2327574896379535E-13  1.4130427369964415E-14
  1.6755306163236378E+03  6.2840816748252837E-13  1.3860044071373833E-14
  1.6922234268445407E+03  6.3357831771316268E-13  1.3593745068330406E-14
  1.7090825428452547E+03  6.3877801670426107E-13  1.3331483089665295E-14
  1.7261096211775498E+03  6.4400608461454155E-13  1.3073211361487078E-14
  1.7433063351999085E+03  6.4926658208192939E-13  1.2818883598951785E-14
  1.7606743749419886E+03  6.5456007160575214E-13  1.2568453998200522E-14
  1.7782154472707091E+03  6.5988372027081390E-13  1.2321877228462789E-14
  1.7959312760579869E+03  6.6523581085358868E-13  1.2079108424322584E-14
  1.8138236023501665E+03  6.7061697403278665E-13  1.1840103178144868E-14
  1.8318941845391128E+03  6.7602721680505494E-13  1.1604817532660239E-14
  1.8501447985350264E+03  6.8146407913190361E-13  1.1373207973705093E-14
  1.8685772379409641E+03  6.8692449913607683E-13  1.1145231427518640E-14
  1.8871933142291191E+03  6.9240671203915387E-13  1.0920845674190798E-14
  1.9059948569188405E+03  6.9790993653452065E-13  1.0700009851862380E-14
  1.9249837137564261E+03  7.0343388061963130E-13  1.0482683553278700E-14
  1.9441617508967231E+03  7.0897460642653227E-13  1.0268826661366506E-14
  1.9635308530865216E+03  7.1452746313038588E-13  1.0058399347632926E-14
  1.9830929238497743E+03  7.2009573770037925E-13  9.8513620705936648E-15
  2.0028498856746801E+03  7.2568561737898510E-13  9.6476755742297339E-15
  2.0228036802026108E+03  7.3129577500444388E-13  9.4473008864726970E-15
  2.0429562684189327E+03  7.3692000917838856E-13  9.2501993177174077E-15
  2.0633096308457166E+03  7.4255380871801935E-13  9.0563324593622049E-15
  2.0838657677363885E+03  7.4819451769660977E-13  8.8656621823754568E-15
  2.1046266992723026E+03  7.5384100174497135E-13  8.6781506358596721E-15
  2.1255944657612672E+03  7.5949213817797897E-13  8.4937602564804451E-15
  2.1467711278380752E+03  7.6514480542039546E-13  8.3124537322345855E-15
  2.1681587666670084E+03  7.7079312977662066E-13  8.1341939819474213E-15
  2.1897594841463574E+03  7.7643556252585983E-13  7.9589441998288716E-15
  2.2115754031150045E+03  7.8207928606395915E-13  7.7866678548214527E-15
  2.2336086675610404E+03  7.8772458315146822E-13  7.6173286892905929E-15
  2.2558614428324677E+03  7.9336037292703124E-13  7.4508907177362182E-15
  2.2783359158499984E+03  7.9898153100580983E-13  7.2873182255252715E-15
  2.3010342953219883E+03  8.0459018203988106E-13  7.1265757676443603E-15
  2.3239588119614941E+03  8.1018576426190812E-13  6.9686281674723770E-15
  2.3471117187054924E+03  8.1576380786313440E-13  6.8134405155724863E-15
  2.3704952909363046E+03  8.2131990659318173E-13  6.6609781685027112E-15
  2.3941118267052057E+03  8.2685108685581339E-13  6.5112067191462665E-15
  2.4179636469582606E+03  8.3235498331416866E-13  6.3640917062857724E-15
  2.4420530957644341E+03  8.3782979267883954E-13  6.2195987658048217E-15
  2.4663825405459465E+03  8.4327283893312557E-13  6.0776938425877435E-15
  2.4909543723109400E+03  8.4867670639214005E-13  5.9383431898278772E-15
  2.5157710058884486E+03  8.5403228405600712E-13  5.8015133655870057E-15
  2.5408348801657326E+03  8.5933975356027816E-13  5.6671712294377235E-15
  2.5661484583279589E+03  8.6460420970917923E-13  5.5352839391874792E-15
  2.5917142281002621E+03  8.6982126282267975E-13  5.4058189476827299E-15
  2.6175347019922465E+03  8.7498102520487246E-13  5.2787439996916622E-15
  2.6436124175448986E+03  8.8007794575647021E-13  5.1540271288642986E-15
  2.6699499375799601E+03  8.8510916544089393E-13  5.0316366547684508E-15
  2.6965498504518055E+03  8.9007056096405706E-13  4.9115411817144921E-15
  2.7234147703018079E+03  8.9495542419922418E-13  4.7937096442205309E-15
  2.7505473373152531E+03  8.9975654469273267E-13  4.6781112704730629E-15
  2.7779502179807942E+03  9.0446907381300042E-13  4.5647155473367091E-15
  2.8056261053525213E+03  9.0908867032707937E-13  4.4534922266570419E-15
  2.8335777193146209E+03  9.1360771770653395E-13  4.3444113231920851E-15
  2.8618078068486520E+03  9.1801543323658021E-13  4.2374431125927443E-15
  2.8903191423035523E+03  9.2230455087673311E-13  4.1325581294310686E-15
  2.9191145276682728E+03  9.2647530920573001E-13  4.0297271652759363E-15
  2.9481967928471040E+03  9.3052558888629953E-13  3.9289212668152476E-15
  2.9775687959378665E+03  9.3444364779172775E-13  3.8301117340233144E-15
  3.0072334235127455E+03  9.3821436667990175E-13  3.7332701183735424E-15
  3.0371935909019712E+03  9.4182762804665148E-13  3.6383682210839701E-15
  3.0674522424803372E+03  9.4527611782283410E-13  3.5453780754056611E-15
  3.0980123519565800E+03  9.4854885711789823E-13  3.4542719288234263E-15
  3.1288769226655900E+03  9.5163324024152162E-13  3.3650222800518956E-15
  3.1600489878635844E+03  9.5451714383742752E-13  3.2776018764640366E-15
  3.1915316110262243E+03  9.5718639473243593E-13  3.1919837121542521E-15
  3.2233278861496428E+03  9.5962531670819124E-13  3.1081410261163828E-15
  3.2554409380545317E+03  9.6181610379228324E-13  3.0260473004736759E-15
  3.2878739226932580E+03  9.6373571544740774E-13  2.9456762587600018E-15
  3.3206300274599757E+03  9.6536058747216018E-13  2.8670018642515942E-15
  3.3537124715038967E+03  9.6667347109871750E-13  2.7899983183481153E-15
  3.3871245060456727E+03  9.6765645838257917E-13  2.7146400590023772E-15
  3.4208694146968742E+03  9.6828311130244863E-13  2.6409017591979833E-15
  3.4549505137827114E+03  9.6851975807033984E-13  2.5687583212956081E-15
  3.4893711526679735E+03  9.6832796419309494E-13  2.4981848338537242E-15
  3.5241347140861458E+03  9.6766483023912319E-13  2.4291565894960698E-15
  3.5592446144718792E+03  9.6648303078469361E-13  2.3616491182748217E-15
  3.5947043042967607E+03  9.6472930807307727E-13  2.2956381868188086E-15
  3.6305172684083723E+03  9.6234251352744895E-13  2.2310997965906630E-15
  3.6666870263727915E+03  9.5925232095273583E-13  2.1680101822024577E-15
  3.7032171328205013E+03  9.5537409207857973E-13  2.1063458097888266E-15
  3.7401111777956835E+03  9.5060157274089453E-13  2.0460833754367174E-15
  3.7773727871090568E+03  9.4480727698188227E-13  1.9871998036704413E-15
  3.8150056226942302E+03  9.3784499072547753E-13  1.9296722459911158E-15
  3.8530133829675397E+03  9.2953832047639393E-13  1.8734780794695930E-15
  3.8913998031915371E+03  9.1966266115865844E-13  1.8185949056993490E-15
  3.9301686558421015E+03  9.0793520289706592E-13  1.7650005359147903E-15
  3.9693237509791384E+03  8.9400394312344631E-13  1.7126729668699389E-15
  4.0088689366210388E+03  8.7742629946804321E-13  1.6615904158760919E-15
  4.0488080991228685E+03  8.5763950106564449E-13  1.6117313254042727E-15
  4.0891451635582939E+03  8.3392703916580955E-13  1.5630743616552873E-15
  4.1298840941052676E+03  8.0538675739705092E-13  1.5155984131846728E-15
  4.1710288944357117E+03  7.7091525737005728E-13  1.4692825895812155E-15
  4.2125836081089346E+03  7.2924802713132497E-13  1.4241062201982599E-15
  4.2545523189689648E+03  6.7913959930437881E-13  1.3800488529364919E-15
  4.2969391515460011E+03  6.1982572550267777E-13  1.3370902530768924E-15
  4.3397482714617026E+03  5.5187025681113501E-13  1.2952104021630147E-15
  4.3829838858385183E+03  4.7810457795224261E-13  1.2543894968769783E-15
  4.4266502437132540E+03  4.0366971262009323E-13  1.2146079414651524E-15
  4.4707516364545891E+03  3.3434119681117795E-13  1.1758463523644370E-15
  4.5152923981848089E+03  2.7417855615027861E-13  1.1380855641093062E-15
  4.5602769062057623E+03  2.2453079265161825E-13  1.1013066233819244E-15
  4.6057095814290742E+03  1.8470797481925028E-13  1.0654907880561652E-15
  4.6515948888105659E+03  1.5312612345591631E-13  1.0306195262989374E-15
  4.6979373377890734E+03  1.2808919017384149E-13  9.9667451571710913E-16
  4.7447414827296552E+03  1.0812623862501213E-13  9.6363764254840001E-16
  4.7920119233711184E+03  9.2069294143986471E-14  9.3149100089456284E-16
  4.8397533052780918E+03  7.9025889428580437E-14  9.0021689199497226E-16
  4.8879703202976025E+03  6.8323777597483440E-14  8.6979782353888105E-16
  4.9366677070201213E+03  5.9457571393682898E-14  8.4021650901472073E-16
  4.9858502512452760E+03  5.2045599851775144E-14  8.1145586656995649E-16
  5.0355227864522149E+03  4.5797353420362211E-14  7.8349900193862044E-16
  5.0856901942745653E+03  4.0489623428182603E-14  7.5632921199834535E-16
  5.1363574049802110E+03  3.5949192590576490E-14  7.2993000090873553E-16
  5.1875293979558483E+03  3.2040285917233730E-14  7.0428507984498149E-16
  5.2392112021962857E+03  2.8655434607280406E-14  6.7937836625276270E-16
  5.2914078967987025E+03  2.5708777594645513E-14  6.5519398313675933E-16
  5.3441246114618361E+03  2.3131108471003613E-14  6.3171625838067162E-16
  5.3973665269900475E+03  2.0866179349914439E-14  6.0892972409653720E-16
  5.4511388758024996E+03  1.8867916795362030E-14  5.8681911600106094E-16
  5.5054469424474182E+03  1.7098305207156625E-14  5.6536937281672733E-16
  5.5602960641213704E+03  1.5525763022189761E-14  5.4456563569541943E-16
  5.6156916311938139E+03  1.4123886072892821E-14  5.2439324773397056E-16
  5.6716390877368822E+03  1.2870467122769568E-14  5.0483775943647499E-16
  5.7281439320603349E+03  1.1746724499194813E-14  4.8588493140642522E-16
  5.7852117172519502E+03  1.0736690250124831E-14  4.6752072318555535E-16
  5.8428480517232911E+03  9.8267220128150842E-15  4.4973129180297392E-16
  5.9010585997608177E+03  9.0051106937882749E-15  4.3250299146720913E-16
  5.9598490820825764E+03  8.2617630802349549E-15  4.1582237325569023E-16
  6.0192252764004561E+03  7.5879434946083962E-15  3.9967618479947241E-16
  6.0791930179879264E+03  6.9760622851021863E-15  3.8405136996099309E-16
  6.1397582002535401E+03  6.4195017057980188E-15  3.6893506850258254E-16
  6.2009267753201393E+03  5.9124718268612685E-15  3.5431461574352723E-16
  6.2627047546098065E+03  5.4498907033371867E-15  3.4017754220348911E-16
  6.3250982094345391E+03  5.0272842482235349E-15  3.2651157321932505E-16
  6.3881132715930844E+03  4.6407021425854059E-15  3.1330462456109809E-16
  6.4517561339734657E+03  4.2866468801120562E-15  3.0054479372078550E-16
  6.5160330511615175E+03  3.9620140152879957E-15  2.8822037166669744E-16
  6.5809503400557214E+03  3.6640412745878896E-15  2.7631984545609753E-16
  6.6465143804879353E+03  3.3902651106072946E-15  2.6483189748911570E-16
  6.7127316158502872E+03  3.1384835243183680E-15  2.5374540474836251E-16
  6.7796085537285771E+03  2.9067241440424949E-15  2.4304943802198347E-16
  6.8471517665417250E+03  2.6932167296793014E-15  2.3273326110792097E-16
  6.9153678921876681E+03  2.4963694157949048E-15  2.2278632999705803E-16
  6.9842636346957306E+03  2.3147481246522649E-15  2.1319829203305282E-16
  7.0538457648855265E+03  2.1470586758186409E-15  2.0395898504674085E-16
  7.1241211210322699E+03  1.9921311970302101E-15  1.9505843646317925E-16
  7.1950966095388740E+03  1.8489065174158476E-15  1.8648686393715237E-16
  7.2667792056147155E+03  1.7164243372266703E-15  1.7823468492946865E-16
  7.3391759539610575E+03  1.5938126739200588E-15  1.7029250752288470E-16
  7.4122939694634133E+03  1.4802785744121343E-15  1.6265112222573588E-16
  7.4861404378908192E+03  1.3750999964762163E-15  1.5530150115020407E-16
  7.5607226166019318E+03  1.2776186344485281E-15  1.4823479722553322E-16
  7.6360478352583059E+03  1.1872335654108761E-15  1.4144234335247803E-16
  7.7121234965447657E+03  1.1033956108552297E-15  1.3491565149846239E-16
  7.7889570768968233E+03  1.0256023236912400E-15  1.2864641173303160E-16
  7.8665561272354853E+03  9.5339352301431291E-16  1.2262649120326255E-16
  7.9449282737093745E+03  8.8634730969573594E-16  1.1684793304894325E-16
  8.0240812184441002E+03  8.2407650490204360E-16  1.1130295525744886E-16
  8.1040227402992487E+03  7.6622546075633041E-16  1.0598394934215013E-16
  8.1847606956329082E+03  7.1246718209785235E-16  1.0088347622830533E-16
  8.2663030190736608E+03  6.6250075911384334E-16  9.5994265090663110E-17
  8.3486577243004231E+03  6.1604908481598053E-16  9.1309215761085462E-17
  8.4318329048300457E+03  5.7285677387629830E-16  8.6821397408652465E-17
  8.5158367348126249E+03  5.3268828337010559E-16  8.2524046913510372E-17
  8.6006774698348581E+03  4.9532621526704184E-16  7.8410567191981110E-17
  8.6863634477314463E+03  4.6056978106590841E-16  7.4474525473424374E-17
  8.7729030894043881E+03  4.2823341130609914E-16  7.0709651529465151E-17
  8.8603048996506095E+03  3.9814549472051003E-16  6.7109835856298652E-17
  8.9485774679978422E+03  3.7014723356539557E-16  6.3669127810930380E-17
  9.0377294695486562E+03  3.4409160320781703E-16  6.0381733702322717E-17
  9.1277696658330769E+03  3.1984240542441949E-16  5.7242014846426545E-17
  9.2187069056696710E+03  2.9727341366414262E-16  5.4244487112721928E-17
  9.3105501260351557E+03  2.7626759865189695E-16  5.1383821092528336E-17
  9.4033083529425621E+03  2.5671638679998127E-16  4.8654835829911258E-17
  9.4969907023285050E+03  2.3851900027587507E-16  4.6052495963552469E-17
  9.5916063809489497E+03  2.2158185833123687E-16  4.3571909717126540E-17
  9.6871646872839010E+03  2.0581802910995683E-16  4.1208326842936324E-17
  9.7836750124514583E+03  1.9114672721627092E-16  3.8957136521177161E-17
  9.8811468411306250E+03  1.7749285281121865E-16  3.6813865217288181E-17
  9.9795897524932952E+03  1.6478656843762505E-16  3.4774174499882724E-17
  1.0079013421145924E+04  1.5296291015758492E-16  3.2833858821801365E-17
  1.0179427618080146E+04  1.4196142992795438E-16  3.0988843266904513E-17
  1.0280842211633029E+04  1.3172586644316384E-16  2.9235181265216726E-17
  1.0383267168456929E+04  1.2220384164648883E-16  2.7569052204151724E-17
  1.0486712554499041E+04  1.1334657943015011E-16  2.5986758679675915E-17
  1.0591188535990525E+04  1.0510864962644968E-16  2.4484724523913599E-17
  1.0696705380445652E+04  9.7447731223816154E-17  2.3059492677373856E-17
  1.0803273457670944E+04  9.0324392378658924E-17  2.1707722766690193E-17
  1.0910903240784130E+04  8.3701887068205843E-17  2.0426188666681080E-17
  1.1019605307243482E+04  7.7545967016104989E-17  1.9211776051637329E-17
  1.1129390339887397E+04  7.1824707636164533E-17  1.8061479938439889E-17
  1.1240269127984124E+04  6.6508346853068480E-17  1.6972402224093267E-17
  1.1352252568292161E+04  6.1569135761134851E-17  1.5941749220232793E-17
  1.1465351666131235E+04  5.6981200174438529E-17  1.4966829187142288E-17
  1.1579577536463703E+04  5.2720412204882146E-17  1.4045049869784794E-17
  1.1694941404986970E+04  4.8764271170023282E-17  1.3173916067630234E-17
  1.1811454609236780E+04  4.5091794851523700E-17  1.2351027724633131E-17
  1.1929128599701284E+04  4.1683416133452138E-17  1.1574077326939820E-17
  1.2047974940946420E+04  3.8520884961297661E-17  1.0840846811953267E-17
  1.2168005312752517E+04  3.5587179577778260E-17  1.0149205155217291E-17
  1.2289231511261980E+04  3.2866424077275619E-17  9.4971060051794499E-18
  1.2411665450138666E+04  3.0343811669653240E-17  8.8825853323072176E-18
  1.2535319161738764E+04  2.8005533230628951E-17  8.3037590948808837E-18
  1.2660204798293167E+04  2.5838710750129859E-17  7.7588209236973916E-18
  1.2786334633101800E+04  2.3831335321264461E-17  7.2460398278246197E-18
  1.2913721061739889E+04  2.1972209341024971E-17  6.7637579234548641E-18
  1.3042376603275990E+04  2.0250892619813564E-17  6.3103881878096921E-18
  1.3172313901502395E+04  1.8657652120720756E-17  5.8844122399649573E-18
  1.3303545726177799E+04  1.7183415130408924E-17  5.4843781688203042E-18
  1.3436084974282101E+04  1.5819725571121784E-17  5.1088983946483162E-18
  1.3569944671283956E+04  1.4558702995980297E-17  4.7566474905381971E-18
  1.3705137972420924E+04  1.3393004444702001E-17  4.4263600811788593E-18
  1.3841678163992294E+04  1.2315788852630164E-17  4.1168287850842549E-18
  1.3979578664664603E+04  1.1320683809075155E-17  3.8269021924104839E-18
  1.4118853026790732E+04  1.0401754504439914E-17  3.5554828795271562E-18
  1.4259514937741596E+04  9.5534747174040321E-18  3.3015254614063226E-18
  1.4401578221251122E+04  8.7706997042679434E-18  3.0640346827862502E-18
  1.4545056838775139E+04  8.0486408625359926E-18  2.8420635489671758E-18
  1.4689964890863284E+04  7.3828420500106429E-18  2.6347114969993993E-18
  1.4836316618544577E+04  6.7691574491286406E-18  2.4411226079270755E-18
  1.4984126404727334E+04  6.2037308769330102E-18  2.2604838618956576E-18
  1.5133408775612450E+04  5.6829764559990509E-18  2.0920234387299537E-18
  1.5284178402120961E+04  5.2035605112765461E-18  1.9350090512454494E-18
  1.5436450101335899E+04  4.7623846478465537E-18  1.7887463229780147E-18
  1.5590238837958555E+04  4.3565699423532602E-18  1.6525772127735219E-18
  1.5745559725778978E+04  3.9834421623082971E-18  1.5258784824514302E-18
  1.5902428029161378E+04  3.6405179464866927E-18  1.4080602075491215E-18
  1.6060859164544365E+04  3.3254918842740418E-18  1.2985643311193585E-18
  1.6220868701955815E+04  3.0362244359941485E-18  1.1968632604792417E-18
  1.6382472366543141E+04  2.7707306401119361E-18  1.1024585067376399E-18
  1.6545686040118791E+04  2.5271695567975397E-18  1.0148793668614965E-18
  1.6710525762720870E+04  2.3038344006695385E-18  9.3368164797734515E-19
  1.6877007734189574E+04  2.0991433235918146E-18  8.5844643582723918E-19
  1.7045148315759376E+04  1.9116308619506899E-18  7.8877893166441375E-19
  1.7214964031666725E+04  1.7399398408905510E-18  7.2430728224953533E-19
  1.7386471570774102E+04  1.5828137834949562E-18  6.6468143959569761E-19
  1.7559687788210242E+04  1.4390898895325663E-18  6.0957209229880891E-19
  1.7734629707026372E+04  1.3076924791762520E-18  5.5866963664682374E-19
  1.7911314519869295E+04  1.1876268699384184E-18  5.1168318591636112E-19
  1.8089759590671125E+04  1.0779736593342997E-18  4.6833961721324024E-19
  1.8269982456355519E+04  9.7788338751915578E-19  4.2838265517635141E-19
  1.8452000828561268E+04  8.8657155576449805E-19  3.9157199183057846E-19
  1.8635832595383035E+04  8.0331397815273556E-19  3.5768244184464064E-19
  1.8821495823129117E+04  7.2744244528435756E-19  3.2650313242289124E-19
  1.9009008758097018E+04  6.5834067988200535E-19  2.9783672691341923E-19
  1.9198389828366780E+04  5.9544054865291505E-19  2.7149867288464124E-19
  1.9389657645611773E+04  5.3821854244304310E-19  2.4731648849086920E-19
  1.9582831006927910E+04  4.8619253774179985E-19  2.2512910046405006E-19
  1.9777928896681060E+04  4.3891874614113880E-19  2.0478619522653315E-19
  1.9974970488372543E+04  3.9598886977005576E-19  1.8614759777610223E-19
  2.0173975146523524E+04  3.5702745359597992E-19  1.6908267955605463E-19
  2.0374962428578241E+04  3.2168942180339087E-19  1.5346979440198258E-19
  2.0577952086825768E+04  2.8965778625623326E-19  1.3919574165802425E-19
  2.0782964070341328E+04  2.6064151579719909E-19  1.2615525555835165E-19
  2.0990018526946908E+04  2.3437355583757545E-19  1.1425051997471646E-19
  2.1199135805191250E+04  2.1060898834838042E-19  1.0339070763750822E-19
  2.1410336456349360E+04  1.8912332298067620E-19  9.3491542946469041E-20
  2.1623641236442701E+04  1.6971091320268115E-19  8.4474888859458268E-20
  2.1839071108278778E+04  1.5218349167392351E-19  7.6268358154526791E-20
  2.2056647243511015E+04  1.3636879235094270E-19  6.8804935501318961E-20
  2.2276391024719942E+04  1.2210928129063778E-19  6.2022624365659733E-20
  2.2498324047514361E+04  1.0926098481220273E-19  5.5864115550687559E-20
  2.2722468122653390E+04  9.7692403875690507E-20  5.0276474160596322E-20
  2.2948845278190482E+04  8.7283508822677516E-20  4.5210844210437583E-20
  2.3177477761637976E+04  7.7924808998287013E-20  4.0622170123903674E-20
  2.3408388042153416E+04  6.9516492119374186E-20  3.6468934377465881E-20
  2.3641598812747841E+04  6.1967628578853783E-20  3.2712910566569147E-20
  2.3877132992516130E+04  5.5195436181870655E-20  2.9318931187524868E-20
  2.4115013728889087E+04  4.9124601096987802E-20  2.6254669447244079E-20
  2.4355264399908465E+04  4.3686650839107148E-20  2.3490434299382629E-20
  2.4597908616524601E+04  3.8819373301367714E-20  2.0998976826538175E-20
  2.4842970224916517E+04  3.4466285938339300E-20  1.8755311408201804E-20
  2.5090473308835582E+04  3.0576147328674913E-20  1.6736548612914414E-20
  2.5340442191972543E+04  2.7102504370876728E-20  1.4921737266119168E-20
  2.5592901440347636E+04  2.4003275560700935E-20  1.3291716833847532E-20
  2.5847875864725029E+04  2.1240367793842902E-20  1.1828979613545353E-20
  2.6105390523051254E+04  1.8779324218616968E-20  1.0517542195186156E-20
  2.6365470722917526E+04  1.6589000830353747E-20  9.3428256768029143E-21
  2.6628142024047014E+04  1.4641269655887212E-20  8.2915441393077908E-21
  2.6893430240806931E+04  1.2910746523426653E-20  7.3516009059363828E-21
  2.7161361444745155E+04  1.1374541550839627E-20  6.5119921317912342E-21
  2.7431961967152598E+04  1.0012030619793457E-20  5.7627172920296858E-21
  2.7705258401651099E+04  8.8046465899387675E-21  5.0946963663702990E-21
  2.7981277606806660E+04  7.7356880520771079E-21  4.4996929225568407E-21
  2.8260046708769121E+04  6.7901436507284264E-21  3.9702424013478754E-21
  2.8541593103938227E+04  5.9545324416918852E-21  3.4995862344890774E-21
  2.8825944461655679E+04  5.2167582836677937E-21  3.0816110098662789E-21
  2.9113128726924569E+04  4.5659770440632445E-21  2.7107923024242802E-21
  2.9403174123155863E+04  3.9924755869281632E-21  2.3821428648567586E-21
  2.9696109154941692E+04  3.4875615861265317E-21  2.0911648878423663E-21
  2.9991962610857168E+04  3.0434632771093539E-21  1.8338060548877659E-21
  3.0290763566289177E+04  2.6532383263180562E-21  1.6064191316371355E-21
  3.0592541386293993E+04  2.3106910585566105E-21  1.4057248437983775E-21
  3.0897325728483349E+04  2.0102973398816350E-21  1.2287778116090034E-21
  3.1205146545938718E+04  1.7471364319723155E-21  1.0729353004030755E-21
  3.1516034090155146E+04  1.5168292060660091E-21  9.3582857442741834E-22
  3.1830018914014494E+04  1.3154824618784804E-21  8.1533684023873952E-22
  3.2147131874787643E+04  1.1396384492906228E-21  7.0956336101575718E-22
  3.2467404137167236E+04  9.8622921228178093E-22  6.1681362447419156E-22
  3.2790867176330627E+04  8.5253538241402631E-22  5.3557543970457761E-22
  3.3117552781032762E+04  7.3614902301382988E-22  4.6450081246509384E-22
  3.3447493056730433E+04  6.3494015763366626E-22  4.0238945833050433E-22
  3.3780720428737717E+04  5.4702664648238345E-22  3.4817382249481589E-22
  3.4117267645412176E+04  4.7074710240656354E-22  3.0090548394138510E-22
  3.4457167781373479E+04  4.0463656382932464E-22  2.5974283014321819E-22
  3.4800454240754043E+04  3.4740466594453901E-22  2.2393989645218809E-22
  3.5147160760481464E+04  2.9791607440987654E-22  1.9283627245996848E-22
  3.5497321413594254E+04  2.5517297107869101E-22  1.6584798787073089E-22
  3.5850970612590638E+04  2.1829937170943155E-22  1.4245927886068478E-22
  3.6208143112809972E+04  1.8652711394410186E-22  1.2221516859544048E-22
  3.6568874015848982E+04  1.5918335778027767E-22  1.0471479370831936E-22
  3.6933198773010852E+04  1.3567944014396496E-22  8.9605404411051076E-23
  3.7301153188789518E+04  1.1550094773208659E-22  7.6576976834245371E-23
  3.7672773424388615E+04  9.8198884881753790E-23  6.5357381181270362E-23
  3.8048096001274796E+04  8.3381824610350554E-23  5.5708053832454564E-23
  3.8427157804767172E+04  7.0708941413389573E-23  4.7420125786015348E-23
  3.8809996087662483E+04  5.9883833974868383E-23  4.0310963782431244E-23
  3.9196648473895730E+04  5.0649054701310527E-23  3.4221084144115042E-23
  3.9587152962237895E+04  4.2781270983879694E-23  2.9011402777222012E-23
  3.9981547930030625E+04  3.6086990079876395E-23  2.4560787732226809E-23
  4.0379872136957289E+04  3.0398787403005119E-23  2.0763884527252993E-23
  4.0782164728852389E+04  2.5571983073256603E-23  1.7529186436007145E-23
  4.1188465241548933E+04  2.1481716095496298E-23  1.4777323768769026E-23
  4.1598813604763338E+04  1.8020372424280551E-23  1.2439549774004644E-23
  4.2013250146019869E+04  1.5095327063525806E-23  1.0456402457598829E-23
  4.2431815594614091E+04  1.2626964438172737E-23  8.7765235431622201E-24
  4.2854551085615130E+04  1.0546945029990771E-23  7.3556176004479022E-24
  4.3281498163908487E+04  8.7966896668655676E-24  6.1555360218371935E-24
  4.3712698788279195E+04  7.3260559245800466E-24  5.1434720393647654E-24
  4.4148195335534780E+04  6.0921838702410487E-24  4.2912543565758923E-24
  4.4588030604670566E+04  5.0584908731410620E-24  3.5747282299590328E-24
  4.5032247821075209E+04  4.1937974445579906E-24  2.9732139748794532E-24
  4.5480890640778998E+04  3.4715680978822700E-24  2.4690339209030727E-24
  4.5934003154744452E+04  2.8692531330547417E-24  2.0470998571615705E-24
  4.6391629893198908E+04  2.3677186339712685E-24  1.6945537037296283E-24
  4.6853815830011037E+04  1.9507536080618194E-24  1.4004550465898893E-24
  4.7320606387110973E+04  1.6046444755006910E-24  1.1555098610259129E-24
  4.7792047438953719E+04  1.3178082552978930E-24  9.5183536679760468E-25
  4.8268185317027725E+04  1.0804768307733884E-24  7.8275652843756749E-25
  4.8749066814408499E+04  8.8442559830318741E-25  6.4263022627243739E-25
  4.9234739190356682E+04  7.2274062204463221E-25  5.2669358337491564E-25
  4.9725250174962792E+04  5.8961914391974323E-25  4.3093334529669959E-25
  5.0220647973838277E+04  4.8019894186984308E-25  3.5197357748685390E-25
  5.0720981272852376E+04  3.9041259884900979E-25  2.8697927380236036E-25
  5.1226299242917055E+04  3.1686324798015878E-25  2.3357376220207156E-25
  5.1736651544819717E+04  2.5671880281665169E-25  1.8976805402505646E-25
  5.2252088334103028E+04  2.0762207212646954E-25  1.5390051435369444E-25
  5.2772660265994295E+04  1.6761450182983126E-25  1.2458543575826344E-25
  5.3298418500384047E+04  1.3507158789769108E-25  1.0066927887651212E-25
  5.3829414706853095E+04  1.0864826786375287E-25  8.1193503231801524E-26
  5.4365701069751223E+04  8.7232829353214066E-26  6.5363052657561008E-26
  5.4907330293325023E+04  6.9908075493657724E-26  5.2519683695550858E-26
  5.5454355606897661E+04  5.5918662658837305E-26  4.2119434205463140E-26
  5.6006830770100525E+04  4.4643678761056192E-26  3.3713624828465510E-26
  5.6564810078155766E+04  3.5573662981808065E-26  2.6932869391522791E-26