 #p(MeV) \t \delta f_\\nu \t \delta f_\\nubar
  7.0465994282261093E+00  3.4134434702493842E-13  3.3081497663714964E-13
  7.1168025912874784E+00  3.3601228870606367E-13  3.2558260623491380E-13
  7.1877051674705941E+00  3.3077417576898716E-13  3.2044266525857229E-13
  7.2593141248192614E+00  3.2562831943993773E-13  3.1539348771122073E-13
  7.3316365007978064E+00  3.2057276275471957E-13  3.1043314755518144E-13
  7.4046794029827208E+00  3.1560556040403082E-13  3.0555973073626466E-13
  7.4784500097611488E+00  3.1072481649595769E-13  3.0077137187042847E-13
  7.5529555710363550E+00  3.0592868306916862E-13  2.9606625278048319E-13
  7.6282034089402364E+00  3.0121535868151998E-13  2.9144260110659838E-13
  7.7042009185528855E+00  2.9658308706958451E-13  2.8689868898620649E-13
  7.7809555686293805E+00  2.9203015587486870E-13  2.8243283179914055E-13
  7.8584749023337608E+00  2.8755489543272540E-13  2.7804338697408194E-13
  7.9367665379803567E+00  2.8315567762018158E-13  2.7372875285261163E-13
  8.0158381697824961E+00  2.7883091475912891E-13  2.6948736760736928E-13
  8.0956975686086352E+00  2.7457905857151736E-13  2.6531770821102361E-13
  8.1763525827460910E+00  2.7039863409055681E-13  2.6121832325027765E-13
  8.2578111386723041E+00  2.6628837566590346E-13  2.5718796452163252E-13
  8.3400812418338397E+00  2.6224709532869455E-13  2.5322545944426772E-13
  8.4231709774331449E+00  2.5827362487523547E-13  2.4932965495805865E-13
  8.5070885112231078E+00  2.5436681549471980E-13  2.4549941715718768E-13
  8.5918420903095871E+00  2.5052553743806823E-13  2.4173363096364218E-13
  8.6774400439618766E+00  2.4674867970481569E-13  2.3803119981824486E-13
  8.7638907844312879E+00  2.4303514974665617E-13  2.3439104538785065E-13
  8.8512028077778950E+00  2.3938387318636233E-13  2.3081210728745358E-13
  8.9393846947054545E+00  2.3579379355086552E-13  2.2729334281601587E-13
  9.0284451114047339E+00  2.3226387201736950E-13  2.2383372670491196E-13
  9.1183928104051475E+00  2.2879308717143698E-13  2.2043225087795189E-13
  9.2092366314349476E+00  2.2538044145241739E-13  2.1708793069028502E-13
  9.3009855022899650E+00  2.2202505926195832E-13  2.1379989998887083E-13
  9.3936484397109794E+00  2.1872615843081576E-13  2.1056738337350058E-13
  9.4872345502698732E+00  2.1548296350427620E-13  2.0738961210820640E-13
  9.5817530312645722E+00  2.1229470344762236E-13  2.0426582189926312E-13
  9.6772131716229328E+00  2.0916061187166776E-13  2.0119525311642394E-13
  9.7736243528156326E+00  2.0607992726106120E-13  1.9817715101654213E-13
  9.8709960497781175E+00  2.0305189320418127E-13  1.9521076596842805E-13
  9.9693378318418038E+00  2.0007575862354624E-13  1.9229535367789329E-13
  1.0068659363674477E+01  1.9715077800575525E-13  1.8943017541201451E-13
  1.0168970406230125E+01  1.9427621163006312E-13  1.8661449822175229E-13
  1.0270280817708208E+01  1.9145132579477955E-13  1.8384759516212397E-13
  1.0372600554522471E+01  1.8867539136038613E-13  1.8112874389181476E-13
  1.0475939672279427E+01  1.8594754641628718E-13  1.7845709433951052E-13
  1.0580308326766609E+01  1.8326670336018723E-13  1.7583157928889689E-13
  1.0685716774950601E+01  1.8063177956619622E-13  1.7325113689162640E-13
  1.0792175375985101E+01  1.7804172200042161E-13  1.7071473439576935E-13
  1.0899694592228938E+01  1.7549550628892176E-13  1.6822136722970807E-13
  1.1008284990274312E+01  1.7299213583067877E-13  1.6577005813003567E-13
  1.1117957241985206E+01  1.7053064095311916E-13  1.6335985631103316E-13
  1.1228722125546192E+01  1.6811007810783348E-13  1.6098983667342431E-13
  1.1340590526521691E+01  1.6572952910428708E-13  1.5865909905023031E-13
  1.1453573438925732E+01  1.6338810037941656E-13  1.5636676748766662E-13
  1.1567681966302413E+01  1.6108492230113064E-13  1.5411198955912997E-13
  1.1682927322817138E+01  1.5881914850512935E-13  1.5189393571165763E-13
  1.1799320834358674E+01  1.5659000091055300E-13  1.4971184238749626E-13
  1.1916873939652248E+01  1.5439690844375681E-13  1.4756514492130943E-13
  1.2035598191383661E+01  1.5223935663718633E-13  1.4545333315417245E-13
  1.2155505257334696E+01  1.5011683632768864E-13  1.4337590220001419E-13
  1.2276606921529735E+01  1.4802884365639161E-13  1.4133235244505305E-13
  1.2398915085393879E+01  1.4597488007316614E-13  1.3932218955155901E-13
  1.2522441768922574E+01  1.4395445234489000E-13  1.3734492446518196E-13
  1.2647199111862880E+01  1.4196707256699111E-13  1.3540007342533965E-13
  1.2773199374906524E+01  1.4001225817778147E-13  1.3348715797818118E-13
  1.2900454940894852E+01  1.3808953197513289E-13  1.3160570499169529E-13
  1.3028978316035735E+01  1.3619842213507683E-13  1.2975524667255068E-13
  1.3158782131132684E+01  1.3433846223194285E-13  1.2793532058429442E-13
  1.3289879142826086E+01  1.3250918866952771E-13  1.2614546722752552E-13
  1.3422282234846966E+01  1.3071011973147827E-13  1.2438521032813802E-13
  1.3556004419283084E+01  1.2894076785441401E-13  1.2265406844035320E-13
  1.3691058837857733E+01  1.2720065269553299E-13  1.2095156725540386E-13
  1.3827458763221291E+01  1.2548930116337680E-13  1.1927723962569450E-13
  1.3965217600255562E+01  1.2380624732992713E-13  1.1763062547767684E-13
  1.4104348887391177E+01  1.2215103234478851E-13  1.1601127172672018E-13
  1.4244866297938129E+01  1.2052320435132086E-13  1.1441873219384724E-13
  1.4386783641429478E+01  1.1892231840459894E-13  1.1285256752421138E-13
  1.4530114864978561E+01  1.1734793639107977E-13  1.1131234510720183E-13
  1.4674874054649607E+01  1.1579962694987019E-13  1.0979763899807019E-13
  1.4821075436842118E+01  1.1427696539549389E-13  1.0830802984098141E-13
  1.4968733379688945E+01  1.1277953249398813E-13  1.0684310370113574E-13
  1.5117862394468339E+01  1.1130685862221264E-13  1.0540239896572859E-13
  1.5268477137030114E+01  1.0985840226755399E-13  1.0398538600821375E-13
  1.5420592409235894E+01  1.0843362930646414E-13  1.0259154265922884E-13
  1.5574223160413839E+01  1.0703201925582620E-13  1.0122036014403171E-13
  1.5729384488827810E+01  1.0565306488562441E-13  9.9871342702219712E-14
  1.5886091643161127E+01  1.0429627184446860E-13  9.8544007220050105E-14
  1.6044360024015219E+01  1.0296115829750178E-13  9.7237882874897597E-14
  1.6204205185423056E+01  1.0164725457624040E-13  9.5952510791406048E-14
  1.6365642836377841E+01  1.0035410283990797E-13  9.4687443708903237E-14
  1.6528688842376738E+01  9.9081256747848197E-14  9.3442245659671588E-14
  1.6693359226980114E+01  9.7828281142614956E-14  9.2216491657677178E-14
  1.6859670173386320E+01  9.6594751746881065E-14  9.1009767400734909E-14
  1.7027638026022029E+01  9.5380284590105386E-14  8.9821697067155987E-14
  1.7197279292148554E+01  9.4184605458512382E-14  8.8652008850785310E-14
  1.7368610643484150E+01  9.3007464987747079E-14  8.7500454566350368E-14
  1.7541648917842373E+01  9.1848616093981245E-14  8.6366788298222870E-14
  1.7716411120786923E+01  9.0707813999725554E-14  8.5250766424882191E-14
  1.7892914427302799E+01  8.9584816258228202E-14  8.4152147641939675E-14
  1.8071176183484290E+01  8.8479382776471210E-14  8.3070692983742499E-14
  1.8251213908239599E+01  8.7391275836787094E-14  8.2006165843572623E-14
  1.8433045295012576E+01  8.6320260117111787E-14  8.0958331992461481E-14
  1.8616688213521588E+01  8.5266102709896554E-14  7.9926959596642745E-14
  1.8802160711515633E+01  8.4228573139702996E-14  7.8911819233664685E-14
  1.8989481016548048E+01  8.3207443379501146E-14  7.7912683907184837E-14
  1.9178667537767843E+01  8.2202481218583090E-14  7.6929322801527401E-14
  1.9369738867728852E+01  8.1213396605113247E-14  7.5961450809375684E-14
  1.9562713784216992E+01  8.0239872938696292E-14  7.5008758104160497E-14
  1.9757611252095614E+01  7.9281600580022041E-14  7.4070941706255400E-14
  1.9954450425169370E+01  7.8338276989658070E-14  7.3147705606172848E-14
  2.0153250648066503E+01  7.7409606544900170E-14  7.2238760584786955E-14
  2.0354031458140017E+01  7.6495300362114270E-14  7.1343824038942246E-14
  2.0556812587387739E+01  7.5595076124390242E-14  7.0462619812266660E-14
  2.0761613964391469E+01  7.4708657914328311E-14  6.9594878031017495E-14
  2.0968455716275500E+01  7.3835776051788662E-14  6.8740334944790492E-14
  2.1177358170684684E+01  7.2976166936440679E-14  6.7898732771932462E-14
  2.1388341857782088E+01  7.2129572894953085E-14  6.7069819549501674E-14
  2.1601427512266653E+01  7.1295742104542516E-14  6.6253349063326426E-14
  2.1816636075410944E+01  7.0474434169329964E-14  6.5449086256080206E-14
  2.2033988697119170E+01  6.9665422500465070E-14  6.4656809438086229E-14
  2.2253506738005687E+01  6.8868485739249546E-14  6.3876302038637320E-14
  2.2475211771494255E+01  6.8083406966157789E-14  6.3107351850603924E-14
  2.2699125585938258E+01  6.7309973603582537E-14  6.2349750934920952E-14
  2.2925270186761875E+01  6.6547977321195164E-14  6.1603295527627714E-14
  2.3153667798622759E+01  6.5797213943835380E-14  6.0867785949377538E-14
  2.3384340867596208E+01  6.5057483361852183E-14  6.0143026517340391E-14
  2.3617312063381036E+01  6.4328589443819214E-14  5.9428825459423298E-14
  2.3852604281527469E+01  6.3610339951551099E-14  5.8724994830734448E-14
  2.4090240645687285E+01  6.2902546457347699E-14  5.8031350432221942E-14
  2.4330244509886299E+01  6.2205024273265097E-14  5.7347711740213272E-14
  2.4572639460819463E+01  6.1517592785978676E-14  5.6673902098242791E-14
  2.4817449320168929E+01  6.0840074212240056E-14  5.6009747395553747E-14
  2.5064698146945176E+01  6.0172293912856594E-14  5.5355076593058971E-14
  2.5314410239851384E+01  5.9514080783317006E-14  5.4709722122911232E-14
  2.5566610139671425E+01  5.8865267173129352E-14  5.4073519809310598E-14
  2.5821322631681721E+01  5.8225688807354116E-14  5.3446308791461102E-14
  2.6078572748086955E+01  5.7595184710263902E-14  5.2827931448611591E-14
  2.6338385770480155E+01  5.6973597131064189E-14  5.2218233327113020E-14
  2.6600787232327352E+01  5.6360771471610148E-14  5.1617063069431091E-14
  2.6865802921476867E+01  5.5756556216059292E-14  5.1024272345053737E-14
  2.7133458882693585E+01  5.5160802862400023E-14  5.0439715783234401E-14
  2.7403781420218625E+01  5.4573365855798159E-14  4.9863250907514620E-14
  2.7676797100354435E+01  5.3994103259197301E-14  4.9294738758803168E-14
  2.7952532754075531E+01  5.3422881706512428E-14  4.8734048485920289E-14
  2.8231015479665412E+01  5.2859572986428938E-14  4.8181054147185525E-14
  2.8512272645379728E+01  5.2304051205626091E-14  4.7635632077404916E-14
  2.8796331892135825E+01  5.1756192729402335E-14  4.7097660830351557E-14
  2.9083221136229231E+01  5.1215876137391233E-14  4.6567021135156565E-14
  2.9372968572077227E+01  5.0682982180255175E-14  4.6043595853660832E-14
  2.9665602674989632E+01  5.0157393737335711E-14  4.5527269938705061E-14
  2.9961152203967238E+01  4.9638995775233448E-14  4.5017930393333810E-14
  3.0259646204528156E+01  4.9127675307297582E-14  4.4515466230891204E-14
  3.0561114011562367E+01  4.8623321354000940E-14  4.4019768435986789E-14
  3.0865585252214530E+01  4.8125824904179836E-14  4.3530729926309644E-14
  3.1173089848795691E+01  4.7635078161127127E-14  4.3048244861115867E-14
  3.1483658021723983E+01  4.7150957437829734E-14  4.2572193039256986E-14
  3.1797320292494479E+01  4.6673323190685515E-14  4.2102439996844911E-14
  3.2114107486678783E+01  4.6202038341365534E-14  4.1638853752948642E-14
  3.2434050736954475E+01  4.5736969089260532E-14  4.1181305545950128E-14
  3.2757181486164718E+01  4.5277984826139929E-14  4.0729669750201707E-14
  3.3083531490408255E+01  4.4824958053525540E-14  4.0283823795320047E-14
  3.3413132822160364E+01  4.4377764302685855E-14  3.9843648088024170E-14
  3.3746017873424847E+01  4.3936282057161133E-14  3.9409025936429869E-14
  3.4082219358917300E+01  4.3500392677732122E-14  3.8979843476713976E-14
  3.4421770319280270E+01  4.3069980329748286E-14  3.8555989602066530E-14
  3.4764704124330372E+01  4.2644931912734658E-14  3.8137355893850888E-14
  3.5111054476337685E+01  4.2225137016391045E-14  3.7723836577423103E-14
  3.5460855413337924E+01  4.1810498166435716E-14  3.7315337836867887E-14
  3.5814141312477609E+01  4.1400945637922095E-14  3.6911791195316870E-14
  3.6170946893392525E+01  4.0996414614141863E-14  3.6513132701085537E-14
  3.6531307221619684E+01  4.0596841123811958E-14  3.6119299235993282E-14
  3.6895257712043659E+01  4.0202162030989817E-14  3.5730228505360843E-14
  3.7262834132376938E+01  3.9812315025336997E-14  3.5345859028319346E-14
  3.7634072606674962E+01  3.9427238612716842E-14  3.4966130128415597E-14
  3.8009009618886367E+01  3.9046872106109677E-14  3.4590981924497877E-14
  3.8387682016438497E+01  3.8671155616831238E-14  3.4220355321867869E-14
  3.8770127013858541E+01  3.8300030046039847E-14  3.3854192003684137E-14
  3.9156382196430904E+01  3.7933437076519522E-14  3.3492434422604590E-14
  3.9546485523890965E+01  3.7571319164725201E-14  3.3135025792653734E-14
  3.9940475334155636E+01  3.7213618564892438E-14  3.2781909149714191E-14
  4.0338390347090900E+01  3.6860270684048493E-14  3.2433021163190664E-14
  4.0740269668317296E+01  3.6511208643902290E-14  3.2088296463240053E-14
  4.1146152793052977E+01  3.6166366784517030E-14  3.1747670877015840E-14
  4.1556079609995074E+01  3.5825680648713169E-14  3.1411081412611282E-14
  4.1970090405239887E+01  3.5489086956117816E-14  3.1078466233721617E-14
  4.2388225866242138E+01  3.5156523578091957E-14  3.0749764635138603E-14
  4.2810527085813384E+01  3.4827929513503928E-14  3.0424917019044298E-14
  4.3237035566160614E+01  3.4503244865317854E-14  3.0103864872074792E-14
  4.3667793222964924E+01  3.4182410817966384E-14  2.9786550743123206E-14
  4.4102842389500822E+01  3.3865369615480789E-14  2.9472918221854815E-14
  4.4542225820796453E+01  3.3552064540349134E-14  2.9162911917905768E-14
  4.4985986697835656E+01  3.3242439323484514E-14  2.8856476959782861E-14
  4.5434168631801477E+01  3.2936429920532294E-14  2.8553552033592518E-14
  4.5886815668362061E+01  3.2633966656592371E-14  2.8254071235072193E-14
  4.6343972291999435E+01  3.2334981188188763E-14  2.7957969999906120E-14
  4.6805683430381237E+01  3.2039406668841400E-14  2.7665185241189065E-14
  4.7271994458775971E+01  3.1747177714401966E-14  2.7375655315621183E-14
  4.7742951204512387E+01  3.1458230369555020E-14  2.7089319990803410E-14
  4.8218599951483228E+01  3.1172502075440951E-14  2.6806120413591719E-14
  4.8698987444693870E+01  3.0889931638361569E-14  2.6525999079470857E-14
  4.9184160894856042E+01  3.0610459199528754E-14  2.6248899802908424E-14
  4.9674167983027829E+01  3.0334026205818401E-14  2.5974767688652266E-14
  5.0169056865299403E+01  3.0060575381493605E-14  2.5703549103934966E-14
  5.0668876177525640E+01  2.9790050790630543E-14  2.5435191727273737E-14
  5.1173675040105863E+01  2.9522408284348509E-14  2.5169653446004832E-14
  5.1683503062811340E+01  2.9257625040698115E-14  2.4906910453854274E-14
  5.2198410349660584E+01  2.8995680677714769E-14  2.4646941034759612E-14
  5.2718447503843443E+01  2.8736554789644106E-14  2.4389723445119284E-14
  5.3243665632694302E+01  2.8480226952607224E-14  2.4135235919308921E-14
  5.3774116352714607E+01  2.8226676730376612E-14  2.3883456675270524E-14
  5.4309851794645482E+01  2.7975883680249931E-14  2.3634363920160687E-14
  5.4850924608591129E+01  2.7727827359009379E-14  2.3387935856045997E-14
  5.5397387969193019E+01  2.7482487328954237E-14  2.3144150685633549E-14
  5.5949295580855605E+01  2.7239843163996135E-14  2.2902986618025387E-14
  5.6506701683024247E+01  2.6999874455805903E-14  2.2664421874486396E-14
  5.7069661055515802E+01  2.6762560820001966E-14  2.2428434694215037E-14
  5.7638229023901950E+01  2.6527878103409074E-14  2.2195000129638890E-14
  5.8212461464946486E+01  2.6295783447009942E-14  2.1964077428923411E-14
  5.8792414812096787E+01  2.6066228946299073E-14  2.1735621686568390E-14
  5.9378146061029796E+01  2.5839167722795365E-14  2.1509589010530908E-14
  5.9969712775253171E+01  2.5614553903112613E-14  2.1285936501545567E-14
  6.0567173091762783E+01  2.5392342596091870E-14  2.1064622230841566E-14
  6.1170585726755938E+01  2.5172489870747155E-14  2.0845605218620207E-14
  6.1780009981401840E+01  2.4954952734993382E-14  2.0628845413261190E-14
  6.2395505747669489E+01  2.4739689115127771E-14  2.0414303671229741E-14
  6.3017133514213747E+01  2.4526657836036245E-14  2.0201941737656262E-14
  6.3644954372319788E+01  2.4315818602098414E-14  1.9991722227561804E-14
  6.4279030021906962E+01  2.4107131978763785E-14  1.9783608607703459E-14
  6.4919422777592615E+01  2.3900559963614666E-14  1.9577565668118470E-14
  6.5566195574815836E+01  2.3696073677223752E-14  1.9373565894292439E-14
  6.6219411976022698E+01  2.3493650886071618E-14  1.9171587353895889E-14
  6.6879136176912994E+01  2.3293269782657044E-14  1.8971608508658743E-14
  6.7545433012749058E+01  2.3094908830483598E-14  1.8773608084659867E-14
  6.8218367964727534E+01  2.2898546759920519E-14  1.8577565068250180E-14
  6.8898007166414587E+01  2.2704162564269917E-14  1.8383458702159897E-14
  6.9584417410245464E+01  2.2511735496031080E-14  1.8191268481780915E-14
  7.0277666154088365E+01  2.2321245063352876E-14  1.8000974151615198E-14
  7.0977821527874056E+01  2.2132671026665680E-14  1.7812555701880625E-14
  7.1684952340291503E+01  2.1945993395484632E-14  1.7625993365266112E-14
  7.2399128085550117E+01  2.1761192425376093E-14  1.7441267613828118E-14
  7.3120418950209071E+01  2.1578248609366036E-14  1.7258359151172993E-14
  7.3848895820075526E+01  2.1397142340273841E-14  1.7077248652452158E-14
  7.4584630287170711E+01  2.1217853795031759E-14  1.6897916697613256E-14
  7.5327694656765516E+01  2.1040363383214992E-14  1.6720344103121205E-14
  7.6078161954486873E+01  2.0864651771036354E-14  1.6544511935227571E-14
  7.6836105933494181E+01  2.0690699877644488E-14  1.6370401506254087E-14
  7.7601601081727324E+01  2.0518488871525190E-14  1.6197994370969459E-14
  7.8374722629227435E+01  2.0348000167001970E-14  1.6027272323055243E-14
  7.9155546555530094E+01  2.0179215420832884E-14  1.5858217391658191E-14
  7.9944149597131911E+01  2.0012116528900836E-14  1.5690811838025878E-14
  8.0740609255032894E+01  1.9846685622993294E-14  1.5525038152221776E-14
  8.1545003802351829E+01  1.9682905067670049E-14  1.5360879049918007E-14
  8.2357412292019120E+01  1.9520757457195730E-14  1.5198317469248606E-14
  8.3177914564546455E+01  1.9360225719277131E-14  1.5037336651353928E-14
  8.4006591255872053E+01  1.9201293399261835E-14  1.4877920348161480E-14
  8.4843523805286182E+01  1.9043944331489750E-14  1.4720052568127378E-14
  8.5688794463434462E+01  1.8888162550206704E-14  1.4563717511857286E-14
  8.6542486300400810E+01  1.8733932287089457E-14  1.4408899569538213E-14
  8.7404683213871820E+01  1.8581237968793713E-14  1.4255583318392851E-14
  8.8275469937381615E+01  1.8430064214552803E-14  1.4103753520178818E-14
  8.9154932048638997E+01  1.8280395833826110E-14  1.3953395118731549E-14
  9.0043155977938056E+01  1.8132217823995419E-14  1.3804493237549590E-14
  9.0940229016652154E+01  1.7985515368108989E-14  1.3657033177421362E-14
  9.1846239325812192E+01  1.7840273832671941E-14  1.3511000414092347E-14
  9.2761275944771299E+01  1.7696478765482002E-14  1.3366380595971282E-14
  9.3685428799955119E+01  1.7554115926367283E-14  1.3223159565340685E-14
  9.4618788713699061E+01  1.7413171591564188E-14  1.3081323581782510E-14
  9.5561447413174605E+01  1.7273632408530222E-14  1.2940859215292849E-14
  9.6513497539403616E+01  1.7135485182996061E-14  1.2801753184080622E-14
  9.7475032656362345E+01  1.6998716873826069E-14  1.2663992349977147E-14
  9.8446147260177696E+01  1.6863314591495442E-14  1.2527563716751291E-14
  9.9426936788412590E+01  1.6729265596598979E-14  1.2392454428449454E-14
  1.0041749762944589E+02  1.6596557298389857E-14  1.2258651767759320E-14
  1.0141792713194560E+02  1.6465177253348431E-14  1.2126143154397043E-14
  1.0242832361443476E+02  1.6335113163781227E-14  1.1994916143517672E-14
  1.0344878637495478E+02  1.6206352876448654E-14  1.1864958424147524E-14
  1.0447941570082386E+02  1.6078884381222020E-14  1.1736257817638711E-14
  1.0552031287849239E+02  1.5952695797093601E-14  1.1608802266860117E-14
  1.0657158020349769E+02  1.5827774775972717E-14  1.1482579395512882E-14
  1.0763332099051695E+02  1.5704108262818711E-14  1.1357576334808473E-14
  1.0870563958352031E+02  1.5581683320232084E-14  1.1233780339654082E-14
  1.0978864136602591E+02  1.5460487195072654E-14  1.1111178837793312E-14
  1.1088243277145649E+02  1.5340507316040112E-14  1.0989759427184200E-14
  1.1198712129359873E+02  1.5221731291306893E-14  1.0869509873421221E-14
  1.1310281549716817E+02  1.5104146906201641E-14  1.0750418107199912E-14
  1.1422962502847807E+02  1.4987742120943592E-14  1.0632472221823469E-14
  1.1536766062621484E+02  1.4872505068426137E-14  1.0515660470750542E-14
  1.1651703413232165E+02  1.4758424052049612E-14  1.0399971265182680E-14
  1.1767785850298948E+02  1.4645487543602170E-14  1.0285393171691505E-14
  1.1885024781975764E+02  1.4533684181270077E-14  1.0171914909940947E-14
  1.2003431730072649E+02  1.4423003209898985E-14  1.0059525661089514E-14
  1.2123018331187917E+02  1.4313435502334692E-14  9.9482157779279154E-15
  1.2243796337851830E+02  1.4204972342677857E-14  9.8379759165799098E-15
  1.2365777619681673E+02  1.4097605107067323E-14  9.7287968097821880E-15
  1.2488974164548087E+02  1.3991325263468003E-14  9.6206692663252369E-15
  1.2613398079753334E+02  1.3886124371474952E-14  9.5135841704990416E-15
  1.2739061593221113E+02  1.3781994082134276E-14  9.4075324815440978E-15
  1.2865977054698226E+02  1.3678926137780432E-14  9.3025052331069845E-15
  1.2994156936968355E+02  1.3576912371890528E-14  9.1984935327007232E-15
  1.3123613837077789E+02  1.3475944708955584E-14  9.0954885611694122E-15
  1.3254360477573388E+02  1.3376015164369253E-14  8.9934815721574329E-15
  1.3386409707752981E+02  1.3277115844334035E-14  8.8924638915824915E-15
  1.3519774504928105E+02  1.3179238855437984E-14  8.7924268596952170E-15
  1.3654467975699336E+02  1.3082375661398063E-14  8.6933614257245311E-15
  1.3790503357244438E+02  1.2986517482244943E-14  8.5952584092667485E-15
  1.3927894018619205E+02  1.2891655658989382E-14  8.4981087324598495E-15
  1.4066653462071307E+02  1.2797781655160857E-14  8.4019034201579383E-15
  1.4206795324367303E+02  1.2704887055933718E-14  8.3066335985905753E-15
  1.4348333378132790E+02  1.2612963567285903E-14  8.2122904940400690E-15
  1.4491281533205847E+02  1.2522003015190338E-14  8.1188654315363494E-15
  1.4635653838004222E+02  1.2431997344839238E-14  8.0263498335688896E-15
  1.4781464480905754E+02  1.2342938619901552E-14  7.9347352188157448E-15
  1.4928727791642851E+02  1.2254819021813692E-14  7.8440132008890443E-15
  1.5077458242710850E+02  1.2167630849103956E-14  7.7541754870969928E-15
  1.5227670450790120E+02  1.2081366540563394E-14  7.6652138917035773E-15
  1.5379379178182711E+02  1.1996019360152917E-14  7.5771207551481238E-15
  1.5532599334263082E+02  1.1911583483357886E-14  7.4898889889759632E-15
  1.5687345976943271E+02  1.1828053204009769E-14  7.4035115781411337E-15
  1.5843634314152848E+02  1.1745422887945641E-14  7.3179815513095481E-15
  1.6001479705333432E+02  1.1663686973706890E-14  7.2332919808013928E-15
  1.6160897662948125E+02  1.1582839973259546E-14  7.1494359825295697E-15
  1.6321903854006098E+02  1.1502876472737110E-14  7.0664067159342379E-15
  1.6484514101602267E+02  1.1423791133207099E-14  6.9841973839134915E-15
  1.6648744386472239E+02  1.1345578691462445E-14  6.9028012327502916E-15
  1.6814610848562981E+02  1.1268233960838496E-14  6.8222115520354684E-15
  1.6982129788618917E+02  1.1191751832057391E-14  6.7424216745870772E-15
  1.7151317669783862E+02  1.1116127273532763E-14  6.6634249760523598E-15
  1.7322191119219065E+02  1.1041354989460459E-14  6.5852146733536681E-15
  1.7494766929737207E+02  1.0967428831232842E-14  6.5077834795401923E-15
  1.7669062061452695E+02  1.0894342603579880E-14  6.4311240901334858E-15
  1.7845093643448524E+02  1.0822090230416896E-14  6.3552292826048793E-15
  1.8022878975459636E+02  1.0750665754780275E-14  6.2800919152787948E-15
  1.8202435529572978E+02  1.0680063338813586E-14  6.2057049262502070E-15
  1.8383780951944803E+02  1.0610277263804800E-14  6.1320613323160209E-15
  1.8566933064534641E+02  1.0541301930276899E-14  6.0591542279204324E-15
  1.8751909866856863E+02  1.0473131858132064E-14  5.9869767841137249E-15
  1.8938729537749737E+02  1.0405761686851910E-14  5.9155222475243753E-15
  1.9127410437161731E+02  1.0339186175754783E-14  5.8447839393445287E-15
  1.9317971107956063E+02  1.0273400204311817E-14  5.7747552543281714E-15
  1.9510430277732959E+02  1.0208398863801700E-14  5.7054297095325567E-15
  1.9704806860670055E+02  1.0144178002923287E-14  5.6368012411066079E-15
  1.9901119959381356E+02  1.0080733848349405E-14  5.5688639875105573E-15
  2.0099388866794490E+02  1.0018062725782282E-14  5.5016121314324171E-15
  2.0299633068046694E+02  9.9561610601522559E-15  5.4350398988128891E-15
  2.0501872242399864E+02  9.8950253770747509E-15  5.3691415585687444E-15
  2.0706126265174504E+02  9.8346523043738087E-15  5.3039114223163784E-15
  2.0912415209702914E+02  9.7750385736746204E-15  5.2393438440955991E-15
  2.1120759349302082E+02  9.7161810220683111E-15  5.1754332200934579E-15
  2.1331179159265983E+02  9.6580765938525402E-15  5.1121739883684665E-15
  2.1543695318877761E+02  9.6007223423510255E-15  5.0495606285749242E-15
  2.1758328713442140E+02  9.5441154318160038E-15  4.9875876616875422E-15
  2.1975100436337880E+02  9.4882531350756349E-15  4.9262496479150114E-15
  2.2194031791090697E+02  9.4331327604049963E-15  4.8655411561601497E-15
  2.2415144293467105E+02  9.3787516656267091E-15  4.8054567706004931E-15
  2.2638459673588633E+02  9.3251073282620924E-15  4.7459911180547339E-15
  2.2863999878067523E+02  9.2721973500476582E-15  4.6871388684698269E-15
  2.3091787072163677E+02  9.2200194592894860E-15  4.6288947345581646E-15
  2.3321843641962701E+02  9.1685715133315950E-15  4.5712534714368506E-15
  2.3554192196576165E+02  9.1178515011437696E-15  4.5142098762688927E-15
  2.3788855570363455E+02  9.0678575460346615E-15  4.4577587879065693E-15
  2.4025856825175796E+02  9.0185879084962726E-15  4.4018950865367335E-15
  2.4265219252622796E+02  8.9700409891861960E-15  4.3466136933282018E-15
  2.4506966376361413E+02  8.9222153320545031E-15  4.2919095700811454E-15
  2.4751121954407691E+02  8.8751096274695370E-15  4.2377777187775492E-15
  2.4997709981471755E+02  8.8287226408595254E-15  4.1842131407183813E-15
  2.5246754691315854E+02  8.7830531041012287E-15  4.1312107779393030E-15
  2.5498280559135893E+02  8.7380998838131538E-15  4.0787656032389980E-15
  2.5752312303966903E+02  8.6938620150392270E-15  4.0268726358134286E-15
  2.6008874891112276E+02  8.6503387052002171E-15  3.9755269407234319E-15
  2.6267993534597173E+02  8.6075293382562819E-15  3.9247236283685683E-15
  2.6529693699646640E+02  8.5654334790911867E-15  3.8744578539671411E-15
  2.6794001105188124E+02  8.5240508781296037E-15  3.8247248170422649E-15
  2.7060941726378974E+02  8.4833814762001130E-15  3.7755197609139154E-15
  2.7330541797159430E+02  8.4434254096564795E-15  3.7268379721966542E-15
  2.7602827812830492E+02  8.4041830157716096E-15  3.6786747803032849E-15
  2.7877826532657900E+02  8.3656548384184093E-15  3.6310255569539116E-15
  2.8155564982502148E+02  8.3278417404148317E-15  3.5838857543841512E-15
  2.8436070457474074E+02  8.2907453754351902E-15  3.5372510781259259E-15
  2.8719370524617676E+02  8.2543678092588467E-15  3.4911173359196382E-15
  2.9005493025619171E+02  8.2187113299267246E-15  3.4454803588831643E-15
  2.9294466079543059E+02  8.1837784557029257E-15  3.4003360013845884E-15
  2.9586318085595792E+02  8.1495719437321278E-15  3.3556801410495251E-15
  2.9881077725916600E+02  8.1160947991516405E-15  3.3115086787698297E-15
  3.0178773968396206E+02  8.0833502846846361E-15  3.2678175387131801E-15
  3.0479436069523865E+02  8.0513419307427812E-15  3.2246026683331400E-15
  3.0783093577262480E+02  8.0200735460691735E-15  3.1818600383793981E-15
  3.1089776333952375E+02  7.9895492289540540E-15  3.1395856429078476E-15
  3.1399514479244294E+02  7.9597733790585889E-15  3.0977754992900670E-15
  3.1712338453061301E+02  7.9307506939221056E-15  3.0564256475484899E-15
  3.2028278998590213E+02  7.9024860665805328E-15  3.0155321658826726E-15
  3.2347367165303132E+02  7.8749846723368213E-15  2.9750911772417322E-15
  3.2669634312008748E+02  7.8482520287381082E-15  2.9350988273180352E-15
  3.2995112109934075E+02  7.8222940083648890E-15  2.8955512834185414E-15
  3.3323832545837314E+02  7.7971168539116005E-15  2.8564447344328992E-15
  3.3655827925150970E+02  7.7727271941714264E-15  2.8177753908178620E-15
  3.3991130875156915E+02  7.7491320609804817E-15  2.7795394845960629E-15
  3.4329774348193069E+02  7.7263389071809648E-15  2.7417332693675918E-15
  3.4671791624891432E+02  7.7043556256682445E-15  2.7043530203329645E-15
  3.5017216317449083E+02  7.6831905695914979E-15  2.6673950343257807E-15
  3.5366082372931407E+02  7.6628525737835976E-15  2.6308556298538686E-15
  3.5718424076608130E+02  7.6433509744994106E-15  2.5947311456682477E-15
  3.6074276055322974E+02  7.6246951287473318E-15  2.5590177590612192E-15
  3.6433673280896551E+02  7.6068939327646018E-15  2.5237113305219675E-15
  3.6796651073563169E+02  7.5899567677934462E-15  2.4888077328618252E-15
  3.7163245105442149E+02  7.5738936496475975E-15  2.4543028912843093E-15
  3.7533491404043502E+02  7.5587152577804522E-15  2.4201927823607466E-15
  3.7907426355808417E+02  7.5444329664098393E-15  2.3864734330501079E-15
  3.8285086709685442E+02  7.5310588778488275E-15  2.3531409197602412E-15
  3.8666509580741911E+02  7.5186058582056200E-15  2.3201913674478864E-15
  3.9051732453811348E+02  7.5070875756309948E-15  2.2876209487550115E-15
  3.9440793187177582E+02  7.4965185413080734E-15  2.2554258831790570E-15
  3.9833730016295220E+02  7.4869141533984491E-15  2.2236024362747823E-15
  4.0230581557547089E+02  7.4782907441782871E-15  2.1921469188856106E-15
  4.0631386812039801E+02  7.4706660148698737E-15  2.1610557984950325E-15
  4.1036185169436061E+02  7.4640605806111084E-15  2.1303261232817154E-15
  4.1445016411826015E+02  7.4584967126191143E-15  2.0999551123905227E-15
  4.1857920717637137E+02  7.4539978264792385E-15  2.0699399814702851E-15
  4.2274938665582238E+02  7.4505885515574880E-15  2.0402779431022981E-15
  4.2696111238647916E+02  7.4482948057918248E-15  2.0109662073149824E-15
  4.3121479828121983E+02  7.4471438761157016E-15  1.9820019821062352E-15
  4.3551086237661161E+02  7.4471645050130534E-15  1.9533824739718552E-15
  4.3984972687399630E+02  7.4483869837564524E-15  1.9251048884385946E-15
  4.4423181818098135E+02  7.4508432529390374E-15  1.8971664306005100E-15
  4.4865756695334449E+02  7.4545670109762537E-15  1.8695643056572848E-15
  4.5312740813735945E+02  7.4595938313276035E-15  1.8422957194532574E-15
  4.5764178101253964E+02  7.4659611863326662E-15  1.8153578503884055E-15
  4.6220112923480764E+02  7.4737071968118583E-15  1.7887474622006342E-15
  4.6680590088009853E+02  7.4828711497785200E-15  1.7624610301399187E-15
  4.7145654848839411E+02  7.4934947598005998E-15  1.7364950670437562E-15
  4.7615352910819519E+02  7.5056223684071907E-15  1.7108461309631006E-15
  4.8089730434144161E+02  7.5193011304522874E-15  1.6855108242908400E-15
  4.8568834038887530E+02  7.5345812173232001E-15  1.6604857929152799E-15
  4.9052710809585483E+02  7.5515160387964949E-15  1.6357677253975411E-15
  4.9541408299863372E+02  7.5701624855706615E-15  1.6113533521717720E-15
  5.0034974537108803E+02  7.5905811947644139E-15  1.5872394447672746E-15
  5.0533458027191887E+02  7.6128368409662700E-15  1.5634228150514879E-15
  5.1036907759232503E+02  7.6369984557635601E-15  1.5399003144929405E-15
  5.1545373210414141E+02  7.6631397847720990E-15  1.5166688347745576E-15
  5.2058904350846888E+02  7.6913401218204244E-15  1.4937254104761097E-15
  5.2577551648478072E+02  7.7216850594969374E-15  1.4710672839797070E-15
  5.3101366074051953E+02  7.7542662648985947E-15  1.4486917347341440E-15
  5.3630399106119216E+02  7.7891819277004734E-15  1.4265960609923595E-15
  5.4164702736095990E+02  7.8265373410222344E-15  1.4047775796568469E-15
  5.4704329473373116E+02  7.8664455466744984E-15  1.3832336261319605E-15
  5.5249332350477016E+02  7.9090280533486950E-15  1.3619615541826021E-15
  5.5799764928281274E+02  7.9544156376517823E-15  1.3409587357990282E-15
  5.6355681301270306E+02  8.0027492394656014E-15  1.3202225610672871E-15
  5.6917136102855841E+02  8.0541809649780461E-15  1.2997504380449471E-15
  5.7484184510745979E+02  8.1088752129528770E-15  1.2795397926417963E-15
  5.8056882252367632E+02  8.1670099424477283E-15  1.2595880685049940E-15
  5.8635285610343601E+02  8.2287781081644571E-15  1.2398927389070119E-15
  5.9219451428023592E+02  8.2943893530805133E-15  1.2204513574194903E-15
  5.9809437115070477E+02  8.3640717900166504E-15  1.2012615111554841E-15
  6.0405300653102574E+02  8.4380740488519860E-15  1.1823207994289530E-15
  6.1007100601391755E+02  8.5166676592329448E-15  1.1636268337689545E-15
  6.1614896102618150E+02  8.6001497783106110E-15  1.1451772379387559E-15
  6.2228746888683122E+02  8.6888463237364695E-15  1.1269696479560276E-15
  6.2848713286578811E+02  8.7831155845468198E-15  1.1090017121140807E-15
  6.3474856224317068E+02  8.8833523978967657E-15  1.0912710910039686E-15
  6.4107237236917740E+02  8.9899929986803598E-15  1.0737754575373712E-15
  6.4745918472455207E+02  9.1035206729310213E-15  1.0565124969701955E-15
  6.5390962698166766E+02  9.2244723759146079E-15  1.0394799069267637E-15
  6.6042433306620978E+02  9.3534465211694536E-15  1.0226753946357515E-15
  6.6700394321947385E+02  9.4911121759759394E-15  1.0060966385072933E-15
  6.7364910406128979E+02  9.6382199593220015E-15  9.8974130115829901E-16
  6.8036046865356775E+02  9.7956151075586101E-15  9.7360706119633497E-16
  6.8713869656447616E+02  9.9642531073966411E-15  9.5769161386427054E-16
  6.9398445393326620E+02  1.0145218559758093E-14  9.4199267093934802E-16
  7.0089841353573502E+02  1.0339748085779864E-14  9.2650796063422574E-16
  7.0788125485034175E+02  1.0549258323201063E-14  9.1123522749994504E-16
  7.1493366412498858E+02  1.0775380382261645E-14  8.9617223233077072E-16
  7.2205633444445937E+02  1.1020002564882847E-14  8.8131675207090363E-16
  7.2924996579853541E+02  1.1285323745214678E-14  8.6666657972299747E-16
  7.3651526515078456E+02  1.1573920630348322E-14  8.5221952425848274E-16
  7.4385294650804337E+02  1.1888833258691833E-14  8.3797341032190195E-16
  7.5126373099058537E+02  1.2233674497502204E-14  8.2392607269267896E-16
  7.5874834690298724E+02  1.2612772167573090E-14  8.1007535681687573E-16
  7.6630752980570844E+02  1.3031355595685683E-14  7.9641912454445008E-16
  7.7394202258737778E+02  1.3495802450621245E-14  7.8295525417464163E-16
  7.8165257553779907E+02  1.4013969586437998E-14  7.6968164033574809E-16
  7.8943994642169071E+02  1.4595641930742873E-14  7.5659619386747648E-16
  7.9730490055315477E+02  1.5253149077152584E-14  7.4369684170586015E-16
  8.0524821087088833E+02  1.6002222471123360E-14  7.3098152677067159E-16
  8.1327065801414449E+02  1.6863200100153110E-14  7.1844820785530147E-16
  8.2137303039945311E+02  1.7862733464294135E-14  7.0609485951905233E-16
  8.2955612429810299E+02  1.9036212221796571E-14  6.9391947198180244E-16
  8.3782074391439278E+02  2.0431176139695440E-14  6.8192005102202229E-16
  8.4616770146467093E+02  2.2111950991559575E-14  6.7009462064216696E-16
  8.5459781725715413E+02  2.4165354580201686E-14  6.5844122830295823E-16
  8.6311191977254202E+02  2.6705782624823805E-14  6.4695793743530043E-16
  8.7171084574544273E+02  2.9873377796117145E-14  6.3564282573820065E-16
  8.8039544024659961E+02  3.3808369858023471E-14  6.2449398512261353E-16
  8.8916655676594473E+02  3.8571849875328146E-14  6.1350952165645365E-16
  8.9802505729647169E+02  4.4007310256155769E-14  6.0268755551075744E-16
  9.0697181241895612E+02  4.9663397851646156E-14  5.9202622090694566E-16
  9.1600770138750863E+02  5.4972963779011574E-14  5.8152366606516216E-16
  9.2513361221598359E+02  5.9569099071224393E-14  5.7117805315365823E-16
  9.3435044176525446E+02  6.3384344892825620E-14  5.6098755823916446E-16
  9.4365909583135112E+02  6.6527439413344203E-14  5.5095037123824907E-16
  9.5306048923447622E+02  6.9150994670709748E-14  5.4106469662125047E-16
  9.6255554590891472E+02  7.1390355074578852E-14  5.3132875944718790E-16
  9.7214519899383208E+02  7.3349743639484186E-14  5.2174080168266903E-16
  9.8183039092498120E+02  7.5105071063325366E-14  5.1229907821842670E-16
  9.9161207352731731E+02  7.6710038256401758E-14  5.0300185681049617E-16
  1.0014912081085462E+03  7.8202637198346828E-14  4.9384741806542838E-16
  1.0114687655535954E+03  7.9610347251413462E-14  4.8483405542555120E-16
  1.0215457264200246E+03  8.0953432956870468E-14  4.7596007515424936E-16
  1.0317230810343992E+03  8.2247338544750109E-14  4.6722379632121662E-16
  1.0420018295896116E+03  8.3503858049164889E-14  4.5862355078768875E-16
  1.0523829822431742E+03  8.4731097652773318E-14  4.5015768319160611E-16
  1.0628675592164991E+03  8.5935186333705461E-14  4.4182455093268511E-16
  1.0734565908951588E+03  8.7121403892589493E-14  4.3362252395737440E-16
  1.0841511179301501E+03  8.8294612016293750E-14  4.2554997843177236E-16
  1.0949521913401613E+03  8.9459395900720668E-14  4.1760529590255327E-16
  1.1058608726148686E+03  9.0618807683644521E-14  4.0978687120477186E-16
  1.1168782338192527E+03  9.1774245085242564E-14  4.0209311291464716E-16
  1.1280053576989540E+03  9.2926648288521546E-14  3.9452244329072272E-16
  1.1392433377866864E+03  9.4077340502872499E-14  3.8707329821585808E-16
  1.1505932785097050E+03  9.5227797260514802E-14  3.7974412714000745E-16
  1.1620562952983380E+03  9.6378545392945418E-14  3.7253339302375556E-16
  1.1736335146956174E+03  9.7528689635901752E-14  3.6543957228254670E-16
  1.1853260744679853E+03  9.8677744754640767E-14  3.5846115473159481E-16
  1.1971351237171086E+03  9.9826840061017915E-14  3.5159664353141749E-16
  1.2090618229928125E+03  1.0097737287135635E-13  3.4484455513347040E-16
  1.2211073444071330E+03  1.0213017657410631E-13  3.3820341896063343E-16
  1.2332728717495088E+03  1.0328508085758129E-13  3.3167177700523058E-16
  1.2455596006031149E+03  1.0444103776140139E-13  3.2524818438014548E-16
  1.2579687384623678E+03  1.0559712974770130E-13  3.1893120935952730E-16
  1.2705015048515897E+03  1.0675304800994330E-13  3.1271943332353123E-16
  1.2831591314448558E+03  1.0790838958749133E-13  3.0661145070353273E-16
  1.2959428621870445E+03  1.0906145251958230E-13  3.0060586892777594E-16
  1.3088539534160861E+03  1.1020951049205858E-13  2.9470130836742465E-16
  1.3218936739864255E+03  1.1135063371365668E-13  2.8889640228298173E-16
  1.3350633053937297E+03  1.1248429549219915E-13  2.8318979677102804E-16
  1.3483641419008213E+03  1.1361021762314209E-13  2.7758015071126168E-16
  1.3617974906648792E+03  1.1472741771698031E-13  2.7206613571379311E-16
  1.3753646718658931E+03  1.1583400713700100E-13  2.6664643819004198E-16
  1.3890670188364163E+03  1.1692689072947501E-13  2.6131977212663180E-16
  1.4029058781925946E+03  1.1800236519113648E-13  2.5608486927834400E-16
  1.4168826099665046E+03  1.1905700806799631E-13  2.5094047209648153E-16
  1.4309985877398194E+03  1.2008620119183112E-13  2.4588533372592119E-16
  1.4452551987787958E+03  1.2108341181293499E-13  2.4091821803304835E-16
  1.4596538441706050E+03  1.2204216395875544E-13  2.3603789963143651E-16
  1.4741959389610358E+03  1.2295705259032843E-13  2.3124316390527540E-16
  1.4888829122935526E+03  1.2382189397044215E-13  2.2653280703056657E-16
  1.5037162075497508E+03  1.2462767892246834E-13  2.2190563599409289E-16
  1.5186972824912009E+03  1.2536275571198251E-13  2.1736046861017412E-16
  1.5338276094027196E+03  1.2601345644787972E-13  2.1289613353522012E-16
  1.5491086752370582E+03  1.2656323494608379E-13  2.0851146976874150E-16
  1.5645419817610280E+03  1.2699157352504811E-13  2.0420531524888539E-16
  1.5801290457030989E+03  1.2727264002200695E-13  1.9997650778704571E-16
  1.5958713989024536E+03  1.2737275431789882E-13  1.9582389752600205E-16
  1.6117705884595255E+03  1.2725026843874373E-13  1.9174634743993603E-16
  1.6278281768880511E+03  1.2685436829410272E-13  1.8774273324533055E-16
  1.6440457422686227E+03  1.2611826310868538E-13  1.8381194331254102E-16
  1.6604248784037807E+03  1.2495177651801390E-13  1.7995287857799348E-16
  1.6769671949746366E+03  1.2323463203718569E-13  1.7616445245698381E-16
  1.6936743176990799E+03  1.2080599693199797E-13  1.7244559075703690E-16
  1.7105478884915408E+03  1.1744953274050596E-13  1.6879523159180206E-16
  1.7275895656243472E+03  1.1288039439843061E-13  1.6521232529545094E-16
  1.7448010238907027E+03  1.0675051162076813E-13  1.6169583434971226E-16
  1.7621839547692762E+03  9.8707692765431385E-14  1.5824473667331257E-16
  1.7797400665904265E+03  8.8573224537606620E-14  1.5485802980684166E-16
  1.7974710847041022E+03  7.6665766745439699E-14  1.5153472335922255E-16
  1.8153787516493962E+03  6.4031850459478725E-14  1.4827383772401243E-16
  1.8334648273257992E+03  5.2103391079685322E-14  1.4507440404479700E-16
  1.8517310891661482E+03  4.1924472427872175E-14  1.4193546417936700E-16
  1.8701793323113181E+03  3.3791763111947250E-14  1.3885607066267727E-16
  1.8888113697866359E+03  2.7491897261765979E-14  1.3583528666860506E-16
  1.9076290326800515E+03  2.2646417577616846E-14  1.3287218597051423E-16
  1.9266341703221019E+03  1.8897657138616192E-14  1.2996585290063125E-16
  1.9458286504676528E+03  1.5963118853302636E-14  1.2711538230825222E-16
  1.9652143594794459E+03  1.3634119558079019E-14  1.2431987951678583E-16
  1.9847932025134969E+03  1.1759867181704879E-14  1.2157846000024443E-16
  2.0045671037063198E+03  1.0231599997302194E-14  1.1889024791173015E-16
  2.0245380063640271E+03  8.9702766917896218E-15  1.1625437725823094E-16
  2.0447078731533027E+03  7.9177764535300047E-15  1.1366999256031303E-16
  2.0650786862942982E+03  7.0307875890243120E-15  1.1113624879422522E-16
  2.0856524477554317E+03  6.2765907912022433E-15  1.0865231133170642E-16
  2.1064311794501282E+03  5.6301379462953546E-15  1.0621735587907263E-16
  2.1274169234355372E+03  5.0720099058972947E-15  1.0383056841558570E-16
  2.1486117421132135E+03  4.5869722388216501E-15  1.0149114513112208E-16
  2.1700177184317954E+03  4.1629410727212534E-15  9.9198292363147512E-17
  2.1916369560917215E+03  3.7902331673637407E-15  9.6951226533006430E-17
  2.2134715797519675E+03  3.4610153169170650E-15  9.4749174081543484E-17
  2.2355237352388535E+03  3.1688952471543736E-15  9.2591371468762226E-17
  2.2577955897569177E+03  2.9086142065745326E-15  9.0477066273185230E-17
  2.2802893321019169E+03  2.6758133914993029E-15  8.8405516878907385E-17
  2.3030071728759253E+03  2.4668546724338645E-15  8.6375991253932107E-17
  2.3259513447045779E+03  2.2786817393588441E-15  8.4387766850284295E-17
  2.3491241024564979E+03  2.1087115553539560E-15  8.2440130546280042E-17
  2.3725277234648897E+03  1.9547487838609202E-15  8.0532378587867121E-17
  2.3961645077513413E+03  1.8149177909639343E-15  7.8663816529055276E-17
  2.4200367782518756E+03  1.6876082093547149E-15  7.6833759171460103E-17
  2.4441468810452297E+03  1.5714310528492275E-15  7.5041530502985321E-17
  2.4684971855834228E+03  1.4651831024034333E-15  7.3286463635665483E-17
  2.4930900849246109E+03  1.3678178242922732E-15  7.1567900742695094E-17
  2.5179279959682781E+03  1.2784214823638033E-15  6.9885192985459531E-17
  2.5430133596927567E+03  1.1961933828576987E-15  6.8237699125598687E-17
  2.5683486413951091E+03  1.1204294739437186E-15  6.6624784228028002E-17
  2.5939363309334217E+03  1.0505087310442280E-15  6.5045822205118819E-17
  2.6197789429714921E+03  9.8588170021983448E-16  6.3500196087702406E-17
  2.6458790172259555E+03  9.2606084360651759E-16  6.1987297937300042E-17
  2.6722391187158910E+03  8.7061237437451695E-16  6.0506528758448631E-17
  2.6988618380148932E+03  8.1914932344229409E-16  5.9057298411131780E-17
  2.7257497915056692E+03  7.7132562943004952E-16  5.7639025523321809E-17
  2.7529056216371587E+03  7.2683108233044719E-16  5.6251137403640832E-17
  2.7803319971842352E+03  6.8538698241369746E-16  5.4893069954146892E-17
  2.8080316135099802E+03  6.4674240072178169E-16  5.3564267583255872E-17
  2.8360071928305629E+03  6.1067094748024815E-16  5.2264183118806150E-17
  2.8642614844827858E+03  5.7696797845045527E-16  5.0992278348588615E-17
  2.8927972651942737E+03  5.4544818820081727E-16  4.9748026410427788E-17
  2.9216173393563481E+03  5.1594345309430939E-16  4.8530909236317765E-17
  2.9507245392996520E+03  4.8830096265292728E-16  4.7340416389879665E-17
  2.9801217255724887E+03  4.6238159478909147E-16  4.6176045003924413E-17
  3.0098117872219518E+03  4.3805848828137603E-16  4.5037299717934155E-17
  3.0397976420778391E+03  4.1521578555040895E-16  4.3923692614859413E-17
  3.0700822370394212E+03  3.9374752287834468E-16  4.2834743157264220E-17
  3.1006685483650476E+03  3.7355664861719513E-16  4.1769978122854289E-17
  3.1315595819646283E+03  3.5455415277835564E-16  4.0728931539420062E-17
  3.1627583736950660E+03  3.3665829378616774E-16  3.9711144619225635E-17
  3.1942679896585960E+03  3.1979391019176361E-16  3.8716165692878785E-17
  3.2260915265041062E+03  3.0389180508311603E-16  3.7743549922112391E-17
  3.2582321117314791E+03  2.8888817460405240E-16  3.6792856334655369E-17
  3.2906929039989409E+03  2.7472412860808698E-16  3.5863648884081340E-17
  3.3234770934334888E+03  2.6134527148515599E-16  3.4955498868937023E-17
  3.3565879019443910E+03  2.4870130632501519E-16  3.4067984896123496E-17
  3.3900285835398436E+03  2.3674567837451980E-16  3.3200692781664827E-17
  3.4238024246467558E+03  2.2543525384775346E-16  3.2353215452407266E-17
  3.4579127444337114E+03  2.1473003014805150E-16  3.1525152848641035E-17
  3.4923628951371925E+03  2.0459287404858746E-16  3.0716111827637876E-17
  3.5271562623910099E+03  1.9498928479962309E-16  2.9925706068100073E-17
  3.5622962655590181E+03  1.8588717949543117E-16  2.9153555975513966E-17
  3.5977863580711864E+03  1.7725669835064079E-16  2.8399288588401925E-17
  3.6336300277629671E+03  1.6907002798040663E-16  2.7662537515553131E-17
  3.6698307972180801E+03  1.6130125377293021E-16  2.6942945113113076E-17
  3.7063922241146815E+03  1.5392621990788805E-16  2.6240163698075065E-17
  3.7433179015750234E+03  1.4692237174352918E-16  2.5553851593490647E-17
  3.7806114585185574E+03  1.4026863210813599E-16  2.4883672666947340E-17
  3.8182765600185671E+03  1.3394529061840347E-16  2.4229296280154885E-17
  3.8563169076623744E+03  1.2793390240874250E-16  2.3590397237804900E-17
  3.8947362399151098E+03  1.2221719537310180E-16  2.2966655735749010E-17
  3.9335383324871013E+03  1.1677898511610389E-16  2.2357757308538880E-17
  3.9727269987049622E+03  1.1160409689441570E-16  2.1763392776370008E-17
  4.0123060898863355E+03  1.0667829390373865E-16  2.1183258191472210E-17
  4.0522794957183937E+03  1.0198821133276291E-16  2.0617054783987143E-17
  4.0926511446400868E+03  9.7521295663978424E-17  2.0064488907364194E-17
  4.1334250042282401E+03  9.3265744412176031E-17  1.9525271041206112E-17
  4.1746050815874605E+03  8.9210441928946542E-17  1.8999112938057253E-17
  4.2161954237439286E+03  8.5344927965289240E-17  1.8485730833924561E-17
  4.2582001180431462E+03  8.1659358612413016E-17  1.7984846452523528E-17
  4.3006232925516188E+03  7.8144465193766199E-17  1.7496186912482794E-17
  4.3434691164625310E+03  7.4791516246903082E-17  1.7019484635868491E-17
  4.3867418005055042E+03  7.1592282335702168E-17  1.6554477258038445E-17
  4.4304455973604017E+03  6.8539003457453554E-17  1.6100907538809265E-17
  4.4745848020752492E+03  6.5624358831021277E-17  1.5658523274917825E-17
  4.5191637524883681E+03  6.2841438871791559E-17  1.5227077213759364E-17
  4.5641868296546572E+03  6.0183719176677121E-17  1.4806326968385889E-17
  4.6096584582761634E+03  5.7645036358247509E-17  1.4396034933747522E-17
  4.6555831071369021E+03  5.5219566053313537E-17  1.3995968329209296E-17
  4.7019652895420613E+03  5.2901806722262744E-17  1.3605900361691754E-17
  4.7488095637615388E+03  5.0686557339390337E-17  1.3225609465828887E-17
  4.7961205334778988E+03  4.8568895646916443E-17  1.2854878295157012E-17
  4.8439028482388321E+03  4.6544161365178878E-17  1.2493493645295771E-17
  4.8921612039140837E+03  4.4607940590224404E-17  1.2141246392874283E-17
  4.9409003431569290E+03  4.2756051231857900E-17  1.1797931434879223E-17
  4.9901250558702959E+03  4.0984529414829914E-17  1.1463347628434501E-17
  5.0398401796774770E+03  3.9289616772202076E-17  1.1137297731023708E-17
  5.0900506003975643E+03  3.7667748565707575E-17  1.0819588341163982E-17
  5.1407612525255890E+03  3.6115542573192157E-17  1.0510029839541088E-17
  5.1919771197174969E+03  3.4629788688017525E-17  1.0208436330613835E-17
  5.2437032352799088E+03  3.3207439169134495E-17  9.9146255812180591E-18
  5.2959446826647554E+03  3.1845599029884336E-17  9.6284188045275326E-18
  5.3487065959688980E+03  3.0541517373639881E-17  9.3496405591664640E-18
  5.4019941604386686E+03  2.9292580112547465E-17  9.0781189263081867E-18
  5.4558126129794409E+03  2.8096302481402496E-17  8.8136854696562031E-18
  5.5101672426703290E+03  2.6950321953361251E-17  8.5561751770969997E-18
  5.5650633912839530E+03  2.5852391586965422E-17  8.3054264030133565E-18
  5.6205064538114248E+03  2.4800373775355393E-17  8.0612808112583374E-18
  5.6765018789925198E+03  2.3792234370719929E-17  7.8235833187904919E-18
  5.7330551698511972E+03  2.2826037159019707E-17  7.5921820399702122E-18
  5.7901718842363989E+03  2.1899938661855759E-17  7.3669282315173997E-18
  5.8478576353682338E+03  2.1012183244034756E-17  7.1476762381302077E-18
  5.9061180923896654E+03  2.0161098506906784E-17  6.9342834387521172E-18
  5.9649589809236313E+03  1.9345090718937047E-17  6.7266101158338060E-18
  6.0243860836357198E+03  1.8562640197626777E-17  6.5245192212097806E-18
  6.0844052408025073E+03  1.7812298204055920E-17  6.3278765663005867E-18
  6.1450223508854933E+03  1.7092683491669323E-17  6.1365508337066222E-18
  6.2062433711107897E+03  1.6402478857979903E-17  5.9504135236709539E-18
  6.2680743180545551E+03  1.5740427890651539E-17  5.7693389013459935E-18
  6.3305212682343126E+03  1.5105331895872819E-17  5.5932039448562007E-18
  6.3935903587061157E+03  1.4496046997761294E-17  5.4218882941497272E-18
  6.4572877876676503E+03  1.3911481398300561E-17  5.2552742006314613E-18
  6.5216198150674127E+03  1.3350592788020013E-17  5.0932464775696989E-18
  6.5865927632198964E+03  1.2812385898285375E-17  4.9356924512693922E-18
  6.6522130174269032E+03  1.2295910186672754E-17  4.7825019130042556E-18
  6.7184870266051039E+03  1.1800257660852598E-17  4.6335670764194554E-18
  6.7854213039197939E+03  1.1324560919262585E-17  4.4887825710612926E-18
  6.8530224274249958E+03  1.0867991111749285E-17  4.3480453707828100E-18
  6.9212970407098937E+03  1.0429756003620266E-17  4.2112547209809167E-18
  6.9902518535517847E+03  1.0009098219330405E-17  4.0783120945028313E-18
  7.0598936425754782E+03  9.6052935792871494E-18  3.9491211485674629E-18
  7.1302292519192251E+03  9.2176495235000838E-18  3.8235876823636049E-18
  7.2012655939074284E+03  8.8455036170995330E-18  3.7016195953181927E-18
  7.2730096497299282E+03  8.4882221330628566E-18  3.5831268460286630E-18
  7.3454684701279757E+03  8.1451987077763562E-18  3.4680214118528506E-18
  7.4186491760873441E+03  7.8158530653301244E-18  3.3562172491492146E-18
  7.4925589595380379E+03  7.4996298067008323E-18  3.2476302541619622E-18
  7.5672050840610855E+03  7.1959972578889121E-18  3.1421782235558813E-18
  7.6425948856023979E+03  6.9044462983776093E-18  3.0397807827593989E-18
  7.7187357731937645E+03  6.6244893190480759E-18  2.9403593453359039E-18
  7.7956352296809046E+03  6.3556593468665589E-18  2.8438371218324392E-18
  7.8733008124588841E+03  6.0975091129480139E-18  2.7501390861006834E-18
  7.9517401542148891E+03  5.8496101596058695E-18  2.6591919391927731E-18
  8.0309609636782334E+03  5.6115519913759236E-18  2.5709240738927675E-18
  8.1109710263779998E+03  5.3829412676510582E-18  2.4852655398751258E-18
  8.1917782054082163E+03  5.1634010347035421E-18  2.4021480094823390E-18
  8.2733904422005162E+03  4.9525699950011450E-18  2.3215047441136970E-18
  8.3558157573046410E+03  4.7501018118434326E-18  2.2432705612168627E-18
  8.4390622511767251E+03  4.5556644474598168E-18  2.1673818018743755E-18
  8.5231381049752690E+03  4.3689395327284791E-18  2.0937762989295680E-18
  8.6080515813652110E+03  4.1896216902203488E-18  2.0223933075186350E-18
  8.6938110253300038E+03  4.0174178378749850E-18  1.9531734116171015E-18
  8.7804248649916171E+03  3.8520468552309740E-18  1.8860585960174255E-18
  8.8679016124388872E+03  3.6932391032640749E-18  1.8209922362842054E-18
  8.9562498645640953E+03  3.5407359248799716E-18  1.7579190681283417E-18
  9.0454783039077338E+03  3.3942891688838201E-18  1.6967851574101674E-18
  9.1355956995118540E+03  3.2536607362295702E-18  1.6375378707598547E-18
  9.2266109077819037E+03  3.1186221474193390E-18  1.5801258468040020E-18
  9.3185328733569932E+03  2.9889541299850554E-18  1.5244989679873837E-18
  9.4113706299890036E+03  2.8644462250425022E-18  1.4706083329787840E-18
  9.5051333014304346E+03  2.7448964119636346E-18  1.4184062296502632E-18
  9.5998301023309486E+03  2.6301107502647435E-18  1.3678461086193874E-18
  9.6954703391430085E+03  2.5199030666284794E-18  1.3188825728646987E-18
  9.7920634110365409E+03  2.4140948014075726E-18  1.2714714454228179E-18
  9.8896188108225269E+03  2.3125145468247542E-18  1.2255696661469431E-18
  9.9881461258859908E+03  2.2149976487575673E-18  1.1811352138104457E-18
  1.0087655039128242E+04  2.1213859273443745E-18  1.1381270839719816E-18
  1.0188155329918465E+04  2.0315274104661204E-18  1.0965052675111745E-18
  1.0289656875054652E+04  1.9452760789701363E-18  1.0562307295520605E-18
  1.0392169649734500E+04  1.8624916230779350E-18  1.0172653887693608E-18
  1.0495703728535624E+04  1.7830392094486546E-18  9.7957209707313672E-19
  1.0600269286405512E+04  1.7067892583958681E-18  9.4311461966689121E-19
  1.0705876599661740E+04  1.6336172307811318E-18  9.0785761547419419E-19
  1.0812536047001768E+04  1.5634034241326507E-18  8.7376661792928876E-19
  1.0920258110522778E+04  1.4960327706145309E-18  8.4080801211313285E-19
  1.1029053376752085E+04  1.4313944925379907E-18  8.0894892573108717E-19
  1.1138932537687395E+04  1.3693819512045433E-18  7.7815722494005908E-19
  1.1249906391847537E+04  1.3098926611297041E-18  7.4840160118862529E-19
  1.1361985845333757E+04  1.2528281295130965E-18  7.1965155635368826E-19
  1.1475181912901597E+04  1.1980936939739570E-18  6.9187738326342615E-19
  1.1589505719043242E+04  1.1455983673496898E-18  6.6505014669183690E-19
  1.1704968499080869E+04  1.0952546892274019E-18  6.3914166481343937E-19
  1.1821581600270880E+04  1.0469785838951233E-18  6.1412449110708266E-19
  1.1939356482918929E+04  1.0006892244150667E-18  5.8997189669804203E-19
  1.2058304721506271E+04  9.5630890253579114E-19  5.6665785312768335E-19
  1.2178438005827316E+04  9.1376290417438982E-19  5.4415701554032637E-19
  1.2299768142138350E+04  8.7297939032847542E-19  5.2244470635024575E-19
  1.2422307054317842E+04  8.3388931597899163E-19  5.0149691944545423E-19
  1.2546066785038372E+04  7.9642635875373358E-19  4.8129032806124712E-19
  1.2671059496950003E+04  7.6052673496331915E-19  4.6180222185748859E-19
  1.2797297473875633E+04  7.2612908831560129E-19  4.4301048517246898E-19
  1.2924793122018295E+04  6.9317439593778763E-19  4.2489358350332016E-19
  1.3053558971180231E+04  6.6160587825521029E-19  4.0743055027365620E-19
  1.3183607675994366E+04  6.3136891255710036E-19  3.9060097388253592E-19
  1.3314952017168020E+04  6.0241095008786851E-19  3.7438498502907214E-19
  1.3447604902738802E+04  5.7468143650990785E-19  3.5876324430703621E-19
  1.3581579369343235E+04  5.4813173559094529E-19  3.4371693006382031E-19
  1.3716888583498039E+04  5.2271505597594754E-19  3.2922772651826178E-19
  1.3853545842893927E+04  4.9838638091001994E-19  3.1527781213192360E-19
  1.3991564577702515E+04  4.7510239786262729E-19  3.0184984633193080E-19
  1.4130958351896297E+04  4.5282142015269345E-19  2.8892694953498591E-19
  1.4271740864581478E+04  4.3150333881531617E-19  2.7649270116910697E-19
  1.4413925951344372E+04  4.1110956988612938E-19  2.6453113349640725E-19
  1.4557527585611173E+04  3.9160299659796371E-19  2.5302672091889937E-19
  1.4702559880021072E+04  3.7294791387059902E-19  2.4196436951455642E-19
  1.4849037087813247E+04  3.5510997501024095E-19  2.3132940680755803E-19
  1.4996973604227740E+04  3.3805614052417152E-19  2.2110757176707241E-19
  1.5146383967919968E+04  3.2175462896031112E-19  2.1128500502904329E-19
  1.5297282862389626E+04  3.0617486968540411E-19  2.0184823933549999E-19
  1.5449685117423782E+04  2.9128745751952472E-19  1.9278419018607330E-19
  1.5603605710554280E+04  2.7706410914826525E-19  1.8408014669650919E-19
  1.5759059768529440E+04  2.6347762098054114E-19  1.7572376248782318E-19
  1.5916062568801040E+04  2.5050182445419171E-19  1.6770304398314735E-19
  1.6074629541025552E+04  2.3811154891955869E-19  1.6000634285772889E-19
  1.6234776268580299E+04  2.2628258911190774E-19  1.5262235076317821E-19
  1.6396518490095325E+04  2.1499166936592893E-19  1.4554009115033394E-19
  1.6559872100999954E+04  2.0421640904615118E-19  1.3874891116306040E-19
  1.6724853155084707E+04  1.9393528931000317E-19  1.3223847371305958E-19
  1.6891477866079418E+04  1.8412762114774786E-19  1.2599874973093745E-19
  1.7059762609246445E+04  1.7477351464611958E-19  1.2002001058896939E-19
  1.7229723922989910E+04  1.6585384942469891E-19  1.1429282069104155E-19
  1.7401378510481103E+04  1.5735024619639248E-19  1.0880803022541254E-19
  1.7574743241300137E+04  1.4924503940551301E-19  1.0355676807605644E-19
  1.7749835153093591E+04  1.4152125093412634E-19  9.8530434913337348E-20
  1.7926671453249019E+04  1.3416256968831033E-19  9.3720699860052826E-20
  1.8105269520586146E+04  1.2715333094856751E-19  8.9119496516989061E-20
  1.8285646907064576E+04  1.2047848237855725E-19  8.4719009175280827E-20
  1.8467821339508828E+04  1.1412356038901550E-19  8.0511665713512701E-20
  1.8651810721350594E+04  1.0807466873056384E-19  7.6490131596655023E-20
  1.8837633134387979E+04  1.0231845785942375E-19  7.2647303990209958E-20
  1.9025306840562647E+04  9.6842105045777456E-20  6.8976305987211142E-20
  1.9214850283754637E+04  9.1633295195855363E-20  6.5470480945817489E-20
  1.9406282091594730E+04  8.6680202360050021E-20  6.2123386935309775E-20
  1.9599621077295225E+04  8.1971471900518685E-20  5.8928791288352581E-20
  1.9794886241498960E+04  7.7496203292895419E-20  5.5880665257472633E-20
  1.9992096774146350E+04  7.3243933537815404E-20  5.2973178773775440E-20
  2.0191272056361475E+04  6.9204620378089442E-20  5.0200694736523166E-20
  2.0392431662356863E+04  6.5368624012049841E-20  4.7557761887935854E-20
  2.0595595361356955E+04  6.1726695667919544E-20  4.5039112367731621E-20
  2.0800783119541058E+04  5.8269964522514580E-20  4.2639657804539436E-20
  2.1008015102005684E+04  5.4989923683571254E-20  4.0354484461787867E-20
  2.1217311674746044E+04  5.1878416669453435E-20  3.8178848482936979E-20
  2.1428693406657661E+04  4.8927624368090528E-20  3.6108171234586460E-20
  2.1642181071557960E+04  4.6130052457020276E-20  3.4138034745511398E-20
  2.1857795650227548E+04  4.3478519267192061E-20  3.2264177239754538E-20
  2.2075558332472290E+04  4.0966144073919273E-20  3.0482488761967968E-20
  2.2295490519205876E+04  3.8586335799101502E-20  2.8789006893283312E-20
  2.2517613824552769E+04  3.6332782109517372E-20  2.7179912556057629E-20
  2.2741950077972488E+04  3.4199439066625097E-20  2.5651526034547109E-20
  2.2968521326405022E+04  3.2180523110164032E-20  2.4200304567695534E-20
  2.3197349836437483E+04  3.0270500045773084E-20  2.2822837510485253E-20
  2.3428458096492046E+04  2.8464073623048116E-20  2.1515841000700060E-20
  2.3661868819036590E+04  2.6756176485200594E-20  2.0276154235703331E-20
  2.3897604942816532E+04  2.5141961475004645E-20  1.9100735859793577E-20
  2.4135689635108858E+04  2.3616793235257423E-20  1.7986660423014895E-20
  2.4376146293999489E+04  2.2176240093924520E-20  1.6931114910742191E-20
  2.4618998550682496E+04  2.0816066224549572E-20  1.5931395343392420E-20
  2.4864270271782156E+04  1.9532224072858679E-20  1.4984903445614634E-20
  2.5111985561699104E+04  1.8320847040848089E-20  1.4089143384329067E-20
  2.5362168764978847E+04  1.7178242419994027E-20  1.3241718575007039E-20
  2.5614844468704225E+04  1.6100884563246609E-20  1.2440328553776407E-20
  2.5870037504911830E+04  1.5085408132163518E-20  1.1682765792014847E-20
  2.6127772953032563E+04  1.4128601675151358E-20  1.0966912659240876E-20
  2.6388076142356043E+04  1.3227401775900089E-20  1.0290738728343977E-20
  2.6650972654520025E+04  1.2378887132073068E-20  9.6522979263781682E-21
  2.6916488326024639E+04  1.1580272809989174E-20  9.0497257271590888E-21
  2.7184649250771159E+04  1.0828904699583334E-20  8.4812364090524748E-21
  2.7455481782626623E+04  1.0122254163318595E-20  7.9451203772809923E-21
  2.7729012538013911E+04  9.4579128729535884E-21  7.4397415500812807E-21
  2.8005268398527201E+04  8.8335878282822449E-21  6.9635348080408726E-21
  2.8284276513573954E+04  8.2470965521634406E-21  6.5150035059394256E-21
  2.8566064303043244E+04  7.6963624563559323E-21  6.0927170464177695E-21
  2.8850659460000115E+04  7.1794103728591624E-21  5.6953085147931367E-21
  2.9138089953407347E+04  6.6943623525543033E-21  5.3214724600217149E-21
  2.9428384030874291E+04  6.2394337979365191E-21  4.9699628791245013E-21
  2.9721570221432627E+04  5.8129290330032748E-21  4.6395906907072241E-21
  3.0017677338340240E+04  5.4132373359912075E-21  4.3292215180091534E-21
  3.0316734481913063E+04  5.0388292487098422E-21  4.0377736371880020E-21
  3.0618771042384597E+04  4.6882530201574785E-21  3.7642159804527779E-21
  3.0923816702794451E+04  4.3601311804368631E-21  3.5075661934645129E-21
  3.1231901441905666E+04  4.0531572411020575E-21  3.2668887464073488E-21
  3.1543055537150558E+04  3.7660925181701196E-21  3.0412930981102273E-21
  3.1857309567606422E+04  3.4977630741281989E-21  2.8299319125765735E-21
  3.2174694417000977E+04  3.2470567753628147E-21  2.6319993272590779E-21
  3.2495241276747081E+04  3.0129204615287033E-21  2.4467292723959563E-21
  3.2818981649008310E+04  2.7943572220232757E-21  2.2733938394797031E-21
  3.3145947349795068E+04  2.5904237674588916E-21  2.1113016905403954E-21
  3.3476170512090976E+04  2.4002279250168640E-21  1.9597965350226054E-21
  3.3809683589010943E+04  2.2229262309675192E-21  1.8182556535089729E-21
  3.4146519356990706E+04  2.0577216095327045E-21  1.6860884606648927E-21
  3.4486710919007892E+04  1.9038611445460515E-21  1.5627351147507937E-21
  3.4830291707834782E+04  1.7606339410668077E-21  1.4476651729706373E-21
  3.5177295489324788E+04  1.6273690740731607E-21  1.3403762918220581E-21
  3.5527756365730442E+04  1.5034336214315087E-21  1.2403929716024487E-21
  3.5881708779054359E+04  1.3882307784027878E-21  1.1472653442120652E-21
  3.6239187514434991E+04  1.2811980510123324E-21  1.0605680033849179E-21
  3.6600227703564706E+04  1.1818055256746075E-21  9.7989887646975252E-22
  3.6964864828141974E+04  1.0895542129961782E-21  9.0487813727065370E-22
  3.7333134723359282E+04  1.0039744832264616E-21  8.3514717582361424E-22
  3.7705073581424323E+04  9.2462454995663085E-22  7.7036758988541964E-22
  3.8080717955116808E+04  8.5108898547029285E-22  7.1022018513326049E-22
  3.8460104761380841E+04  7.8297733467490704E-22  6.5440404122825615E-22
  3.8843271284953247E+04  7.1992279336556766E-22  6.0263561611106245E-22
  3.9230255182027300E+04  6.6158094579482252E-22  5.5464788525074094E-22
  3.9621094483953661E+04  6.0762855944345787E-22  5.1018951496389632E-22
  4.0015827600978206E+04  5.5776243493813596E-22  4.6902406891998826E-22
  4.0414493326016367E+04  5.1169830911179378E-22  4.3092924694851647E-22
  4.0817130838465790E+04  4.6916980925198835E-22  3.9569615526466031E-22
  4.1223779708057002E+04  4.2992745663173635E-22  3.6312860723247098E-22
  4.1634479898741658E+04  3.9373771746638033E-22  3.3304245378853070E-22
  4.2049271772620319E+04  3.6038210090244384E-22  3.0526494385269446E-22
  4.2468196093909348E+04  3.2965630214517721E-22  2.7963411374251685E-22
  4.2891294032946535E+04  3.0136937989222643E-22  2.5599819703546542E-22
  4.3318607170237439E+04  2.7534297850381284E-22  2.3421506422148703E-22
  4.3750177500542042E+04  2.5141059030417964E-22  2.1415168879308051E-22
  4.4186047437001267E+04  2.2941685509900825E-22  1.9568363781392227E-22
  4.4626259815305515E+04  2.0921689538594684E-22  1.7869458614754969E-22
  4.5070857897904592E+04  1.9067568577953262E-22  1.6307585353843916E-22
  4.5519885378258914E+04  1.7366745521524176E-22  1.4872596374925576E-22
  4.5973386385133759E+04  1.5807512054030835E-22  1.3555022497019970E-22
  4.6431405486936390E+04  1.4378975014155490E-22  1.2346033072935467E-22
  4.6893987696095501E+04  1.3071005630240380E-22  1.1237398054645932E-22
  4.7361178473485132E+04  1.1874191461440854E-22  1.0221451923124844E-22
  4.7833023732892754E+04  1.0779790725638148E-22  9.2910592395263238E-23
  4.8309569845530816E+04  9.7796897026281920E-23  8.4395824463247734E-23
  4.8790863644594348E+04  8.8663624267455346E-23  7.6608512672352178E-23
  4.9276952429863777E+04  8.0328324321801196E-23  6.9491335284316709E-23
  4.9767883972352793E+04  7.2726366754958897E-23  6.2991075341989305E-23
  5.0263706519003412E+04  6.5797915335730918E-23  5.7058359332042479E-23
  5.0764468797427820E+04  5.9487607768378059E-23  5.1647410114768661E-23
  5.1270220020696514E+04  5.3744254213460797E-23  4.6715813499330384E-23
  5.1781009892175098E+04  4.8520553669126063E-23  4.2224297860399384E-23
  5.2296888610409165E+04  4.3772827320230504E-23  3.8136526209783848E-23
  5.2817906874057509E+04  3.9460767997322838E-23  3.4418900154271459E-23
  5.3344115886873857E+04  3.5547204954905714E-23  3.1040375218183321E-23
  5.3875567362740272E+04  3.1997884069109969E-23  2.7972287781604964E-23
  5.4412313530748768E+04  2.8781260510278820E-23  2.5188191196269588E-23
  5.4954407140333518E+04  2.5868303333524651E-23  2.2663700728634405E-23
  5.5501901466456198E+04  2.3232313873382124E-23  2.0376349116851484E-23
  5.6054850314841016E+04  2.0848755840244663E-23  1.8305451019795337E-23
  5.6613308027261810E+04  1.8695096391880735E-23  1.6431975833048773E-23
  5.7177329486883958E+04  1.6750657573915635E-23  1.4738428444317127E-23
  5.7746970123657331E+04  1.4996477549853007E-23  1.3208737516666014E-23
  5.8322285919763526E+04  1.3415181067072188E-23  1.1828150903631602E-23
  5.8903333415117901E+04  1.1990858630377583E-23  1.0583137815703307E-23
  5.9490169712926436E+04  1.0708953879033674E-23  9.4612973728538723E-24
  6.0082852485296920E+04  9.5561586865761122E-24  8.4512731924733941E-24
  6.0681439978907110E+04  8.5203153375102352E-24  7.5426735095500742E-24
  6.1285991020729358E+04  7.5903255026217779E-24  6.7259966470814020E-24
  6.1896565023811185E+04  6.7560664560936653E-24  5.9925622903822620E-24
  6.2513221993114530E+04  6.0083127504683072E-24  5.3344470388925973E-24
  6.3136022531413219E+04  5.3386634294548854E-24  4.7444243561529842E-24
  6.3765027845247983E+04  4.7394745481069936E-24  4.2159087601276148E-24
  6.4400299750942075E+04  4.2037966618733755E-24  3.7429039967995638E-24
  6.5041900680676597E+04  3.7253169640514984E-24  3.3199549524359486E-24
  6.5689893688625496E+04  3.2983057684683783E-24  2.9421030719906523E-24
  6.6344342457152539E+04  2.9175670507976206E-24  2.6048450627851595E-24
  6.7005311303070252E+04  2.5783927778163155E-24  2.3040946738881650E-24
  6.7672865183959948E+04  2.2765207691202707E-24  2.0361473524972709E-24
  6.8347069704555906E+04  2.0080958674220799E-24  1.7976476043766996E-24
  6.9027991123193118E+04  1.7696342473830583E-24  1.5855589312110117E-24
  6.9715696358318208E+04  1.5579903625752232E-24  1.3971359203171637E-24
  7.0410252995066228E+04  1.3703266104073371E-24  1.2298985782820132E-24
  7.1111729291903132E+04  1.2040855311215780E-24  1.0816087631685861E-24
  7.1820194187333196E+04  1.0569642859466998E-24  9.5024850475446593E-25
  7.2535717306674327E+04  9.2689124827642813E-25  8.3400007983783311E-25
  7.3258368968901137E+04  8.1200455245450010E-25  7.3122771778478759E-25
  7.3988220193554560E+04  7.1063245453143047E-25  6.4046081891755825E-25
  7.4725342707722579E+04  6.2127536865134984E-25  5.6037857543826936E-25
  7.5469808953088228E+04  5.4258945154830071E-25  4.8979589135638928E-25
  7.6221692093049394E+04  4.7337161599170223E-25  4.2765050434284456E-25
  7.6981066019909485E+04  4.1254586070361744E-25  3.7299121746724595E-25
  7.7748005362138356E+04  3.5915078805104402E-25  3.2496713326858529E-25
  7.8522585491706966E+04  3.1232828285463771E-25  2.8281787359461702E-25
  7.9304882531495226E+04  2.7131323867097415E-25  2.4586468978630346E-25
  8.0094973362771998E+04  2.3542418474916423E-25  2.1350233711711984E-25
  8.0892935632751265E+04  2.0405477880293039E-25  1.8519168743656484E-25
  8.1698847762223450E+04  1.7666609524217942E-25  1.6045302155500934E-25
  8.2512788953261392E+04  1.5277964165389033E-25  1.3885994522794050E-25
  8.3334839197004490E+04  1.3197104132222609E-25  1.2003387663067651E-25
  8.4165079281520477E+04  1.1386432426462772E-25  1.0363905701013900E-25
  8.5003590799743863E+04  9.8126773648871903E-26  8.9378039767796696E-26
  8.5850456157495253E+04  8.4464278560565011E-26  7.6987616577402468E-26
  8.6705758581580259E+04  7.2617147934509069E-26  6.6235142290438237E-26
  8.7569582127967820E+04  6.2356347374529303E-26  5.6915226345719661E-26
  8.8442011690051266E+04  5.3480116102183737E-26  4.8846754070380020E-26
  8.9323133006992008E+04  4.5810917639637837E-26  4.1870197694369058E-26
  9.0213032672144371E+04  3.9192714771642541E-26  3.5845210169022591E-26
  9.1111798141567109E+04  3.3488530053481773E-26  3.0648468180118559E-26
  9.2019517742616925E+04  2.8578262989163935E-26  2.6171739481936636E-26
  9.2936280682629644E+04  2.4356739200547336E-26  2.2320153322691078E-26
  9.3862177057687630E+04  2.0731969030174431E-26  1.9010654515368345E-26
  9.4797297861472995E+04  1.7623594985179040E-26  1.6170623364189319E-26
  9.5741734994210725E+04  1.4961509246182249E-26  1.3736645192737455E-26
  9.6695581271700823E+04  1.2684624142681804E-26  1.1653414642131989E-26
  9.7658930434438793E+04  1.0739780043629501E-26  9.8727612230044126E-27
  9.8631877156828632E+04  9.0807763314220417E-27  8.3527836320860802E-27
  9.9614517056487763E+04  7.6675122248670815E-27  7.0570812686289952E-27
  1.0060694670364269E+05  6.4652287376709611E-27  5.9540754484357517E-27
  1.0160926363062022E+05  5.4438379011580902E-27  5.0164080456606820E-27
  1.0262156634143321E+05  4.5773301863624489E-27  4.2204096222766538E-27
  1.0364395432145988E+05  3.8432523161281209E-27  3.5456302079761192E-27
  1.0467652804722154E+05  3.2222477245065612E-27  2.9744259143632216E-27
  1.0571938899625768E+05  2.6976526959222236E-27  2.4915952394143559E-27
  1.0677263965709756E+05  2.2551419243157627E-27  2.0840595332423251E-27
  1.0783638353933295E+05  1.8824178760022619E-27  1.7405826566398129E-27
  1.0891072518379142E+05  1.5689389243215484E-27  1.4515253738243317E-27
  1.0999577017280867E+05  1.3056817539989099E-27  1.2086304841270166E-27
  1.1109162514060651E+05  1.0849340172124609E-27  1.0048351217012388E-27
  1.1219839778377095E+05  9.0011371214915017E-28  8.3410708382388216E-28
  1.1331619687183692E+05  7.4561188891527467E-28  6.9130215560876761E-28
  1.1444513225797832E+05  6.1665596376297524E-28  5.7204000725232493E-28
  1.1558531488980273E+05  5.0919123027317642E-28  4.7259651156365969E-28
  1.1673685682025558E+05  4.1977821521695976E-28  3.8981037343376872E-28
  1.1789987121863291E+05  3.4550389386924426E-28  3.2100229177311408E-28
  1.1907447238170203E+05  2.8390501269048980E-28  2.6390508143305758E-28
  1.2026077574493468E+05  2.3290197225718133E-28  2.1660336477959136E-28
  1.2145889789385244E+05  1.9074190647114345E-28  1.7748160561592616E-28
  1.2266895657548284E+05  1.5594975746715809E-28  1.4517940381927864E-28
  1.2389107070993182E+05  1.2728629116228811E-28  1.1855309899849296E-28
  1.2512536040207159E+05  1.0371212778884581E-28  9.6642847196286282E-29
  1.2637194695334247E+05  8.4356976620393640E-29  7.8644437534147079E-29
  1.2763095287367476E+05  6.8493365896832287E-29  6.3885206997888312E-29
  1.2890250189352938E+05  5.5514249014773791E-29  5.1803492449786301E-29
  1.3018671897605603E+05  4.4913947588747556E-29  4.1931130490771885E-29
  1.3148373032937487E+05  3.6271962114619893E-29  3.3878578952630388E-29
  1.3279366341898066E+05  2.9239242684806183E-29  2.7322289458343156E-29
  1.3411664698026772E+05  2.3526566426954718E-29  2.1994009450299891E-29
  1.3545281103118361E+05  1.8894715889112330E-29  1.7671735078718264E-29
  1.3680228688500513E+05  1.5146194220403127E-29  1.4172074024820768E-29
  1.3816520716324385E+05  1.2118249368543709E-29  1.1343810299707434E-29
  1.3954170580868074E+05  9.6770112388090282E-30  9.0624918469279909E-30
  1.4093191809852776E+05  7.7125733759064076E-30  7.2258868667745961E-30