 #p(MeV) \t \delta f_\\nu \t \delta f_\\nubar
  8.6929976543096981E+00  6.1635448449521231E-14  5.9336013562941386E-14
  8.7796033905990445E+00  6.0724541985154832E-14  5.8443537914277788E-14
  8.8670719539425829E+00  5.9829658340752085E-14  5.7566797571074803E-14
  8.9554119404282684E+00  5.8950550862598062E-14  5.6705548270396671E-14
  9.0446320317842854E+00  5.8086830544746432E-14  5.5859408578333664E-14
  9.1347409962323010E+00  5.7238105008536925E-14  5.5027994031198813E-14
  9.2257476893491415E+00  5.6403993783818934E-14  5.4210931870669321E-14
  9.3176610549370924E+00  5.5584127898212296E-14  5.3407860640199642E-14
  9.4104901259028857E+00  5.4778149488202493E-14  5.2618429802770043E-14
  9.5042440251453826E+00  5.3985711430815470E-14  5.1842299378735414E-14
  9.5989319664521719E+00  5.3206476994679024E-14  5.1079139602606244E-14
  9.6945632554050434E+00  5.2440119509354580E-14  5.0328630597662434E-14
  9.7911472902945160E+00  5.1686322051871629E-14  4.9590462067354887E-14
  9.8886935630434785E+00  5.0944777149463797E-14  4.8864333002509425E-14
  9.9872116601399910E+00  5.0215186497557426E-14  4.8149951403404507E-14
  1.0086711263579451E+01  4.9497281148581088E-14  4.7447053690092613E-14
  1.0187202151816061E+01  4.8790888860445221E-14  4.6755469409202393E-14
  1.0288694200723839E+01  4.8095863691475867E-14  4.6075053442097618E-14
  1.0391197384567198E+01  4.7412060306609255E-14  4.5405661289070907E-14
  1.0494721776981150E+01  4.6739334018591077E-14  4.4747149109850781E-14
  1.0599277551961336E+01  4.6077540830075605E-14  4.4099373764913002E-14
  1.0704874984863858E+01  4.5426537475976387E-14  4.3462192856971429E-14
  1.0811524453415117E+01  4.4786181465897708E-14  4.2835464772484260E-14
  1.0919236438731724E+01  4.4156331126500084E-14  4.2219048723029134E-14
  1.1028021526350484E+01  4.3536845643657187E-14  4.1612804786410791E-14
  1.1137890407268776E+01  4.2927585104279068E-14  4.1016593947378452E-14
  1.1248853878995165E+01  4.2328410537681721E-14  4.0430278137836869E-14
  1.1360922846610565E+01  4.1739183021138610E-14  3.9853719373509604E-14
  1.1474108323839971E+01  4.1159752052728421E-14  3.9286768557788138E-14
  1.1588421434134805E+01  4.0589960075540274E-14  3.8729269863545821E-14
  1.1703873411766125E+01  4.0029651731670787E-14  3.8181069643263351E-14
  1.1820475602928662E+01  3.9478674026261291E-14  3.7642016585622380E-14
  1.1938239466855888E+01  3.8936876298518425E-14  3.7111961686666227E-14
  1.2057176576946217E+01  3.8404110193434895E-14  3.6590758221631930E-14
  1.2177298621900333E+01  3.7880229634160620E-14  3.6078261717406023E-14
  1.2298617406869988E+01  3.7365090794986148E-14  3.5574329925567619E-14
  1.2421144854618106E+01  3.6858552074897782E-14  3.5078822795975785E-14
  1.2544893006690533E+01  3.6360474071669054E-14  3.4591602450872027E-14
  1.2669874024599455E+01  3.5870719556455357E-14  3.4112533159459659E-14
  1.2796100191018549E+01  3.5389153093376881E-14  3.3641480976102356E-14
  1.2923583910990098E+01  3.4915625522462909E-14  3.3178299044007837E-14
  1.3052337713144130E+01  3.4449968917833959E-14  3.2722822853810551E-14
  1.3182374250929637E+01  3.3992017780088569E-14  3.2274890338414539E-14
  1.3313706303858178E+01  3.3541610585056256E-14  3.1834343337083656E-14
  1.3446346778759727E+01  3.3098589676706916E-14  3.1401027490247942E-14
  1.3580308711051176E+01  3.2662801163618136E-14  3.0974792137795271E-14
  1.3715605266017358E+01  3.2234094818863810E-14  3.0555490220713508E-14
  1.3852249740104901E+01  3.1812323983192363E-14  3.0142978185955529E-14
  1.3990255562228977E+01  3.1397345471371826E-14  2.9737115894404206E-14
  1.4129636295093006E+01  3.0989019481579144E-14  2.9337766531818294E-14
  1.4270405636521561E+01  3.0587209507721408E-14  2.8944796522648549E-14
  1.4412577420806565E+01  3.0191782255907086E-14  2.8558075447869222E-14
  1.4556165620066837E+01  2.9802616225141589E-14  2.8177484136680844E-14
  1.4701184345621257E+01  2.9419621439709675E-14  2.7802933250735161E-14
  1.4847647849375530E+01  2.9042715041217470E-14  2.7434340212540412E-14
  1.4995570525222863E+01  2.8671814956304263E-14  2.7071623226143320E-14
  1.5144966910458500E+01  2.8306839904242209E-14  2.6714701284243617E-14
  1.5295851687208406E+01  2.7947709404186834E-14  2.6363494174948021E-14
  1.5448239683872199E+01  2.7594343782077957E-14  2.6017922488163093E-14
  1.5602145876580391E+01  2.7246664177185475E-14  2.5677907621621673E-14
  1.5757585390666199E+01  2.6904592548298975E-14  2.5343371786542072E-14
  1.5914573502152034E+01  2.6568051679560741E-14  2.5014238012920314E-14
  1.6073125639250726E+01  2.6236965185941288E-14  2.4690430154453754E-14
  1.6233257383881806E+01  2.5911257518360281E-14  2.4371872893099813E-14
  1.6394984473202769E+01  2.5590851220123939E-14  2.4058489164025981E-14
  1.6558322801155747E+01  2.5275645462543113E-14  2.3750180028632419E-14
  1.6723288420029441E+01  2.4965528877069814E-14  2.3446836764107986E-14
  1.6889897542036696E+01  2.4660392697486072E-14  2.3148353206866088E-14
  1.7058166540907816E+01  2.4360130804002234E-14  2.2854625790862535E-14
  1.7228111953499663E+01  2.4064639651120813E-14  2.2565553476872363E-14
  1.7399750481420845E+01  2.3773818197909859E-14  2.2281037684123464E-14
  1.7573098992673152E+01  2.3487567840596138E-14  2.2000982224196615E-14
  1.7748174523309171E+01  2.3205792347390743E-14  2.1725293237107942E-14
  1.7924994279106638E+01  2.2928397795464821E-14  2.1453879129492336E-14
  1.8103575637259269E+01  2.2655292509993744E-14  2.1186650514807490E-14
  1.8283936148084599E+01  2.2386387005194943E-14  2.0923520155485202E-14
  1.8466093536748708E+01  2.2121594105758102E-14  2.0664403072810533E-14
  1.8650065705008192E+01  2.1860834155765406E-14  2.0409221375973625E-14
  1.8835870732969539E+01  2.1604035524997330E-14  2.0157904709278914E-14
  1.9023526880865887E+01  2.1351128372527049E-14  1.9910384455520741E-14
  1.9213052590851632E+01  2.1102044254290977E-14  1.9666593370225188E-14
  1.9404466488814862E+01  2.0856716091620407E-14  1.9426465550695911E-14
  1.9597787386207777E+01  2.0615078140746134E-14  1.9189936406008504E-14
  1.9793034281895498E+01  2.0377065963241100E-14  1.8956942627918435E-14
  1.9990226364023105E+01  2.0142616397364421E-14  1.8727422162646928E-14
  2.0189383011901480E+01  1.9911667530273828E-14  1.8501314183511974E-14
  2.0390523797911758E+01  1.9684158671073105E-14  1.8278559064372384E-14
  2.0593668489428840E+01  1.9460030324665943E-14  1.8059098353855858E-14
  2.0798837050764121E+01  1.9239224164301125E-14  1.7842874748422674E-14
  2.1006049645127419E+01  1.9021682341062281E-14  1.7629831472484742E-14
  2.1215326636608577E+01  1.8807346799777142E-14  1.7419911688341683E-14
  2.1426688592178824E+01  1.8596160514403721E-14  1.7213059589026037E-14
  2.1640156283711917E+01  1.8388067596241528E-14  1.7009220485119549E-14
  2.1855750690025626E+01  1.8183013268459253E-14  1.6808340779770850E-14
  2.2073492998943376E+01  1.7980943841460617E-14  1.6610367944523967E-14
  2.2293404609376569E+01  1.7781806689052962E-14  1.6415250495925847E-14
  2.2515507133427541E+01  1.7585550225388712E-14  1.6222937972880487E-14
  2.2739822398513535E+01  1.7392123882647936E-14  1.6033380914720412E-14
  2.2966372449511866E+01  1.7201478089434253E-14  1.5846530839967909E-14
  2.3195179550926326E+01  1.7013564249855511E-14  1.5662340225757244E-14
  2.3426266189075314E+01  1.6828334723262662E-14  1.5480762487892814E-14
  2.3659655074301718E+01  1.6645743216289599E-14  1.5301752332030594E-14
  2.3895369143204736E+01  1.6465746857287149E-14  1.5125267603941548E-14
  2.4133431560894103E+01  1.6288304483260790E-14  1.4951267740347885E-14
  2.4373865723266558E+01  1.6113375668418943E-14  1.4779712901740766E-14
  2.4616695259305217E+01  1.5940920709377254E-14  1.4610563957961340E-14
  2.4861944033401642E+01  1.5770900610519369E-14  1.4443782473793135E-14
  2.5109636147701210E+01  1.5603277069778995E-14  1.4279330694963626E-14
  2.5359795944471792E+01  1.5438012464830369E-14  1.4117171534541357E-14
  2.5612448008495953E+01  1.5275069839671329E-14  1.3957268559713679E-14
  2.5867617169487104E+01  1.5114412891584724E-14  1.3799585978931391E-14
  2.6125328504529708E+01  1.4956005958466621E-14  1.3644088629407953E-14
  2.6385607340543668E+01  1.4799814006506856E-14  1.3490741964959960E-14
  2.6648479256773435E+01  1.4645802335056503E-14  1.3339511787126700E-14
  2.6913970087301834E+01  1.4493930142929961E-14  1.3190358409296390E-14
  2.7182105923588939E+01  1.4344150705237193E-14  1.3043236841979400E-14
  2.7452913117036221E+01  1.4196418126009514E-14  1.2898102932936935E-14
  2.7726418281576272E+01  1.4050687625691661E-14  1.2754913626388222E-14
  2.8002648296288381E+01  1.3906915511744616E-14  1.2613626934315895E-14
  2.8281630308040029E+01  1.3765059150176859E-14  1.2474201908674089E-14
  2.8563391734154809E+01  1.3625076937970992E-14  1.2336598614467620E-14
  2.8847960265106966E+01  1.3486928276376455E-14  1.2200778103672731E-14
  2.9135363867242621E+01  1.3350573545037849E-14  1.2066702389970247E-14
  2.9425630785528224E+01  1.3215974076931374E-14  1.1934334424263097E-14
  2.9718789546326409E+01  1.3083092134080866E-14  1.1803638070951389E-14
  3.0014868960199447E+01  1.2951890895705430E-14  1.1674578095451509E-14
  3.0313898124740586E+01  1.2822338010437715E-14  1.1547123360664834E-14
  3.0615906427433693E+01  1.2694410427909314E-14  1.1421251157791968E-14
  3.0920923548541403E+01  1.2568086716338254E-14  1.1296940263528297E-14
  3.1228979464021883E+01  1.2443345746640876E-14  1.1174169752227869E-14
  3.1540104448474793E+01  1.2320166688101052E-14  1.1052918991606934E-14
  3.1854329078116656E+01  1.2198529004105547E-14  1.0933167638512238E-14
  3.2171684233785626E+01  1.2078412447945168E-14  1.0814895634753817E-14
  3.2492201103976413E+01  1.1959797058680478E-14  1.0698083203000963E-14
  3.2815911187905414E+01  1.1842663157070095E-14  1.0582710842739583E-14
  3.3142846298606308E+01  1.1726991341562214E-14  1.0468759326291336E-14
  3.3473038566056466E+01  1.1612762484346826E-14  1.0356209694892072E-14
  3.3806520440334623E+01  1.1499957727468157E-14  1.0245043254829462E-14
  3.4143324694810005E+01  1.1388558036675275E-14  1.0135241180817593E-14
  3.4483484429363052E+01  1.1278541995746094E-14  1.0026782560512735E-14
  3.4827033073638411E+01  1.1169887574773531E-14  9.9196459739778699E-15
  3.5174004390330360E+01  1.1062573149579306E-14  9.8138104004886425E-15
  3.5524432478500735E+01  1.0956577495264514E-14  9.7092552120401067E-15
  3.5878351776930117E+01  1.0851879778090283E-14  9.6059601653833647E-15
  3.6235797067502418E+01  1.0748459547543752E-14  9.5039053942441201E-15
  3.6596803478623038E+01  1.0646296728586587E-14  9.4030714017192029E-15
  3.6961406488671166E+01  1.0545371614078933E-14  9.3034390528454810E-15
  3.7329641929486456E+01  1.0445664857376735E-14  9.2049895673378096E-15
  3.7701545989890526E+01  1.0347157465096629E-14  9.1077045124911944E-15
  3.8077155219243345E+01  1.0249830790044475E-14  9.0115657962430197E-15
  3.8456506531035224E+01  1.0153666517886751E-14  8.9165556525224568E-15
  3.8839637206514602E+01  1.0058646237408847E-14  8.8226562247235764E-15
  3.9226584898351796E+01  9.9647513411590140E-15  8.7298494852341076E-15
  3.9617387634339401E+01  9.8719635528582574E-15  8.6381177341263701E-15
  4.0012083821129607E+01  9.7802649503965856E-15  8.5474436198420038E-15
  4.0410712248008572E+01  9.6896379581643094E-15  8.4578101316868805E-15
  4.0813312090708465E+01  9.6000653396439688E-15  8.3692005925733908E-15
  4.1219922915257591E+01  9.5115301902527693E-15  8.2815986520001345E-15
  4.1630584681868804E+01  9.4240159304264523E-15  8.1949882792601074E-15
  4.2045337748866558E+01  9.3375062989357624E-15  8.1093537568684266E-15
  4.2464222876653217E+01  9.2519853464262352E-15  8.0246796742008927E-15
  4.2887281231714908E+01  9.1674374291736029E-15  7.9409509213351735E-15
  4.3314554390667105E+01  9.0838471963216071E-15  7.8581526776981358E-15
  4.3746084344340645E+01  9.0011996154980068E-15  7.7762704901354935E-15
  4.4181913501908511E+01  8.9194804809708372E-15  7.6952907674290348E-15
  4.4622084695053623E+01  8.8386759704123031E-15  7.6152002938018926E-15
  4.5066641182178017E+01  8.7587724983815151E-15  7.5359860878494850E-15
  4.5515626652654376E+01  8.6797567116184241E-15  7.4576353979747514E-15
  4.5969085231119521E+01  8.6016154846387344E-15  7.3801356980928089E-15
  4.6427061481810789E+01  8.5243359156154495E-15  7.3034746835912296E-15
  4.6889600412945704E+01  8.4479053225328743E-15  7.2276402675313387E-15
  4.7356747481145263E+01  8.3723112395994357E-15  7.1526205770774910E-15
  4.7828548595901104E+01  8.2975414139059178E-15  7.0784039501405853E-15
  4.8305050124087415E+01  8.2235838023173818E-15  7.0049789322243352E-15
  4.8786298894517721E+01  8.1504265685857326E-15  6.9323342734615197E-15
  4.9272342202547065E+01  8.0780584151572078E-15  6.8604591824000150E-15
  4.9763227814719805E+01  8.0064693316992603E-15  6.7893438500223919E-15
  5.0259003973464239E+01  7.9356496325118321E-15  6.7189787211529411E-15
  5.0759719401833543E+01  7.8655897791436798E-15  6.6493543848903932E-15
  5.1265423308294046E+01  7.7962803777031523E-15  6.5804615719901321E-15
  5.1776165391561307E+01  7.7277121756905861E-15  6.5122911518367314E-15
  5.2291995845484422E+01  7.6598760590452693E-15  6.4448341296088365E-15
  5.2812965363978698E+01  7.5927630493963260E-15  6.3780816436256696E-15
  5.3339125146007774E+01  7.5263643015079963E-15  6.3120249628656243E-15
  5.3870526900615303E+01  7.4606711009093322E-15  6.2466554846475500E-15
  5.4407222852006711E+01  7.3956748617001306E-15  6.1819647324657914E-15
  5.4949265744681405E+01  7.3313671245232815E-15  6.1179443539698764E-15
  5.5496708848616613E+01  7.2677393914804633E-15  6.0545859872976911E-15
  5.6049605964502426E+01  7.2047812363123301E-15  5.9918797421549912E-15
  5.6608011429029020E+01  7.1424810299286127E-15  5.9298148004344958E-15
  5.7171980120226813E+01  7.0808273554374139E-15  5.8683805592028868E-15
  5.7741567462859699E+01  7.0198090306408352E-15  5.8075666478702211E-15
  5.8316829433871803E+01  6.9594151030007566E-15  5.7473629232684683E-15
  5.8897822567888873E+01  6.8996348447601086E-15  5.6877594648749593E-15
  5.9484603962774230E+01  6.8404577482141455E-15  5.6287465701751859E-15
  6.0077231285240195E+01  6.7818735211265565E-15  5.5703147501601375E-15
  6.0675762776515114E+01  6.7238720822858268E-15  5.5124547249532488E-15
  6.1280257258067437E+01  6.6664435571965852E-15  5.4551574195621244E-15
  6.1890774137386309E+01  6.6095782739015340E-15  5.3984139597504101E-15
  6.2507373413819870E+01  6.5532667877485632E-15  5.3422156913949454E-15
  6.3130115684471797E+01  6.4975020901809284E-15  5.2865559730642517E-15
  6.3759062150156694E+01  6.4422810876160316E-15  5.2314313592382598E-15
  6.4394274621414510E+01  6.3876010394668102E-15  5.1768386859628712E-15
  6.5035815524585104E+01  6.3334591763924723E-15  5.1227747591510233E-15
  6.5683747907943342E+01  6.2798527017485149E-15  5.0692363559914903E-15
  6.6338135447895255E+01  6.2267787930239721E-15  5.0162202263414580E-15
  6.6999042455235681E+01  6.1742346032652753E-15  4.9637230941019445E-15
  6.7666533881468823E+01  6.1222172624866505E-15  4.9117416585760368E-15
  6.8340675325191313E+01  6.0707238790660055E-15  4.8602725958091977E-15
  6.9021533038538905E+01  6.0197515411269207E-15  4.8093125599115273E-15
  6.9709173933697571E+01  5.9692973179053730E-15  4.7588581843613482E-15
  7.0403665589479502E+01  5.9193582611016256E-15  4.7089060832900006E-15
  7.1105076257964257E+01  5.8699308290320631E-15  4.6594523932427216E-15
  7.1813474871206466E+01  5.8210090519181505E-15  4.6104913184345602E-15
  7.2528931048010278E+01  5.7725864037803793E-15  4.5620166368907905E-15
  7.3251515100771215E+01  5.7246564651347896E-15  4.5140222311909602E-15
  7.3981298042385959E+01  5.6772129211374326E-15  4.4665020866226560E-15
  7.4718351593231617E+01  5.6302495597509815E-15  4.4194502893588679E-15
  7.5462748188214022E+01  5.5837602699505177E-15  4.3728610246722461E-15
  7.6214560983886145E+01  5.5377390399664538E-15  4.3267285751848154E-15
  7.6973863865637867E+01  5.4921799555643693E-15  4.2810473191525347E-15
  7.7740731454957242E+01  5.4470771983606933E-15  4.2358117287836966E-15
  7.8515239116763752E+01  5.4024250441734471E-15  4.1910163685905492E-15
  7.9297462966815047E+01  5.3582178614071008E-15  4.1466558937730351E-15
  8.0087479879187441E+01  5.3144501351770876E-15  4.1027250692032651E-15
  8.0885367493830543E+01  5.2711167615836021E-15  4.0592190035193182E-15
  8.1691204224197563E+01  5.2282129319221275E-15  4.0161330537714244E-15
  8.2505069264951615E+01  5.1857339095152277E-15  3.9734626462235335E-15
  8.3327042599748509E+01  5.1436750243664643E-15  3.9312032718642431E-15
  8.4157205009097282E+01  5.1020316721773913E-15  3.8893504854048031E-15
  8.4995638078298967E+01  5.0607993133824161E-15  3.8478999042937187E-15
  8.5842424205464710E+01  5.0199734722013625E-15  3.8068472077476550E-15
  8.6697646609613287E+01  4.9795497357089906E-15  3.7661881357981948E-15
  8.7561389338849636E+01  4.9395237529216414E-15  3.7259184883542388E-15
  8.8433737278624960E+01  4.8998912339004350E-15  3.6860341242797445E-15
  8.9314776160078850E+01  4.8606479488706709E-15  3.6465309604862897E-15
  9.0204592568464335E+01  4.8217897347763751E-15  3.6074049764401548E-15
  9.1103273951657727E+01  4.7833128198593582E-15  3.5686524493964943E-15
  9.2010908628752347E+01  4.7452139377973115E-15  3.5302700330192543E-15
  9.2927585798737994E+01  4.7074898878753683E-15  3.4922544347428241E-15
  9.3853395549267574E+01  4.6701375002366885E-15  3.4546023902994754E-15
  9.4788428865510355E+01  4.6331536357082268E-15  3.4173106634984311E-15
  9.5732777639093371E+01  4.5965351856300123E-15  3.3803760460069721E-15
  9.6686534677132727E+01  4.5602790716877184E-15  3.3437953571331600E-15
  9.7649793711354093E+01  4.5243822457486313E-15  3.3075654436106797E-15
  9.8622649407303854E+01  4.4888416897011482E-15  3.2716831793853036E-15
  9.9605197373653709E+01  4.4536544152974070E-15  3.2361454654030558E-15
  1.0059753417159530E+02  4.4188174639995792E-15  3.2009492294002711E-15
  1.0159975732433053E+02  4.3843279068106957E-15  3.1660914256820656E-15
  1.0261196532665647E+02  4.3501827035004878E-15  3.1315689341826446E-15
  1.0363425765464368E+02  4.3163783626831562E-15  3.0973783186627342E-15
  1.0466673477541340E+02  4.2829113366697698E-15  3.0635161135693882E-15
  1.0570949815701087E+02  4.2497781287606922E-15  3.0299789014047769E-15
  1.0676265027837673E+02  4.2169752925549124E-15  2.9967633119848151E-15
  1.0782629463941902E+02  4.1844994312730465E-15  2.9638660217096763E-15
  1.0890053577118438E+02  4.1523471970938871E-15  2.9312837528459517E-15
  1.0998547924613072E+02  4.1205152905043553E-15  2.8990132728202219E-15
  1.1108123168850310E+02  4.0890004596625126E-15  2.8670513935238082E-15
  1.1218790078481204E+02  4.0577994997735810E-15  2.8353949706285103E-15
  1.1330559529441626E+02  4.0269092524786971E-15  2.8040409029130830E-15
  1.1443442506021174E+02  3.9963266052564301E-15  2.7729861316002415E-15
  1.1557450101942644E+02  3.9660485548913037E-15  2.7422276849796308E-15
  1.1672593521452234E+02  3.9360727522293576E-15  2.7117630613904489E-15
  1.1788884080420738E+02  3.9063972103568115E-15  2.6815900168126835E-15
  1.1906333207455583E+02  3.8770199590625083E-15  2.6517063187236220E-15
  1.2024952445023951E+02  3.8479390412671514E-15  2.6221097435309185E-15
  1.2144753450587251E+02  3.8191525132412347E-15  2.5927980766949349E-15
  1.2265747997746628E+02  3.7906584448228339E-15  2.5637691128478656E-15
  1.2387947977400094E+02  3.7624549196354162E-15  2.5350206559097122E-15
  1.2511365398911188E+02  3.7345400353056790E-15  2.5065505192011056E-15
  1.2636012391289071E+02  3.7069119036816949E-15  2.4783565255529833E-15
  1.2761901204380639E+02  3.6795686510512449E-15  2.4504365074131120E-15
  1.2889044210074351E+02  3.6525084183606091E-15  2.4227883069494749E-15
  1.3017453903516056E+02  3.6257293536460038E-15  2.3954097707768596E-15
  1.3147142904337039E+02  3.5992293199376374E-15  2.3682985497032137E-15
  1.3278123957894201E+02  3.5730058182751754E-15  2.3414520501041192E-15
  1.3410409936522581E+02  3.5470563603124555E-15  2.3148676920975477E-15
  1.3544013840800486E+02  3.5213784942987562E-15  2.2885429272326114E-15
  1.3678948800827095E+02  3.4959698047523891E-15  2.2624752380476944E-15
  1.3815228077512796E+02  3.4708279121451128E-15  2.2366621376355089E-15
  1.3952865063882510E+02  3.4459504725965966E-15  2.2111011692144765E-15
  1.4091873286391856E+02  3.4213351775795529E-15  2.1857899057066352E-15
  1.4232266406256440E+02  3.3969797536349751E-15  2.1607259493217873E-15
  1.4374058220794529E+02  3.3728819620979446E-15  2.1359069311477246E-15
  1.4517262664782928E+02  3.3490395988336042E-15  2.1113305107465549E-15
  1.4661893811826417E+02  3.3254504940218108E-15  2.0869943757835929E-15
  1.4807965875740982E+02  3.3021126099627416E-15  2.0628963065353193E-15
  1.4955493211950528E+02  3.2790242434823147E-15  2.0390343073065452E-15
  1.5104490318897743E+02  3.2561837717350255E-15  2.0154064355631489E-15
  1.5254971839469070E+02  3.2335895921606745E-15  1.9920107619197250E-15
  1.5406952562433537E+02  3.2112401226158293E-15  1.9688453700917178E-15
  1.5560447423896312E+02  3.1891338015106070E-15  1.9459083568470216E-15
  1.5715471508766527E+02  3.1672690879506933E-15  1.9231978319571424E-15
  1.5872040052239689E+02  3.1456444618848758E-15  1.9007119181476952E-15
  1.6030168441295064E+02  3.1242584242584213E-15  1.8784487510485056E-15
  1.6189872216207783E+02  3.1031094971722194E-15  1.8564064791430280E-15
  1.6351167072076043E+02  3.0821962240483365E-15  1.8345832637173932E-15
  1.6514068860363670E+02  3.0615171698019421E-15  1.8129772788088498E-15
  1.6678593590457871E+02  3.0410708839517851E-15  1.7915866882977251E-15
  1.6844757431242547E+02  3.0208556465441557E-15  1.7704094904926363E-15
  1.7012576712687408E+02  3.0008696303517498E-15  1.7494436212809330E-15
  1.7182067927452766E+02  2.9811110421714042E-15  1.7286870416866144E-15
  1.7353247732510323E+02  2.9615781235460546E-15  1.7081377380226679E-15
  1.7526132950780260E+02  2.9422691506347882E-15  1.6877937215143413E-15
  1.7700740572784491E+02  2.9231824340962212E-15  1.6676530279277226E-15
  1.7877087758316338E+02  2.9043163189856784E-15  1.6477137172036169E-15
  1.8055191838127146E+02  2.8856691846662558E-15  1.6279738730965753E-15
  1.8235070315629235E+02  2.8672394447340033E-15  1.6084316028190192E-15
  1.8416740868616199E+02  2.8490255469575265E-15  1.5890850366903458E-15
  1.8600221351000309E+02  2.8310259732322338E-15  1.5699323277909515E-15
  1.8785529794566895E+02  2.8132392507651873E-15  1.5509716579791288E-15
  1.8972684410746646E+02  2.7956642336902635E-15  1.5322013963914040E-15
  1.9161703592405300E+02  2.7783001158134384E-15  1.5136201017405199E-15
  1.9352605915651139E+02  2.7611461248868634E-15  1.4952263462639673E-15
  1.9545410141660739E+02  2.7442015072975988E-15  1.4770187067801413E-15
  1.9740135218522647E+02  2.7274655285790778E-15  1.4589957647874170E-15
  1.9936800283099510E+02  2.7109374739347395E-15  1.4411561065605255E-15
  2.0135424662908858E+02  2.6946166487744886E-15  1.4234983232442692E-15
  2.0336027878022512E+02  2.6785023792647434E-15  1.4060210109446504E-15
  2.0538629642984861E+02  2.6625940128925670E-15  1.3887227708173564E-15
  2.0743249868750476E+02  2.6468909190448371E-15  1.3716022091537087E-15
  2.0949908664640805E+02  2.6313924896031149E-15  1.3546579374640792E-15
  2.1158626340320396E+02  2.6160981392035104E-15  1.3378885723744908E-15
  2.1369423407792979E+02  2.6010071751820144E-15  1.3212926671351853E-15
  2.1582320583417231E+02  2.5861186065612064E-15  1.3048686137700774E-15
  2.1797338789942663E+02  2.5714314282813464E-15  1.2886147956359775E-15
  2.2014499158565943E+02  2.5569446725643624E-15  1.2725296143601875E-15
  2.2233823031007537E+02  2.5426574092336069E-15  1.2566114895787791E-15
  2.2455331961608994E+02  2.5285687460590172E-15  1.2408588586783685E-15
  2.2679047719451486E+02  2.5146778291282713E-15  1.2252701765412294E-15
  2.2904992290494903E+02  2.5009838432453374E-15  1.2098439152938267E-15
  2.3133187879738659E+02  2.4874860123570202E-15  1.1945785640586200E-15
  2.3363656913404091E+02  2.4741836000088605E-15  1.1794726287091500E-15
  2.3596422041138112E+02  2.4610759098313645E-15  1.1645246316283314E-15
  2.3831506138239376E+02  2.4481622860577934E-15  1.1497331114699215E-15
  2.4068932307906312E+02  2.4354421494713740E-15  1.1350966400173931E-15
  2.4308723883507520E+02  2.4229151859154238E-15  1.1206139116317457E-15
  2.4550904430875062E+02  2.4105812055337693E-15  1.1062836717438414E-15
  2.4795497750620328E+02  2.3984400544884584E-15  1.0921046729872240E-15
  2.5042527880473008E+02  2.3864916157107857E-15  1.0780756750863155E-15
  2.5292019097643589E+02  2.3747358099049411E-15  1.0641954448489150E-15
  2.5543995921209142E+02  2.3631725965926735E-15  1.0504627561579104E-15
  2.5798483114522884E+02  2.3518019752008910E-15  1.0368763899621980E-15
  2.6055505687648019E+02  2.3406239861943483E-15  1.0234351342667605E-15
  2.6315088899815498E+02  2.3296387122558345E-15  1.0101377841220697E-15
  2.6577258261906388E+02  2.3188462795159763E-15  9.9698314161265426E-16
  2.6842039538959108E+02  2.3082468588355200E-15  9.8397001584500403E-16
  2.7109458752701437E+02  2.2978406631202846E-15  9.7109722119649063E-16
  2.7379542184107748E+02  2.2876278752746652E-15  9.5836354559762092E-16
  2.7652316375982105E+02  2.2776086585022499E-15  9.4576775557494075E-16
  2.7927808135566403E+02  2.2677832265974865E-15  9.3330862688204189E-16
  2.8206044537175097E+02  2.2581518480021521E-15  9.2098494555035544E-16
  2.8487052924856096E+02  2.2487148473328740E-15  9.0879550778192362E-16
  2.8770860915077685E+02  2.2394726069828508E-15  8.9673911984323777E-16
  2.9057496399442874E+02  2.2304255688015505E-15  8.8481459796008856E-16
  2.9346987547430393E+02  2.2215742358564461E-15  8.7302076821346631E-16
  2.9639362809162952E+02  2.2129191742810872E-15  8.6135646643646276E-16
  2.9934650918203437E+02  2.2044610152140236E-15  8.4982053811219163E-16
  3.0232880894378616E+02  2.1962004568334358E-15  8.3841183827269568E-16
  3.0534082046631033E+02  2.1881382665134036E-15  8.2712923139148934E-16
  3.0838283975899543E+02  2.1802752774406403E-15  8.1597158812452958E-16
  3.1145516578028310E+02  2.1726123821968474E-15  8.0493778150859011E-16
  3.1455810046704767E+02  2.1651505480737965E-15  7.9402669335157891E-16
  3.1769194876427105E+02  2.1578908218493936E-15  7.8323721507730442E-16
  3.2085701865501096E+02  2.1508343325095711E-15  7.7256824761488474E-16
  3.2405362119066723E+02  2.1439822941130831E-15  7.6201870129016618E-16
  3.2728207052155267E+02  2.1373360088071477E-15  7.5158749571912196E-16
  3.3054268392776589E+02  2.1308968700021687E-15  7.4127355970308100E-16
  3.3383578185037078E+02  2.1246663657149728E-15  7.3107583112578172E-16
  3.3716168792289204E+02  2.1186460820898970E-15  7.2099325685209337E-16
  3.4052072900311668E+02  2.1128377071084117E-15  7.1102479262844597E-16
  3.4391323520521769E+02  2.1072430344979679E-15  7.0116940298476442E-16
  3.4733953993219916E+02  2.1018640539864883E-15  6.9142608689489782E-16
  3.5079997990865718E+02  2.0967032904080684E-15  6.8179397357937684E-16
  3.5429489521387569E+02  2.0917635121971761E-15  6.7227222875961283E-16
  3.5782462931524685E+02  2.0870476077566219E-15  6.6286001614819137E-16
  3.6138952910202448E+02  2.0825585912381964E-15  6.5355649765604394E-16
  3.6498994491941778E+02  2.0782996086593655E-15  6.4436083360286150E-16
  3.6862623060302019E+02  2.0742739443572789E-15  6.3527218292754197E-16
  3.7229874351358234E+02  2.0704850278008869E-15  6.2628970339824329E-16
  3.7600784457213439E+02  2.0669364407835324E-15  6.1741255182169434E-16
  3.7975389829545463E+02  2.0636319250202185E-15  6.0863988425137533E-16
  3.8353727283189210E+02  2.0605753901755465E-15  5.9997085619431116E-16
  3.8735833999754863E+02  2.0577709223503209E-15  5.9140462281608016E-16
  3.9121747531281886E+02  2.0552227544964663E-15  5.8294033191064586E-16
  3.9511505803929373E+02  2.0529348518353298E-15  5.7457705702522061E-16
  3.9905147121703504E+02  2.0509110796134698E-15  5.6631383631950074E-16
  4.0302710170221826E+02  2.0491555023316074E-15  5.5814971597113664E-16
  4.0704234020514963E+02  2.0476723974067716E-15  5.5008375020717802E-16
  4.1109758132866824E+02  2.0464662651262976E-15  5.4211500118001121E-16
  4.1519322360692070E+02  2.0455418392601330E-15  5.3424253885961470E-16
  4.1932966954453025E+02  2.0449040983737437E-15  5.2646544094070794E-16
  4.2350732565615584E+02  2.0445582778873103E-15  5.1878279276346506E-16
  4.2772660250643747E+02  2.0445098829313619E-15  5.1119368724655620E-16
  4.3198791475034949E+02  2.0447647020526650E-15  5.0369722483126382E-16
  4.3629168117394988E+02  2.0453288218293762E-15  4.9629251343556573E-16
  4.4063832473553560E+02  2.0462086431545889E-15  4.8897866792818833E-16
  4.4502827260721182E+02  2.0474107308822503E-15  4.8175471672204266E-16
  4.4946195621687173E+02  2.0489415947673699E-15  4.7461950992561623E-16
  4.5393981129059443E+02  2.0508080781950585E-15  4.6757189754881942E-16
  4.5846227789546879E+02  2.0530174367367034E-15  4.6061075274094708E-16
  4.6302980048284059E+02  2.0555773597183931E-15  4.5373497119511951E-16
  4.6764282793199010E+02  2.0584959934050713E-15  4.4694347057949859E-16
  4.7230181359424904E+02  2.0617819659263339E-15  4.4023518999360772E-16
  4.7700721533755302E+02  2.0654444140822537E-15  4.3360908944825508E-16
  4.8175949559143714E+02  2.0694930121810137E-15  4.2706414936758582E-16
  4.8655912139248557E+02  2.0739380030744524E-15  4.2059937011184237E-16
  4.9140656443022806E+02  2.0787902315746760E-15  4.1421377151949761E-16
  4.9630230109349424E+02  2.0840611804523995E-15  4.0790639246749480E-16
  5.0124681251723678E+02  2.0897632444970283E-15  4.0167635496582972E-16
  5.0624058462980872E+02  2.0959106606726069E-15  3.9552309103348638E-16
  5.1128410820072219E+02  2.1025187547646046E-15  3.8944611350716648E-16
  5.1637787888888238E+02  2.1096036570801252E-15  3.8344492711564421E-16
  5.2152239729129201E+02  2.1171823562140145E-15  3.7751902879093118E-16
  5.2671816899225439E+02  2.1252727570849383E-15  3.7166790798337730E-16
  5.3196570461305805E+02  2.1338937436134351E-15  3.6589104697545919E-16
  5.3726551986215702E+02  2.1430652464776678E-15  3.6018792119391452E-16
  5.4261813558585618E+02  2.1528083164295953E-15  3.5455799951990374E-16
  5.4802407781949626E+02  2.1631452037078416E-15  3.4900074459693504E-16
  5.5348387783914950E+02  2.1740994441428443E-15  3.4351561313624557E-16
  5.5899807221383389E+02  2.1856959526173134E-15  3.3810205621940663E-16
  5.6456720285824451E+02  2.1979610772074286E-15  3.3275950990307221E-16
  5.7019181708600888E+02  2.2109221478007138E-15  3.2748728553534953E-16
  5.7587246766347801E+02  2.2246077796284158E-15  3.2228461687397067E-16
  5.8160971286404867E+02  2.2390484125737761E-15  3.1715074442552896E-16
  5.8740411652302714E+02  2.2542764606170619E-15  3.1208491693332333E-16
  5.9325624809304384E+02  2.2703264662727231E-15  3.0708639124047074E-16
  5.9916668270001549E+02  2.2872352697130800E-15  3.0215443215592508E-16
  6.0513600119966395E+02  2.3050421942206012E-15  2.9728831232334609E-16
  6.1116479023460727E+02  2.3237892498230360E-15  2.9248731209274443E-16
  6.1725364229200466E+02  2.3435213572095434E-15  2.8775071939488064E-16
  6.2340315576178796E+02  2.3642865943056591E-15  2.8307782961834150E-16
  6.2961393499547228E+02  2.3861364682080326E-15  2.7846794548924309E-16
  6.3588659036554247E+02  2.4091262175003838E-15  2.7392037726279328E-16
  6.4222173832544377E+02  2.4333152625218541E-15  2.6943446046421369E-16
  6.4862000147016306E+02  2.4587676438072624E-15  2.6500956408581392E-16
  6.5508200859741316E+02  2.4855522638154515E-15  2.6064506341600128E-16
  6.6160839476943204E+02  2.5137433264278630E-15  2.5634033754907373E-16
  6.6819980137539324E+02  2.5434208443369656E-15  2.5209476937883081E-16
  6.7485687619443650E+02  2.5746712053420701E-15  2.4790774559237950E-16
  6.8158027345933374E+02  2.6075878056399210E-15  2.4377865666411000E-16
  6.8837065392078227E+02  2.6422717594866566E-15  2.3970689684988747E-16
  6.9522868491233885E+02  2.6788326961324928E-15  2.3569186418141482E-16
  7.0215504041600718E+02  2.7173896567378221E-15  2.3173296046077428E-16
  7.0915040112847203E+02  2.7580721061319407E-15  2.2782959125515325E-16
  7.1621545452799353E+02  2.8010210768432478E-15  2.2398116589160489E-16
  7.2335089494197439E+02  2.8463904337839725E-15  2.2018709456742737E-16
  7.3055742361519356E+02  2.8943482612597924E-15  2.1644678113087940E-16
  7.3783574877872002E+02  2.9450786259738180E-15  2.1275963175839576E-16
  7.4518658571951892E+02  2.9987835202765414E-15  2.0912505737194533E-16
  7.5261065685074607E+02  3.0556850603252137E-15  2.0554247359889279E-16
  7.6010869178274027E+02  3.1160280132365620E-15  2.0201130073278260E-16
  7.6768142739473512E+02  3.1800827118318101E-15  1.9853096369502428E-16
  7.7532960790726736E+02  3.2481484277625069E-15  1.9510089199747235E-16
  7.8305398495532040E+02  3.3205572889135210E-15  1.9172051970588114E-16
  7.9085531766219674E+02  3.3976788458009796E-15  1.8838928540421158E-16
  7.9873437271411194E+02  3.4799254152516002E-15  1.8510663215979292E-16
  8.0669192443555016E+02  3.5677583593362750E-15  1.8187200748930531E-16
  8.1472875486535906E+02  3.6616955145408454E-15  1.7868486430225050E-16
  8.2284565383360302E+02  3.7623201430271787E-15  1.7554466884428210E-16
  8.3104341903918930E+02  3.8702913341788169E-15  1.7245089587472909E-16
  8.3932285612826138E+02  3.9863564450254922E-15  1.6940302350459619E-16
  8.4768477877337148E+02  4.1113661842969667E-15  1.6640053315165391E-16
  8.5613000875345074E+02  4.2462928730375737E-15  1.6344290954848079E-16
  8.6465937603456837E+02  4.3922526828072521E-15  1.6052964075035545E-16
  8.7327371885149421E+02  4.5505328914851069E-15  1.5766021814298935E-16
  8.8197388379008362E+02  4.7226255163700218E-15  1.5483413645009305E-16
  8.9076072587047236E+02  4.9102691174893935E-15  1.5205089374077547E-16
  8.9963510863110764E+02  5.1155011566687250E-15  1.4930999143677150E-16
  9.0859790421360867E+02  5.3407241166575677E-15  1.4661093431948493E-16
  9.1764999344848388E+02  5.5887897224703233E-15  1.4395323039781214E-16
  9.2679226594169268E+02  5.8631070607736419E-15  1.4133638614967085E-16
  9.3602562016206969E+02  6.1677831118683544E-15  1.3875990574006843E-16
  9.4535096352962876E+02  6.5078074189470032E-15  1.3622329713675045E-16
  9.5476921250473788E+02  6.8892968634091254E-15  1.3372607249121697E-16
  9.6428129267818349E+02  7.3198241773190443E-15  1.3126774811331820E-16
  9.7388813886213813E+02  7.8088641827505936E-15  1.2884784444640225E-16
  9.8359069518202830E+02  8.3684073652962255E-15  1.2646588604299280E-16
  9.9338991516932015E+02  9.0138136090760740E-15  1.2412140154098444E-16
  1.0032867618552265E+03  9.7650129302926461E-15  1.2181392364033944E-16
  1.0132822078653542E+03  1.0648207896460515E-14  1.1954298908026339E-16
  1.0233772355152894E+03  1.1698293019030499E-14  1.1730813861685477E-16
  1.0335728369071305E+03  1.2962260619477898E-14  1.1510891700182145E-16
  1.0438700140269964E+03  1.4503829615015648E-14  1.1294487390313730E-16
  1.0542697788434937E+03  1.6409143190658807E-14  1.1081556566418519E-16
  1.0647731534071663E+03  1.8791845100525006E-14  1.0872055279864389E-16
  1.0753811699509456E+03  2.1791237335968242E-14  1.0665939942733923E-16
  1.0860948709915897E+03  2.5546606796815259E-14  1.0463167327069879E-16
  1.0969153094321409E+03  3.0117983493652758E-14  1.0263694564124907E-16
  1.1078435486653957E+03  3.5347661476093586E-14  1.0067479143614808E-16
  1.1188806626784196E+03  4.0782928982025950E-14  9.8744789129744097E-17
  1.1300277361580886E+03  4.5855090546379578E-14  9.6846520766146663E-17
  1.1412858645976874E+03  5.0195468980699835E-14  9.4979571951803382E-17
  1.1526561544045755E+03  5.3734574419628025E-14  9.3143531848067587E-17
  1.1641397230089185E+03  5.6578800511060242E-14  9.1337993163753519E-17
  1.1757376989735012E+03  5.8878038422100182E-14  8.9562552419378062E-17
  1.1874512221046452E+03  6.0764456734134851E-14  8.7816811623213124E-17
  1.1992814435642204E+03  6.2338548737881784E-14  8.6100377004714595E-17
  1.2112295259827797E+03  6.3671815768733999E-14  8.4412858076187188E-17
  1.2232966435738124E+03  6.4812708380084047E-14  8.2753867630912609E-17
  1.2354839822491504E+03  6.5792918152594535E-14  8.1123021745480168E-17
  1.2477927397355095E+03  6.6632300327768619E-14  7.9519939781755179E-17
  1.2602241256921952E+03  6.7341809340533282E-14  7.7944244388478924E-17
  1.2727793618299911E+03  6.7925408246526480E-14  7.6395561502495620E-17
  1.2854596820312197E+03  6.8380581508799302E-14  7.4873520349604792E-17
  1.2982663324710004E+03  6.8697395800838574E-14  7.3377753445035699E-17
  1.3112005717397262E+03  6.8858959577879552E-14  7.1907896593539128E-17
  1.3242636709667490E+03  6.8840796561120506E-14  7.0463588813886033E-17
  1.3374569139453035E+03  6.8608797100848350E-14  6.9044470558585929E-17
  1.3507815972586689E+03  6.8115847563664342E-14  6.7650183802683525E-17
  1.3642390304075991E+03  6.7295647626961993E-14  6.6280374023408906E-17
  1.3778305359390131E+03  6.6055921646502190E-14  6.4934690282104630E-17
  1.3915574495759652E+03  6.4271442923855434E-14  6.3612785208380422E-17
  1.4054211203489228E+03  6.1777609278110171E-14  6.2314314984267397E-17
  1.4194229107283415E+03  5.8372724608358799E-14  6.1038939328365164E-17
  1.4335641967585573E+03  5.3852855148944906E-14  5.9786321479972654E-17
  1.4478463681930293E+03  4.8122746280905901E-14  5.8556128183192880E-17
  1.4622708286309144E+03  4.1395726738342504E-14  5.7348029671007144E-17
  1.4768389956550045E+03  3.4316257078017679E-14  5.6161699649309468E-17
  1.4915523009710485E+03  2.7717494019927186E-14  5.4996815281048757E-17
  1.5064121905484508E+03  2.2160199290707338E-14  5.3853057237983924E-17
  1.5214201247623778E+03  1.7766661240982060E-14  5.2730109781900452E-17
  1.5365775785372725E+03  1.4388665588632634E-14  5.1627660590176995E-17
  1.5518860414918138E+03  1.1803966384123818E-14  5.0545400711721050E-17
  1.5673470180853058E+03  9.8118420020047615E-15  4.9483024551567393E-17
  1.5829620277655265E+03  8.2571107532513790E-15  4.8440229855362476E-17
  1.5987326051180621E+03  7.0264649020786754E-15  4.7416717693730854E-17
  1.6146603000171167E+03  6.0385806919504770E-15  4.6412192446520973E-17
  1.6307466777778218E+03  5.2350417107579522E-15  4.5426361786925813E-17
  1.6469933193100819E+03  4.5735046925138936E-15  4.4458936665470765E-17
  1.6634018212739309E+03  4.0228878496344614E-15  4.3509631293870486E-17
  1.6799737962364520E+03  3.5600580530835658E-15  4.2578163128747605E-17
  1.6967108728302464E+03  3.1675570086651325E-15  4.1664253281931434E-17
  1.7136146959135008E+03  2.8320312982882876E-15  4.0767628642132001E-17
  1.7306869267316310E+03  2.5431368891528296E-15  3.9888020013294610E-17
  1.7479292430805399E+03  2.2927655240987836E-15  3.9025161046682101E-17
  1.7653433394715141E+03  2.0744913359455130E-15  3.8178788237770256E-17
  1.7829309272977496E+03  1.8831698012380610E-15  3.7348640924735803E-17
  1.8006937350025355E+03  1.7146434164036022E-15  3.6534461286282416E-17
  1.8186335082491310E+03  1.5655230779438842E-15  3.5735994338810780E-17
  1.8367520100923125E+03  1.4330238274704795E-15  3.4952987932943749E-17
  1.8550510211516475E+03  1.3148401041371803E-15  3.4185192749416713E-17
  1.8735323397864784E+03  1.2090500358651556E-15  3.3432362294340746E-17
  1.8921977822726681E+03  1.1140413068329288E-15  3.2694252893850775E-17
  1.9110491829810944E+03  1.0284532185387531E-15  3.1970623581841070E-17
  1.9300883945579164E+03  9.5113097938649810E-16  3.1261234224714098E-17
  1.9493172881066603E+03  8.8108945972781270E-16  3.0565845930276350E-17
  1.9687377533720962E+03  8.1748422311676267E-16  2.9884222870991875E-17
  1.9883516989259508E+03  7.5958813546749250E-16  2.9216132325452005E-17
  2.0081610523544857E+03  7.0677239098679134E-16  2.8561344653107243E-17
  2.0281677604479262E+03  6.5849102709119314E-16  2.7919633269025969E-17
  2.0483737893917892E+03  6.1426821300491323E-16  2.7290774618672161E-17
  2.0687811249601032E+03  5.7368775771890424E-16  2.6674548152705937E-17
  2.0893917727105759E+03  5.3638440469849100E-16  2.6070736301799794E-17
  2.1102077581816866E+03  5.0203657344071988E-16  2.5479124451473730E-17
  2.1312311270917430E+03  4.7036027912023171E-16  2.4899500916946339E-17
  2.1524639455399379E+03  4.4110401656070147E-16  2.4331656920545260E-17
  2.1739083002093939E+03  4.1404444305100589E-16  2.3775386926686804E-17
  2.1955662985722265E+03  3.8898271523658497E-16  2.3230488946983278E-17
  2.2174400690966718E+03  3.6574135394578202E-16  2.2696763810422275E-17
  2.2395317614562568E+03  3.4416157413412213E-16  2.2174015048181297E-17
  2.2618435467410659E+03  3.2410099637782510E-16  2.1662048873951053E-17
  2.2843776176710967E+03  3.0543167765501463E-16  2.1160674164078383E-17
  2.3071361888117676E+03  2.8803841150459483E-16  2.0669702437532715E-17
  2.3301214967915516E+03  2.7181725627017038E-16  2.0188947835703283E-17
  2.3533358005217742E+03  2.5667425712959101E-16  1.9718227102031930E-17
  2.3767813814186252E+03  2.4252433331074144E-16  1.9257359561486291E-17
  2.4004605436273632E+03  2.2929030655964104E-16  1.8806167099880980E-17
  2.4243756142487496E+03  2.1690205076076807E-16  1.8364474143051040E-17
  2.4485289435677610E+03  2.0529574653169703E-16  1.7932107698781114E-17
  2.4729229052845594E+03  1.9441322785540383E-16  1.7508897593217032E-17
  2.4975598967477736E+03  1.8420140015937718E-16  1.7094676198314206E-17
  2.5224423391900923E+03  1.7461172792224739E-16  1.6689278297146225E-17
  2.5475726779662291E+03  1.6559978236066030E-16  1.6292541064736226E-17
  2.5729533827932360E+03  1.5712484017280291E-16  1.5904304048761410E-17
  2.5985869479932089E+03  1.4914952687672349E-16  1.5524409150068215E-17
  2.6244758927384378E+03  1.4163949918731834E-16  1.5152700603004171E-17
  2.6506227612989710E+03  1.3456316164204990E-16  1.4789024955577651E-17
  2.6770301232926531E+03  1.2789141333590821E-16  1.4433231049452374E-17
  2.7037005739376691E+03  1.2159742117992220E-16  1.4085169999784535E-17
  2.7306367343075849E+03  1.1565641657020768E-16  1.3744695174912452E-17
  2.7578412515889408E+03  1.1004551269639829E-16  1.3411662169015504E-17
  2.7853167993413977E+03  1.0474353940016723E-16  1.3085928683852243E-17
  2.8130660777604985E+03  9.9730895572123264E-17  1.2767354542049434E-17
  2.8410918139430296E+03  9.4989416398371225E-17  1.2455801752744640E-17
  2.8693967621550164E+03  9.0502252684678728E-17  1.2151134492046861E-17
  2.8979837041024225E+03  8.6253761657077135E-17  1.1853219081041865E-17
  2.9268554492045159E+03  8.2229408034444638E-17  1.1561923963743998E-17
  2.9560148348699613E+03  7.8415674291305373E-17  1.1277119685001269E-17
  2.9854647267756845E+03  7.4799979155158770E-17  1.0998678868360315E-17
  3.0152080191484929E+03  7.1370603492654237E-17  1.0726476193898231E-17
  3.0452476350495099E+03  6.8116622835034726E-17  1.0460388376028321E-17
  3.0755865266614373E+03  6.5027845877424162E-17  1.0200294141286089E-17
  3.1062276755786966E+03  6.2094758351926041E-17  9.9460742046842925E-18
  3.1371740931004456E+03  5.9308471085267798E-17  9.6976111327924451E-18
  3.1684288205265034E+03  5.6660672775221116E-17  9.4547892515112782E-18
  3.1999949294562612E+03  5.4143588313422963E-17  9.2174948215222646E-18
  3.2318755220905355E+03  5.1749939559260733E-17  8.9856160357001861E-18
  3.2640737315364318E+03  4.9472909238669156E-17  8.7590429950926057E-18
  3.2965927221152760E+03  4.7306107801075960E-17  8.5376676849990867E-18
  3.3294356896735767E+03  4.5243542963767271E-17  8.3213839511544935E-18
  3.3626058618971097E+03  4.3279591700330693E-17  8.1100874760196273E-18
  3.3961064986281085E+03  4.1408974454202871E-17  7.9036757551830701E-18
  3.4299408921856507E+03  3.9626731380030334E-17  7.7020480738775240E-18
  3.4641123676892039E+03  3.7928200434897777E-17  7.5051054836145407E-18
  3.4986242833853967E+03  3.6308997158729664E-17  7.3127507789407435E-18
  3.5334800309780744E+03  3.4764996336769470E-17  7.1248885431324013E-18
  3.5686830359616151E+03  3.3292315754705456E-17  6.9414253407011788E-18
  3.6042367579575616E+03  3.1887298952318144E-17  6.7622694507375355E-18
  3.6401446910546410E+03  3.0546500039914057E-17  6.5873307611522302E-18
  3.6764103641521406E+03  2.9266670038134061E-17  6.4165207486273982E-18
  3.7130373413067177E+03  2.8044744212254135E-17  6.2497524586033944E-18
  3.7500292220826509E+03  2.6877830320314568E-17  6.0869404853050827E-18
  3.7873896419056105E+03  2.5763197701649114E-17  5.9280009518135485E-18
  3.8251222724199279E+03  2.4698267138905072E-17  5.7728514901897891E-18
  3.8632308218494159E+03  2.3680601432522156E-17  5.6214112216557049E-18
  3.9017190353618253E+03  2.2707896631956075E-17  5.4736007368383087E-18
  3.9405906954368925E+03  2.1777973872743818E-17  5.3293420760829505E-18
  3.9798496222380572E+03  2.0888771647119881E-17  5.1885586786999518E-18
  4.0194996739879161E+03  2.0038337418970496E-17  5.0511750366456856E-18
  4.0595447473473814E+03  1.9224821777019441E-17  4.9171168431406789E-18
  4.0999887777986360E+03  1.8446473287247102E-17  4.7863112226797762E-18
  4.1408357400318828E+03  1.7701632711828753E-17  4.6586867122615110E-18
  4.1820896483359866E+03  1.6988727592482315E-17  4.5341732384743451E-18
  4.2237545569929725E+03  1.6306267188608748E-17  4.4127020948535291E-18
  4.2658345606764524E+03  1.5652837744448365E-17  4.2942059195069382E-18
  4.3083337948540602E+03  1.5027098061539381E-17  4.1786186730085499E-18
  4.3512564361938576E+03  1.4427775354650072E-17  4.0658756165585125E-18
  4.3946067029747846E+03  1.3853661371070535E-17  3.9559132904081996E-18
  4.4383888555012518E+03  1.3303608754723726E-17  3.8486694925489796E-18
  4.4826071965217998E+03  1.2776527658416329E-17  3.7440832637200446E-18
  4.5272660716519740E+03  1.2271383589050138E-17  3.6420951768711154E-18
  4.5723698698013723E+03  1.1787194705300396E-17  3.5426474243899670E-18
  4.6179230236050007E+03  1.1323027370396481E-17  3.4456833268997181E-18
  4.6639300098588819E+03  1.0877993409975651E-17  3.3511472780366357E-18
  4.7103953499600075E+03  1.0451247667502843E-17  3.2589847299515476E-18
  4.7573236103507061E+03  1.0041985705370197E-17  3.1691421788243231E-18
  4.8047194029674074E+03  9.6494416420718917E-18  3.0815671503980643E-18
  4.8525873856938697E+03  9.2728861165471838E-18  2.9962081855401029E-18
  4.9009322628189702E+03  8.9116243714255247E-18  2.9130148258358727E-18
  4.9497587854990034E+03  8.5649944474991442E-18  2.8319375992220569E-18
  4.9990717522246177E+03  8.2323654822933715E-18  2.7529280056650035E-18
  5.0488760092923767E+03  7.9131361060829878E-18  2.6759385028810593E-18
  5.0991764512810587E+03  7.6067325207281493E-18  2.6009223514894750E-18
  5.1499780215326709E+03  7.3126061298725151E-18  2.5278332668257788E-18
  5.2012857126382405E+03  7.0302335120189334E-18  2.4566258425534715E-18
  5.2531045669285031E+03  6.7591154752005449E-18  2.3872556512729315E-18
  5.3054396769694267E+03  6.4987758261430674E-18  2.3196792254760164E-18
  5.3582961860626774E+03  6.2487602082651220E-18  2.2538540388248662E-18
  5.4116792887511110E+03  6.0086350042834350E-18  2.1897384877502255E-18
  5.4655942313292626E+03  5.7779862994754876E-18  2.1272918733647373E-18
  5.5200463123589143E+03  5.5564189019155487E-18  2.0664743836866429E-18
  5.5750408831898530E+03  5.3435554162451894E-18  2.0072470761693435E-18
  5.6305833484857521E+03  5.1390353677667014E-18  1.9495718605323770E-18
  5.6866791667553471E+03  4.9425143738585601E-18  1.8934114818895421E-18
  5.7433338508888392E+03  4.7536634076870336E-18  1.8387295227761195E-18
  5.8005529686997279E+03  4.5721684398754232E-18  1.7854905380087573E-18
  5.8583421434719730E+03  4.3977294652541703E-18  1.7336599394490446E-18
  5.9167070545126116E+03  4.2300595764106173E-18  1.6832038794174270E-18
  5.9756534377099388E+03  4.0688843403009528E-18  1.6340892362734024E-18
  6.0351870860971885E+03  3.9139412098711179E-18  1.5862836012470693E-18
  6.0953138504218332E+03  3.7649789660091960E-18  1.5397552654395018E-18
  6.1560396397206132E+03  3.6217571881166530E-18  1.4944732069919118E-18
  6.2173704219002293E+03  3.4840457516917905E-18  1.4504070784234377E-18
  6.2793122243238558E+03  3.3516243514170038E-18  1.4075271941372593E-18
  6.3418711344034664E+03  3.2242820483336361E-18  1.3658045180947901E-18
  6.4050533001981203E+03  3.1018168397740137E-18  1.3252106516574463E-18
  6.4688649310181499E+03  2.9840352498236000E-18  1.2857178211721897E-18
  6.5333122980353701E+03  2.8707519076181111E-18  1.2472988516157367E-18
  6.5984017348994230E+03  2.7617891759060169E-18  1.2099271533097410E-18
  6.6641396383602141E+03  2.6569768457920361E-18  1.1735767297912470E-18
  6.7305324688965302E+03  2.5561518050821129E-18  1.1382221675044248E-18
  6.7975867513509966E+03  2.4591577199290185E-18  1.1038386243695517E-18
  6.8653090755712919E+03  2.3658447319821468E-18  1.0704018185289437E-18
  6.9337060970577804E+03  2.2760691702184004E-18  1.0378880172683368E-18
  7.0027845376175655E+03  2.1896932766792283E-18  1.0062740261123806E-18
  7.0725511860251272E+03  2.1065849453829402E-18  9.7553717809280826E-19
  7.1430128986894761E+03  2.0266174737237751E-18  9.4565532318784159E-19
  7.2141766003279517E+03  1.9496693257078675E-18  9.1660681793133376E-19
  7.2860492846468060E+03  1.8756239063924578E-18  8.8837051518012511E-19
  7.3586380150284940E+03  1.8043693181171972E-18  8.6092574029486203E-19
  7.4319499252258156E+03  1.7357981053549283E-18  8.3425225663083271E-19
  7.5059922200630390E+03  1.6698071403752732E-18  8.0833029349917268E-19
  7.5807721761439370E+03  1.6062974529389282E-18  7.8314054431648297E-19
  7.6562971425669148E+03  1.5451740511486310E-18  7.5866415669406434E-19
  7.7325745416472264E+03  1.4863457506321202E-18  7.3488272271227234E-19
  7.8096118696464537E+03  1.4297250116369673E-18  7.1177826937722352E-19
  7.8874166975091957E+03  1.3752277836402281E-18  6.8933324925716661E-19
  7.9659966716070812E+03  1.3227733570975066E-18  6.6753053129587987E-19
  8.0453595144902765E+03  1.2722842219760730E-18  6.4635339180033345E-19
  8.1255130256464108E+03  1.2236859327364086E-18  6.2578550560012436E-19
  8.2064650822670483E+03  1.1769069794438727E-18  6.0581093737595137E-19
  8.2882236400218808E+03  1.1318786681035840E-18  5.8641413485200888E-19
  8.3707967338405542E+03  1.0885350255015539E-18  5.6757993178886211E-19
  8.4541924787023218E+03  1.0468126688672404E-18  5.4929353105787796E-19
  8.5384190704335215E+03  1.0066506850991614E-18  5.3154048981197522E-19
  8.6234847865130887E+03  9.6799052880512382E-19  5.1430671176675576E-19
  8.7093979868860115E+03  9.3077592493338934E-19  4.9757843966934071E-19
  8.7961671147848483E+03  8.9495277569250405E-19  4.8134224790913204E-19
  8.8838006975596327E+03  8.6046907155608973E-19  4.6558503526841815E-19
  8.9723073475158453E+03  8.2727480615958478E-19  4.5029401781090370E-19
  9.0616957627606771E+03  7.9532189490560689E-19  4.3545672190614534E-19
  9.1519747280580796E+03  7.6456409710380768E-19  4.2106097738784222E-19
  9.2431531156919518E+03  7.3495694148038477E-19  4.0709491084414619E-19
  9.3352398863380749E+03  7.0645765428828760E-19  3.9354693870949789E-19
  9.4282440899447611E+03  6.7902507530103032E-19  3.8040575225596568E-19
  9.5221748666223048E+03  6.5261959398206138E-19  3.6766031178974197E-19
  9.6170414475411344E+03  6.2720310621558099E-19  3.5529985075516802E-19
  9.7128531558390659E+03  6.0273895498866564E-19  3.4331387001996372E-19
  9.8096194075376116E+03  5.7919187261649499E-19  3.3169213173724088E-19
  9.9073497124672231E+03  5.5652792542630158E-19  3.2042465333597559E-19
  1.0006053675201958E+04  5.3471446078769317E-19  3.0950170163758657E-19
  1.0105740996003433E+04  5.1372005638273144E-19  2.9891378709640072E-19
  1.0206421471774001E+04  4.9351447161430871E-19  2.8865165816179300E-19
  1.0308104997019636E+04  4.7406860105622027E-19  2.7870629575977307E-19
  1.0410801564822370E+04  4.5535442985311778E-19  2.6906890789185488E-19
  1.0514521267822263E+04  4.3734499095351181E-19  2.5973092433098352E-19
  1.0619274299209328E+04  4.2001431496437121E-19  2.5068398582056935E-19
  1.0725070953725352E+04  4.0333737993848844E-19  2.4191993216072355E-19
  1.0831921628675484E+04  3.8729009555135807E-19  2.3343081043492256E-19
  1.0939836824950120E+04  3.7184927018521121E-19  2.2520887215003657E-19
  1.1048827148056953E+04  3.5699257586900432E-19  2.1724656827847761E-19
  1.1158903309163108E+04  3.4269851467201110E-19  2.0953654441579560E-19
  1.1270076126147871E+04  3.2894638648661431E-19  2.0207163605117804E-19
  1.1382356524665887E+04  3.1571625813909083E-19  1.9484486394842943E-19
  1.1495755539220763E+04  3.0298893376999495E-19  1.8784942963502094E-19
  1.1610284314249571E+04  2.9074592642849554E-19  1.8107871099684043E-19
  1.1725954105218143E+04  2.7896943082765101E-19  1.7452625797633895E-19
  1.1842776279727079E+04  2.6764229721010315E-19  1.6818578837182063E-19
  1.1960762318628991E+04  2.5674801116306413E-19  1.6205118686250502E-19
  1.2079923817156858E+04  2.4627069336441624E-19  1.5611651633224183E-19
  1.2200272486063432E+04  2.3619505325670858E-19  1.5037599936237248E-19
  1.2321820152772183E+04  2.2650635466385277E-19  1.4482400658217807E-19
  1.2444578762539728E+04  2.1719039516714047E-19  1.3945505325914600E-19
  1.2568560379629715E+04  2.0823348631302315E-19  1.3426379597570185E-19
  1.2693777188498301E+04  1.9962243459109456E-19  1.2924502937350653E-19
  1.2820241494991886E+04  1.9134452315048373E-19  1.2439368296423080E-19
  1.2947965727556337E+04  1.8338749422439052E-19  1.1970481800580877E-19
  1.3076962438458257E+04  1.7573953223371963E-19  1.1517362444310319E-19
  1.3207244305018883E+04  1.6838924754203451E-19  1.1079541791193077E-19
  1.3338824130859819E+04  1.6132566083536271E-19  1.0656563680545125E-19
  1.3471714847161153E+04  1.5453818681022192E-19  1.0247983853768761E-19
  1.3605929513932620E+04  1.4801659715829363E-19  9.8533681584624396E-20
  1.3741481321296902E+04  1.4175101382254761E-19  9.4722927259869581E-20
  1.3878383590785870E+04  1.3573191902283617E-19  9.1043452597355521E-20
  1.4016649776649836E+04  1.2995014251976424E-19  8.7491247883325800E-20
  1.4156293467179867E+04  1.2439684854975021E-19  8.4062413690944110E-20
  1.4297328386043029E+04  1.1906352328122505E-19  8.0753157994227177E-20
  1.4439768393631179E+04  1.1394196276990249E-19  7.7559793359157982E-20
  1.4583627488423195E+04  1.0902426139206686E-19  7.4478734209900955E-20
  1.4728919808360533E+04  1.0430280073576249E-19  7.1506494168091831E-20
  1.4875659632236733E+04  9.9770238930639329E-20  6.8639683463216177E-20
  1.5023861381100762E+04  9.5419500398086039E-20  6.5875006412148975E-20
  1.5173539619674115E+04  9.1243766041428960E-20  6.3209258992126468E-20
  1.5324709057782242E+04  8.7236469400571545E-20  6.0639330381379573E-20
  1.5477384551800271E+04  8.3391292214825303E-20  5.8162203958359498E-20
  1.5631581106112872E+04  7.9702143834677844E-20  5.5774946821130290E-20
  1.5787313874588906E+04  7.6163151522466775E-20  5.3474706647718407E-20
  1.5944598162070797E+04  7.2768652680853531E-20  5.1258709730215095E-20
  1.6103449425878438E+04  6.9513187370703979E-20  4.9124259054276784E-20
  1.6263883277328385E+04  6.6391491106956369E-20  4.7068732423005145E-20
  1.6425915483268156E+04  6.3398487921562826E-20  4.5089580624233603E-20
  1.6589561967625577E+04  6.0529283683023523E-20  4.3184325640243893E-20
  1.6754838812973790E+04  5.7779159662458656E-20  4.1350558898959387E-20
  1.6921762262111912E+04  5.5143566336583222E-20  3.9585939565673099E-20
  1.7090348719661109E+04  5.2618117418348449E-20  3.7888192874395947E-20
  1.7260614753676877E+04  5.0198583458600574E-20  3.6255108028311395E-20
  1.7432577097277408E+04  4.7880883826230968E-20  3.4684534800139504E-20
  1.7606252650287832E+04  4.5661084191371153E-20  3.3174383999757329E-20
  1.7781658480901198E+04  4.3535392509660806E-20  3.1722626775850786E-20
  1.7958811827355941E+04  4.1500153976154574E-20  3.0327293076086802E-20
  1.8137730099629833E+04  3.9551846165139193E-20  2.8986470145055483E-20
  1.8318430881151020E+04  3.7687074349210812E-20  2.7698301059482398E-20
  1.8500931930526218E+04  3.5902566990544807E-20  2.6460983299726655E-20
  1.8685251183285709E+04  3.4195171397584400E-20  2.5272767356600364E-20
  1.8871406753646104E+04  3.2561849540640046E-20  2.4131955372564010E-20
  1.9059416936290603E+04  3.0999674020168412E-20  2.3036899816379130E-20
  1.9249300208166926E+04  2.9505824181752280E-20  2.1986002190322630E-20
  1.9441075230302842E+04  2.8077582365242456E-20  2.0977711763962167E-20
  1.9634760849640599E+04  2.6712330207544487E-20  2.0010524277055481E-20
  1.9830376100888912E+04  2.5407545208740265E-20  1.9082980772080141E-20
  2.0027940208393353E+04  2.4160797459692476E-20  1.8193666483858416E-20
  2.0227472588026136E+04  2.2969746407501998E-20  1.7341209696024759E-20
  2.0428992849094026E+04  2.1832137734726043E-20  1.6524280623703618E-20
  2.0632520796265177E+04  2.0745800350006005E-20  1.5741590323234364E-20
  2.0838076431515998E+04  1.9708643485790668E-20  1.4991889628200480E-20
  2.1045679956096552E+04  1.8718653899033271E-20  1.4273968111053523E-20
  2.1255351772515845E+04  1.7773893170888190E-20  1.3586653069626726E-20
  2.1467112486546968E+04  1.6872495101607133E-20  1.2928808537863107E-20
  2.1680982909252303E+04  1.6012663196983388E-20  1.2299334320097472E-20
  2.1896984059028495E+04  1.5192668248714435E-20  1.1697165052784515E-20
  2.2115137163672181E+04  1.4410846483629612E-20  1.1121269662310902E-20
  2.2335463662466329E+04  1.3665597543331184E-20  1.0570650655104940E-20
  2.2557985208286937E+04  1.2955381384268944E-20  1.0044342534203701E-20
  2.2782723669731135E+04  1.2278716104705079E-20  9.5414108879544108E-21
  2.3009701133266473E+04  1.1634175942833711E-20  9.0609515747227753E-21
  2.3238939905401250E+04  1.1020389342027822E-20  8.6020899253285236E-21
  2.3470462514876825E+04  1.0436037080778410E-20  8.1639799627951731E-21
  2.3704291714881816E+04  9.8798504649907742E-21  7.7458036390153909E-21
  2.3940450485287914E+04  9.3506095803945418E-21  7.3467700879457128E-21
  2.4178962034908400E+04  8.8471416029118858E-21  6.9661148949546115E-21
  2.4419849803779172E+04  8.3683191649155775E-21  6.6030993819614095E-21
  2.4663137465462038E+04  7.9130587753934422E-21  6.2570099080168377E-21
  2.4908848929371430E+04  7.4803192009862994E-21  5.9271571129137160E-21
  2.5157008343124282E+04  7.0690997197482358E-21  5.6128750342108017E-21
  2.5407640094912858E+04  6.6784390540979595E-21  5.3135207367464558E-21
  2.5660768815901687E+04  6.3074140964486838E-21  5.0284737577513496E-21
  2.5916419382648379E+04  5.9551385573180455E-21  4.7571354691911374E-21
  2.6174616919548109E+04  5.6207616583176116E-21  4.4989284545800494E-21
  2.6435386801302862E+04  5.3034668684388736E-21  4.2532958999365421E-21
  2.6698754655415367E+04  5.0024706821141593E-21  4.0197009985617290E-21
  2.6964746364707342E+04  4.7170214375933445E-21  3.7976263693333158E-21
  2.7233388069863311E+04  4.4463981742352052E-21  3.5865734882178257E-21
  2.7504706171999784E+04  4.1899095273715142E-21  3.3860621327166568E-21
  2.7778727335259540E+04  3.9468926594566964E-21  3.1956298389721189E-21
  2.8055478489432237E+04  3.7167122506078249E-21  3.0148313910215395E-21
  2.8334986832601087E+04  3.4987597448994519E-21  2.8432385026433678E-21
  2.8617279833815734E+04  3.2924522149444878E-21  2.6804391759190828E-21
  2.8902385235791400E+04  3.0972312252855922E-21  2.5260370433196936E-21
  2.9190331057636027E+04  2.9125619378597457E-21  2.3796508921116371E-21
  2.9481145597603569E+04  2.7379322493855063E-21  2.2409142019944136E-21
  2.9774857435874648E+04  2.5728519560845415E-21  2.1094746928148300E-21
  3.0071495437366044E+04  2.4168519449092569E-21  1.9849938822193214E-21
  3.0371088754567085E+04  2.2694834104814945E-21  1.8671466531110917E-21
  3.0673666830404236E+04  2.1303170969739486E-21  1.7556208307804737E-21
  3.0979259401135441E+04  1.9989425641946288E-21  1.6501167695806028E-21
  3.1287896499272010E+04  1.8749674771623481E-21  1.5503469490241394E-21
  3.1599608456530052E+04  1.7580169180251268E-21  1.4560355787967875E-21
  3.1914425906811503E+04  1.6477326972371598E-21  1.3669181939665841E-21
  3.2232379789214890E+04  1.5437727057276190E-21  1.2827412752751655E-21
  3.2553501351075545E+04  1.4458103306513645E-21  1.2032619138507440E-21
  3.2877822151036642E+04  1.3535338538288846E-21  1.1282474537414651E-21
  3.3205374062150891E+04  1.2666458667125812E-21  1.0574751405225119E-21
  3.3536189275012497E+04  1.1848627047082541E-21  9.9073177866466780E-22
  3.3870300300920913E+04  1.1079139002934239E-21  9.2781339754071990E-22
  3.4207739975076169E+04  1.0355416543930127E-21  8.6852492594813164E-22
  3.4548541459805361E+04  9.6750032548987910E-22  8.1267987502718273E-22
  3.4892738247821922E+04  9.0355593596412431E-22  7.6010002945481593E-22
  3.5240364165517421E+04  8.4348569517085193E-22  7.1061514679522653E-22
  3.5591453376285404E+04  7.8707753878189035E-22  6.6406266488965051E-22
  3.5946040383879095E+04  7.3412969783888651E-22  6.2028742894348229E-22
  3.6304160035802524E+04  6.8445029848748622E-22  5.7914143949141138E-22
  3.6665847526734753E+04  6.3785689818774111E-22  5.4048354169028364E-22
  3.7031138401988930E+04  5.9417607552842149E-22  5.0417915506812784E-22
  3.7400068561005726E+04  5.5324304688021599E-22  4.7010002150101573E-22
  3.7772674260880987E+04  5.1490129642462827E-22  4.3812396027997415E-22
  3.8148992119929171E+04  4.7900221919674288E-22  4.0813463017046120E-22
  3.8529059121282276E+04  4.4540477678838749E-22  3.8002129836549043E-22
  3.8912912616523972E+04  4.1397516536602060E-22  3.5367861623180419E-22
  3.9300590329360544E+04  3.8458649566500513E-22  3.2900640174679013E-22
  3.9692130359328570E+04  3.5711848462931417E-22  3.0590942852232488E-22
  4.0087571185538647E+04  3.3145715837265620E-22  2.8429722131024626E-22
  4.0486951670457267E+04  3.0749456615292017E-22  2.6408385788857813E-22
  4.0890311063726280E+04  2.8512850520568505E-22  2.4518777734551972E-22
  4.1297689006019740E+04  2.6426225568632842E-22  2.2753159430679749E-22
  4.1709125532939892E+04  2.4480432564085005E-22  2.1104191915097511E-22
  4.2124661078951875E+04  2.2666820595205106E-22  1.9564918430041201E-22
  4.2544336481357401E+04  2.0977213479780920E-22  1.8128747633387279E-22
  4.2968192984307498E+04  1.9403887133693125E-22  1.6789437380360908E-22
  4.3396272242856838E+04  1.7939547834699855E-22  1.5541079064165163E-22
  4.3828616327056974E+04  1.6577311354422052E-22  1.4378082503939081E-22
  4.4265267726090264E+04  1.5310682932039834E-22  1.3295161368363468E-22
  4.4706269352446616E+04  1.4133538063735559E-22  1.2287319123175611E-22
  4.5151664546140230E+04  1.3040104082445173E-22  1.1349835490816656E-22
  4.5601497078968394E+04  1.2024942508978541E-22  1.0478253415652352E-22
  4.6055811158814256E+04  1.1082932327194224E-22  9.6683666781746100E-23
  4.6514651433990788E+04  1.0209253755463720E-22  8.9162077931337403E-23
  4.6978062997628571E+04  9.3993724687371803E-23  8.2180361591395342E-23
  4.7446091392107570E+04  8.6490247714381662E-23  7.5703269059002298E-23
  4.7918782613533142E+04  7.9542034335594026E-23  6.9697601958767601E-23
  4.8396183116255801E+04  7.3111441498842903E-23  6.4132109527694190E-23
  4.8878339817436863E+04  6.7163126011262582E-23  5.8977390053616217E-23
  4.9365300101659603E+04  6.1663920962284867E-23  5.4205796352880881E-23
  4.9857111825585394E+04  5.6582717755115817E-23  4.9791345173470896E-23
  5.0353823322657263E+04  5.1890353547997252E-23  4.5709630410393371E-23
  5.0855483407850152E+04  4.7559503911027119E-23  4.1937740020955315E-23
  5.1362141382467707E+04  4.3564580509157275E-23  3.8454176528799843E-23
  5.1873847038987711E+04  3.9881634098990810E-23  3.5238781426631637E-23
  5.2390650665955844E+04  3.6488262355303430E-23  3.2272663101663015E-23
  5.2912603052927188E+04  3.3363520064637076E-23  2.9538126139779731E-23
  5.3439755495457990E+04  3.0487834927952306E-23  2.7018604933289272E-23
  5.3972159800147121E+04  2.7842927792445016E-23  2.4698600591451012E-23
  5.4509868289726764E+04  2.5411736845917970E-23  2.2563620780610785E-23
  5.5052933808204827E+04  2.3178345616704249E-23  2.0600122393345496E-23
  5.5601409726058635E+04  2.1127914626280087E-23  1.8795456947547895E-23
  5.6155349945479247E+04  1.9246616545807527E-23  1.7137818617966788E-23
  5.6714808905669146E+04  1.7521574711933553E-23  1.5616194804381587E-23
  5.7279841588192656E+04  1.5940804861256932E-23  1.4220319142339372E-23
  5.7850503522378676E+04  1.4493159946924980E-23  1.2940626864189101E-23
  5.8426850790778117E+04  1.3168277807526441E-23  1.1768212331752377E-23
  5.9008940034676030E+04  1.1956531258537254E-23  1.0694788377676144E-23
  5.9596828459657198E+04  1.0848981984067347E-23  9.7126487332221726E-24
  6.0190573841228630E+04  9.8373366767712267E-24  8.8146321612796377E-24
  6.0790234530497743E+04  8.9139052900156741E-24  7.9940881921838956E-24
  6.1395869459906236E+04  8.0715616461873576E-24  7.2448447058356760E-24
  6.2007538149022104E+04  7.3037062917033069E-24  6.5611772816208120E-24
  6.2625300710389383E+04  6.6042314919708753E-24  5.9377802387778038E-24
  6.3249217855435010E+04  5.9674882633617482E-24  5.3697392921094339E-24
  6.3879350900435733E+04  5.3882553430044959E-24  4.8525057501763317E-24
  6.4515761772544291E+04  4.8617100008766411E-24  4.3818721853552437E-24
  6.5158513015875251E+04  4.3834006022740326E-24  3.9539495073733973E-24
  6.5807667797650705E+04  3.9492208370444382E-24  3.5651453785781791E-24
  6.6463289914409674E+04  3.5553855973359178E-24  3.2121439693382196E-24
  6.7125443798277047E+04  3.1984082236036167E-24  2.8918868068348356E-24
  6.7794194523294893E+04  2.8750791373649499E-24  2.6015547463118230E-24
  6.8469607811819296E+04  2.5824459077841536E-24  2.3385511227939496E-24
  6.9151750040978543E+04  2.3177945885853627E-24  2.1004859421499808E-24
  6.9840688249195562E+04  2.0786322540685758E-24  1.8851610559419855E-24
  7.0536490142777853E+04  1.8626706685606203E-24  1.6905562690360770E-24
  7.1239224102570573E+04  1.6678110264810425E-24  1.5148163309210837E-24
  7.1948959190676382E+04  1.4921297029645747E-24  1.3562387636123873E-24
  7.2665765157243106E+04  1.3338649576705077E-24  1.2132624809170437E-24
  7.3389712447318831E+04  1.1914045370170869E-24  1.0844571556958404E-24
  7.4120872207774140E+04  1.0632741225423786E-24  9.6851329351703933E-25
  7.4859316294294666E+04  9.4812656388805578E-25  8.6423296204068708E-25
  7.5605117278443169E+04  8.4473186686432642E-25  7.7052115463482519E-25
  7.6358348454790728E+04  7.5196792019283996E-25  6.8637777877079422E-25
  7.7119083848120325E+04  6.6881185424388881E-25  6.1089017510495430E-25
  7.7887398220702205E+04  5.9433201667242729E-25  5.4322615798886246E-25
  7.8663367079640229E+04  5.2768053023648771E-25  4.8262754959843025E-25
  7.9447066684293037E+04  4.6808639597824238E-25  4.2840417756164355E-25
  8.0238574053768869E+04  4.1484910687743789E-25  3.7992830744195121E-25
  8.1037966974493887E+04  3.6733273894098414E-25  3.3662948286300884E-25
  8.1845324007857082E+04  3.2496048847334025E-25  2.9798974744088492E-25
  8.2660724497931616E+04  2.8720962598150514E-25  2.6353922402245309E-25
  8.3484248579271414E+04  2.5360683880708028E-25  2.3285202801349060E-25
  8.4315977184787029E+04  2.2372393787016401E-25  2.0554249440629439E-25
  8.5155992053699854E+04  1.9717390715214323E-25  1.8126170091727339E-25
  8.6004375739574258E+04  1.7360724988831297E-25  1.5969424672093640E-25
  8.6861211618431029E+04  1.5270863414118577E-25  1.4055529098314491E-25
  8.7726583896941855E+04  1.3419381463953862E-25  1.2358783150844981E-25
  8.8600577620703814E+04  1.1780680621438055E-25  1.0856020222853205E-25
  8.9483278682597811E+04  1.0331729060540999E-25  9.5263774060340644E-26
  9.0374773831230399E+04  9.0518239544941345E-26  8.3510844586643581E-26
  9.1275150679457802E+04  7.9223738094692078E-26  7.3132702885530011E-26
  9.2184497712997705E+04  6.9266993226524896E-26  6.3977856669548428E-26
  9.3102904299123969E+04  6.0498513602986835E-26  5.5910409690678897E-26
  9.4030460695449845E+04  5.2784447428476595E-26  4.8808578124722290E-26
  9.4967258058798834E+04  4.6005065996119099E-26  4.2563335264639611E-26
  9.5913388454161992E+04  4.0053379927276455E-26  3.7077173194623232E-26
  9.6868944863746350E+04  3.4833882296530303E-26  3.2262976708760726E-26
  9.7834021196113463E+04  3.0261406154040957E-26  2.8042998498272239E-26
  9.8808712295407255E+04  2.6260084136423227E-26  2.4347924730343176E-26
  9.9793113950675397E+04  2.2762404066260718E-26  2.1116025836567248E-26
  1.0078732290528389E+05  1.9708352635228679E-26  1.8292385613409650E-26
  1.0179143686642330E+05  1.7044639759172429E-26  1.5828202150347255E-26
  1.0280555451471177E+05  1.4723996740811875E-26  1.3680154568442067E-26
  1.0382977551389352E+05  1.2704541889293106E-26  1.1809829991628690E-26
  1.0486420052063219E+05  1.0949207727092631E-26  1.0183205586046956E-26
  1.0590893119440375E+05  9.4252243653514125E-27  8.7701808904824298E-27
  1.0696407020748770E+05  8.1036540511577463E-27  7.5441560255302862E-27
  1.0802972125505617E+05  6.9589724273665707E-27  6.4816518432902903E-27
  1.0910598906536521E+05  5.9686920124812583E-27  5.5619680250112397E-27
  1.1019297941004788E+05  5.1130237160052276E-27  4.7668753987860201E-27
  1.1129079911450749E+05  4.3745736068570728E-27  4.0803400371826673E-27
  1.1239955606841783E+05  3.7380712957355766E-27  3.4882758796294068E-27
  1.1351935923632453E+05  3.1901268782896440E-27  2.9783231542980036E-27
  1.1465031866835439E+05  2.7190136944396498E-27  2.5396501476924148E-27
  1.1579254551103149E+05  2.3144743951305980E-27  2.1627760775128722E-27
  1.1694615201819869E+05  1.9675480262089285E-27  1.8394130167273237E-27
  1.1811125156205041E+05  1.6704160410647335E-27  1.5623249950069504E-27
  1.1928795864427502E+05  1.4162653401780911E-27  1.3252025685952956E-27
  1.2047638890730623E+05  1.1991666077082651E-27  1.1225513020672629E-27
  1.2167665914568877E+05  1.0139663687831348E-27  9.4959274145909732E-28
  1.2288888731755724E+05  8.5619133763493104E-28  8.0217658854036329E-28
  1.2411319255622709E+05  7.2196381631831832E-28  6.7670295749726792E-28
  1.2534969518190337E+05  6.0792690811279606E-28  5.7005359392010396E-28
  1.2659851671350616E+05  5.1117850400986985E-28  4.7953111312561940E-28
  1.2785977988061137E+05  4.2921310031073346E-28  4.0280540394519906E-28
  1.2913360863551302E+05  3.5987058761150029E-28  3.3786641740869812E-28
  1.3042012816540555E+05  3.0129123741272132E-28  2.8298263697006848E-28
  1.3171946490468521E+05  2.5187619091509947E-28  2.3666459738761647E-28
  1.3303174654737627E+05  2.1025282582632147E-28  1.9763288358097821E-28
  1.3435710205968126E+05  1.7524444175053227E-28  1.6479009921021053E-28
  1.3569566169265335E+05  1.4584376347239253E-28  1.3719634780194610E-28
  1.3704755699499894E+05  1.2118981487247810E-28  1.1404781759885305E-28
  1.3841292082600427E+05  1.0054776605368023E-28  9.4658106533578906E-29
  1.3979188736859275E+05  8.3291390640466779E-29  7.8441954614849543E-29
  1.4118459214251302E+05  6.8887822278693412E-29  6.4901098730641182E-29
  1.4259117201765566E+05  5.6884331513339172E-29  5.3611994029572887E-29
  1.4401176522750492E+05  4.6896870101973299E-29  4.4215169432255788E-29
  1.4544651138272489E+05  3.8600161720423044E-29  3.6406014010031777E-29
  1.4689555148487806E+05  3.1719143631848186E-29  2.9926814356589473E-29
  1.4835902794028335E+05  2.6021586742773892E-29  2.4559883966028461E-29
  1.4983708457401206E+05  2.1311741891162239E-29  2.0121644318403468E-29
  1.5132986664402083E+05  1.7424878431017967E-29  1.6457534064682629E-29
  1.5283752085542792E+05  1.4222597406394400E-29  1.3437637586144894E-29
  1.5436019537493165E+05  1.1588816038671563E-29  1.0952937452062989E-29
  1.5589803984537005E+05  9.4263330622508704E-30  8.9121070735537206E-30
  1.5745120540042783E+05  7.6538957979615234E-30  7.2387702970034066E-30
  1.5901984467949049E+05  6.2036998991717814E-30  5.8691639314829179E-30
  1.6060411184264309E+05  5.0192615782756086E-30  4.7501473833247555E-30
  1.6220416258582150E+05  4.0536099442635406E-30  3.8375107891384864E-30
  1.6382015415611464E+05  3.2677539675796013E-30  3.0945393975405103E-30
  1.6545224536721586E+05  2.6293846379996805E-30  2.4907975419535524E-30
  1.6710059661503311E+05  2.1117781868309746E-30  2.0011004555973115E-30
  1.6876536989344994E+05  1.6928708894218100E-30  1.6046464808843751E-30
  1.7044672881024631E+05  1.3544800226530193E-30  1.2842859871036739E-30
  1.7214483860317882E+05  1.0816490921748242E-30  1.0259065940681587E-30
  1.7385986615621726E+05  8.6209852615021764E-31  8.1791716062704889E-31