 #p(MeV) \t \delta f_\\nu \t \delta f_\\nubar
  8.9237238923047979E-01  5.5284685355689764E-07  2.6548040084332076E-07
  9.0126282851125805E-01  5.3948245911734496E-07  2.6101289611855354E-07
  9.1024184058021163E-01  5.2647520027849119E-07  2.5661526794002458E-07
  9.1931030786154544E-01  5.1381422480456281E-07  2.5228654062068005E-07
  9.2846912157079087E-01  5.0148906288295594E-07  2.4802575024588627E-07
  9.3771918180239533E-01  4.8948961386313965E-07  2.4383194677622321E-07
  9.4706139761817631E-01  4.7780612900534330E-07  2.3970419160200555E-07
  9.5649668713666269E-01  4.6642921476747663E-07  2.3564156503673097E-07
  9.6602597762332498E-01  4.5534983167121276E-07  2.3164317103207117E-07
  9.7565020558170046E-01  4.4455925084968070E-07  2.2770812456360052E-07
  9.8537031684543275E-01  4.3404903640165799E-07  2.2383554948425792E-07
  9.9518726667122237E-01  4.2381103402459575E-07  2.2002457851621406E-07
  1.0051020198327061E+00  4.1383736015740997E-07  2.1627435324078326E-07
  1.0151155507152740E+00  4.0412039160612776E-07  2.1258402408613854E-07
  1.0252288434118240E+00  3.9465275562787947E-07  2.0895275031287613E-07
  1.0354428918194796E+00  3.8542732044949333E-07  2.0537969999689769E-07
  1.0457586997372625E+00  3.7643718600022241E-07  2.0186404981988234E-07
  1.0561772809647438E+00  3.6767567387306666E-07  1.9840498373622396E-07
  1.0666996594016782E+00  3.5913632524953864E-07  1.9500169792457815E-07
  1.0773268691486257E+00  3.5081289442602784E-07  1.9165340312872067E-07
  1.0880599546085830E+00  3.4269931177937900E-07  1.8835930865660184E-07
  1.0988999705896192E+00  3.3478969055245933E-07  1.8511862791510555E-07
  1.1098479824085419E+00  3.2707833143515690E-07  1.8193058329036190E-07
  1.1209050659955926E+00  3.1955971583532024E-07  1.7879440616210516E-07
  1.1320723080001815E+00  3.1222849929793155E-07  1.7570933686083210E-07
  1.1433508058976849E+00  3.0507950519956608E-07  1.7267462462339538E-07
  1.1547416680972964E+00  2.9810771870504640E-07  1.6968952754709430E-07
  1.1662460140509581E+00  2.9130828097400365E-07  1.6675331254245049E-07
  1.1778649743633796E+00  2.8467648364578955E-07  1.6386525532355477E-07
  1.1895996909031448E+00  2.7820776422816213E-07  1.6102464104566653E-07
  1.2014513169149346E+00  2.7189769786291138E-07  1.5823076171917270E-07
  1.2134210171328605E+00  2.6574198228716814E-07  1.5548290822088957E-07
  1.2255099678949322E+00  2.5973644979325356E-07  1.5278038049109567E-07
  1.2377193572586640E+00  2.5387707003406540E-07  1.5012249280321128E-07
  1.2500503851178297E+00  2.4815993454901297E-07  1.4750856862334634E-07
  1.2625042633203896E+00  2.4258125188469995E-07  1.4493794019389441E-07
  1.2750822157875792E+00  2.3713734362535073E-07  1.4240994845283426E-07
  1.2877854786341971E+00  2.3182464057638323E-07  1.3992394295311099E-07
  1.3006153002900847E+00  2.2663967909444039E-07  1.3747928178210223E-07
  1.3135729416228152E+00  2.2157909755751225E-07  1.3507533148118181E-07
  1.3266596760616081E+00  2.1663963296260154E-07  1.3271146695906047E-07
  1.3398767897224795E+00  2.1181811743249931E-07  1.3038707119461806E-07
  1.3532255815346323E+00  2.0711147492252482E-07  1.2810153499556515E-07
  1.3667073633681157E+00  2.0251672002039293E-07  1.2585425846798466E-07
  1.3803234601627443E+00  1.9803095432711086E-07  1.2364465047399865E-07
  1.3940752100583151E+00  1.9365136204251863E-07  1.2147212737367068E-07
  1.4079639645261102E+00  1.8937520797714067E-07  1.1933611330818078E-07
  1.4219910885017151E+00  1.8519983505587654E-07  1.1723604017874050E-07
  1.4361579605191628E+00  1.8112266181031512E-07  1.1517134757023909E-07
  1.4504659728464069E+00  1.7714117996209419E-07  1.1314148267500408E-07
  1.4649165316221502E+00  1.7325295209356883E-07  1.1114590021668809E-07
  1.4795110569940364E+00  1.6945560940223214E-07  1.0918406237429828E-07
  1.4942509832582136E+00  1.6574684953682713E-07  1.0725543870768662E-07
  1.5091377590002961E+00  1.6212443455877238E-07  1.0535950613020516E-07
  1.5241728472377203E+00  1.5858618903756870E-07  1.0349574893259488E-07
  1.5393577255635309E+00  1.5512999922691754E-07  1.0166365964223381E-07
  1.5546938862915887E+00  1.5175380834771519E-07  9.9862737293196456E-08
  1.5701828366032304E+00  1.4845560274544069E-07  9.8092480063652458E-08
  1.5858260986953923E+00  1.4523341991451246E-07  9.6352390698698711E-08
  1.6016252099302017E+00  1.4208535223469443E-07  9.4641979425798908E-08
  1.6175817229860645E+00  1.3900954528498939E-07  9.2960763877845698E-08
  1.6336972060102597E+00  1.3600419617575071E-07  9.1308268994604925E-08
  1.6499732427730456E+00  1.3306755193973496E-07  8.9684026925134281E-08
  1.6664114328233142E+00  1.3019790797975181E-07  8.8087576931175756E-08
  1.6830133916457797E+00  1.2739360657047485E-07  8.6518465291316283E-08
  1.6997807508197522E+00  1.2465303540089672E-07  8.4976245194789435E-08
  1.7167151581794760E+00  1.2197462632483425E-07  8.3460476785001985E-08
  1.7338182779760742E+00  1.1935685467070380E-07  8.1970727650926214E-08
  1.7510917910411099E+00  1.1679824375720117E-07  8.0506576833137496E-08
  1.7685373949517655E+00  1.1429738470938408E-07  7.9067627859343963E-08
  1.7861568041976768E+00  1.1185292187437460E-07  7.7653499636841110E-08
  1.8039517503494309E+00  1.0946353360404963E-07  7.6263815497739487E-08
  1.8219239822287303E+00  1.0712793063011623E-07  7.4898202780644429E-08
  1.8400752660802691E+00  1.0484485521680976E-07  7.3556292841764310E-08
  1.8584073857453056E+00  1.0261308033813093E-07  7.2237721063948627E-08
  1.8769221428369789E+00  1.0043140887880204E-07  7.0942126863712622E-08
  1.8956213569173586E+00  9.8298672858165541E-08  6.9669153696312566E-08
  1.9145068656762658E+00  9.6213732676647688E-08  6.8418449059295468E-08
  1.9335805251118809E+00  9.4175476283943378E-08  6.7189664398856916E-08
  1.9528442097131338E+00  9.2182817614944487E-08  6.5982454326419982E-08
  1.9722998126439288E+00  9.0234691039423710E-08  6.4796472776786597E-08
  1.9919492459291988E+00  8.8330029675557450E-08  6.3631358702563535E-08
  2.0117944406428050E+00  8.6467766245328060E-08  6.2486738346297494E-08
  2.0318373470973241E+00  8.4646859867897190E-08  6.1362243102026613E-08
  2.0520799350357097E+00  8.2866298422463285E-08  6.0257511404977631E-08
  2.0725241938248806E+00  8.1125097657033374E-08  5.9172188587540919E-08
  2.0931721326512185E+00  7.9422300327881343E-08  5.8105926738363974E-08
  2.1140257807180296E+00  7.7756975368525905E-08  5.7058384564492399E-08
  2.1350871874449688E+00  7.6128217087110058E-08  5.6029227256488473E-08
  2.1563584226694426E+00  7.4535144391615630E-08  5.5018126356951394E-08
  2.1778415768500285E+00  7.2976900092665722E-08  5.4024759681597204E-08
  2.1995387612719224E+00  7.1452650685794467E-08  5.3048811669983901E-08
  2.2214521082544172E+00  6.9961588162031052E-08  5.2089975398572975E-08
  2.2435837713604703E+00  6.8502941811327490E-08  5.1147961714173738E-08
  2.2659359256083391E+00  6.7075986237035910E-08  5.0222504255370851E-08
  2.2885107676853416E+00  6.5680018842557148E-08  4.9313343961361093E-08
  2.3113105161637302E+00  6.4314352908114355E-08  4.8420224740060698E-08
  2.3343374117187312E+00  6.2978317197621398E-08  4.7542893454709368E-08
  2.3575937173487502E+00  6.1671255598741037E-08  4.6681099924335763E-08
  2.3810817185977671E+00  6.0392526771896603E-08  4.5834596922880714E-08
  2.4048037237799513E+00  5.9141503807983992E-08  4.5003140177022396E-08
  2.4287620642065209E+00  5.7917573894472274E-08  4.4186488362683434E-08
  2.4529590944148452E+00  5.6720137974156937E-08  4.3384403085165225E-08
  2.4773971923998510E+00  5.5548610218211739E-08  4.2596648672465758E-08
  2.5020787598477114E+00  5.4402416711658262E-08  4.1822991268250938E-08
  2.5270062223718863E+00  5.3280989637361038E-08  4.1063194414268512E-08
  2.5521820297514934E+00  5.2183758222694929E-08  4.0317012954334545E-08
  2.5776086561720666E+00  5.1110158802750247E-08  3.9584200926180119E-08
  2.6032886004687157E+00  5.0059641962147459E-08  3.8864516793758766E-08
  2.6292243863716922E+00  4.9031672334667350E-08  3.8157723501522627E-08
  2.6554185627544182E+00  4.8025728206421839E-08  3.7463588388480655E-08
  2.6818737038839835E+00  4.7041301131368640E-08  3.6781883103957013E-08
  2.7085924096741270E+00  4.6077895558750651E-08  3.6112383525016590E-08
  2.7355773059407507E+00  4.5135028472059101E-08  3.5454869675529412E-08
  2.7628310446599778E+00  4.4212229041279207E-08  3.4809125648930358E-08
  2.7903563042287773E+00  4.3309038346393012E-08  3.4174939591142643E-08
  2.8181557897281833E+00  4.2425009385103765E-08  3.3552103936549836E-08
  2.8462322331891428E+00  4.1559709130354691E-08  3.2940417343766846E-08
  2.8745883938610151E+00  4.0712725571183185E-08  3.2339690216892948E-08
  2.9032270584827313E+00  3.9883664704005730E-08  3.1749742218608451E-08
  2.9321510415566694E+00  3.9072141793410795E-08  3.1170395929111331E-08
  2.9613631856252565E+00  3.8277780412853900E-08  3.0601476279867822E-08
  2.9908663615503173E+00  3.7500212263478412E-08  3.0042810540613636E-08
  3.0206634687952127E+00  3.6739076997024337E-08  2.9494228305798391E-08
  3.0507574357097935E+00  3.5994022042723672E-08  2.8955561480498792E-08
  3.0811512198181847E+00  3.5264702438085728E-08  2.8426644265825448E-08
  3.1118478081094376E+00  3.4550780663479444E-08  2.7907313143852307E-08
  3.1428502173310804E+00  3.3851926469847257E-08  2.7397406851830887E-08
  3.1741614942856011E+00  3.3167816615394758E-08  2.6896766265908564E-08
  3.2057847161298647E+00  3.2498133831557295E-08  2.6405233612827883E-08
  3.2377229906775282E+00  3.1842561054199526E-08  2.5922647914775370E-08
  3.2699794567044753E+00  3.1200777868458276E-08  2.5448842590193365E-08
  3.3025572842572681E+00  3.0572469653711737E-08  2.4983652636027937E-08
  3.3354596749646928E+00  2.9957329732509411E-08  2.4526916333800919E-08
  3.3686898623524129E+00  2.9355059152741619E-08  2.4078475183127168E-08
  3.4022511121607404E+00  2.8765366472283993E-08  2.3638173833621731E-08
  3.4361467226655749E+00  2.8187967550239928E-08  2.3205860018325367E-08
  3.4703800250025569E+00  2.7622585344560356E-08  2.2781384488612290E-08
  3.5049543834944386E+00  2.7068949715789936E-08  2.2364600950509596E-08
  3.5398731959817069E+00  2.6526797237752005E-08  2.1955366003381866E-08
  3.5751398941565200E+00  2.5995871067320132E-08  2.1553539131576388E-08
  3.6107579438999631E+00  2.5475920958995083E-08  2.1158982820604691E-08
  3.6467308456226544E+00  2.4966705350874147E-08  2.0771564400295190E-08
  3.6830621346087526E+00  2.4467995936260241E-08  2.0391159706090726E-08
  3.7197553813634032E+00  2.3979572696713818E-08  2.0017649120020467E-08
  3.7568141919636249E+00  2.3501220331245559E-08  1.9650914857680480E-08
  3.7942422084126997E+00  2.3032728080620895E-08  1.9290840891622706E-08
  3.8320431089981000E+00  2.2573889630598382E-08  1.8937312933009557E-08
  3.8702206086529816E+00  2.2124503017285492E-08  1.8590218413219296E-08
  3.9087784593212631E+00  2.1684370534562089E-08  1.8249446465411941E-08
  3.9477204503263574E+00  2.1253298643525345E-08  1.7914887906065865E-08
  3.9870504087435812E+00  2.0831097884145750E-08  1.7586435216719596E-08
  4.0267721997762500E+00  2.0417582761344871E-08  1.7263982498960867E-08
  4.0668897271355471E+00  2.0012571651231611E-08  1.6947425446365316E-08
  4.1074069334241639E+00  1.9615886621126589E-08  1.6636661253045309E-08
  4.1483278005237674E+00  1.9227351872192814E-08  1.6331587370675800E-08
  4.1896563499863122E+00  1.8846793928052261E-08  1.6032101731173882E-08
  4.2313966434292754E+00  1.8474043044619271E-08  1.5738103925556966E-08
  4.2735527829348205E+00  1.8108933240027163E-08  1.5449495270880664E-08
  4.3161289114529229E+00  1.7751302206952567E-08  1.5166178783057127E-08
  4.3591292132085293E+00  1.7400991227117120E-08  1.4888059150027792E-08
  4.4025579141127746E+00  1.7057845087907369E-08  1.4615042705287917E-08
  4.4464192821782769E+00  1.6721712001056951E-08  1.4347037401760900E-08
  4.4907176279385865E+00  1.6392443522878098E-08  1.4083952785577868E-08
  4.5354573048718168E+00  1.6069894481942259E-08  1.3825699975569915E-08
  4.5806427098284841E+00  1.5753922906055164E-08  1.3572191641195617E-08
  4.6262782834635958E+00  1.5444389669612338E-08  1.3323341718409460E-08
  4.6723685106730919E+00  1.5141158191487472E-08  1.3079065183955777E-08
  4.7189179210345893E+00  1.4844094757229549E-08  1.2839278385789577E-08
  4.7659310892525264E+00  1.4553068633691149E-08  1.2603899180677356E-08
  4.8134126356077518E+00  1.4267951995351993E-08  1.2372846905521024E-08
  4.8613672264116028E+00  1.3988619855899759E-08  1.2146042351505372E-08
  4.9097995744644676E+00  1.3714950001545249E-08  1.1923407738685571E-08
  4.9587144395189622E+00  1.3446822926007699E-08  1.1704866690993854E-08
  5.0081166287476933E+00  1.3184121767125181E-08  1.1490344211659224E-08
  5.0580109972156988E+00  1.2926732245234552E-08  1.1279766659214881E-08
  5.1084024483575590E+00  1.2674542607710820E-08  1.1073061728370721E-08
  5.1592959344593234E+00  1.2427443584423767E-08  1.0870158440352188E-08
  5.2106964571451835E+00  1.2185328375447873E-08  1.0670987163317380E-08
  5.2626090678690138E+00  1.1948092493299627E-08  1.0475479490921025E-08
  5.3150388684108094E+00  1.1715634334002685E-08  1.0283568738575777E-08
  5.3679910113780869E+00  1.1487854934079782E-08  1.0095189774160305E-08
  5.4214707007122378E+00  1.1264657446836859E-08  9.9102786067016471E-09
  5.4754831921999703E+00  1.1045947085273862E-08  9.7287723592429791E-09
  5.5300337939898254E+00  1.0831631076956104E-08  9.5506092509181466E-09
  5.5851278671138456E+00  1.0621618619915159E-08  9.3757285792759032E-09
  5.6407708260144167E+00  1.0415820839554574E-08  9.2040707028515152E-09
  5.6969681390764100E+00  1.0214150746522963E-08  9.0355770239706964E-09
  5.7537253291645785E+00  1.0016523192450744E-08  8.8701899688151291E-09
  5.8110479741663186E+00  9.8228548122093063E-09  8.7078529537124044E-09
  5.8689417075398529E+00  9.6330639538215983E-09  8.5485103392382673E-09
  5.9274122188678700E+00  9.4470706205607085E-09  8.3921073973431747E-09
  5.9864652544166619E+00  9.2647960558982387E-09  8.2385899784206331E-09
  6.0461066177008540E+00  9.0861626279709982E-09  8.0879044288922875E-09
  6.1063421700537575E+00  8.9110943640498238E-09  7.9399980585578903E-09
  6.1671778312033991E+00  8.7395169602037161E-09  7.7948191634338589E-09
  6.2286195798542670E+00  8.5713577424729941E-09  7.6523170073072504E-09
  6.2906734542749110E+00  8.4065456290040322E-09  7.5124418036308811E-09
  6.3533455528913434E+00  8.2450110931202617E-09  7.3751446977536683E-09
  6.4166420348863680E+00  8.0866861273047017E-09  7.2403777494801173E-09
  6.4805691208048790E+00  7.9315042085499806E-09  7.1080939164104924E-09
  6.5451330931652132E+00  7.7794002712621043E-09  6.9782470440847693E-09
  6.6103402970765490E+00  7.6303106697207982E-09  6.8507918458899334E-09
  6.6761971408624889E+00  7.4841727207942980E-09  6.7256834893993001E-09
  6.7427100966908560E+00  7.3409245719657267E-09  6.6028774634201885E-09
  6.8098857012097458E+00  7.2005071245040621E-09  6.4823312997098692E-09
  6.8777305561899089E+00  7.0628629206265578E-09  6.3640036462343714E-09
  6.9462513291735783E+00  6.9279356975586602E-09  6.2478538943032440E-09
  7.0154547541297179E+00  6.7956703623401964E-09  6.1338421657677895E-09
  7.0853476321158047E+00  6.6660129672947683E-09  6.0219293005386905E-09
  7.1559368319462111E+00  6.5389106860395565E-09  5.9120768443247320E-09
  7.2272292908672719E+00  6.4143117900208266E-09  5.8042470365863751E-09
  7.2992320152390171E+00  6.2921656256120206E-09  5.6984027987480995E-09
  7.3719520812237471E+00  6.1724225943200019E-09  5.5945077251306842E-09
  7.4453966354814609E+00  6.0550341271717511E-09  5.4925260679572683E-09
  7.5195728958721961E+00  5.9399527389725976E-09  5.3924227971610495E-09
  7.5944881521653489E+00  5.8271322768245745E-09  5.2941638475447768E-09
  7.6701497667561309E+00  5.7165266424278403E-09  5.1977149913852760E-09
  7.7465651753890947E+00  5.6080900900158111E-09  5.1030420889432501E-09
  7.8237418878888816E+00  5.5017778738271424E-09  5.0101116596742221E-09
  7.9016874888982711E+00  5.3975462347162863E-09  4.9188908778071073E-09
  7.9804096386235814E+00  5.2953523768308698E-09  4.8293475590592123E-09
  8.0599160735874680E+00  5.1951544448781861E-09  4.7414501476286581E-09
  8.1402146073892432E+00  5.0969115019647847E-09  4.6551677034581922E-09
  8.2213131314727885E+00  5.0005835079897069E-09  4.5704698897605295E-09
  8.3032196159020675E+00  4.9061312953621893E-09  4.4873269577130133E-09
  8.3859421101444056E+00  4.8135165413382120E-09  4.4057097276387694E-09
  8.4694887438615787E+00  4.7227019166351791E-09  4.3255897383297083E-09
  8.5538677277087452E+00  4.6336520098850716E-09  4.2469401237833863E-09
  8.6390873541413615E+00  4.5463332118072176E-09  4.1697355073369443E-09
  8.7251559982301394E+00  4.4607124140236664E-09  4.0939508020762078E-09
  8.8120821184841223E+00  4.3767570818464325E-09  4.0195612714864206E-09
  8.8998742576819456E+00  4.2944352727698140E-09  3.9465425509190517E-09
  8.9885410437113844E+00  4.2137156264173654E-09  3.8748706437760177E-09
  9.0780911904172967E+00  4.1345673546708165E-09  3.8045219176972899E-09
  9.1685334984579736E+00  4.0569602319755079E-09  3.7354731007518959E-09
  9.2598768561700044E+00  3.9808645858171853E-09  3.6677012776322372E-09
  9.3521302404418432E+00  3.9062512881913253E-09  3.6011838866407090E-09
  9.4453027175960056E+00  3.8330917485772417E-09  3.5358987179193139E-09
  9.5394034442800386E+00  3.7613578873555745E-09  3.4718238927178565E-09
  9.6344416683664509E+00  3.6910222801741047E-09  3.4089380036794390E-09
  9.7304267298615521E+00  3.6220582310444024E-09  3.3472202004988697E-09
  9.8273680618233001E+00  3.5544387265428891E-09  3.2866492377850766E-09
  9.9252751912884296E+00  3.4881370818065221E-09  3.2272040497865194E-09
  1.0024157740208688E+01  3.4231271373196218E-09  3.1688639303212125E-09
  1.0124025426396406E+01  3.3593832487198737E-09  3.1116085276565837E-09
  1.0224888064479654E+01  3.2968802768653878E-09  3.0554178394843783E-09
  1.0326755566866641E+01  3.2355935781546182E-09  3.0002722079881472E-09
  1.0429637944719929E+01  3.1754989950868269E-09  2.9461523149969840E-09
  1.0533545308940372E+01  3.1165728469829768E-09  2.8930391771555726E-09
  1.0638487871160628E+01  3.0587919265958102E-09  2.8409141466729786E-09
  1.0744475944748835E+01  3.0021334973426543E-09  2.7897589124511926E-09
  1.0851519945822142E+01  2.9465752833261011E-09  2.7395554943431138E-09
  1.0959630394270322E+01  2.8920954105704213E-09  2.6902861892476532E-09
  1.1068817914789699E+01  2.8386727942445722E-09  2.6419339259871472E-09
  1.1179093237927265E+01  2.7862869583054026E-09  2.5944821082325363E-09
  1.1290467201135217E+01  2.7349178087829388E-09  2.5479144122595850E-09
  1.1402950749836071E+01  2.6845456254568581E-09  2.5022147819310014E-09
  1.1516554938498329E+01  2.6351510558843224E-09  2.4573674257190029E-09
  1.1631290931722809E+01  2.5867151095031741E-09  2.4133568137188581E-09
  1.1747170005339951E+01  2.5392191518089505E-09  2.3701676746543423E-09
  1.1864203547517921E+01  2.4926448986094615E-09  2.3277849928805892E-09
  1.1982403059881760E+01  2.4469744057821724E-09  2.2861940009727532E-09
  1.2101780158643802E+01  2.4021900350625591E-09  2.2453801491622141E-09
  1.2222346575745224E+01  2.3582743816408753E-09  2.2053290383176165E-09
  1.2344114160008983E+01  2.3152097090152440E-09  2.1660258842384479E-09
  1.2467094878304398E+01  2.2729782637622596E-09  2.1274558125431355E-09
  1.2591300816723058E+01  2.2315629811203621E-09  2.0896045268808475E-09
  1.2716744181766664E+01  2.1909471911256248E-09  2.0524580451546435E-09
  1.2843437301546720E+01  2.1511145849802631E-09  2.0160026703810558E-09
  1.2971392626995934E+01  2.1120492066513272E-09  1.9802249844917155E-09
  1.3100622733091980E+01  2.0737354446831015E-09  1.9451118422830678E-09
  1.3231140320093276E+01  2.0361580242173684E-09  1.9106503655102696E-09
  1.3362958214787080E+01  1.9993019992154446E-09  1.8768279371212538E-09
  1.3496089371750131E+01  1.9631527457124911E-09  1.8436321964317844E-09
  1.3630546874621745E+01  1.9276959795660161E-09  1.8110510578240671E-09
  1.3766343937389587E+01  1.8929177792816906E-09  1.7790727344332686E-09
  1.3903493905688366E+01  1.8588045256760008E-09  1.7476856818467142E-09
  1.4042010258111363E+01  1.8253428578714820E-09  1.7168785556434215E-09
  1.4181906607535005E+01  1.7925198249153656E-09  1.6866403541555550E-09
  1.4323196702456789E+01  1.7603227695624342E-09  1.6569603134129211E-09
  1.4465894428346370E+01  1.7287392940925903E-09  1.6278278767453040E-09
  1.4610013809010152E+01  1.6977572546799450E-09  1.5992326906050570E-09
  1.4755569007969566E+01  1.6673647559001848E-09  1.5711646004867302E-09
  1.4902574329852975E+01  1.6375501453720860E-09  1.5436136469408736E-09
  1.5051044221801419E+01  1.6083020085292671E-09  1.5165700616792394E-09
  1.5200993274888582E+01  1.5796091634615965E-09  1.4900242637147986E-09
  1.5352436225554573E+01  1.5514606550733278E-09  1.4639668548549671E-09
  1.5505387957054234E+01  1.5238457569272786E-09  1.4383886225708350E-09
  1.5659863500919931E+01  1.4967537816108978E-09  1.4132803582655438E-09
  1.5815878038438573E+01  1.4701739224408487E-09  1.3886327070107664E-09
  1.5973446902143754E+01  1.4440955911704538E-09  1.3644364904297164E-09
  1.6132585577322523E+01  1.4185084725637277E-09  1.3406827610492367E-09
  1.6293309703537162E+01  1.3934024829150420E-09  1.3173627646071979E-09
  1.6455635076162284E+01  1.3687677641231946E-09  1.2944679352377836E-09
  1.6619577647937088E+01  1.3445946781552247E-09  1.2719898909973726E-09
  1.6785153530533112E+01  1.3208738016767989E-09  1.2499204295252178E-09
  1.6952378996137689E+01  1.2975959208427045E-09  1.2282515238334491E-09
  1.7121270479053109E+01  1.2747520262452259E-09  1.2069753182248356E-09
  1.7291844577311636E+01  1.2523333059671349E-09  1.1860841223528489E-09
  1.7464118054306820E+01  1.2303310784134817E-09  1.1655703472289975E-09
  1.7638107840440899E+01  1.2087369137590034E-09  1.1454266230595191E-09
  1.7813831034788578E+01  1.1875432014587595E-09  1.1256463450009760E-09
  1.7991304906777597E+01  1.1667427443680689E-09  1.1062232862766623E-09
  1.8170546897885828E+01  1.1463283380044214E-09  1.0871511961818709E-09
  1.8351574623355315E+01  1.1262928946353569E-09  1.0684239156714193E-09
  1.8534405873923603E+01  1.1066294491794722E-09  1.0500353834153211E-09
  1.8719058617571935E+01  1.0873311573680399E-09  1.0319796346261252E-09
  1.8905551001291180E+01  1.0683912939347503E-09  1.0142507998966541E-09
  1.9093901352865352E+01  1.0498032508326467E-09  9.9684310404767784E-10
  1.9284128182672575E+01  1.0315605354771849E-09  9.7975086498493692E-10
  1.9476250185504405E+01  1.0136567692210675E-09  9.6296849276543904E-10
  1.9670286242403026E+01  9.9608571708606519E-10  9.4649051867007715E-10
  1.9866255422516730E+01  9.7884132241505470E-10  9.3031162896062583E-10
  2.0064176984974097E+01  9.6191736039684564E-10  9.1442633191763224E-10
  2.0264070380776637E+01  9.4530742495715837E-10  8.9882894593447518E-10
  2.0465955254710330E+01  9.2900527715545506E-10  8.8351393338208863E-10
  2.0669851447276329E+01  9.1300482168516007E-10  8.6847587996615160E-10
  2.0875778996640776E+01  8.9730009149812612E-10  8.5370948068988559E-10
  2.1083758140603997E+01  8.8188524492859162E-10  8.3920953751927755E-10
  2.1293809318589553E+01  8.6675456289034388E-10  8.2497095710559446E-10
  2.1505953173652852E+01  8.5190244614488327E-10  8.1098874856347330E-10
  2.1720210554509833E+01  8.3732341263840956E-10  7.9725802130285947E-10
  2.1936602517586032E+01  8.2301209487567678E-10  7.8377398288548228E-10
  2.2155150329085842E+01  8.0896323186625107E-10  7.7053193169807787E-10
  2.2375875467082430E+01  7.9517163426976371E-10  7.5752722387810250E-10
  2.2598799623628651E+01  7.8163223893291361E-10  7.4475532611456578E-10
  2.2823944706888803E+01  7.6834015368672062E-10  7.3221185922874787E-10
  2.3051332843291572E+01  7.5529054204903413E-10  7.1989248835739612E-10
  2.3280986379704800E+01  7.4247864961963856E-10  7.0779294782633024E-10
  2.3512927885631367E+01  7.2989982156544330E-10  6.9590905790717440E-10
  2.3747180155427337E+01  7.1754950044961869E-10  6.8423672303746591E-10
  2.3983766210542282E+01  7.0542322406621134E-10  6.7277193003733114E-10
  2.4222709301781435E+01  6.9351662332586488E-10  6.6151074636588243E-10
  2.4464032911590927E+01  6.8182542019131383E-10  6.5044931841638260E-10
  2.4707760756365488E+01  6.7034542566808075E-10  6.3958386985507315E-10
  2.4953916788779125E+01  6.5907253853377886E-10  6.2891070063558870E-10
  2.5202525200139245E+01  6.4800275271779774E-10  6.1842619429720493E-10
  2.5453610422764019E+01  6.3713219123205170E-10  6.0812685094099289E-10
  2.5707197132383413E+01  6.2645716246336805E-10  5.9800934150153334E-10
  2.5963310250564405E+01  6.1597414474628970E-10  5.8807049268885359E-10
  2.6221974947160088E+01  6.0567969651628969E-10  5.7830720122486876E-10
  2.6483216642783184E+01  5.9557043538665257E-10  5.6871641412314423E-10
  2.6747061011304471E+01  5.8564303712049387E-10  5.5929512790079876E-10
  2.7013533982375822E+01  5.7589423473522405E-10  5.5004038791043721E-10
  2.7282661743978394E+01  5.6632081761780121E-10  5.4094928767696077E-10
  2.7554470744996465E+01  5.5691963065072622E-10  5.3201896823935677E-10
  2.7828987697816608E+01  5.4768757334857728E-10  5.2324661749743761E-10
  2.8106239580952838E+01  5.3862159882169625E-10  5.1462946940009070E-10
  2.8386253641698218E+01  5.2971871116910756E-10  5.0616480165134793E-10
  2.8669057398802270E+01  5.2097594724124383E-10  4.9784991830115336E-10
  2.8954678645175605E+01  5.1239032517317298E-10  4.8968210037382086E-10
  2.9243145450621451E+01  5.0395883539084270E-10  4.8165859763034441E-10
  2.9534486164593901E+01  4.9567850159393333E-10  4.7377668730566795E-10
  2.9828729418984281E+01  4.8754640762443010E-10  4.6603369989635844E-10
  3.0125904130934902E+01  4.7955969722225818E-10  4.5842701905962649E-10
  3.0426039505680830E+01  4.7171557272502495E-10  4.5095408050457232E-10
  3.0729165039420241E+01  4.6401129379751820E-10  4.4361237090758370E-10
  3.1035310522213116E+01  4.5644417619026137E-10  4.3639942685133664E-10
  3.1344506040908797E+01  4.4901159052641700E-10  4.2931283378686405E-10
  3.1656781982103006E+01  4.4171096116070170E-10  4.2235022505697063E-10
  3.1972169035124033E+01  4.3453976493018039E-10  4.1550928078897117E-10
  3.2290698195048684E+01  4.2749552643733849E-10  4.0878772353180088E-10
  3.2612400765748525E+01  4.2057582090395823E-10  4.0218332111514607E-10
  3.2937308362966242E+01  4.1377828086413039E-10  3.9569389315610987E-10
  3.3265452917422621E+01  4.0710059273025976E-10  3.8931730784127188E-10
  3.3596866677954750E+01  4.0054049021130474E-10  3.8305147573350431E-10
  3.3931582214685271E+01  3.9409575237129495E-10  3.7689434801291563E-10
  3.4269632422223054E+01  3.8776420267563771E-10  3.7084391565518753E-10
  3.4611050522896370E+01  3.8154370805914853E-10  3.6489820862781721E-10
  3.4955870070017411E+01  3.7543217801456905E-10  3.5905529510317308E-10
  3.5304124951179979E+01  3.6942756370107662E-10  3.5331328068798584E-10
  3.5655849391590053E+01  3.6352785706828012E-10  3.4767030766529005E-10
  3.6011077957428853E+01  3.5773108980761838E-10  3.4212455408801407E-10
  3.6369845559250287E+01  3.5203533552121928E-10  3.3667423592097393E-10
  3.6732187455411648E+01  3.4643872698336001E-10  3.3131762362725977E-10
  3.7098139255538598E+01  3.4093946945670326E-10  3.2605305506767810E-10
  3.7467736924024983E+01  3.3553580644476062E-10  3.2087890274251871E-10
  3.7841016783567120E+01  3.3022600735863484E-10  3.1579356198732509E-10
  3.8218015518733395E+01  3.2500837356495310E-10  3.1079545679396436E-10
  3.8598770179569691E+01  3.1988123795714717E-10  3.0588303946396926E-10
  3.8983318185240407E+01  3.1484296436277459E-10  3.0105479010375285E-10
  3.9371697327705796E+01  3.0989194696221539E-10  2.9630921612870615E-10
  3.9763945775436206E+01  3.0502660971850964E-10  2.9164485177602371E-10
  4.0160102077163046E+01  3.0024540581809442E-10  2.8706025762609753E-10
  4.0560205165667107E+01  2.9554681718870662E-10  2.8255402018917485E-10
  4.0964294361604928E+01  2.9092935356693747E-10  2.7812475105806304E-10
  4.1372409377373003E+01  2.8639154661963839E-10  2.7377108136990646E-10
  4.1784590321010398E+01  2.8193194031276990E-10  2.6949165261386502E-10
  4.2200877700140879E+01  2.7754910467525859E-10  2.6528512984025771E-10
  4.2621312425953278E+01  2.7324164553178983E-10  2.6115021103702023E-10
  4.3045935817222386E+01  2.6900819565863999E-10  2.5708561873386872E-10
  4.3474789604369839E+01  2.6484741350634765E-10  2.5309009882423228E-10
  4.3907915933564695E+01  2.6075798270737443E-10  2.4916242013470204E-10
  4.4345357370865855E+01  2.5673861159331271E-10  2.4530137400232898E-10
  4.4787156906405151E+01  2.5278803272146927E-10  2.4150577385964382E-10
  4.5233357958612096E+01  2.4890500241063114E-10  2.3777445482726048E-10
  4.5684004378481177E+01  2.4508830029037762E-10  2.3410627331803290E-10
  4.6139140453881211E+01  2.4133672900574811E-10  2.3050010677707787E-10
  4.6598810913907712E+01  2.3764911362214513E-10  2.2695485315310573E-10
  4.7063060933278869E+01  2.3402430380287230E-10  2.2346943301802218E-10
  4.7531936136775158E+01  2.3046115886478161E-10  2.2004277529704227E-10
  4.8005482603722896E+01  2.2695853388094390E-10  2.1667380402942916E-10
  4.8483746872523128E+01  2.2351530245295762E-10  2.1336146016619611E-10
  4.8966775945225073E+01  2.2013036095108337E-10  2.1010470564832478E-10
  4.9454617292145137E+01  2.1680262802030447E-10  2.0690252296298847E-10
  4.9947318856532476E+01  2.1353104409701236E-10  2.0375391470892798E-10
  5.0444929059280476E+01  2.1031457093697507E-10  2.0065790317164930E-10
  5.0947496803685212E+01  2.0715219115430378E-10  1.9761352990820044E-10
  5.1455071480252052E+01  2.0404290777011761E-10  1.9461985534033881E-10
  5.1967702971548846E+01  2.0098574348458598E-10  1.9167595810422945E-10
  5.2485441657108602E+01  1.9797973959510347E-10  1.8878093407829433E-10
  5.3008338418380838E+01  1.9502395398994201E-10  1.8593389445603838E-10
  5.3536444643731357E+01  1.9211748151734902E-10  1.8313398523624690E-10
  5.4069812233493138E+01  1.8925949900793683E-10  1.8038043023891424E-10
  5.4608493605066613E+01  1.8644921960194329E-10  1.7767248744688287E-10
  5.5152541698070976E+01  1.8368586808115162E-10  1.7500942545797873E-10
  5.5702009979547164E+01  1.8096868047879877E-10  1.7239052312928860E-10
  5.6256952449212250E+01  1.7829690396895280E-10  1.6981506948775695E-10
  5.6817423644766180E+01  1.7566979675535177E-10  1.6728236363982549E-10
  5.7383478647251877E+01  1.7308662795976902E-10  1.6479171468018142E-10
  5.7955173086468200E+01  1.7054667751002262E-10  1.6234244159974530E-10
  5.8532563146436921E+01  1.6804923612872502E-10  1.5993387327925043E-10
  5.9115705570924568E+01  1.6559360537860256E-10  1.5756534850811162E-10
  5.9704657669018850E+01  1.6317909571263342E-10  1.5523621420037217E-10
  6.0299477320760609E+01  1.6080501643700032E-10  1.5294581582806988E-10
  6.0900222982832418E+01  1.5847063979559951E-10  1.5069346313467815E-10
  6.1506953694303270E+01  1.5617521992308945E-10  1.4847844826944666E-10
  6.2119729082430531E+01  1.5391802477828105E-10  1.4630007629418417E-10
  6.2738609368520528E+01  1.5169833746789957E-10  1.4415766645834476E-10
  6.3363655373846086E+01  1.4951545590696175E-10  1.4205055188593084E-10
  6.3994928525624161E+01  1.4736869248737647E-10  1.3997807926979695E-10
  6.4632490863053107E+01  1.4525737375456672E-10  1.3793960857317019E-10
  6.5276405043408801E+01  1.4318084009191606E-10  1.3593451273821378E-10
  6.5926734348203098E+01  1.4113844540331584E-10  1.3396217739355310E-10
  6.6583542689402634E+01  1.3912955699204460E-10  1.3202200074851270E-10
  6.7246894615709621E+01  1.3715355672054956E-10  1.3011339464422146E-10
  6.7916855318905945E+01  1.3520983869837260E-10  1.2823578239211463E-10
  6.8593490640259688E+01  1.3329780863582863E-10  1.2638859819565470E-10
  6.9276867076995586E+01  1.3141688547481581E-10  1.2457128870723494E-10
  6.9967051788830588E+01  1.2956650009609447E-10  1.2278331180134390E-10
  7.0664112604573774E+01  1.2774609486249402E-10  1.2102413614533354E-10
  7.1368118028792196E+01  1.2595512336894916E-10  1.1929324096707688E-10
  7.2079137248543603E+01  1.2419305019854152E-10  1.1759011582798528E-10
  7.2797240140175759E+01  1.2245935068441307E-10  1.1591426040125068E-10
  7.3522497276193306E+01  1.2075351067742850E-10  1.1426518425518541E-10
  7.4254979932193919E+01  1.1907502632005063E-10  1.1264240664209347E-10
  7.4994760093872713E+01  1.1742340369131788E-10  1.1104545616941210E-10
  7.5741910464096534E+01  1.1579815627052584E-10  1.0947386850036246E-10
  7.6496504470049402E+01  1.1419880417981741E-10  1.0792718564965650E-10
  7.7258616270448400E+01  1.1262488658586643E-10  1.0640496766949579E-10
  7.8028320762831427E+01  1.1107598191035338E-10  1.0490681186612150E-10
  7.8805693590918679E+01  1.0955168581012630E-10  1.0343233183101906E-10
  7.9590811152045674E+01  1.0805160029384098E-10  1.0198114707834197E-10
  8.0383750604671761E+01  1.0657533355933101E-10  1.0055288289062777E-10
  8.1184589875963383E+01  1.0512249991787807E-10  9.9147170246476270E-11
  8.1993407669451486E+01  1.0369271972003176E-10  9.7763645748793938E-11
  8.2810283472767097E+01  1.0228561928312922E-10  9.6401951553600118E-11
  8.3635297565452746E+01  1.0090083082090974E-10  9.5061735299480591E-11
  8.4468531026851792E+01  9.9537992408422253E-11  9.3742650064985295E-11
  8.5310065744077065E+01  9.8196749076586984E-11  9.2444355325934720E-11
  8.6159984420058294E+01  9.6876754001882953E-11  9.1166518017563526E-11
  8.7018370581669402E+01  9.5577664666852230E-11  8.9908808989625133E-11
  8.7885308587937928E+01  9.4299128604002308E-11  8.8670889482228595E-11
  8.8760883638335159E+01  9.3040787255129725E-11  8.7452414780323083E-11
  8.9645181781148921E+01  9.1802288451564913E-11  8.6253046049335482E-11
  9.0538289921940759E+01  9.0583286930131947E-11  8.5072450795119766E-11
  9.1440295832086164E+01  8.9383444240987210E-11  8.3910302738025578E-11
  9.2351288157400759E+01  8.8202428668999855E-11  8.2766281689596121E-11
  9.3271356426851568E+01  8.7039915171830474E-11  8.1640073431839951E-11
  9.4200591061356320E+01  8.5895585338982815E-11  8.0531369599012160E-11
  9.5139083382669241E+01  8.4769127374444503E-11  7.9439867560571273E-11
  9.6086925622355594E+01  8.3660235871272802E-11  7.8365270093720268E-11
  9.7044210930856480E+01  8.2568610336076857E-11  7.7307283886199126E-11
  9.8011033386642950E+01  8.1493954913379233E-11  7.6265619026010536E-11
  9.8987488005461501E+01  8.0435986152387483E-11  7.5239995979599995E-11
  9.9973670749672308E+01  7.9394437775696212E-11  7.4230149664662138E-11
  1.0096967853767984E+02  7.8369052050400572E-11  7.3235820690059750E-11
  1.0197560925345766E+02  7.7359579190722182E-11  7.2256753978555308E-11
  1.0299156175616788E+02  7.6365778488816253E-11  7.1292698698008476E-11
  1.0401763588987708E+02  7.5387419949024253E-11  7.0343408193604274E-11
  1.0505393249336855E+02  7.4424286640949653E-11  6.9408639921097709E-11
  1.0610055341005179E+02  7.3476178040972432E-11  6.8488155381060125E-11
  1.0715760149797214E+02  7.2542914600767234E-11  6.7581720054881778E-11
  1.0822518063991886E+02  7.1624343441779316E-11  6.6689103384570145E-11
  1.0930339575363401E+02  7.0720344390892128E-11  6.5810079616465545E-11
  1.1039235280212415E+02  6.9830833649582986E-11  6.4944432869713358E-11
  1.1149215880407341E+02  6.8955739858180514E-11  6.4091958761915172E-11
  1.1260292184436123E+02  6.8094903131268161E-11  6.3252444025468041E-11
  1.1372475108468403E+02  6.7247943671331147E-11  6.2425673232268789E-11
  1.1485775677428390E+02  6.6414190826935362E-11  6.1611434751163911E-11
  1.1600205026078316E+02  6.5592862099908258E-11  6.0809520707915142E-11
  1.1715774400112687E+02  6.4783379104775608E-11  6.0019726913362131E-11
  1.1832495157263536E+02  6.3985466704617995E-11  5.9241852793258197E-11
  1.1950378768416581E+02  6.3199029685387936E-11  5.8475701319727894E-11
  1.2069436818738512E+02  6.2424020361636174E-11  5.7721078944219229E-11
  1.2189681008815606E+02  6.1660377362302654E-11  5.6977795531265072E-11
  1.2311123155803567E+02  6.0908011334794847E-11  5.6245663963472400E-11
  1.2433775194588904E+02  6.0166801505253103E-11  5.5524494469296393E-11
  1.2557649178961792E+02  5.9436584905018989E-11  5.4814079008046805E-11
  1.2682757282800753E+02  5.8717181253058964E-11  5.4114208330932869E-11
  1.2809111801269023E+02  5.8008414380763111E-11  5.3424687043975053E-11
  1.2936725152022822E+02  5.7310105655350232E-11  5.2745324299018438E-11
  1.3065609876431822E+02  5.6622075735016895E-11  5.2075933189760145E-11
  1.3195778640811596E+02  5.5944145649142598E-11  5.1416330664837625E-11
  1.3327244237668407E+02  5.5276136673412552E-11  5.0766337443360887E-11
  1.3460019586956454E+02  5.4617871955854541E-11  5.0125777932804446E-11
  1.3594117737347580E+02  5.3969177562818903E-11  4.9494480149179629E-11
  1.3729551867513646E+02  5.3329882829510071E-11  4.8872275638738862E-11
  1.3866335287421651E+02  5.2699820537513319E-11  4.8258999498867768E-11
  1.4004481439641842E+02  5.2078828037963039E-11  4.7654492480216305E-11
  1.4144003900668781E+02  5.1466758257347586E-11  4.7058611137684093E-11
  1.4284916382255551E+02  5.0863478498904917E-11  4.6471225663637562E-11
  1.4427232732761360E+02  5.0268850856067336E-11  4.5892200999426460E-11
  1.4570966938512487E+02  4.9682738494307405E-11  4.5321402969779842E-11
  1.4716133125176751E+02  4.9105006110573367E-11  4.4758699740980018E-11
  1.4862745559151818E+02  4.8535519415927162E-11  4.4203961775587625E-11
  1.5010818648967214E+02  4.7974146925300996E-11  4.3657061788187355E-11
  1.5160366946700282E+02  4.7420761121292016E-11  4.3117874702126591E-11
  1.5311405149406417E+02  4.6875237068609327E-11  4.2586277607218787E-11
  1.5463948100563357E+02  4.6337451546595308E-11  4.2062149719140195E-11
  1.5618010791529991E+02  4.5807282573812059E-11  4.1545372334595985E-11
  1.5773608363019585E+02  4.5284609127514327E-11  4.1035828473393374E-11
  1.5930756106587856E+02  4.4769309396982820E-11  4.0533400400027885E-11
  1.6089469466135708E+02  4.4261257489066220E-11  4.0037966135099280E-11
  1.6249764039426978E+02  4.3760327371360843E-11  3.9549403675758021E-11
  1.6411655579621390E+02  4.3266394575429552E-11  3.9067593650502311E-11
  1.6575159996822711E+02  4.2779336223379592E-11  3.8592419068838164E-11
  1.6740293359642243E+02  4.2299032813332422E-11  3.8123765267604065E-11
  1.6907071896778120E+02  4.1825368797299767E-11  3.7661519860098666E-11
  1.7075511998610125E+02  4.1358231403698370E-11  3.7205572686437586E-11
  1.7245630218810507E+02  4.0897509668611936E-11  3.6755815765106477E-11
  1.7417443275970754E+02  4.0443094225536643E-11  3.6312143245575291E-11
  1.7590968055244730E+02  3.9994877012165720E-11  3.5874451367326222E-11
  1.7766221610008043E+02  3.9552752025467832E-11  3.5442638528185685E-11
  1.7943221163533923E+02  3.9116616625984090E-11  3.5016605573298698E-11
  1.8121984110685986E+02  3.8686369810411079E-11  3.4596255500731934E-11
  1.8302528019627658E+02  3.8261911393834768E-11  3.4181493285652389E-11
  1.8484870633548681E+02  3.7843144201204001E-11  3.3772225951580559E-11
  1.8669029872408944E+02  3.7429974980229432E-11  3.3368362312414603E-11
  1.8855023834699514E+02  3.7022312725280319E-11  3.2969812925690371E-11
  1.9042870799221333E+02  3.6620066877258874E-11  3.2576490055911291E-11
  1.9232589226881527E+02  3.6223147837194150E-11  3.2188307638734632E-11
  1.9424197762507754E+02  3.5831468036644497E-11  3.1805181245991483E-11
  1.9617715236680539E+02  3.5444941673941053E-11  3.1427028051522526E-11
  1.9813160667583770E+02  3.5063484426733283E-11  3.1053766795429635E-11
  2.0010553262873890E+02  3.4687013180553669E-11  3.0685317727944088E-11
  2.0209912421567469E+02  3.4315444908542270E-11  3.0321602477063977E-11
  2.0411257735947632E+02  3.3948698533233013E-11  2.9962543887964196E-11
  2.0614608993489600E+02  3.3586696721422246E-11  2.9608065996046138E-11
  2.0819986178805289E+02  3.3229363317805821E-11  2.9258094035900100E-11
  2.1027409475607357E+02  3.2876622110415301E-11  2.8912554644140062E-11
  2.1236899268692670E+02  3.2528398400574027E-11  2.8571375855015835E-11
  2.1448476145945807E+02  3.2184619645892022E-11  2.8234487071422808E-11
  2.1662160900362286E+02  3.1845214011433473E-11  2.7901819036585102E-11
  2.1877974532091957E+02  3.1510109296147598E-11  2.7573303806394506E-11
  2.2095938250502934E+02  3.1179234303658074E-11  2.7248874722388428E-11
  2.2316073476265950E+02  3.0852520547455274E-11  2.6928466386301884E-11
  2.2538401843459388E+02  3.0529901637360069E-11  2.6612014647520423E-11
  2.2762945201695561E+02  3.0211313223039636E-11  2.6299456643584365E-11
  2.2989725618267906E+02  2.9896694120539828E-11  2.5990730606033201E-11
  2.3218765380319741E+02  2.9585980580149343E-11  2.5685774190078871E-11
  2.3450086997034444E+02  2.9279104276801666E-11  2.5384523961498689E-11
  2.3683713201847740E+02  2.8975998007768941E-11  2.5086917409421020E-11
  2.3919666954681776E+02  2.8676596408255034E-11  2.4792893313134965E-11
  2.4157971444201456E+02  2.8380836215380866E-11  2.4502391714087759E-11
  2.4398650090093497E+02  2.8088656823817212E-11  2.4215353888317849E-11
  2.4641726545367953E+02  2.7799999084127554E-11  2.3931722319586122E-11
  2.4887224698682672E+02  2.7514804711448437E-11  2.3651440673184939E-11
  2.5135168676691126E+02  2.7233016966110982E-11  2.3374453770290172E-11
  2.5385582846413396E+02  2.6954580162102706E-11  2.3100707559109856E-11
  2.5638491817630933E+02  2.6679438144836547E-11  2.2830149132692342E-11
  2.5893920445304997E+02  2.6407534384254947E-11  2.2562727046182768E-11
  2.6151893832019476E+02  2.6138815165805608E-11  2.2298392359061787E-11
  2.6412437330447790E+02  2.5873233898419099E-11  2.2037099428938860E-11
  2.6675576545844388E+02  2.5610747476695415E-11  2.1778804198123097E-11
  2.6941337338561294E+02  2.5351311485082220E-11  2.1523463389744550E-11
  2.7209745826589483E+02  2.5094882314958755E-11  2.1271034481476612E-11
  2.7480828388125587E+02  2.4841416927975451E-11  2.1021475691477604E-11
  2.7754611664164401E+02  2.4590870063432443E-11  2.0774745964634022E-11
  2.8031122561116962E+02  2.4343197080674037E-11  2.0530804959098615E-11
  2.8310388253454863E+02  2.4098356646468394E-11  2.0289613033117234E-11
  2.8592436186380746E+02  2.3856309435646868E-11  2.0051131233900167E-11
  2.8877294078525682E+02  2.3617017426819744E-11  1.9815321281948062E-11
  2.9164989924673176E+02  2.3380443119501744E-11  1.9582145399291610E-11
  2.9455551998510310E+02  2.3146546941049102E-11  1.9351565754476928E-11
  2.9749008855406532E+02  2.2915286117624204E-11  1.9123544194220109E-11
  3.0045389335219909E+02  2.2686619084205149E-11  1.8898042908334619E-11
  3.0344722565131298E+02  2.2460508776647288E-11  1.8675024789867626E-11
  3.0647037962507034E+02  2.2236916765461092E-11  1.8454453435674297E-11
  3.0952365237789854E+02  2.2015803278986074E-11  1.8236293132835347E-11
  3.1260734397418781E+02  2.1797133004261367E-11  1.8020508845378814E-11
  3.1572175746777913E+02  2.1580871609920904E-11  1.7807066201298277E-11
  3.1886719893174939E+02  2.1366983122223128E-11  1.7595931479860120E-11
  3.2204397748848993E+02  2.1155431412189531E-11  1.7387071598963339E-11
  3.2525240534008509E+02  2.0946180540195939E-11  1.7180454106192283E-11
  3.2849279779899626E+02  2.0739195954704878E-11  1.6976047226973386E-11
  3.3176547331904851E+02  2.0534446678290248E-11  1.6773820209559758E-11
  3.3507075352672609E+02  2.0331903765119267E-11  1.6573743571438371E-11
  3.3840896325278305E+02  2.0131537346497501E-11  1.6375788667935098E-11
  3.4178043056416442E+02  1.9933316393086616E-11  1.6179927374041579E-11
  3.4518548679624860E+02  1.9737209497095141E-11  1.5986132055319986E-11
  3.4862446658540836E+02  1.9543186323520518E-11  1.5794375559286274E-11
  3.5209770790189935E+02  1.9351219323616549E-11  1.5604631206971479E-11
  3.5560555208307420E+02  1.9161283438672783E-11  1.5416872784656790E-11
  3.5914834386692610E+02  1.8973353309283041E-11  1.5231074535778287E-11
  3.6272643142597104E+02  1.8787401965160613E-11  1.5047211153054943E-11
  3.6634016640146376E+02  1.8603401088676519E-11  1.4865257766771414E-11
  3.6998990393795435E+02  1.8421322033439423E-11  1.4685189934209397E-11
  3.7367600271819305E+02  1.8241138816554215E-11  1.4506983590190978E-11
  3.7739882499837887E+02  1.8062828325728866E-11  1.4330615006915839E-11
  3.8115873664376119E+02  1.7886367632562097E-11  1.4156061086087705E-11
  3.8495610716459447E+02  1.7711733110398176E-11  1.3983299243873082E-11
  3.8879130975245431E+02  1.7538899932648725E-11  1.3812307287583141E-11
  3.9266472131691268E+02  1.7367841775379110E-11  1.3643063407574131E-11
  3.9657672252257737E+02  1.7198534886011927E-11  1.3475546170861055E-11
  4.0052769782650540E+02  1.7030960359119590E-11  1.3309734514854033E-11
  4.0451803551598420E+02  1.6865098177736754E-11  1.3145607741214716E-11
  4.0854812774669028E+02  1.6700924072379404E-11  1.2983145509823506E-11
  4.1261837058123103E+02  1.6538413861662134E-11  1.2822327833038644E-11
  4.1672916402806692E+02  1.6377545460978864E-11  1.2663135079381205E-11
  4.2088091208082335E+02  1.6218298420118942E-11  1.2505547955069528E-11
  4.2507402275799217E+02  1.6060653701250316E-11  1.2349547465619509E-11
  4.2930890814303268E+02  1.5904592678783508E-11  1.2195114945781182E-11
  4.3358598442486880E+02  1.5750095343238234E-11  1.2042232094265527E-11
  4.3790567193878843E+02  1.5597140239167525E-11  1.1890880931508389E-11
  4.4226839520775599E+02  1.5445707722265543E-11  1.1741043791259943E-11
  4.4667458298413123E+02  1.5295780840441237E-11  1.1592703315513542E-11
  4.5112466829180363E+02  1.5147341391020173E-11  1.1445842449525953E-11
  4.5561908846875235E+02  1.5000367814646007E-11  1.1300444436926508E-11
  4.6015828521002283E+02  1.4854839879940674E-11  1.1156492814913389E-11
  4.6474270461113713E+02  1.4710740753779895E-11  1.1013971410123601E-11
  4.6937279721193215E+02  1.4568056305320659E-11  1.0872864336899218E-11
  4.7404901804083971E+02  1.4426772940951074E-11  1.0733156027990854E-11
  4.7877182665960379E+02  1.4286873208357325E-11  1.0594831491817233E-11
  4.8354168720844353E+02  1.4148336862257575E-11  1.0457876719661775E-11
  4.8835906845166937E+02  1.4011145207819990E-11  1.0322278504678831E-11
  4.9322444382375062E+02  1.3875285232921873E-11  1.0188023885167980E-11
  4.9813829147584102E+02  1.3740747276627795E-11  1.0055100071979001E-11
  5.0310109432277278E+02  1.3607519725593338E-11  9.9234944465151712E-12
  5.0811334009051387E+02  1.3475587429670930E-11  9.7931945587618056E-12
  5.1317552136410063E+02  1.3344933720475165E-11  9.6641881253380426E-12
  5.1828813563604524E+02  1.3215542736404970E-11  9.5364630275714974E-12
  5.2345168535523055E+02  1.3087402649435832E-11  9.4100073094693478E-12
  5.2866667797628759E+02  1.2960506228582524E-11  9.2848091704784925E-12
  5.3393362600946432E+02  1.2834839931257612E-11  9.1608569403344213E-12
  5.3925304707099679E+02  1.2710383006337585E-11  9.0381389173371825E-12
  5.4462546393397690E+02  1.2587121183870669E-11  8.9166430386668526E-12
  5.5005140457972664E+02  1.2465044865703201E-11  8.7963568169184318E-12
  5.5553140224968990E+02  1.2344141015769034E-11  8.6772678402291251E-12
  5.6106599549783573E+02  1.2224393451698916E-11  8.5593639247030222E-12
  5.6665572824358333E+02  1.2105787354390754E-11  8.4426331117157663E-12
  5.7230114982526050E+02  1.1988310497527468E-11  8.3270636642375910E-12
  5.7800281505408759E+02  1.1871950273405301E-11  8.2126440632091094E-12
  5.8376128426870423E+02  1.1756691847099281E-11  8.0993630039677936E-12
  5.8957712339023419E+02  1.1642520019286267E-11  7.9872093927282370E-12
  5.9545090397790625E+02  1.1529421126186493E-11  7.8761723442761736E-12
  6.0138320328522286E+02  1.1417382740655540E-11  7.7662411839133914E-12
  6.0737460431668842E+02  1.1306393248774335E-11  7.6574054955446509E-12
  6.1342569588510912E+02  1.1196438065471909E-11  7.5496553773871686E-12
  6.1953707266945685E+02  1.1087502868923477E-11  7.4429816875977091E-12
  6.2570933527331022E+02  1.0979581758728576E-11  7.3373756682579064E-12
  6.3194309028388409E+02  1.0872671897180592E-11  7.2328286901480148E-12
  6.3823895033163922E+02  1.0766763084050460E-11  7.1293322426929324E-12
  6.4459753415049136E+02  1.0661840397018852E-11  7.0268779324652417E-12
  6.5101946663861531E+02  1.0557890756507515E-11  6.9254574816947164E-12
  6.5750537891986153E+02  1.0454903091221026E-11  6.8250627267835181E-12
  6.6405590840577861E+02  1.0352868005080753E-11  6.7256856168266628E-12
  6.7067169885825365E+02  1.0251776267719774E-11  6.6273182120836534E-12
  6.7735340045278303E+02  1.0151616803348808E-11  6.5299526830427837E-12
  6.8410166984236764E+02  1.0052375978552645E-11  6.4335813307261967E-12
  6.9091717022204318E+02  9.9540448763975086E-12  6.3381967161808244E-12
  6.9780057139406154E+02  9.8566236672858402E-12  6.2437916322776802E-12
  7.0475254983371349E+02  9.7601055346105034E-12  6.1503587782926479E-12
  7.1177378875581155E+02  9.6644724019108329E-12  6.0578909100307260E-12
  7.1886497818183079E+02  9.5697123062146250E-12  5.9663808783226120E-12
  7.2602681500772633E+02  9.4758206931228223E-12  5.8758216277580876E-12
  7.3326000307241929E+02  9.3827904841679272E-12  5.7862061954185455E-12
  7.4056525322696496E+02  9.2906108583253643E-12  5.6975277096078641E-12
  7.4794328340441780E+02  9.1992712270964018E-12  5.6097793885808516E-12
  7.5539481869038457E+02  9.1087626074927082E-12  5.5229545392420906E-12
  7.6292059139428022E+02  9.0190767986461301E-12  5.4370465544937513E-12
  7.7052134112130261E+02  8.9302062960066237E-12  5.3520488924377894E-12
  7.7819781484511395E+02  8.8421425765457942E-12  5.2679548974455439E-12
  7.8595076698125217E+02  8.7548718513206618E-12  5.1847575322606828E-12
  7.9378095946126950E+02  8.6683789215481701E-12  5.1024499338826850E-12
  8.0168916180761676E+02  8.5826582909586630E-12  5.0210254779189603E-12
  8.0967615120926689E+02  8.4977096323763766E-12  4.9404776537502945E-12
  8.1774271259809166E+02  8.4135233970038111E-12  4.8608000613368969E-12
  8.2588963872600675E+02  8.3300848100042429E-12  4.7819864089014294E-12
  8.3411773024287845E+02  8.2473837153841482E-12  4.7040305106173131E-12
  8.4242779577520560E+02  8.1654129430306941E-12  4.6269262843015004E-12
  8.5082065200559316E+02  8.0841643654327614E-12  4.5506677491124562E-12
  8.5929712375301062E+02  8.0036275909388004E-12  4.4752490232645284E-12
  8.6785804405385250E+02  7.9237920587949527E-12  4.4006643209490199E-12
  8.7650425424380342E+02  7.8446501320460995E-12  4.3269080714646841E-12
  8.8523660404052646E+02  7.7661962251488796E-12  4.2539755122929886E-12
  8.9405595162716838E+02  7.6884222813835396E-12  4.1818621782629902E-12
  9.0296316373669242E+02  7.6113169643402222E-12  4.1105632847050941E-12
  9.1195911573706951E+02  7.5348728229399420E-12  4.0400740613650041E-12
  9.2104469171730170E+02  7.4590903435166352E-12  3.9703897718852335E-12
  9.3022078457429348E+02  7.3839681288061135E-12  3.9015057130964283E-12
  9.3948829610062614E+02  7.3094956803869562E-12  3.8334172142952712E-12
  9.4884813707316835E+02  7.2356596984288481E-12  3.7661196365081134E-12
  9.5830122734258316E+02  7.1624525225402386E-12  3.6996083717390304E-12
  9.6784849592373018E+02  7.0898700047745147E-12  3.6338788421722986E-12
  9.7749088108697231E+02  7.0179051255873365E-12  3.5689265003254691E-12
  9.8722933045037382E+02  6.9465500811609258E-12  3.5047468001642436E-12
  9.9706480107283414E+02  6.8757977761897399E-12  3.4413347823879610E-12
  1.0069982595481506E+03  6.8056393301266086E-12  3.3786850275514374E-12
  1.0170306820999989E+03  6.7360661717426409E-12  3.3167925385629755E-12
  1.0271630546778799E+03  6.6670692207865400E-12  3.2556524611163837E-12
  1.0373963730540208E+03  6.5986358867933057E-12  3.1952600064108257E-12
  1.0477316429212228E+03  6.5307550297405490E-12  3.1356104486512336E-12
  1.0581698799917044E+03  6.4634240977598393E-12  3.0766991225520942E-12
  1.0687121100969271E+03  6.3966425113956714E-12  3.0185214208446157E-12
  1.0793593692883987E+03  6.3304042263365427E-12  2.9610727917872452E-12
  1.0901127039394978E+03  6.2646995566946626E-12  2.9043487366751623E-12
  1.1009731708483150E+03  6.1995182874622490E-12  2.8483448066974681E-12
  1.1119418373414971E+03  6.1348507308087348E-12  2.7930565911333911E-12
  1.1230197813791481E+03  6.0706888447469701E-12  2.7384797666917044E-12
  1.1342080916607720E+03  6.0070261556593875E-12  2.6846101955361319E-12
  1.1455078677322542E+03  5.9438568750655786E-12  2.6314436366014727E-12
  1.1569202200939269E+03  5.8811766478118050E-12  2.5789758128103409E-12
  1.1684462703097115E+03  5.8189800166426719E-12  2.5272024845830782E-12
  1.1800871511173291E+03  5.7572563162146827E-12  2.4761194476212287E-12
  1.1918440065396273E+03  5.6959942018495959E-12  2.4257225304497669E-12
  1.2037179919970190E+03  5.6351895662460208E-12  2.3760075919645623E-12
  1.2157102744210176E+03  5.5748412057509486E-12  2.3269705189861789E-12
  1.2278220323689266E+03  5.5149421964591270E-12  2.2786072238212613E-12
  1.2400544561396703E+03  5.4554823629061593E-12  2.2309136417738996E-12
  1.2524087478907584E+03  5.3964537778618844E-12  2.1838857334443519E-12
  1.2648861217564358E+03  5.3378509618425514E-12  2.1375194919724752E-12
  1.2774878039670098E+03  5.2796685359037787E-12  2.0918109055901862E-12
  1.2902150329693552E+03  5.2219003142600162E-12  2.0467560516713275E-12
  1.3030690595486078E+03  5.1645400761801656E-12  2.0023510875552249E-12
  1.3160511469511168E+03  5.1075827364941846E-12  1.9585921692152595E-12
  1.3291625710085780E+03  5.0510247977483134E-12  1.9154754467495567E-12
  1.3424046202633997E+03  4.9948616128876966E-12  1.8729970625151899E-12
  1.3557785960953702E+03  4.9390842098855636E-12  1.8311531492809552E-12
  1.3692858128495348E+03  4.8836837268865524E-12  1.7899398284009447E-12
  1.3829275979653492E+03  4.8286575368458426E-12  1.7493532080106790E-12
  1.3967052921071679E+03  4.7740050025446815E-12  1.7093893812578266E-12
  1.4106202492959812E+03  4.7197212675092987E-12  1.6700444224489705E-12
  1.4246738370424796E+03  4.6657989207422647E-12  1.6313143701691208E-12
  1.4388674364814535E+03  4.6122305078671007E-12  1.5931952322479229E-12
  1.4532024425075356E+03  4.5590094906819575E-12  1.5556829346584760E-12
  1.4676802639122673E+03  4.5061316084851586E-12  1.5187732823611183E-12
  1.4823023235225592E+03  4.4535936186112187E-12  1.4824620627822636E-12
  1.4970700583405296E+03  4.4013918271727275E-12  1.4467450553830837E-12
  1.5119849196847110E+03  4.3495223081471155E-12  1.4116180293803405E-12
  1.5270483733326876E+03  4.2979805295948160E-12  1.3770767415225080E-12
  1.5422618996651563E+03  4.2467602003742852E-12  1.3431169339238170E-12
  1.5576269938113965E+03  4.1958528827055648E-12  1.3097343319588524E-12
  1.5731451657962123E+03  4.1452512377392538E-12  1.2769246422158096E-12
  1.5888179406883423E+03  4.0949561144461733E-12  1.2446835506192290E-12
  1.6046468587503214E+03  4.0449731803438046E-12  1.2130067232895101E-12
  1.6206334755898577E+03  3.9952991227794527E-12  1.1818897707865025E-12
  1.6367793623127241E+03  3.9459225899834875E-12  1.1513282036074953E-12
  1.6530861056771409E+03  3.8968347083721930E-12  1.1213175770813628E-12
  1.6695553082497263E+03  3.8480326937311383E-12  1.0918534494260378E-12
  1.6861885885629997E+03  3.7995176116203570E-12  1.0629313488333712E-12
  1.7029875812744265E+03  3.7512878784288424E-12  1.0345467718836700E-12
  1.7199539373270754E+03  3.7033364939926802E-12  1.0066951820919671E-12
  1.7370893241118779E+03  3.6556578500924126E-12  9.7937200854724459E-13
  1.7543954256314726E+03  3.6082515297750469E-12  9.5257264464682732E-13
  1.7718739426657112E+03  3.5611179263119554E-12  9.2629244692811746E-13
  1.7895265929388195E+03  3.5142544913986097E-12  9.0052673402914302E-13
  1.8073551112881833E+03  3.4676562149057135E-12  8.7527078558794537E-13
  1.8253612498348562E+03  3.4213215843697397E-12  8.5051985925913293E-13
  1.8435467781557595E+03  3.3752549543904487E-12  8.2626925621929945E-13
  1.8619134834575707E+03  3.3294582264068973E-12  8.0251424067776185E-13
  1.8804631707523711E+03  3.2839285301329510E-12  7.7924999070196196E-13
  1.8991976630350503E+03  3.2386606657888708E-12  7.5647163210100259E-13
  1.9181188014624397E+03  3.1936481872148359E-12  7.3417423968210055E-13
  1.9372284455342647E+03  3.1488894963340357E-12  7.1235283756205693E-13
  1.9565284732758980E+03  3.1043882350278621E-12  6.9100239957808534E-13
  1.9760207814229236E+03  3.0601475140447923E-12  6.7011784979856743E-13
  1.9957072856075083E+03  3.0161679074878345E-12  6.4969406313414567E-13
  2.0155899205467153E+03  2.9724478617832576E-12  6.2972586603521042E-13
  2.0356706402326151E+03  2.9289843895200050E-12  6.1020803693906114E-13
  2.0559514181242921E+03  2.8857750811452841E-12  5.9113530146837711E-13
  2.0764342473418378E+03  2.8428211105382475E-12  5.7250230567406414E-13
  2.0971211408622044E+03  2.8001268159767297E-12  5.5430361832343455E-13
  2.1180141317170051E+03  2.7576939549440718E-12  5.3653377770478952E-13
  2.1391152731923653E+03  2.7155198362456489E-12  5.1918729017189443E-13
  2.1604266390306816E+03  2.6736016864965043E-12  5.0225862962195542E-13
  2.1819503236344176E+03  2.6319391609623105E-12  4.8574223844126054E-13
  2.2036884422719418E+03  2.5905338867731519E-12  4.6963252856065573E-13
  2.2256431312854234E+03  2.5493887110948649E-12  4.5392388261908455E-13
  2.2478165483007551E+03  2.5085070099875076E-12  4.3861065523322394E-13
  2.2702108724396121E+03  2.4678918815661058E-12  4.2368717437404169E-13
  2.2928283045336198E+03  2.4275455838395424E-12  4.0914774302316354E-13
  2.3156710673406192E+03  2.3874692492877931E-12  3.9498664295631278E-13
  2.3387414057631208E+03  2.3476628771323272E-12  3.8119814844552182E-13
  2.3620415870689435E+03  2.3081264199547416E-12  3.6777654208416336E-13
  2.3855739011140017E+03  2.2688623846464610E-12  3.5471609460378771E-13
  2.4093406605673608E+03  2.2298762453389362E-12  3.4201105237483016E-13
  2.4333442011385305E+03  2.1911717640110377E-12  3.2965563977943955E-13
  2.4575868818069816E+03  2.1527488504368970E-12  3.1764406187868010E-13
  2.4820710850539913E+03  2.1146077082382079E-12  3.0597050713227243E-13
  2.5067992170968014E+03  2.0767516496202879E-12  2.9462915016688757E-13
  2.5317737081250602E+03  2.0391853101655764E-12  2.8361415458847947E-13
  2.5569970125396703E+03  2.0019119870575341E-12  2.7291967583380879E-13
  2.5824716091940109E+03  1.9649338231966929E-12  2.6253986403140104E-13
  2.6082000016375209E+03  1.9282538166087299E-12  2.5246886649060047E-13
  2.6341847183617533E+03  1.8918763124820429E-12  2.4270082793419486E-13
  2.6604283130488834E+03  1.8558050427788541E-12  2.3322988767727049E-13
  2.6869333648226411E+03  1.8200404381652768E-12  2.2405018486651996E-13
  2.7137024785017957E+03  1.7845812532782310E-12  2.1515587002386294E-13
  2.7407382848561624E+03  1.7494316235281723E-12  2.0654110938839865E-13
  2.7680434408651145E+03  1.7146020756350792E-12  1.9820008763542028E-13
  2.7956206299787145E+03  1.6801002358185900E-12  1.9012701059484688E-13
  2.8234725623814538E+03  1.6459272413980782E-12  1.8231610796989951E-13
  2.8516019752585635E+03  1.6120831475147433E-12  1.7476163605063870E-13
  2.8800116330650330E+03  1.5785695493921375E-12  1.6745788041698223E-13
  2.9087043277973025E+03  1.5453885582109453E-12  1.6039915863250334E-13
  2.9376828792676424E+03  1.5125417362402170E-12  1.5357982307744267E-13
  2.9669501353812348E+03  1.4800309589197600E-12  1.4699426475597361E-13
  2.9965089724161253E+03  1.4478600712511436E-12  1.4063691948203256E-13
  3.0263622953058580E+03  1.4160344978474480E-12  1.3450227398838134E-13
  3.0565130379249240E+03  1.3845594740789152E-12  1.2858486191143252E-13
  3.0869641633771662E+03  1.3534384034155152E-12  1.2287926124475946E-13
  3.1177186642869456E+03  1.3226731355491128E-12  1.1738009684959240E-13
  3.1487795630932051E+03  1.2922674209550166E-12  1.1208204313044256E-13
  3.1801499123465828E+03  1.2622281054188516E-12  1.0697982663445988E-13
  3.2118327950093599E+03  1.2325601679254738E-12  1.0206822857070328E-13
  3.2438313247584351E+03  1.2032637696381085E-12  9.7342087245636091E-14
  3.2761486462913390E+03  1.1743372277821616E-12  9.2796300411186997E-14
  3.3087879356353033E+03  1.1457812035444734E-12  8.8425827511396861E-14
  3.3417524004593502E+03  1.1175995165908529E-12  8.4225691702984129E-14
  3.3750452803895482E+03  1.0897966373509725E-12  8.0190981355560843E-14
  3.4086698473274128E+03  1.0623758449039842E-12  7.6316850523673418E-14
  3.4426294057714135E+03  1.0353392013982853E-12  7.2598520888709936E-14
  3.4769272931417536E+03  1.0086882057634247E-12  6.9031286392522551E-14
  3.5115668801083734E+03  9.8242408132362241E-13  6.5610515236589394E-14
  3.5465515709221700E+03  9.5654774209265792E-13  6.2331651322002063E-14
  3.5818848037495736E+03  9.3106065034326243E-13  5.9190215589447702E-14
  3.6175700510104625E+03  9.0596626767696801E-13  5.6181807258011565E-14
  3.6536108197193716E+03  8.8126862837745655E-13  5.3302104961868064E-14
  3.6900106518301736E+03  8.5696929548154462E-13  5.0546867784202548E-14
  3.7267731245841910E+03  8.3306818057312136E-13  4.7911936193352250E-14
  3.7639018508617091E+03  8.0956535352989057E-13  4.5393232956429327E-14
  3.8014004795370611E+03  7.8646091662320736E-13  4.2986764325743372E-14
  3.8392726958372436E+03  7.6375530415282561E-13  4.0688621916830587E-14
  3.8775222217040473E+03  7.4144975316701112E-13  3.8494983966948767E-14
  3.9161528161598553E+03  7.1954558706420787E-13  3.6402112897835406E-14
  3.9551682756770897E+03  6.9804339157236955E-13  3.4406354735857349E-14
  3.9945724345512704E+03  6.7694287832743618E-13  3.2504139468497221E-14
  4.0343691652778534E+03  6.5624306852373328E-13  3.0691981299108341E-14
  4.0745623789328370E+03  6.3594276947569872E-13  2.8966478794406495E-14
  4.1151560255570730E+03  6.1604163323072023E-13  2.7324314927006136E-14
  4.1561540945444922E+03  5.9654047761031875E-13  2.5762257015478656E-14
  4.1975606150341846E+03  5.7743931905955076E-13  2.4277156564587396E-14
  4.2393796563063270E+03  5.5873625551708270E-13  2.2865949007458041E-14
  4.2816153281821153E+03  5.4042904269559766E-13  2.1525653319641571E-14
  4.3242717814276848E+03  5.2251589845252575E-13  2.0253371436853055E-14
  4.3673532081620197E+03  5.0499528243375914E-13  1.9046287569247237E-14
  4.4108638422688782E+03  4.8786580000199487E-13  1.7901667869579350E-14
  4.4548079598129916E+03  4.7112588684863725E-13  1.6816859947134034E-14
  4.4991898794602457E+03  4.5477350786971061E-13  1.5789292081574086E-14
  4.5440139629020478E+03  4.3880609562950621E-13  1.4816472356075519E-14
  4.5892846152840875E+03  4.2322061409339405E-13  1.3895987722191597E-14
  4.6350062856392033E+03  4.0801364216430368E-13  1.3025503000053735E-14
  4.6811834673245639E+03  3.9318198745826437E-13  1.2202759817546308E-14
  4.7278206984633653E+03  3.7872379521891312E-13  1.1425575492141200E-14
  4.7749225623907587E+03  3.6463786390281499E-13  1.0691841860305118E-14
  4.8224936881042768E+03  3.5092105840794719E-13  9.9995240678736149E-15
  4.8705387507187670E+03  3.3756803396383092E-13  9.3466593472480694E-15
  4.9190624719258803E+03  3.2457338086023666E-13  8.7313558048972721E-15
  4.9680696204580381E+03  3.1193274873889887E-13  8.1517910081180852E-15
  5.0175650125571174E+03  2.9964280138568396E-13  7.6062104270578022E-15
  5.0675535124478029E+03  2.8770061051776630E-13  7.0929260122948064E-15
  5.1180400328155665E+03  2.7610279676964615E-13  6.6103147640195862E-15
  5.1690295352894937E+03  2.6484522071605044E-13  6.1568172750897797E-15
  5.2205270309299303E+03  2.5392307730319798E-13  5.7309362514859354E-15
  5.2725375807208875E+03  2.4333093502853001E-13  5.3312350136181211E-15
  5.3250662960674426E+03  2.3306299718348029E-13  4.9563359818506388E-15
  5.3781183392981102E+03  2.2311391990176490E-13  4.6049191496715578E-15
  5.4316989241721039E+03  2.1347943611790342E-13  4.2757205488660021E-15
  5.4858133163917637E+03  2.0415546570754827E-13  3.9675307128298199E-15
  5.5404668341200804E+03  1.9513683191793878E-13  3.6791931224544452E-15
  5.5956648485032792E+03  1.8641763137208505E-13  3.4096026430818480E-15
  5.6514127841987065E+03  1.7799211555183129E-13  3.1577039958680165E-15
  5.7077161199079865E+03  1.6985488276657115E-13  2.9224902240433983E-15
  5.7645803889153703E+03  1.6200072274068140E-13  2.7030011612178886E-15
  5.8220111796315687E+03  1.5442432311646601E-13  2.4983219096165694E-15
  5.8800141361429905E+03  1.4712010210303326E-13  2.3075813305449290E-15
  5.9385949587663572E+03  1.4008223907138694E-13  2.1299505492360929E-15
  5.9977594046089362E+03  1.3330469775189302E-13  1.9646414761068953E-15
  6.0575132881343761E+03  1.2678124635672647E-13  1.8109053462940223E-15
  6.1178624817340433E+03  1.2050567349440452E-13  1.6680312789463851E-15
  6.1788129163041922E+03  1.1447210042152990E-13  1.5353448565725058E-15
  6.2403705818288545E+03  1.0867494546361061E-13  1.4122067299231083E-15
  6.3025415279684466E+03  1.0310858583941338E-13  1.2980112583662027E-15
  6.3653318646543421E+03  9.7767222092106444E-14  1.1921851607521830E-15
  6.4287477626893724E+03  9.2644919987215172E-14  1.0941861914867851E-15
  6.4927954543541919E+03  8.7735655122115965E-14  1.0035018513331975E-15
  6.5574812340198050E+03  8.3033452354515653E-14  9.1964812751630655E-16
  6.6228114587661812E+03  7.8532485471504859E-14  8.4216826373123463E-16
  6.6887925490069856E+03  7.4226987857789624E-14  7.7063156077445973E-16
  6.7554309891204666E+03  7.0111152330178260E-14  7.0463220840961862E-16
  6.8227333280868752E+03  6.6179156312004714E-14  6.4378814898025617E-16
  6.8907061801319960E+03  6.2425230088657634E-14  5.8773997326166617E-16
  6.9593562253770824E+03  5.8843668175099202E-14  5.3614984936779757E-16
  7.0286902104955216E+03  5.5428857602367846E-14  4.8870048539786973E-16
  7.0987149493757925E+03  5.2175369825758971E-14  4.4509412374115603E-16
  7.1694373237910195E+03  4.9077872665778140E-14  4.0505156448688785E-16
  7.2408642840754619E+03  4.6130935765231224E-14  3.6831122234538513E-16
  7.3130028498074707E+03  4.3329136940251745E-14  3.3462821925924487E-16
  7.3858601104993222E+03  4.0667227019047992E-14  3.0377350973160424E-16
  7.4594432262939854E+03  3.8140083509249889E-14  2.7553303837913382E-16
  7.5337594286688382E+03  3.5742652807759037E-14  2.4970692941277720E-16
  7.6088160211462582E+03  3.3469965483222189E-14  2.2610870768911183E-16
  7.6846203800114363E+03  3.1317161970932772E-14  2.0456455091897166E-16
  7.7611799550373298E+03  2.9279495598629583E-14  1.8491257255349336E-16
  7.8385022702167116E+03  2.7352314914224747E-14  1.6700213466688644E-16
  7.9165949245016418E+03  2.5531048990084851E-14  1.5069318969213170E-16
  7.9954655925503212E+03  2.3811217027845806E-14  1.3585564986191174E-16
  8.0751220254812197E+03  2.2188446691606896E-14  1.2236878799767677E-16
  8.1555720516348902E+03  2.0658470697623583E-14  1.1012067083787222E-16
  8.2368235773433444E+03  1.9217122465207409E-14  9.9007614381859334E-17
  8.3188845877069743E+03  1.7860360343892578E-14  8.8933664358499585E-17
  8.4017631473793281E+03  1.6584286225098230E-14  7.9810102434374701E-17
  8.4854674013597451E+03  1.5385131070988259E-14  7.1554977393230933E-17
  8.5700055757937062E+03  1.4259232264189561E-14  6.4092660503715605E-17
  8.6553859787813144E+03  1.3203025924089693E-14  5.7353424283575320E-17
  8.7416170011938466E+03  1.2213050612367315E-14  5.1273043863641761E-17
  8.8287071174982684E+03  1.1285952765002492E-14  4.5792420170707826E-17
  8.9166648865901243E+03  1.0418488410403553E-14  4.0857224235760794E-17
  9.0054989526347272E+03  9.6075215199955454E-15  3.6417562114492615E-17
  9.0952180459165775E+03  8.8500295335725136E-15  3.2427659142581178E-17
  9.1858309836973804E+03  8.1431245649267200E-15  2.8845560625746362E-17
  9.2773466710826433E+03  7.4840596881047976E-15  2.5632851389923040E-17
  9.3697741018967045E+03  6.8701829388917516E-15  2.2754393302551544E-17
  9.4631223595667561E+03  6.2989046185414489E-15  2.0178079047063508E-17
  9.5574006180154029E+03  5.7677292107601287E-15  1.7874601390872231E-17
  9.6526181425622999E+03  5.2742773446516570E-15  1.5817237221628818E-17
  9.7487842908347648E+03  4.8162785392338059E-15  1.3981645641173560E-17
  9.8459085136873073E+03  4.3915671081360442E-15  1.2345679422423106E-17
  9.9440003561304657E+03  3.9980783526872949E-15  1.0889209148844227E-17
  1.0043069458268930E+04  3.6338410256413239E-15  9.5939593589220560E-18
  1.0143125556248810E+04  3.2969690444153545E-15  8.4433559950139746E-18
  1.0244178483214522E+04  2.9856552000117901E-15  7.4223844974021167E-18
  1.0346238170275230E+04  2.6981697503389111E-15  6.5174585904509767E-18
  1.0449314647480702E+04  2.4328633349797504E-15  5.7162986997698184E-18
  1.0553418044807089E+04  2.1881662825457095E-15  5.0078189565908052E-18
  1.0658558593152540E+04  1.9625770772750269E-15  4.3820226724011397E-18
  1.0764746625342510E+04  1.7546515828344014E-15  3.8299057971661397E-18
  1.0871992577145302E+04  1.5630066518419444E-15  3.3433678610859219E-18
  1.0980306988297732E+04  1.3863266936453722E-15  2.9151299216627047E-18
  1.1089700503540796E+04  1.2233602596342594E-15  2.5386590595056118E-18
  1.1200183873665850E+04  1.0729174995691046E-15  2.2080989877976275E-18
  1.1311767956571250E+04  9.3388358592361555E-16  1.9182063626119203E-18
  1.1424463718329249E+04  8.0525349549203422E-16  1.6642924057997295E-18
  1.1538282234263894E+04  6.8619662013433957E-16  1.4421694795291361E-18
  1.1653234690039300E+04  5.7616556549391288E-16  1.2481022042002835E-18
  1.1769332382759014E+04  4.7505128175857465E-16  1.0787627684523842E-18
  1.1886586722076318E+04  3.8333308565027367E-16  9.3119023648721140E-19
  1.2005009231315378E+04  3.0207032154054821E-16  8.0275350046467273E-19
  1.2124611548603805E+04  2.3253323789909924E-16  6.9111758431765328E-19
  1.2245405428016462E+04  1.7549612796741352E-16  5.9421303750237896E-19
  1.2367402740730473E+04  1.3064566004120519E-16  5.1020817347012819E-19
  1.2490615476191946E+04  9.6576089751436508E-17  4.3748392327557228E-19
  1.2615055743294337E+04  7.1289271707795253E-17  3.7461108972648028E-19
  1.2740735771568308E+04  5.2749667262730200E-17  3.2032980173188564E-19
  1.2867667912383677E+04  3.9210415051835162E-17  2.7353098165724519E-19
  1.2995864640163347E+04  2.9308640811890991E-17  2.3323965078444716E-19
  1.3125338553609083E+04  2.2034539799881500E-17  1.9859991578420089E-19
  1.3256102376939753E+04  1.6658861414121397E-17  1.6886149567709840E-19
  1.3388168961141888E+04  1.2660380568535542E-17  1.4336763267557359E-19
  1.3521551285232483E+04  9.6671148666857429E-18  1.2154426306729353E-19
  1.3656262457534591E+04  7.4126797718521490E-18  1.0289033509756342E-19
  1.3792315716965652E+04  5.7051597331999431E-18  8.6969165384555315E-20
  1.3929724434338370E+04  4.4052875859381972E-18  7.3400734128440133E-20
  1.4068502113674973E+04  3.4112287937390591E-18  6.1854827617127974E-20
  1.4208662393534136E+04  2.6479564058159884E-18  5.2044944235043874E-20
  1.4350219048351420E+04  2.0597939940239047E-18  4.3722887369153578E-20
  1.4493185989793052E+04  1.6051451920018424E-18  3.6673975328062710E-20
  1.4637577268122943E+04  1.2527389968788072E-18  3.0712804642706021E-20
  1.4783407073583583E+04  9.7893275119795042E-19  2.5679508661239797E-20
  1.4930689737790693E+04  7.6575888815382452E-19  2.1436458362629583E-20
  1.5079439735141508E+04  5.9949907659384328E-19  1.7865358460093598E-20
  1.5229671684237353E+04  4.6963550113327803E-19  1.4864695785065006E-20
  1.5381400349320398E+04  3.6807403317653859E-19  1.2347500618630539E-20
  1.5534640641724451E+04  2.8856499482616768E-19  1.0239385846676801E-20
  1.5689407621340479E+04  2.2626861352946999E-19  8.4768323497918532E-21
  1.5845716498096737E+04  1.7742718871603566E-19  7.0056922519362308E-21
  1.6003582633453352E+04  1.3911648882815425E-19  5.7798845846621646E-21
  1.6163021541912076E+04  1.0905634230193465E-19  4.7602605952990946E-21
  1.6324048892541114E+04  8.5465709410482430E-20  3.9136183564103356E-21
  1.6486680510514805E+04  6.6951357909116346E-20  3.2118485375263358E-21
  1.6650932378668967E+04  5.2422050380856985E-20  2.6311951955110588E-21
  1.6816820639071739E+04  4.1022187467462843E-20  2.1516172429564139E-21
  1.6984361594609716E+04  3.2080350095333392E-20  1.7562378799157326E-21
  1.7153571710590419E+04  2.5069294196519435E-20  1.4308707374813300E-21
  1.7324467616360205E+04  1.9574778917121719E-20  1.1636127957662634E-21
  1.7497066106938622E+04  1.5271229433918907E-20  9.4449531650920212E-22
  1.7671384144669093E+04  1.1902702667812242E-20  7.6518508376436633E-22
  1.7847438860885686E+04  9.2679778411178431E-21  6.1872918613206261E-22