 #p(MeV) \t \delta f_\\nu \t \delta f_\\nubar
  2.0615772300245350E-01  9.9232407855399274E-02  2.0989791218521530E-06
  2.0821161075238415E-01  9.8985267865403737E-02  2.0800793686720185E-06
  2.1028596077182307E-01  9.8752157845542157E-02  2.0613280991198264E-06
  2.1238097692024310E-01  9.8541309431910765E-02  2.0427248135674507E-06
  2.1449686508810756E-01  9.8365112781209324E-02  2.0242691017310740E-06
  2.1663383321710530E-01  9.8147176189524274E-02  2.0059606185099681E-06
  2.1879209132058580E-01  9.7920240156849483E-02  1.9877990609070565E-06
  2.2097185150419865E-01  9.7643056349666302E-02  1.9697841610064978E-06
  2.2317332798673897E-01  9.7403285843361734E-02  1.9519156888123580E-06
  2.2539673712119931E-01  9.7160073144804029E-02  1.9341934133922539E-06
  2.2764229741603270E-01  9.6963263197219818E-02  1.9166170132368370E-06
  2.2991022955662629E-01  9.6749271188994415E-02  1.8991859852968298E-06
  2.3220075642698979E-01  9.6525569001038411E-02  1.8818995926940854E-06
  2.3451410313165991E-01  9.6288893266995260E-02  1.8647568569587550E-06
  2.3685049701782215E-01  9.6046829131391509E-02  1.8477565830164867E-06
  2.3921016769765452E-01  9.5794366357276423E-02  1.8308973998329281E-06
  2.4159334707089208E-01  9.5580791522317715E-02  1.8141778034300636E-06
  2.4400026934761762E-01  9.5347314704925010E-02  1.7975961942118820E-06
  2.4643117107127938E-01  9.5119241564216958E-02  1.7811509133868890E-06
  2.4888629114193672E-01  9.4905482011393774E-02  1.7648402691804708E-06
  2.5136587083973932E-01  9.4704191562481332E-02  1.7486625278372309E-06
  2.5387015384863848E-01  9.4471956719840877E-02  1.7326159092463855E-06
  2.5639938628033593E-01  9.4286105239248505E-02  1.7166986331929285E-06
  2.5895381669847095E-01  9.4069311351728552E-02  1.7009089994542911E-06
  2.6153369614304750E-01  9.3837408905232275E-02  1.6852454558856896E-06
  2.6413927815510679E-01  9.3604230249110618E-02  1.6697066356074790E-06
  2.6677081880164294E-01  9.3397685050985862E-02  1.6542913610462339E-06
  2.6942857670076908E-01  9.3171213246501836E-02  1.6389986249765002E-06
  2.7211281304713369E-01  9.2942025580700305E-02  1.6238275610512874E-06
  2.7482379163758897E-01  9.2731740776753654E-02  1.6087774134734930E-06
  2.7756177889711653E-01  9.2517684010521878E-02  1.5938475067645841E-06
  2.8032704390501029E-01  9.2298026647798542E-02  1.5790372152822289E-06
  2.8311985842132065E-01  9.2077463737074719E-02  1.5643459605744239E-06
  2.8594049691356255E-01  9.1852812993523214E-02  1.5497732322797412E-06
  2.8878923658368794E-01  9.1627567163917276E-02  1.5353185910158386E-06
  2.9166635739532981E-01  9.1394139342712621E-02  1.5209816364174280E-06
  2.9457214210131449E-01  9.1214568476694749E-02  1.5067619644293735E-06
  2.9750687627145028E-01  9.0988876624435347E-02  1.4926591300806317E-06
  3.0047084832059240E-01  9.0803505798921672E-02  1.4786726253144231E-06
  3.0346434953698681E-01  9.0600109636417472E-02  1.4648018730132042E-06
  3.0648767411089683E-01  9.0372754750414966E-02  1.4510462322861099E-06
  3.0954111916351618E-01  9.0141368640854411E-02  1.4374050090603653E-06
  3.1262498477616729E-01  8.9897985951087944E-02  1.4238774680597112E-06
  3.1573957401979408E-01  8.9678957973665013E-02  1.4104628455108065E-06
  3.1888519298474460E-01  8.9460223256684540E-02  1.3971603579030521E-06
  3.2206215081085449E-01  8.9245067702539760E-02  1.3839692113711904E-06
  3.2527075971782643E-01  8.9033379750254757E-02  1.3708886270921646E-06
  3.2851133503591479E-01  8.8847396613861609E-02  1.3579178840783989E-06
  3.3178419523691532E-01  8.8648272297258357E-02  1.3450563591188906E-06
  3.3508966196546269E-01  8.8462127670101171E-02  1.3323035485487282E-06
  3.3842806007064086E-01  8.8249387296408147E-02  1.3196590692562623E-06
  3.4179971763790845E-01  8.8034179743847127E-02  1.3071226436565160E-06
  3.4520496602134093E-01  8.7815241825361004E-02  1.2946940767354044E-06
  3.4864413987619580E-01  8.7600150071044811E-02  1.2823732319969789E-06
  3.5211757719180037E-01  8.7386524389214348E-02  1.2701600102432682E-06
  3.5562561932476905E-01  8.7168318213917836E-02  1.2580543334637530E-06
  3.5916861103254971E-01  8.6967796981766890E-02  1.2460561302594923E-06
  3.6274690050730568E-01  8.6763673468039704E-02  1.2341653062195282E-06
  3.6636083941013486E-01  8.6552507209985030E-02  1.2223816899014873E-06
  3.7001078290562950E-01  8.6342096571577154E-02  1.2107049655951211E-06
  3.7369708969678006E-01  8.6141670231679429E-02  1.1991346187300328E-06
  3.7742012206022840E-01  8.5953162014910253E-02  1.1876699137915670E-06
  3.8118024588186933E-01  8.5769964092925671E-02  1.1763099049698684E-06
  3.8497783069281050E-01  8.5576794230532174E-02  1.1650534694714204E-06
  3.8881324970568631E-01  8.5352637355505301E-02  1.1538993501763095E-06
  3.9268687985133804E-01  8.5115547629299140E-02  1.1428461973242051E-06
  3.9659910181585578E-01  8.4865341157610075E-02  1.1318926039485535E-06
  4.0055030007799097E-01  8.4647065470921309E-02  1.1210371337567414E-06
  4.0454086294694269E-01  8.4435578799781710E-02  1.1102783450476139E-06
  4.0857118260051789E-01  8.4248652167379548E-02  1.0996148257334002E-06
  4.1264165512367357E-01  8.4096066870724517E-02  1.0890452441151343E-06
  4.1675268054744358E-01  8.3915917736163456E-02  1.0785684010220116E-06
  4.2090466288825029E-01  8.3723052283599317E-02  1.0681832651664904E-06
  4.2509801018761184E-01  8.3516987140808435E-02  1.0578889784687066E-06
  4.2933313455224109E-01  8.3316951209454704E-02  1.0476848370870145E-06
  4.3361045219454780E-01  8.3098932894928090E-02  1.0375702593224024E-06
  4.3793038347354080E-01  8.2899025566314663E-02  1.0275447508489964E-06
  4.4229335293613997E-01  8.2677017668494474E-02  1.0176078741038850E-06
  4.4669978935890009E-01  8.2500445025815716E-02  1.0077592244698492E-06
  4.5115012579014752E-01  8.2294202169949177E-02  9.9799841265416140E-07
  4.5564479959253995E-01  8.2099569453614990E-02  9.8832504966615673E-07
  4.6018425248604899E-01  8.1896757269602882E-02  9.7873872282518830E-07
  4.6476893059136931E-01  8.1702086054560641E-02  9.6923896080782363E-07
  4.6939928447376361E-01  8.1506914107884493E-02  9.5982520678497599E-07
  4.7407576918734068E-01  8.1304097083144192E-02  9.5049681572904532E-07
  4.7879884431977809E-01  8.1097734126600304E-02  9.4125307722445212E-07
  4.8356897403748772E-01  8.0899404831182339E-02  9.3209325174314056E-07
  4.8838662713123210E-01  8.0697739199196136E-02  9.2301660576334353E-07
  4.9325227706219704E-01  8.0506657787145455E-02  9.1402243669511094E-07
  4.9816640200851980E-01  8.0307561372644901E-02  9.0511008550308863E-07
  5.0312948491228315E-01  8.0106154572381974E-02  8.9627893946901225E-07
  5.0814201352697863E-01  7.9916739888238220E-02  8.8752842926414487E-07
  5.1320448046543854E-01  7.9736107211409932E-02  8.7885802485232516E-07
  5.1831738324825083E-01  7.9556625011282148E-02  8.7026723834724763E-07
  5.2348122435265110E-01  7.9365549925029449E-02  8.6175563626236057E-07
  5.2869651126190653E-01  7.9173226856535286E-02  8.5332284361753647E-07
  5.3396375651518757E-01  7.8965138258890316E-02  8.4496852091735617E-07
  5.3928347775793906E-01  7.8757384436835318E-02  8.3669231833746931E-07
  5.4465619779275365E-01  7.8546667711683268E-02  8.2849382536959450E-07
  5.5008244463074873E-01  7.8361953862839354E-02  8.2037252991841199E-07
  5.5556275154345891E-01  7.8166077882109483E-02  8.1232779702807318E-07
  5.6109765711524429E-01  7.7995826111310604E-02  8.0435886791103566E-07
  5.6668770529621892E-01  7.7805146245285242E-02  7.9646487352176845E-07
  5.7233344545571008E-01  7.7617191357216633E-02  7.8864485523064478E-07
  5.7803543243624655E-01  7.7457081059669849E-02  7.8089778631430441E-07
  5.8379422660808811E-01  7.7279929138854425E-02  7.7322258791330041E-07
  5.8961039392429537E-01  7.7082686446006118E-02  7.6561813636715825E-07
  5.9548450597634994E-01  7.6885555501914588E-02  7.5808327475660179E-07
  6.0141714005032920E-01  7.6686637078255210E-02  7.5061684804943642E-07
  6.0740887918363828E-01  7.6484093457885913E-02  7.4321776296021485E-07
  6.1346031222230968E-01  7.6271181303739527E-02  7.3588504685851711E-07
  6.1957203387887372E-01  7.6091580103908332E-02  7.2861789458480436E-07
  6.2574464479080294E-01  7.5909603046066532E-02  7.2141569264217247E-07
  6.3197875157954142E-01  7.5727602195823238E-02  7.1427801820929059E-07
  6.3827496691012198E-01  7.5541021495542912E-02  7.0720461893229719E-07
  6.4463390955137567E-01  7.5349010870202932E-02  7.0019538257702517E-07
  6.5105620443674228E-01  7.5154550317399302E-02  6.9325030457006274E-07
  6.5754248272568594E-01  7.4950987499266444E-02  6.8636945989309848E-07
  6.6409338186572553E-01  7.4772486262813576E-02  6.7955298482049418E-07
  6.7070954565507723E-01  7.4587150340823596E-02  6.7280106352682536E-07
  6.7739162430592670E-01  7.4420855728601465E-02  6.6611390439298485E-07
  6.8414027450833015E-01  7.4270135789266903E-02  6.5949169360911212E-07
  6.9095615949474964E-01  7.4102334927833802E-02  6.5293454804697199E-07
  6.9783994910523361E-01  7.3918756640853456E-02  6.4644247528351430E-07
  7.0479231985324742E-01  7.3722683304519268E-02  6.4001534553459721E-07
  7.1181395499215783E-01  7.3524044459425009E-02  6.3365288162324127E-07
  7.1890554458237976E-01  7.3330056436517785E-02  6.2735466600124133E-07
  7.2606778555919405E-01  7.3133007328665914E-02  6.2112015930518919E-07
  7.3330138180124005E-01  7.2952525017261599E-02  6.1494872398134004E-07
  7.4060704419968859E-01  7.2770365873372489E-02  6.0883964745034649E-07
  7.4798549072810638E-01  7.2590429861949177E-02  6.0279215833881477E-07
  7.5543744651301792E-01  7.2411754632688105E-02  5.9680543292271043E-07
  7.6296364390516480E-01  7.2226722649093314E-02  5.9087859924858120E-07
  7.7056482255147973E-01  7.2051171510536208E-02  5.8501075359133048E-07
  7.7824172946777825E-01  7.1877391190313292E-02  5.7920098329523573E-07
  7.8599511911217057E-01  7.1709690616482413E-02  5.7344838816107567E-07
  7.9382575345920658E-01  7.1527449795427009E-02  5.6775210321890253E-07
  8.0173440207476121E-01  7.1340264540130982E-02  5.6211131700889507E-07
  8.0972184219166499E-01  7.1171479498533974E-02  5.5652528157270100E-07
  8.1778885878608543E-01  7.0989672951361937E-02  5.5099331399088232E-07
  8.2593624465467308E-01  7.0788850322653418E-02  5.4551479170645923E-07
  8.3416480049247577E-01  7.0604835519464684E-02  5.4008914454547983E-07
  8.4247533497162541E-01  7.0434724724895106E-02  5.3471584749286892E-07
  8.5086866482081203E-01  7.0258598715792417E-02  5.2939441906111114E-07
  8.5934561490555095E-01  7.0084680339121574E-02  5.2412442338727962E-07
  8.6790701830924544E-01  6.9897289973822913E-02  5.1890546722371405E-07
  8.7655371641505919E-01  6.9735134637922080E-02  5.1373718829212373E-07
  8.8528655898860442E-01  6.9576474087834295E-02  5.0861924235657039E-07
  8.9410640426145560E-01  6.9395930544114207E-02  5.0355128673878270E-07
  9.0301411901549022E-01  6.9226006336781790E-02  4.9853296377900128E-07
  9.1201057866807456E-01  6.9045125360029699E-02  4.9356388854577308E-07
  9.2109666735809770E-01  6.8856390561916198E-02  4.8864364270342962E-07
  9.3027327803285875E-01  6.8663476384655864E-02  4.8377177408222988E-07
  9.3954131253582351E-01  6.8489814709811789E-02  4.7894780026814209E-07
  9.4890168169525602E-01  6.8309002262472135E-02  4.7417121417009541E-07
  9.5835530541372949E-01  6.8126690147901639E-02  4.6944148852191692E-07
  9.6790311275853058E-01  6.7966434825884561E-02  4.6475807938107669E-07
  9.7754604205296569E-01  6.7806700445234222E-02  4.6012043328675189E-07
  9.8728504096857683E-01  6.7641076588467755E-02  4.5552800279813126E-07
  9.9712106661827316E-01  6.7461792055165504E-02  4.5098026263922911E-07
  1.0070550856503935E+00  6.7278265453518213E-02  4.4647672558017129E-07
  1.0170880743437061E+00  6.7109326390784776E-02  4.4201695637114221E-07
  1.0272210187033517E+00  6.6941450069485334E-02  4.3760058011934217E-07
  1.0374549145577450E+00  6.6757531899143768E-02  4.3322728368781125E-07
  1.0477907676564429E+00  6.6590114502004277E-02  4.2889681099143227E-07
  1.0582295937689843E+00  6.6414313724946800E-02  4.2460895436222756E-07
  1.0687724187847139E+00  6.6240990038002198E-02  4.2036354406462182E-07
  1.0794202788136074E+00  6.6067523496875696E-02  4.1616043819431549E-07
  1.0901742202880949E+00  6.5890814757446903E-02  4.1199951474506105E-07
  1.1010353000658981E+00  6.5725403967406254E-02  4.0788066557661683E-07
  1.1120045855338965E+00  6.5556220714747718E-02  4.0380378805372087E-07
  1.1230831547130273E+00  6.5398489522585715E-02  3.9976878024705861E-07
  1.1342720963642265E+00  6.5235503167314177E-02  3.9577554120975954E-07
  1.1455725100954299E+00  6.5072556357690686E-02  3.9182397066744526E-07
  1.1569855064696388E+00  6.4911876327654369E-02  3.8791396788796473E-07
  1.1685122071140630E+00  6.4754408468404495E-02  3.8404543015166262E-07
  1.1801537448303450E+00  6.4579101166654843E-02  3.8021825125218120E-07
  1.1919112637058946E+00  6.4403803810017660E-02  3.7643232031708926E-07
  1.2037859192263223E+00  6.4228272728630534E-02  3.7268752107574316E-07
  1.2157788783889947E+00  6.4040001553606202E-02  3.6898373139006814E-07
  1.2278913198177241E+00  6.3835102735198837E-02  3.6532082576009340E-07
  1.2401244338786015E+00  6.3668553575047623E-02  3.6169869064763554E-07
  1.2524794227969775E+00  6.3498755289457517E-02  3.5811726228362189E-07
  1.2649575007756142E+00  6.3331855321644440E-02  3.5457658768616916E-07
  1.2775598941140138E+00  6.3195294073463526E-02  3.5107689907961497E-07
  1.2902878413289351E+00  6.3035042906335284E-02  3.4761868508173040E-07
  1.3031425932761047E+00  6.2884386061388270E-02  3.4420274096302554E-07
  1.3161254132731544E+00  6.2716719280542968E-02  3.4083018639216112E-07
  1.3292375772237721E+00  6.2557123918554086E-02  3.3750244916720959E-07
  1.3424803737430897E+00  6.2379892563802782E-02  3.3422122244805467E-07
  1.3558551042843283E+00  6.2212002974446803E-02  3.3098840743239181E-07
  1.3693630832666990E+00  6.2040517171045438E-02  3.2780605316913448E-07
  1.3830056382045763E+00  6.1871305810093244E-02  3.2467630158871193E-07
  1.3967841098379650E+00  6.1706484677321941E-02  3.2160133552247861E-07
  1.4106998522642609E+00  6.1547458641026682E-02  3.1858331540969686E-07
  1.4247542330713296E+00  6.1375337104254822E-02  3.1562429076050103E-07
  1.4389486334719011E+00  6.1221812461068489E-02  3.1272613977981458E-07
  1.4532844484393181E+00  6.1059537323120194E-02  3.0989052368414965E-07
  1.4677630868446263E+00  6.0897877226505540E-02  3.0711884949746056E-07
  1.4823859715950303E+00  6.0737619173129073E-02  3.0441225079683462E-07
  1.4971545397737334E+00  6.0582160746060765E-02  3.0177159095202589E-07
  1.5120702427811716E+00  6.0417025013545476E-02  2.9919748700493748E-07
  1.5271345464776473E+00  6.0262616555892663E-02  2.9669034763012727E-07
  1.5423489313273910E+00  6.0111925851167952E-02  2.9425041673494577E-07
  1.5577148925440567E+00  5.9939159450309011E-02  2.9187781647481380E-07
  1.5732339402376656E+00  5.9788958166118317E-02  2.8957259885756789E-07
  1.5889075995630100E+00  5.9629796581653037E-02  2.8733483171477047E-07
  1.6047374108695460E+00  5.9475908773802412E-02  2.8516475049611939E-07
  1.6207249298527719E+00  5.9324699136958869E-02  2.8306294728706046E-07
  1.6368717277071130E+00  5.9167988006399497E-02  2.8103057307449674E-07
  1.6531793912803336E+00  5.9017308619383820E-02  2.7906953588951835E-07
  1.6696495232294921E+00  5.8872409888078223E-02  2.7718265403255247E-07
  1.6862837421784365E+00  5.8711548760363011E-02  2.7537373297496398E-07
  1.7030836828768796E+00  5.8558147826734692E-02  2.7364755631975747E-07
  1.7200509963610597E+00  5.8396957031678021E-02  2.7200980424559095E-07
  1.7371873501159958E+00  5.8230530110637953E-02  2.7046692742581795E-07
  1.7544944282393562E+00  5.8081302656795793E-02  2.6902600866110116E-07
  1.7719739316069758E+00  5.7930081700485976E-02  2.6769463132451341E-07
  1.7896275780400066E+00  5.7765987769473642E-02  2.6648074377178919E-07
  1.8074571024737367E+00  5.7626214505334186E-02  2.6539244703110994E-07
  1.8254642571280961E+00  5.7479662632713237E-02  2.6443775410161051E-07
  1.8436508116798604E+00  5.7338973262022898E-02  2.6362444999341297E-07
  1.8620185534365634E+00  5.7201929119566161E-02  2.6295995621664474E-07
  1.8805692875121489E+00  5.7067222857594330E-02  2.6245120965002019E-07
  1.8993048370043744E+00  5.6933394553026012E-02  2.6210458858401531E-07
  1.9182270431739725E+00  5.6809903582918160E-02  2.6192590752630053E-07
  1.9373377656256054E+00  5.6687700194492124E-02  2.6192048378590651E-07
  1.9566388824906229E+00  5.6547153557800441E-02  2.6209326156148534E-07
  1.9761322906116352E+00  5.6428256111137574E-02  2.6244896932833828E-07
  1.9958199057289274E+00  5.6298842740289838E-02  2.6299228131309712E-07
  2.0157036626687312E+00  5.6172737725373498E-02  2.6372796060813059E-07
  2.0357855155333766E+00  5.6043227812185084E-02  2.6466099394905700E-07
  2.0560674378933288E+00  5.5911704607995487E-02  2.6579673010609433E-07
  2.0765514229811437E+00  5.5770525660890573E-02  2.6714084783984619E-07
  2.0972394838873609E+00  5.5649467913473791E-02  2.6869924014251172E-07
  2.1181336537583393E+00  5.5514261567449520E-02  2.7047788276142451E-07
  2.1392359859960601E+00  5.5398435727048216E-02  2.7248271324773290E-07
  2.1605485544599428E+00  5.5272493558037476E-02  2.7471954643004684E-07
  2.1820734536706459E+00  5.5141976553272014E-02  2.7719404341760610E-07
  2.2038127990159055E+00  5.5034473244414552E-02  2.7991173672832284E-07
  2.2257687269584405E+00  5.4918932012446131E-02  2.8287810048054947E-07
  2.2479433952459074E+00  5.4816879311642940E-02  2.8609864381818671E-07
  2.2703389831229517E+00  5.4709237116411152E-02  2.8957900101971904E-07
  2.2929576915453884E+00  5.4594069630894027E-02  2.9332499559840225E-07
  2.3158017433964972E+00  5.4488225788299725E-02  2.9734270954834602E-07
  2.3388733837054696E+00  5.4371878434769233E-02  3.0163837491629088E-07
  2.3621748798680682E+00  5.4253464441423323E-02  3.0621806314844206E-07
  2.3857085218694278E+00  5.4130541185325842E-02  3.1108726632965823E-07
  2.4094766225091191E+00  5.4017050844389417E-02  3.1625041088494254E-07
  2.4334815176284601E+00  5.3898433097632308E-02  3.2171036465880601E-07
  2.4577255663400379E+00  5.3774080151711201E-02  3.2746800615530177E-07
  2.4822111512595844E+00  5.3657024690354604E-02  3.3352190831453639E-07
  2.5069406787401185E+00  5.3545613806994324E-02  3.3986815519767644E-07
  2.5319165791084282E+00  5.3417429644886556E-02  3.4650026821954877E-07
  2.5571413069039277E+00  5.3308405105462982E-02  3.5340920179955013E-07
  2.5826173411198732E+00  5.3190706586961123E-02  3.6058339977408759E-07
  2.6083471854469815E+00  5.3070695591915004E-02  3.6800911059834892E-07
  2.6343333685195001E+00  5.2935349195425190E-02  3.7567074695980192E-07
  2.6605784441637028E+00  5.2820018359292009E-02  3.8355092457643226E-07
  2.6870849916488635E+00  5.2696898297791415E-02  3.9163053529827254E-07
  2.7138556159407514E+00  5.2580535312564465E-02  3.9988890594224100E-07
  2.7408929479576325E+00  5.2456569082699023E-02  4.0830401327707990E-07
  2.7681996448288149E+00  5.2338896901550455E-02  4.1685270306396098E-07
  2.7957783901558009E+00  5.2217819119680181E-02  4.2551085379358101E-07
  2.8236318942760117E+00  5.2094883842006029E-02  4.3425344022747933E-07
  2.8517628945291382E+00  5.1976514522465954E-02  4.4305448496928145E-07
  2.8801741555261891E+00  5.1846413806153221E-02  4.5188692734540095E-07
  2.9088684694211477E+00  5.1733517826759633E-02  4.6072244897635201E-07
  2.9378486561853934E+00  5.1609100211331506E-02  4.6953122295770001E-07
  2.9671175638848535E+00  5.1481579158434827E-02  4.7828160994413662E-07
  2.9966780689598651E+00  5.1355978561520035E-02  4.8694030152041251E-07
  3.0265330765078913E+00  5.1228106161199716E-02  4.9547274807629648E-07
  3.0566855205690135E+00  5.1094386184299359E-02  5.0384378341390239E-07
  3.0871383644142671E+00  5.0966946155685866E-02  5.1201842215648123E-07
  3.1178946008368804E+00  5.0839509171571685E-02  5.1996274832968150E-07
  3.1489572524463854E+00  5.0717405917928768E-02  5.2764476335357294E-07
  3.1803293719656605E+00  5.0592478999990968E-02  5.3503504924528035E-07
  3.2120140425309573E+00  5.0464439871892725E-02  5.4210714517879007E-07
  3.2440143779948949E+00  5.0330686250977044E-02  5.4883763134800271E-07
  3.2763335232324606E+00  5.0207661404622496E-02  5.5520596195351115E-07
  3.3089746544501057E+00  5.0082308520367949E-02  5.6119402984948698E-07
  3.3419409794978727E+00  4.9962531258522146E-02  5.6678513701256764E-07
  3.3752357381846467E+00  4.9834443732400376E-02  5.7196356728705223E-07
  3.4088622025965707E+00  4.9708468023785972E-02  5.7671476481103733E-07
  3.4428236774186010E+00  4.9584574764447449E-02  5.8102560801023190E-07
  3.4771235002592715E+00  4.9460709699207024E-02  5.8488476077197597E-07
  3.5117650419787338E+00  4.9330415386566927E-02  5.8828308035334940E-07
  3.5467517070199914E+00  4.9214102245807842E-02  5.9121403043231780E-07
  3.5820869337434940E+00  4.9096513973452945E-02  5.9367402435322474E-07
  3.6177741947650723E+00  4.8975622254048938E-02  5.9566262363460949E-07
  3.6538169972971630E+00  4.8849246994340845E-02  5.9718255425443314E-07
  3.6902188834935257E+00  4.8718060047938175E-02  5.9823954570982402E-07
  3.7269834307973406E+00  4.8588586787710858E-02  5.9884200335666640E-07
  3.7641142522927722E+00  4.8456854207162954E-02  5.9900028224632678E-07
  3.8016149970600743E+00  4.8330380817357015E-02  5.9872601553699243E-07
  3.8394893505341945E+00  4.8202927559673842E-02  5.9803194654644857E-07
  3.8777410348669568E+00  4.8071832859582650E-02  5.9693180533912046E-07
  3.9163738092928821E+00  4.7941141043607645E-02  5.9544016698497518E-07
  3.9553914704986211E+00  4.7816065093104307E-02  5.9357229201607043E-07
  3.9947978529960650E+00  4.7699448814456848E-02  5.9134395615412670E-07
  4.0345968294992147E+00  4.7573545065698060E-02  5.8877128382377617E-07
  4.0747923113047610E+00  4.7447514516037188E-02  5.8587060468080481E-07
  4.1153882486764610E+00  4.7323084839738801E-02  5.8265834898758011E-07
  4.1563886312333835E+00  4.7212278539190113E-02  5.7915098432431522E-07
  4.1977974883419771E+00  4.7090094705166868E-02  5.7536498808806440E-07
  4.2396188895120481E+00  4.6971110759991497E-02  5.7131687093029029E-07
  4.2818569447967398E+00  4.6853432866940312E-02  5.6702322308015525E-07
  4.3245158051964019E+00  4.6728059736929964E-02  5.6250063681222941E-07
  4.3675996630665592E+00  4.6611248519885767E-02  5.5776558057078803E-07
  4.4111127525299478E+00  4.6486139626042686E-02  5.5283425390342012E-07
  4.4550593498925686E+00  4.6366910453342819E-02  5.4772242801032512E-07
  4.4994437740640025E+00  4.6236107789037910E-02  5.4244528528046567E-07
  4.5442703869818324E+00  4.6115421073991220E-02  5.3701727987110266E-07
  4.5895435940403084E+00  4.5988260282773558E-02  5.3145204498063727E-07
  4.6352678445233213E+00  4.5860311991714156E-02  5.2576236561553203E-07
  4.6814476320416425E+00  4.5735255285279219E-02  5.1996021784673077E-07
  4.7280874949745346E+00  4.5606224489372633E-02  5.1405686451901064E-07
  4.7751920169157884E+00  4.5492132642277784E-02  5.0806300875225866E-07
  4.8227658271241687E+00  4.5367232951173980E-02  5.0198904666929705E-07
  4.8708136009783454E+00  4.5259713760524956E-02  4.9584515315449466E-07
  4.9193400604364053E+00  4.5140312603575643E-02  4.8964124806606916E-07
  4.9683499744998896E+00  4.5024774382385613E-02  4.8338694245871934E-07
  5.0178481596824627E+00  4.4917660264483301E-02  4.7709146221934808E-07
  5.0678394804832880E+00  4.4795745023282547E-02  4.7076354723687823E-07
  5.1183288498650805E+00  4.4671002614592593E-02  4.6441133272240928E-07
  5.1693212297369167E+00  4.4548827434069210E-02  4.5804223054786719E-07
  5.2208216314419067E+00  4.4424477930010135E-02  4.5166283766387237E-07
  5.2728351162496745E+00  4.4302382770730619E-02  4.4527889583358168E-07
  5.3253667958537356E+00  4.4172497838662193E-02  4.3889531821777694E-07
  5.3784218328739186E+00  4.4051527267522560E-02  4.3251629842339734E-07
  5.4320054413636596E+00  4.3936027267220498E-02  4.2614563137084550E-07
  5.4861228873224457E+00  4.3819770916675882E-02  4.1978697812556811E-07
  5.5407794892133779E+00  4.3703366901841581E-02  4.1344389419180592E-07
  5.5959806184857772E+00  4.3581931964880978E-02  4.0711984143524684E-07
  5.6517317001031255E+00  4.3477527266758895E-02  4.0081820942712603E-07
  5.7080382130762004E+00  4.3367916565805846E-02  3.9454234801917665E-07
  5.7649056910015020E+00  4.3252397040278265E-02  3.8829561049399487E-07
  5.8223397226051201E+00  4.3132179161961229E-02  3.8208140251908910E-07
  5.8803459522919495E+00  4.3011810044935553E-02  3.7590322742747665E-07
  5.9389300807003824E+00  4.2892633550544353E-02  3.6976471621642587E-07
  5.9980978652625909E+00  4.2764903012541829E-02  3.6366963293329474E-07
  6.0578551207703173E+00  4.2651857554609839E-02  3.5762184620321625E-07
  6.1182077199463176E+00  4.2526923399980217E-02  3.5162521030940326E-07
  6.1791615940215507E+00  4.2409500786684658E-02  3.4568338489390235E-07
  6.2407227333180506E+00  4.2285413292794810E-02  3.3979979295831486E-07
  6.3028971878376243E+00  4.2173828491873469E-02  3.3397760827471188E-07
  6.3656910678564556E+00  4.2054045605413912E-02  3.2821973441786443E-07
  6.4291105445255790E+00  4.1939528567022960E-02  3.2252877394942172E-07
  6.4931618504773434E+00  4.1825956871165713E-02  3.1690698856654755E-07
  6.5578512804379878E+00  4.1712927175143764E-02  3.1135625464528227E-07
  6.6231851918461899E+00  4.1604487217942646E-02  3.0587802297845573E-07
  6.6891700054778918E+00  4.1486692058621162E-02  3.0047329432300000E-07
  6.7558122060773416E+00  4.1372935556397122E-02  2.9514261984152232E-07
  6.8231183429943094E+00  4.1260135040671567E-02  2.8988613463744763E-07
  6.8910950308278069E+00  4.1138637850747832E-02  2.8470365415113659E-07
  6.9597489500761167E+00  4.1022259518419327E-02  2.7959488400537205E-07
  7.0290868477933079E+00  4.0893622315048762E-02  2.7455950424003484E-07
  7.0991155382523532E+00  4.0776461137203908E-02  2.6959717244502035E-07
  7.1698419036147909E+00  4.0665946954219226E-02  2.6470752461068091E-07
  7.2412728946070510E+00  4.0552958150706808E-02  2.5989017550167319E-07
  7.3134155312035976E+00  4.0437171850261432E-02  2.5514471831788708E-07
  7.3862769033167988E+00  4.0310241781604757E-02  2.5047072349313773E-07
  7.4598641714936829E+00  4.0200670487476976E-02  2.4586773670786640E-07
  7.5341845676196844E+00  4.0085200569157049E-02  2.4133527655646166E-07
  7.6092453956293484E+00  3.9974351374497889E-02  2.3687283257370106E-07
  7.6850540322241203E+00  3.9858499208070976E-02  2.3247986450709111E-07
  7.7616179275973316E+00  3.9744969444243897E-02  2.2815580415311182E-07
  7.8389446061663675E+00  3.9620565307786765E-02  2.2390006442771451E-07
  7.9170416673121000E+00  3.9517281268493104E-02  2.1971204728910880E-07
  7.9959167861258154E+00  3.9404712398568000E-02  2.1559114604777754E-07
  8.0755777141633942E+00  3.9291673459011710E-02  2.1153674797467568E-07
  8.1560322802071461E+00  3.9167253265700454E-02  2.0754823797568432E-07
  8.2372883910352517E+00  3.9062203628136075E-02  2.0362500352617246E-07
  8.3193540321986958E+00  3.8937044438707484E-02  1.9976644084164590E-07
  8.4022372688061591E+00  3.8828956186645690E-02  1.9597196185704818E-07
  8.4859462463165833E+00  3.8713869112673278E-02  1.9224100103416871E-07
  8.5704891913396573E+00  3.8593028183540233E-02  1.8857302060325429E-07
  8.6558744124443514E+00  3.8473861583839267E-02  1.8496751274807265E-07
  8.7421103009754191E+00  3.8349840314067372E-02  1.8142399676361125E-07
  8.8292053318780521E+00  3.8242401518905192E-02  1.7794200003835971E-07
  8.9171680645308076E+00  3.8125793028186007E-02  1.7452103044023270E-07
  9.0060071435867766E+00  3.8007181153676885E-02  1.7116057133263734E-07
  9.0957312998231146E+00  3.7888341664140769E-02  1.6786008079133282E-07
  9.1863493509991265E+00  3.7774428033857332E-02  1.6461898999618802E-07
  9.2778702027228181E+00  3.7651730424575126E-02  1.6143670072149490E-07
  9.3703028493260749E+00  3.7545902106740164E-02  1.5831258201553357E-07
  9.4636563747486520E+00  3.7425722968693682E-02  1.5524596643295567E-07
  9.5579399534308767E+00  3.7314675521534578E-02  1.5223614655225351E-07
  9.6531628512152476E+00  3.7195375929878635E-02  1.4928237281947330E-07
  9.7493344262571480E+00  3.7078261890105525E-02  1.4638385367513562E-07
  9.8464641299444047E+00  3.6966121204726608E-02  1.4353975916543565E-07
  9.9445615078261955E+00  3.6851199792857607E-02  1.4074923303990760E-07
  1.0043636200551211E+01  3.6733687445823907E-02  1.3801141891995921E-07
  1.0143697944814972E+01  3.6616034301893342E-02  1.3532546991045235E-07
  1.0244756574316828E+01  3.6489641378268010E-02  1.3269054933584646E-07
  1.0346822020726330E+01  3.6372407808284615E-02  1.3010583143293226E-07
  1.0449904314659255E+01  3.6265386844915960E-02  1.2757050215490924E-07
  1.0554013586663435E+01  3.6138049842895884E-02  1.2508376004002740E-07
  1.0659160068214323E+01  3.6025454470484948E-02  1.2264481705256104E-07
  1.0765354092720473E+01  3.5910702475285904E-02  1.2025289925069562E-07
  1.0872606096539121E+01  3.5794393253694871E-02  1.1790724710362763E-07
  1.0980926620001821E+01  3.5668908615132770E-02  1.1560711530590953E-07
  1.1090326308450258E+01  3.5559364594521158E-02  1.1335177195341120E-07
  1.1200815913282511E+01  3.5438212335359112E-02  1.1114049684692385E-07
  1.1312406293009625E+01  3.5318706930251208E-02  1.0897257751741625E-07
  1.1425108414322699E+01  3.5199786248713234E-02  1.0684730673754145E-07
  1.1538933353170739E+01  3.5080511206902171E-02  1.0476398243260557E-07
  1.1653892295849122E+01  3.4965190458841972E-02  1.0272190780875931E-07
  1.1769996540098884E+01  3.4842969452064949E-02  1.0072039161379023E-07
  1.1887257496217170E+01  3.4726348933629199E-02  9.8758748614465338E-08
  1.2005686688178425E+01  3.4603086526358698E-02  9.6836300379174177E-08
  1.2125295754767009E+01  3.4485656049614906E-02  9.4952376430217394E-08
  1.2246096450721083E+01  3.4364382955112127E-02  9.3106315751900127E-08
  1.2368100647887658E+01  3.4243414669030477E-02  9.1297468541403889E-08
  1.2491320336389467E+01  3.4122302709926826E-02  8.9525197966756067E-08
  1.2615767625803240E+01  3.4001950483032013E-02  8.7788881353057664E-08
  1.2741454746349770E+01  3.3882855670438874E-02  8.6087907802327438E-08
  1.2868394050095919E+01  3.3764062884270508E-02  8.4421673842819294E-08
  1.2996598012168485E+01  3.3632864625812865E-02  8.2789583271502023E-08
  1.3126079231980206E+01  3.3519055035810423E-02  8.1191047804769590E-08
  1.3256850434468028E+01  3.3400350022877452E-02  7.9625487711183732E-08
  1.3388924471343637E+01  3.3266412358873995E-02  7.8092332352676377E-08
  1.3522314322356451E+01  3.3140718081551369E-02  7.6591020530914012E-08
  1.3657033096569279E+01  3.3023780434521033E-02  7.5121000509166634E-08
  1.3793094033646607E+01  3.2898512020367532E-02  7.3681729577529398E-08
  1.3930510505155704E+01  3.2766618717160578E-02  7.2272673086160912E-08
  1.4069296015880798E+01  3.2648953731131740E-02  7.0893302982530553E-08
  1.4209464205150248E+01  3.2522377240647236E-02  6.9543096069758821E-08
  1.4351028848176909E+01  3.2400890342264781E-02  6.8221532863247537E-08
  1.4494003857412059E+01  3.2277368023959516E-02  6.6928098144285525E-08
  1.4638403283912485E+01  3.2151088602723060E-02  6.5662281253628673E-08
  1.4784241318721445E+01  3.2021469597476773E-02  6.4423576007121634E-08
  1.4931532294263411E+01  3.1899724817159102E-02  6.3211480621711864E-08
  1.5080290685752413E+01  3.1775166736076443E-02  6.2025497704371877E-08
  1.5230531112614761E+01  3.1658775112311563E-02  6.0865134367822435E-08
  1.5382268339925748E+01  3.1530966822386687E-02  5.9729902553407780E-08
  1.5535517279860644E+01  3.1409782659662953E-02  5.8619319644824037E-08
  1.5690292993160309E+01  3.1282316437015713E-02  5.7532909418949084E-08
  1.5846610690611270E+01  3.1155359802638425E-02  5.6470203309966410E-08
  1.6004485734540509E+01  3.1030310750023674E-02  5.5430741813890826E-08
  1.6163933640325343E+01  3.0890724110591485E-02  5.4414075348886188E-08
  1.6324970077918138E+01  3.0769184901306170E-02  5.3419762423347340E-08
  1.6487610873386277E+01  3.0636853706676081E-02  5.2447367918559434E-08
  1.6651872010467550E+01  3.0507595864533492E-02  5.1496462686503563E-08
  1.6817769632140969E+01  3.0374101788178846E-02  5.0566623017373825E-08
  1.6985320042213150E+01  3.0245303977952751E-02  4.9657429815010635E-08
  1.7154539706920719E+01  3.0113728060720213E-02  4.8768467395886388E-08
  1.7325445256548495E+01  2.9983011718214620E-02  4.7899321835232101E-08
  1.7498053487063796E+01  2.9852680768965724E-02  4.7049578829347348E-08
  1.7672381361767194E+01  2.9723417720188668E-02  4.6218821166368578E-08
  1.7848446012959553E+01  2.9593636162119637E-02  4.5406626052572057E-08
  1.8026264743625660E+01  2.9460824644473051E-02  4.4612562837428709E-08
  1.8205855029134877E+01  2.9331341517821134E-02  4.3836192506517945E-08
  1.8387234518958355E+01  2.9198141072678058E-02  4.3077076399107678E-08
  1.8570421038403641E+01  2.9065396888408444E-02  4.2334788476323936E-08
  1.8755432590366599E+01  2.8930577092243059E-02  4.1608918265306871E-08
  1.8942287357100433E+01  2.8798649815484415E-02  4.0899073246126858E-08
  1.9131003702002776E+01  2.8662154606593472E-02  4.0204882540762540E-08
  1.9321600171420300E+01  2.8528152301128602E-02  3.9526002283265221E-08
  1.9514095496471324E+01  2.8393997052735525E-02  3.8862123050008544E-08
  1.9708508594886752E+01  2.8258018341697569E-02  3.8212979589308101E-08
  1.9904858572869198E+01  2.8119109440689415E-02  3.7578362659572231E-08
  2.0103164726970586E+01  2.7978720498533508E-02  3.6958132068348294E-08
  2.0303446545988685E+01  2.7840555745028236E-02  3.6352229188983245E-08
  2.0505723712882325E+01  2.7452560035932730E-02  3.5760684465357086E-08
  2.0710016106705709E+01  9.7114230149993402E-06  3.5183594611726502E-08
  2.0916343804562175E+01  4.6403386877894759E-06  3.4621054764978881E-08
  2.1124727083577213E+01  2.9975713447889241E-06  3.4073138414863934E-08
  2.1335186422891283E+01  2.1875735728826946E-06  3.3539896203834106E-08
  2.1547742505672325E+01  1.7065151417840371E-06  3.3021353601355705E-08
  2.1762416221148563E+01  1.3886363224146376E-06  3.2517506835089136E-08
  2.1979228666661360E+01  1.1634637777570752E-06  3.2028316602691221E-08
  2.2198201149738509E+01  9.9596075521595435E-07  3.1553699138759335E-08
  2.2419355190188398E+01  8.6674810638911075E-07  3.1093514508611386E-08
  2.2642712522214836E+01  7.6424034998035282E-07  3.0647552692600676E-08
  2.2868295096552949E+01  6.8108740022525567E-07  3.0215518748010219E-08
  2.3096125082626511E+01  6.1240128720796148E-07  2.9797020842614468E-08
  2.3326224870726644E+01  5.5480166175543370E-07  2.9391576552159027E-08
  2.3558617074212247E+01  5.0587625631506507E-07  2.8998682271921592E-08
  2.3793324531732303E+01  4.6386046792162603E-07  2.8617854940738831E-08
  2.4030370309470467E+01  4.2743425459046993E-07  2.8248633589238836E-08
  2.4269777703411922E+01  3.9559075145019042E-07  2.7890579583745520E-08
  2.4511570241632676E+01  3.6754884271184994E-07  2.7543277508432628E-08
  2.4755771686612025E+01  3.4269344740159369E-07  2.7206336862181394E-08
  2.5002406037567727E+01  3.2053379140148611E-07  2.6879394753742732E-08
  2.5251497532814490E+01  3.0067365537901842E-07  2.6562119721765445E-08
  2.5503070652146196E+01  2.8278978337845497E-07  2.6254216615145400E-08
  2.5757150119241555E+01  2.6661597876521751E-07  2.5955432197994860E-08
  2.6013760904093928E+01  2.5193128234237003E-07  2.5665560418064872E-08
  2.6272928225465169E+01  2.3855129507644463E-07  2.5384444100707493E-08
  2.6534677553364205E+01  2.2632116565587230E-07  2.5111955269168716E-08
  2.6799034611550031E+01  2.1510938030826872E-07  2.4847969916512617E-08
  2.7066025380059692E+01  2.0480345279823597E-07  2.4592362769873754E-08
  2.7335676097761652E+01  1.9530661659267618E-07  2.4345003266143488E-08
  2.7608013264934378E+01  1.8653517745441071E-07  2.4105749471484142E-08
  2.7883063645870600E+01  1.7841637440563697E-07  2.3874439203148729E-08
  2.8160854271507773E+01  1.7088663304251111E-07  2.3650877478217794E-08
  2.8441412442084488E+01  1.6389011932661996E-07  2.3434819433648830E-08
  2.8724765729823456E+01  1.5737751510483415E-07  2.3225948293812895E-08
  2.9010941981641132E+01  1.5130493291963498E-07  2.3023848905663489E-08
  2.9299969321884547E+01  1.4563283966927476E-07  2.2827979009561650E-08
  2.9591876155095207E+01  1.4032465947653768E-07  2.2637646219998160E-08
  2.9886691168800454E+01  1.3534569419182464E-07  2.2452043458648894E-08
  3.0184443336333008E+01  1.3066445441793708E-07  2.2270363767245455E-08
  3.0485161919678223E+01  1.2625285564358076E-07  2.2091832331190077E-08
  3.0788876472349781E+01  1.2208579701435621E-07  2.1915711320464122E-08
  3.1095616842294255E+01  1.1814080351351751E-07  2.1741307974976994E-08
  3.1405413174824382E+01  1.1439772880846945E-07  2.1567987316023546E-08
  3.1718295915581649E+01  1.1083851439656975E-07  2.1395190961595895E-08
  3.2034295813528281E+01  1.0744700587303432E-07  2.1222463645855983E-08
  3.2353443923969309E+01  1.0420883582618722E-07  2.1049488630544169E-08
  3.2675771611604468E+01  1.0111140097600579E-07  2.0876131785208945E-08
  3.3001310553610558E+01  9.8144011066811122E-08  2.0702492219191752E-08
  3.3330092742754680E+01  9.5298425398986840E-08  2.0528949558837698E-08
  3.3662150490538323E+01  9.2569678307629500E-08  2.0356156350008358E-08
  3.3997516430372713E+01  8.9954405291805245E-08  2.0184847288493568E-08
  3.4336223520786071E+01  8.7449422643519081E-08  2.0015732720208374E-08
  3.4678305048662608E+01  8.5051657730730836E-08  1.9849491991848177E-08
  3.5023794632513678E+01  8.2758135518503376E-08  1.9686768542693591E-08
  3.5372726225781939E+01  8.0565962775024707E-08  1.9528162283376894E-08
  3.5725134120177998E+01  7.8472307092476997E-08  1.9374218120530947E-08
  3.6081052949050552E+01  7.6474365971184725E-08  1.9225409273155182E-08
  3.6440517690789910E+01  7.4569317542437063E-08  1.9082114064069554E-08
  3.6803563672265703E+01  7.2754236926082998E-08  1.8944585561347490E-08
  3.7170226572298617E+01  7.1025942703372234E-08  1.8812914568897060E-08
  3.7540542425166663E+01  6.9380692218342659E-08  1.8686990497366190E-08
  3.7914547624146664E+01  6.7813632103008857E-08  1.8566479426892121E-08
  3.8292278925090820E+01  6.6319189505817699E-08  1.8450927565614014E-08
  3.8673773450038745E+01  6.4892093458511987E-08  1.8339883243779070E-08
  3.9059068690865978E+01  6.3527458502608616E-08  1.8232908460099197E-08
  3.9448202512968336E+01  6.2220751863366464E-08  1.8129579114313402E-08
  3.9841213158983322E+01  6.0967765042573572E-08  1.8029486001236511E-08
  4.0238139252548265E+01  5.9764589941258544E-08  1.7932236827674066E-08
  4.0639019802096364E+01  5.8607600018933585E-08  1.7837459579307081E-08
  4.1043894204690176E+01  5.7493437675372345E-08  1.7744807591257822E-08
  4.1452802249893288E+01  5.6419010272280846E-08  1.7653966573303768E-08
  4.1865784123680939E+01  5.5381499892945569E-08  1.7564663567993425E-08
  4.2282880412389225E+01  5.4378398051083161E-08  1.7476677227607005E-08
  4.2704132106703625E+01  5.3407585296410995E-08  1.7389846633123729E-08
  4.3129580605687735E+01  5.2467328482141551E-08  1.7304058641694541E-08
  4.3559267720851544E+01  5.1556051640491098E-08  1.7219210640855117E-08
  4.3993235680260682E+01  5.0672268714719431E-08  1.7135202185965606E-08
  4.4431527132686263E+01  4.9814577562839047E-08  1.7051935200965438E-08
  4.4874185151796432E+01  4.8981654912936846E-08  1.6969314384740532E-08
  4.5321253240389474E+01  4.8172252087720317E-08  1.6887247864495352E-08
  4.5772775334668850E+01  4.7385191658231780E-08  1.6805648191698685E-08
  4.6228795808561451E+01  4.6619365324845582E-08  1.6724433792718118E-08
  4.6689359478078330E+01  4.5873733566706853E-08  1.6643530976218140E-08
  4.7154511605718916E+01  4.5147328070441853E-08  1.6562876534606609E-08
  4.7624297904919509E+01  4.4439259018913906E-08  1.6482420870198160E-08
  4.8098764544545674E+01  4.3748730916553127E-08  1.6402131096557960E-08
  4.8577958153429634E+01  4.3075055559957396E-08  1.6321990689767330E-08
  4.9061925824952574E+01  4.2417604831448371E-08  1.6241988684695083E-08
  4.9550715121673079E+01  4.1775780590630025E-08  1.6162114353883711E-08
  5.0044374080001319E+01  4.1149012084369680E-08  1.6082356973922608E-08
  5.0542951214919682E+01  4.0536754228084752E-08  1.6002705672039533E-08
  5.1046495524750959E+01  3.9938485878578137E-08  1.5923149183447551E-08
  5.1555056495973623E+01  3.9353708019868067E-08  1.5843675479845003E-08
  5.2068684108084952E+01  3.8781941738188063E-08  1.5764271218527167E-08
  5.2587428838513148E+01  3.8222725789766161E-08  1.5684920956329521E-08
  5.3111341667577911E+01  3.7675613424359819E-08  1.5605606085822948E-08
  5.3640474083500685E+01  3.7140167810270490E-08  1.5526303478104084E-08
  5.4174878087464471E+01  3.6615954966318930E-08  1.5446983961840879E-08
  5.4714606198724695E+01  3.6102534575038657E-08  1.5367611392465391E-08
  5.5259711459770422E+01  3.5599469114321450E-08  1.5288146285642053E-08
  5.5810247441537008E+01  3.5106339079663061E-08  1.5208549734159133E-08
  5.6366268248671169E+01  3.4622743563695165E-08  1.5128783809068454E-08
  5.6927828524848053E+01  3.4148299505389290E-08  1.5048811707379896E-08
  5.7494983458141242E+01  3.3682641109420205E-08  1.4968597995100832E-08
  5.8067788786446748E+01  3.3225419501598743E-08  1.4888108991259615E-08
  5.8646300802960511E+01  3.2776302727042073E-08  1.4807313353755221E-08
  5.9230576361710845E+01  3.2334976273737296E-08  1.4726182940206868E-08
  5.9820672883145527E+01  3.1901144427883301E-08  1.4644694012453325E-08
  6.0416648359775294E+01  3.1474533000415313E-08  1.4562828824052774E-08
  6.1018561361872919E+01  3.1054894358205146E-08  1.4480577529354966E-08
  6.1626471043229088E+01  3.0642015592950180E-08  1.4397939940740462E-08
  6.2240437146966237E+01  3.0235715661099334E-08  1.4314923281962486E-08
  6.2860520011409626E+01  2.9835824540672228E-08  1.4231536053459713E-08
  6.3486780576017054E+01  2.9442178407822423E-08  1.4147786817922569E-08
  6.4119280387368079E+01  2.9054619343680583E-08  1.4063684187850670E-08
  6.4758081605212382E+01  2.8672995061096890E-08  1.3979236807093980E-08
  6.5403247008578717E+01  2.8297158628892955E-08  1.3894453319346966E-08
  6.6054840001944299E+01  2.7926968179155931E-08  1.3809342317239557E-08
  6.6712924621466399E+01  2.7562286585699087E-08  1.3723912264055619E-08
  6.7377565541275416E+01  2.7202981087613474E-08  1.3638171379765396E-08
  6.8048828079830542E+01  2.6848922816611897E-08  1.3552127486141259E-08
  6.8726778206339404E+01  2.6499986165920474E-08  1.3465787813948836E-08
  6.9411482547241192E+01  2.6156047935199774E-08  1.3379158807082863E-08
  7.0103008392754134E+01  2.5816986838682034E-08  1.3292246155351161E-08
  7.0801423703489021E+01  2.5482685004943936E-08  1.3205055424502431E-08
  7.1506797117127803E+01  2.5153028664077202E-08  1.3117592346924405E-08
  7.2219197955169179E+01  2.4827908063760762E-08  1.3029862874872575E-08
  7.2938696229741055E+01  2.4507217402770753E-08  1.2941873260713709E-08
  7.3665362650481384E+01  2.4190854830834889E-08  1.2853630185858080E-08
  7.4399268631487146E+01  2.3878722551835238E-08  1.2765140961367230E-08
  7.5140486298332377E+01  2.3570727079388817E-08  1.2676413830774575E-08
  7.5889088495156855E+01  2.3266779733672217E-08  1.2587458411224046E-08
  7.6645148791824752E+01  2.2966797517281520E-08  1.2498286305821843E-08
  7.7408741491154558E+01  2.2670704605599219E-08  1.2408911909749972E-08
  7.8179941636221798E+01  2.2378434770014835E-08  1.2319353347397508E-08
  7.8958825017733588E+01  2.2089934042888954E-08  1.2229633023761612E-08
  7.9745468181477278E+01  2.1805155631354412E-08  1.2139775259034662E-08
  8.0539948435842831E+01  2.1524053964632466E-08  1.2049804064686984E-08
  8.1342343859420765E+01  2.1246584210088852E-08  1.1959742968268450E-08
  8.2152733308675266E+01  2.0972702200254689E-08  1.1869614975050889E-08
  8.2971196425693634E+01  2.0702364336587506E-08  1.1779442510629090E-08
  8.3797813646013736E+01  2.0435527461932180E-08  1.1689247336058266E-08
  8.4632666206528683E+01  2.0172148683597491E-08  1.1599050424731481E-08
  8.5475836153470141E+01  1.9912185119019934E-08  1.1508871788773367E-08
  8.6327406350472117E+01  1.9655593525941458E-08  1.1418730244984910E-08
  8.7187460486714215E+01  1.9402329752520928E-08  1.1328643117110964E-08
  8.8056083085146298E+01  1.9152347930863550E-08  1.1238625894443468E-08
  8.8933359510794915E+01  1.8905599459885979E-08  1.1148691953846608E-08
  8.9819375979153051E+01  1.8662033802081070E-08  1.1058853128579909E-08
  9.0714219564652936E+01  1.8421601133181263E-08  1.0969120876832244E-08
  9.1617978209223011E+01  1.8184252802353941E-08  1.0879506490850959E-08
  9.2530740730931143E+01  1.7949941329432024E-08  1.0790021126428974E-08
  9.3452596832713056E+01  1.7718620415373982E-08  1.0700675850163892E-08
  9.4383637111187724E+01  1.7490244988809251E-08  1.0611481713478727E-08
  9.5323953065561398E+01  1.7264771311341067E-08  1.0522449865873050E-08
  9.6273637106619503E+01  1.7042157160267135E-08  1.0433591724021735E-08
  9.7232782565808591E+01  1.6822362132764480E-08  1.0344919216113521E-08
  9.8201483704408190E+01  1.6605348143293653E-08  1.0256445119999994E-08
  9.9179835722795033E+01  1.6391080225653637E-08  1.0168183507709682E-08
  1.0016793476979882E+02  1.6179527736726455E-08  1.0080150245381406E-08
  1.0116587795215091E+02  1.5970664646100318E-08  9.9923628949763776E-09
  1.0217376334402834E+02  1.5764466303559321E-08  9.9048391197572735E-09
  1.0319168999669189E+02  1.5560908116333388E-08  9.8175960951620118E-09
  1.0421975794822001E+02  1.5359965552751515E-08  9.7306505275535126E-09
  1.0525806823334102E+02  1.5161614187355449E-08  9.6440186989449919E-09
  1.0630672289336188E+02  1.4965829782594712E-08  9.5577165376113855E-09
  1.0736582498619669E+02  1.4772588414798414E-08  9.4717597274535106E-09
  1.0843547859649443E+02  1.4581866671098736E-08  9.3861638738584405E-09
  1.0951578884586863E+02  1.4393641959929225E-08  9.3009447483147467E-09
  1.1060686190322798E+02  1.4207892996185354E-08  9.2161186349192866E-09
  1.1170880499521002E+02  1.4024600568952140E-08  9.1317028001761232E-09
  1.1282172641671947E+02  1.3843748692828456E-08  9.0477160603115035E-09
  1.1394573554157084E+02  1.3665325646755570E-08  8.9641791015982793E-09
  1.1508094283323689E+02  1.3489321456670978E-08  8.8811130340017817E-09
  1.1622745985570531E+02  1.3315725545587745E-08  8.7985382109872845E-09
  1.1738539928444227E+02  1.3144526630090110E-08  8.7164741788617773E-09
  1.1855487491746611E+02  1.2975712761020268E-08  8.6349396958255270E-09
  1.1973600168653037E+02  1.2809271369177938E-08  8.5539527559878338E-09
  1.2092889566841966E+02  1.2645189320293770E-08  8.4735306213184441E-09
  1.2213367409635691E+02  1.2483452982121835E-08  8.3936898663602711E-09
  1.2335045537152423E+02  1.2324048306017026E-08  8.3144464432757000E-09
  1.2457935907469965E+02  1.2166960963650880E-08  8.2358157781323201E-09
  1.2582050597800875E+02  1.2012176577558690E-08  8.1578129139464497E-09
  1.2707401805679329E+02  1.1859681068226053E-08  8.0804527153982291E-09
  1.2834001850159930E+02  1.1709461138208216E-08  8.0037501065814144E-09
  1.2961863173028337E+02  1.1561503998082311E-08  7.9277198596983676E-09
  1.3090998340023955E+02  1.1415796389701984E-08  7.8523760518756466E-09
  1.3221420042074945E+02  1.1272324455597505E-08  7.7777319917757179E-09
  1.3353141096545363E+02  1.1131073753328845E-08  7.7038002227709189E-09
  1.3486174448494856E+02  1.0992029259494105E-08  7.6305925166675386E-09
  1.3620533171950783E+02  1.0855175359839564E-08  7.5581198529037083E-09
  1.3756230471193166E+02  1.0720495812422916E-08  7.4863923760503297E-09
  1.3893279682052327E+02  1.0587973667413473E-08  7.4154193220179136E-09
  1.4031694273219432E+02  1.0457591125006557E-08  7.3452089017378339E-09
  1.4171487847570236E+02  1.0329329298850034E-08  7.2757681315120706E-09
  1.4312674143501874E+02  1.0203167854558349E-08  7.2071026033082130E-09
  1.4455267036282982E+02  1.0079084510656552E-08  7.1392162265092375E-09
  1.4599280539417387E+02  9.9570550724518007E-09  7.0721113486748231E-09
  1.4744728806021263E+02  9.8370549038792901E-09  7.0057896539648785E-09
  1.4891626130214050E+02  9.7190594352361702E-09  6.9402524536238152E-09
  1.5039986948523185E+02  9.6030441630849385E-09  6.8755006812142100E-09
  1.5189825841302959E+02  9.4889846217401080E-09  6.8115348700528084E-09
  1.5341157534167371E+02  9.3768563283613720E-09  6.7483551079104069E-09
  1.5493996899437263E+02  9.2666346869431084E-09  6.6859609576775515E-09
  1.5648358957602005E+02  9.1582948309477712E-09  6.6243513286771183E-09
  1.5804258878795622E+02  9.0518113764855862E-09  6.5635242800723693E-09
  1.5961711984287592E+02  8.9471580527832516E-09  6.5034767384599381E-09
  1.6120733747988663E+02  8.8443071428207001E-09  6.4442041148648990E-09
  1.6281339797971529E+02  8.7432286865905166E-09  6.3856998501453980E-09
  1.6443545918006703E+02  8.6438899497858810E-09  6.3279552232762299E-09
  1.6607368049113634E+02  8.5462573379151471E-09  6.2709606127809176E-09
  1.6772822291127434E+02  8.4502977812779350E-09  6.2147063370320666E-09
  1.6939924904281065E+02  8.3559786702883378E-09  6.1591826000721056E-09
  1.7108692310803264E+02  8.2632676573832630E-09  6.1043793291959516E-09
  1.7279141096532584E+02  8.1721323449800993E-09  6.0502859057314225E-09
  1.7451288012547326E+02  8.0825397837735512E-09  5.9968907322441692E-09
  1.7625149976811713E+02  7.9944556781810120E-09  5.9441805552657125E-09
  1.7800744075838656E+02  7.9078431480561512E-09  5.8921394359177469E-09
  1.7978087566368859E+02  7.8226608292497279E-09  5.8407472447466997E-09
  1.8157197877066787E+02  7.7388600009671055E-09  5.7899775499530777E-09
  1.8338092610233437E+02  7.6563804492970393E-09  5.7397948964955513E-09
  1.8520789543536301E+02  7.5751458094962884E-09  5.6901522802838016E-09
  1.8705306631756483E+02  7.4950696743304276E-09  5.6409957869501101E-09
  1.8891662008553121E+02  7.4160674592857145E-09  5.5922723657340048E-09
  1.9079873988245646E+02  7.3380579409577872E-09  5.5439308666607503E-09
  1.9269961067613579E+02  7.2609634434550281E-09  5.4959222508054647E-09
  1.9461941927714267E+02  7.1847102075499642E-09  5.4481999717538396E-09
  1.9655835435718893E+02  7.1092290575795606E-09  5.4007206193562134E-09
  1.9851660646766615E+02  7.0344565325653623E-09  5.3534449577144754E-09
  2.0049436805837266E+02  6.9603367228454983E-09  5.3063395381569693E-09
  2.0249183349642593E+02  6.8868241479275909E-09  5.2593791070179949E-09
  2.0450919908536548E+02  6.8138881317571724E-09  5.2125500397014010E-09
  2.0654666308444459E+02  6.7415192453002888E-09  5.1658549541139264E-09
  2.0860442572811272E+02  6.6697376696564718E-09  5.1193179028619132E-09
  2.1068268924569685E+02  6.5985910420484736E-09  5.0729817403746105E-09
  2.1278165788127473E+02  6.5281310840531955E-09  5.0268919701470778E-09
  2.1490153791374388E+02  6.4584066182578890E-09  4.9810920342825985E-09
  2.1704253767709972E+02  6.3894631073150813E-09  4.9356228930380361E-09
  2.1920486758090627E+02  6.3213419211482767E-09  4.8905223377296521E-09
  2.2138874013097444E+02  6.2540790767297299E-09  4.8458238334292646E-09
  2.2359436995024689E+02  6.1877031336315286E-09  4.8015546347927667E-09
  2.2582197379989179E+02  6.1222317938887710E-09  4.7577328111239045E-09
  2.2807177060060278E+02  6.0576665614966698E-09  4.7143627085806314E-09
  2.3034398145411478E+02  5.9939845682040092E-09  4.6714283227173022E-09
  2.3263882966493469E+02  5.9311263338651060E-09  4.6288840386708209E-09
  2.3495654076228391E+02  5.8689789588289778E-09  4.5866431830346716E-09
  2.3729734252226413E+02  5.8073668774549854E-09  4.5445736020008879E-09
  2.3966146499024367E+02  5.7460944888695108E-09  4.5025288984354253E-09
  2.4204914050346252E+02  5.6849737317795967E-09  4.4603677216262389E-09
  2.4446060371386727E+02  5.6238253812260724E-09  4.4179547917735572E-09
  2.4689609161117303E+02  5.5624796699579974E-09  4.3751615329526717E-09
  2.4935584354615116E+02  5.5007774102237209E-09  4.3318671434939624E-09
  2.5184010125415313E+02  5.4385718765549576E-09  4.2879603207412782E-09
  2.5434910887886906E+02  5.3757318211977077E-09  4.2433419537558758E-09
  2.5688311299631795E+02  5.3121461703364299E-09  4.1979292052345755E-09
  2.5944236263908215E+02  5.2477311415610608E-09  4.1516614706926519E-09
  2.6202710932078253E+02  5.1824407938511095E-09  4.1045087434012096E-09
  2.6463760706079353E+02  5.1162817304891467E-09  4.0564823558039698E-09
  2.6727411240920861E+02  5.0493279357195652E-09  4.0076443342675783E-09
  2.6993688447205466E+02  4.9816941149545285E-09  3.9580864251320921E-09
  2.7262618493675285E+02  4.9134954029677113E-09  3.9079008646813259E-09
  2.7534227809783795E+02  4.8448429819325582E-09  3.8571772012358885E-09
  2.7808543088293368E+02  4.7758437745993272E-09  3.8060019993108379E-09
  2.8085591287898228E+02  4.7066000110932475E-09  3.7544584405175396E-09
  2.8365399635874002E+02  4.6372085973324194E-09  3.7026257514261813E-09
  2.8647995630753701E+02  4.5677601794648993E-09  3.6505783560626544E-09
  2.8933407045029821E+02  4.4983377187816918E-09  3.5983846109041678E-09
  2.9221661927883895E+02  4.4290143260879149E-09  3.5461049465193401E-09
  2.9512788607943179E+02  4.3598500380857702E-09  3.4937892223002421E-09
  2.9806815696064643E+02  4.2908871915233473E-09  3.4414731658131273E-09
  3.0103772088146303E+02  4.2221447247935456E-09  3.3891744138173151E-09
  3.0403686967967718E+02  4.1536215366146043E-09  3.3368956281258797E-09
  3.0706589810057744E+02  4.0853136945890540E-09  3.2846374265626529E-09
  3.1012510382590756E+02  4.0172186508007703E-09  3.2324014905691767E-09
  3.1321478750312940E+02  3.9493353068734305E-09  3.1801906275939476E-09
  3.1633525277496557E+02  3.8816641223878452E-09  3.1280088673458876E-09
  3.1948680630923644E+02  3.8142073088403168E-09  3.0758616317528294E-09
  3.2266975782900602E+02  3.7469691445700064E-09  3.0237560196256759E-09
  3.2588442014301609E+02  3.6799564894882288E-09  2.9717012643989211E-09
  3.2913110917642700E+02  3.6131796077453082E-09  2.9197094406613744E-09
  3.3241014400186697E+02  3.5466534178792457E-09  2.8677965041697547E-09
  3.3572184687079135E+02  3.4803993318248281E-09  2.8159837510917034E-09
  3.3906654324514858E+02  3.4144476871365185E-09  2.7642996031030534E-09
  3.4244456182936699E+02  3.3488384125863563E-09  2.7127798599126154E-09
  3.4585623460266089E+02  3.2836135335158350E-09  2.6614618601993985E-09
  3.4930189685165226E+02  3.2188131680226477E-09  2.6103814436749153E-09
  3.5278188720332349E+02  3.1544753756282745E-09  2.5595728242380936E-09
  3.5629654765829815E+02  3.0906360851967728E-09  2.5090685192045777E-09
  3.5984622362444804E+02  3.0273289723343598E-09  2.4588992336806679E-09
  3.6343126395084005E+02  2.9645852586209518E-09  2.4090936734495400E-09
  3.6705202096202220E+02  2.9024333880136021E-09  2.3596782483573861E-09
  3.7070885049264444E+02  2.8408985034763973E-09  2.3106766159455432E-09
  3.7440211192243112E+02  2.7800016449365276E-09  2.2621090085532707E-09
  3.7813216821150127E+02  2.7197585920248879E-09  2.2139912835096054E-09
  3.8189938593603495E+02  2.6601783126907618E-09  2.1663337188047364E-09
  3.8570413532430115E+02  2.6012616664160030E-09  2.1191401362843729E-09
  3.8954679029304464E+02  2.5430053584514686E-09  2.0724111000966062E-09
  3.9342772848422851E+02  2.4854065236709389E-09  2.0261474707128115E-09
  3.9734733130214988E+02  2.4284631325716981E-09  1.9803507201142729E-09
  4.0130598395092517E+02  2.3721740632675201E-09  1.9350229880047598E-09
  4.0530407547234211E+02  2.3165392384527097E-09  1.8901671970067818E-09
  4.0934199878409487E+02  2.2615598599121220E-09  1.8457872600520715E-09
  4.1342015071840206E+02  2.2072388057196768E-09  1.8018884285245386E-09
  4.1753893206100025E+02  2.1535812746002785E-09  1.7584778482692156E-09
  4.2169874759053482E+02  2.1005957849866056E-09  1.7155654054201184E-09
  4.2590000611834182E+02  2.0482956545430425E-09  1.6731649524435256E-09
  4.3014312052862027E+02  1.9967010712196501E-09  1.6312959609772379E-09
  4.3442850781901063E+02  1.9458414720220568E-09  1.5899852733286323E-09
  4.3875658914157907E+02  1.8957527752758708E-09  1.5492647080218848E-09
  4.4312778984420117E+02  1.8464688554638520E-09  1.5091643178010865E-09
  4.4754253951236603E+02  1.7980198904215410E-09  1.4697110931250277E-09
  4.5200127201139645E+02  1.7504324269150522E-09  1.4309290093887124E-09
  4.5650442552908675E+02  1.7037294044898053E-09  1.3928390438883016E-09
  4.6105244261875947E+02  1.6579301185722166E-09  1.3554591374392065E-09
  4.6564577024276923E+02  1.6130500841723601E-09  1.3188040682066048E-09
  4.7028485981642302E+02  1.5691007444522056E-09  1.2828851922914448E-09
  4.7497016725233783E+02  1.5260889533141838E-09  1.2477099930810885E-09
  4.7970215300525729E+02  1.4840161435464115E-09  1.2132813752710871E-09
  4.8448128211729829E+02  1.4428770713679281E-09  1.1795966415185765E-09
  4.8930802426364716E+02  1.4026581913570744E-09  1.1466462479708968E-09
  4.9418285379872964E+02  1.3633378657975953E-09  1.1144141112204024E-09
  4.9910624980282182E+02  1.3248927652018827E-09  1.0828827587199336E-09
  5.0407869612913146E+02  1.2873006657719825E-09  1.0520355431220611E-09
  5.0910068145135068E+02  1.2505404698046817E-09  1.0218566600164041E-09
  5.1417269931168516E+02  1.2145921815820934E-09  9.9233113148983179E-10
  5.1929524816935043E+02  1.1794369048964583E-09  9.6344480788686834E-10
  5.2446883144956234E+02  1.1450568722569694E-09  9.3518439673082777E-10
  5.2969395759301483E+02  1.1114355212155261E-09  9.0753753178882927E-10
  5.3497114010584107E+02  1.0785576388184909E-09  8.8049289973575438E-10
  5.4030089761008253E+02  1.0464096003776826E-09  8.5404044471371527E-10
  5.4568375389465996E+02  1.0149797374282864E-09  8.2817167400003207E-10
  5.5112023796684355E+02  9.8425884012951319E-10  8.0288005698415964E-10
  5.5661088410424452E+02  9.5424049025919075E-10  7.7816126108010727E-10
  5.6215623190732549E+02  9.2491939174636234E-10  7.5401178910817789E-10
  5.6775682635242390E+02  8.9628980469338925E-10  7.3042772877658814E-10
  5.7341321784531340E+02  8.6834546628033369E-10  7.0740468886866618E-10
  5.7912596227529946E+02  8.4107961480348101E-10  6.8493781843777503E-10
  5.8489562106984260E+02  8.1448500155837519E-10  6.6302181969797350E-10
  5.9072276124973746E+02  7.8855389061513823E-10  6.4165095138957952E-10
  5.9660795548484100E+02  7.6327804480306448E-10  6.2081901793004753E-10
  6.0255178215034482E+02  7.3864868925904799E-10  6.0051933787859995E-10
  6.0855482538361991E+02  7.1465643946632411E-10  5.8074468383008505E-10
  6.1461767514162671E+02  6.9129118067746070E-10  5.6148718478466582E-10
  6.2074092725888693E+02  6.6854189211704624E-10  5.4273818723393826E-10
  6.2692518350604314E+02  6.4639646268050918E-10  5.2448811450419300E-10
  6.3317105164900295E+02  6.2484208913876445E-10  5.0672679628810660E-10
  6.3947914550865994E+02  6.0386613200039676E-10  4.8944416046025212E-10
  6.4585008502122196E+02  5.8345624170210120E-10  4.7263034276062670E-10
  6.5228449629913973E+02  5.6360034526928532E-10  4.5627567999245781E-10
  6.5878301169263091E+02  5.4428664371554002E-10  4.4037070462453118E-10
  6.6534626985182979E+02  5.2550360920968853E-10  4.2490614149636405E-10
  6.7197491578955305E+02  5.0723998216057582E-10  4.0987290750931729E-10
  6.7866960094468925E+02  4.8948477327361970E-10  3.9526211554917369E-10
  6.8543098324620905E+02  4.7222727443940149E-10  3.8106508422043406E-10
  6.9225972717784100E+02  4.5545707955785513E-10  3.6727335512921308E-10
  6.9915650384336686E+02  4.3916411485779880E-10  3.5387871927597828E-10
  7.0612199103256580E+02  4.2333867611591307E-10  3.4087324893340151E-10
  7.1315687328784236E+02  4.0797139852780542E-10  3.2824927338715570E-10
  7.2026184197149303E+02  3.9305305466138360E-10  3.1599921572026696E-10
  7.2743759533364027E+02  3.7857448453999828E-10  3.0411553488892510E-10
  7.3468483858087359E+02  3.6452659793149688E-10  2.9259072776846116E-10
  7.4200428394554308E+02  3.5090037141305945E-10  2.8141733192232938E-10
  7.4939665075575351E+02  3.3768684714705389E-10  2.7058792809914766E-10
  7.5686266550606069E+02  3.2487713713313965E-10  2.6009514232928955E-10
  7.6440306192887294E+02  3.1246242800674054E-10  2.4993164743219893E-10
  7.7201858106655084E+02  3.0043398149017100E-10  2.4009016367407808E-10
  7.7970997134423783E+02  2.8878313015932175E-10  2.3056345825727783E-10
  7.8747798864341871E+02  2.7750127199564524E-10  2.2134434324786055E-10
  7.9532339637619407E+02  2.6657986479929547E-10  2.1242567199090266E-10
  8.0324696556031142E+02  2.5601042473515498E-10  2.0380033853641997E-10
  8.1124947489494241E+02  2.4578455525713956E-10  1.9546130182620719E-10
  8.1933171083720026E+02  2.3589396945548427E-10  1.8740160457626348E-10
  8.2749446767943573E+02  2.2633049194483882E-10  1.7961437491696599E-10
  8.3573854762730184E+02  2.1708605986348069E-10  1.7209282682031355E-10
  8.4406476087858130E+02  2.0815272062895246E-10  1.6483026020455242E-10
  8.5247392570281534E+02  1.9952262750545678E-10  1.5782006054018015E-10
  8.6096686852172456E+02  1.9118803816354806E-10  1.5105569769903055E-10
  8.6954442399041761E+02  1.8314131293650787E-10  1.4453072368615818E-10
  8.7820743507942200E+02  1.7537490931478836E-10  1.3823876880860081E-10
  8.8695675315753385E+02  1.6788137435794692E-10  1.3217353574322553E-10
  8.9579323807547655E+02  1.6065333441296344E-10  1.2632879129697606E-10
  9.0471775825040959E+02  1.5368348395148258E-10  1.2069835860896915E-10
  9.1373119075127784E+02  1.4696461257751812E-10  1.1527614027322316E-10
  9.2283442138499697E+02  1.4048965345073816E-10  1.1005615778288618E-10
  9.3202834478351122E+02  1.3425168757755485E-10  1.0503255514626463E-10
  9.4131386449172169E+02  1.2824394134275532E-10  1.0019959682491450E-10
  9.5069189305627128E+02  1.2245978496087302E-10  9.5551665924809064E-11
  9.6016335211523233E+02  1.1689273060086961E-10  9.1083262703607435E-11
  9.6972917248868703E+02  1.1153642874243533E-10  8.6789003488431183E-11
  9.7939029427019454E+02  1.0638466605851785E-10  8.2663620139386290E-11
  9.8914766691918464E+02  1.0143136686663461E-10  7.8701960229434884E-11
  9.9900224935427150E+02  9.6670594911573541E-11  7.4898988127835974E-11
  1.0089550100474909E+03  9.2096555435349686E-11  7.1249787136072490E-11
  1.0190069271194635E+03  8.7703598064427095E-11  6.7749562118060120E-11
  1.0291589884355458E+03  8.3486209208483057E-11  6.4393633809946234E-11
  1.0394121917029013E+03  7.9438984309007801E-11  6.1177417067050011E-11
  1.0497675445685391E+03  7.5556619491160088E-11  5.8096414455384734E-11
  1.0602260647183668E+03  7.1833911799157363E-11  5.5146216572191860E-11
  1.0707887799771925E+03  6.8265759466452655E-11  5.2322502357404234E-11
  1.0814567284097225E+03  6.4847162633732617E-11  4.9621039318597955E-11
  1.0922309584226048E+03  6.1573224467148300E-11  4.7037683659499089E-11
  1.1031125288674461E+03  5.8439150370581278E-11  4.4568380297562169E-11
  1.1141025091448719E+03  5.5440245158602800E-11  4.2209162750585649E-11
  1.1252019793096256E+03  5.2571912372538125E-11  3.9956152867267910E-11
  1.1364120301767200E+03  4.9829655808223073E-11  3.7805560369028606E-11
  1.1477337634286250E+03  4.7209079818731508E-11  3.5753682209243684E-11
  1.1591682917235435E+03  4.4705888820804315E-11  3.3796902216307831E-11
  1.1707167388047658E+03  4.2315888919352650E-11  3.1931692842333528E-11
  1.1823802396110943E+03  4.0034988213127654E-11  3.0154616047094258E-11
  1.1941599403883872E+03  3.7859195821151209E-11  2.8462322719812143E-11
  1.2060569988022141E+03  3.5784621190737862E-11  2.6851551990455370E-11
  1.2180725840516138E+03  3.3807473314025089E-11  2.5319130498907781E-11
  1.2302078769840052E+03  3.1924060133957579E-11  2.3861971625709704E-11
  1.2424640702112447E+03  3.0130788479751003E-11  2.2477074689533090E-11
  1.2548423682268160E+03  2.8424163788017239E-11  2.1161524118146125E-11
  1.2673439875242116E+03  2.6800788297761992E-11  1.9912488600428665E-11
  1.2799701567164925E+03  2.5257358848581812E-11  1.8727220227711175E-11
  1.2927221166570166E+03  2.3790666327071770E-11  1.7603053622922132E-11
  1.3056011205613925E+03  2.2397595533167037E-11  1.6537404988385279E-11
  1.3186084341306494E+03  2.1075123497771303E-11  1.5527770470663690E-11
  1.3317453356756091E+03  1.9820317215487058E-11  1.4571724331013707E-11
  1.3450131162425221E+03  1.8630332111949508E-11  1.3666917789651845E-11
  1.3584130797399546E+03  1.7502410712625064E-11  1.2811077921503516E-11
  1.3719465430669163E+03  1.6433881468554202E-11  1.2002006513372217E-11
  1.3856148362422869E+03  1.5422157538059874E-11  1.1237578886735546E-11
  1.3994193025355360E+03  1.4464735534176724E-11  1.0515742691295626E-11
  1.4133612985987158E+03  1.3559194443418904E-11  9.8345166755614122E-12
  1.4274421945997983E+03  1.2703194624258055E-11  9.1919894417410305E-12
  1.4416633743573373E+03  1.1894476449700336E-11  8.5863181928257982E-12
  1.4560262354764479E+03  1.1130858646161873E-11  8.0157274781747321E-12
  1.4705321894861684E+03  1.0410236813930342E-11  7.4785079223116939E-12
  1.4851826619781864E+03  9.7305817497275310E-12  6.9730146630087171E-12
  1.4999790927469248E+03  9.0899372354186108E-12  6.4976653741449165E-12
  1.5149229359310475E+03  8.4864185234371869E-12  6.0509387502620443E-12
  1.5300156601563740E+03  7.9182109723655402E-12  5.6313731371583735E-12
  1.5452587486802061E+03  7.3835684677914737E-12  5.2375651433447095E-12
  1.5606536995370757E+03  6.8808118078600284E-12  4.8681682338953170E-12
  1.5762020256860044E+03  6.4083271921214650E-12  4.5218913090782238E-12
  1.5919052551591715E+03  5.9645647334667167E-12  4.1974972698014569E-12
  1.6077649312120657E+03  5.5480368947934648E-12  3.8938015714956254E-12
  1.6237826124751862E+03  5.1573169254830253E-12  3.6096707677063385E-12
  1.6399598731072042E+03  4.7910373452094100E-12  3.3440210443016411E-12
  1.6562983029496413E+03  4.4478882360033679E-12  3.0958167479951175E-12
  1.6727995076831555E+03  4.1266154644855657E-12  2.8640689465373708E-12
  1.6894651089853185E+03  3.8260193784274648E-12  2.6478341250186309E-12
  1.7062967446899827E+03  3.5449534661953330E-12  2.4462128157782213E-12
  1.7232960689482500E+03  3.2823227037601757E-12  2.2583481575093501E-12
  1.7404647523910455E+03  3.0370818973032415E-12  2.0834244654600862E-12
  1.7578044822932798E+03  2.8082341120168195E-12  1.9206658175548633E-12
  1.7753169627396796E+03  2.5948291265715317E-12  1.7693346582683297E-12
  1.7930039147922687E+03  2.3959618823354523E-12  1.6287304220989717E-12
  1.8108670766594857E+03  2.2107709315306709E-12  1.4981881785210422E-12
  1.8289082038670208E+03  2.0384369101989154E-12  1.3770773002854751E-12
  1.8471290694303527E+03  1.8781810595395846E-12  1.2648001569541732E-12
  1.8655314640289719E+03  1.7292637810313351E-12  1.1607908346411437E-12
  1.8841171961823732E+03  1.5909831872760235E-12  1.0645138763283946E-12
  1.9028880924278017E+03  1.4626736021761978E-12  9.7546299263303160E-13
  1.9218459974997359E+03  1.3437041151758240E-12  8.9315979820675774E-13
  1.9409927745111909E+03  1.2334772354843003E-12  8.1715263321499795E-13
  1.9603303051368332E+03  1.1314275472479913E-12  7.4701541729279055E-13
  1.9798604897978785E+03  1.0370203831540817E-12  6.8234653048971069E-13
  1.9995852478488712E+03  9.4975054058427739E-13  6.2276772187542538E-13
  2.0195065177663223E+03  8.6914103758771180E-13  5.6792304636361104E-13
  2.0396262573391939E+03  7.9474189973014756E-13  5.1747783019457115E-13
  2.0599464438613131E+03  7.2612897297979651E-13  4.7111766540562486E-13
  2.0804690743257065E+03  6.6290276345749196E-13  4.2854743350960061E-13
  2.1011961656208332E+03  6.0468731505410127E-13  3.8949035855069462E-13
  2.1221297547288091E+03  5.5112913451626643E-13  3.5368709016088081E-13
  2.1432718989256055E+03  5.0189614364130654E-13  3.2089482399127133E-13
  2.1646246759832020E+03  4.5667662175330044E-13  2.9088645984056992E-13
  2.1861901843738183E+03  4.1517817577402013E-13  2.6344977694278995E-13
  2.2079705434761099E+03  3.7712680302787974E-13  2.3838663606007357E-13
  2.2299678937834697E+03  3.4226597721838724E-13  2.1551221176035238E-13
  2.2521843971143985E+03  3.1035573818271957E-13  1.9465425457291806E-13
  2.2746222368249360E+03  2.8117181759542544E-13  1.7565238265046855E-13
  2.2972836180232443E+03  2.5450479748600937E-13  1.5835740251969676E-13
  2.3201707677863328E+03  2.3015929723719434E-13  1.4263065845923381E-13
  2.3432859353789004E+03  2.0795319167682711E-13  1.2834341000319499E-13
  2.3666313924743959E+03  1.8771686259310077E-13  1.1537623703325484E-13
  2.3902094333782857E+03  1.6929248602234284E-13  1.0361847185102214E-13
  2.4140223752535030E+03  1.5253335362761340E-13  9.2967657137770158E-14
  2.4380725583481808E+03  1.3730321828276061E-13  8.3329028188450396E-14
  2.4623623462256601E+03  1.2347565991432243E-13  7.4615021517337552E-14
  2.4868941259967405E+03  1.1093348178493898E-13  6.6744808719130076E-14
  2.5116703085542940E+03  9.9568148487224809E-14  5.9643853924826402E-14
  2.5366933288102127E+03  8.9279252846247464E-14  5.3243494121711845E-14
  2.5619656459346716E+03  7.9973996748460359E-14  4.7480541619056740E-14
  2.5874897435978232E+03  7.1566693420100681E-14  4.2296907929392211E-14
  2.6132681302138985E+03  6.3978300663835122E-14  3.7639248326397461E-14
  2.6393033391876888E+03  5.7135981270690698E-14  3.3458626334718950E-14
  2.6655979291635608E+03  5.0972685446310217E-14  2.9710197402505974E-14
  2.6921544842768740E+03  4.5426754429554528E-14  2.6352911020097446E-14
  2.7189756144079556E+03  4.0441546034486085E-14  2.3349230662625360E-14
  2.7460639554386066E+03  3.5965082898503299E-14  2.0664871573897508E-14
  2.7734221695111132E+03  3.1949720020183617E-14  1.8268554565982013E-14
  2.8010529452898909E+03  2.8351829150356272E-14  1.6131774494300135E-14
  2.8289589982257289E+03  2.5131502405607533E-14  1.4228583559807880E-14
  2.8571430708226262E+03  2.2252275305866841E-14  1.2535388805664630E-14
  2.8856079329073277E+03  1.9680866641440797E-14  1.1030763111882173E-14
  2.9143563819015512E+03  1.7386934048820555E-14  9.6952690076091871E-15
  2.9433912430968749E+03  1.5342845405977028E-14  8.5112946379084523E-15
  2.9727153699324085E+03  1.3523465403986492E-14  7.4629012399277486E-15
  3.0023316442752448E+03  1.1905956317919844E-14  6.5356815022671163E-15
  3.0322429767036351E+03  1.0469592110699643E-14  5.7166282000947204E-15
  3.0624523067930527E+03  9.1955851063982403E-15  4.9940125116387162E-15
  3.0929626034051012E+03  8.0669245831504885E-15  4.3572713596779827E-15
  3.1237768649792456E+03  7.0682270965706416E-15  3.7969032713762405E-15
  3.1548981198275069E+03  6.1855982152156041E-15  3.3043724476318325E-15
  3.1863294264320925E+03  5.4065035071428704E-15  2.8720203959786415E-15
  3.2180738737459269E+03  4.7196478603167463E-15  2.4929846089671946E-15
  3.2501345814962751E+03  4.1148654466222962E-15  2.1611238286950332E-15
  3.2825147004912933E+03  3.5830196900230099E-15  1.8709494588823906E-15
  3.3152174129296968E+03  3.1159096883725703E-15  1.6175627063951787E-15
  3.3482459327135148E+03  2.7061831387665946E-15  1.3965970544165192E-15
  3.3816035057639019E+03  2.3472568212175595E-15  1.2041656894674739E-15
  3.4152934103401535E+03  2.0332440459234527E-15  1.0368135241047657E-15
  3.4493189573619029E+03  1.7588881242891651E-15  8.9147347630490475E-16
  3.4836834907344664E+03  1.5195012175284881E-15  7.6542668541702688E-16
  3.5183903876774880E+03  1.3109082319329811E-15  6.5626636363845613E-16
  3.5534430590568613E+03  1.1293956799718392E-15  5.6186499952547888E-16
  3.5888449497198972E+03  9.7166531007269859E-16  4.8034464659882195E-16
  3.6245995388338897E+03  8.3479182516624600E-16  4.1005004712598080E-16
  3.6607103402280577E+03  7.1618410400708206E-16  3.4952435729497225E-16
  3.6971809027388294E+03  6.1355016354113631E-16  2.9748725542132827E-16
  3.7340148105586259E+03  5.2486573932464441E-16  2.5281522961474045E-16
  3.7712156835881319E+03  4.4834566432998106E-16  2.1452385546546270E-16
  3.8087871777919959E+03  3.8241783092744942E-16  1.8175188778965996E-16
  3.8467329855581479E+03  3.2569975876762403E-16  1.5374700329549592E-16
  3.8850568360606990E+03  2.7697753163031558E-16  1.2985304321047522E-16
  3.9237624956263762E+03  2.3518685557319226E-16  1.0949861646430011E-16
  3.9628537681047242E+03  1.9939603220836736E-16  9.2186934982504172E-17
  4.0023344952418802E+03  1.6879066825484725E-16  7.7486762296420263E-17
  4.0422085570581480E+03  1.4265999715275453E-16  6.5024366782691488E-17
  4.0824798722293394E+03  1.2038468373521728E-16  5.4476380165720526E-17
  4.1231523984718360E+03  1.0142591791826248E-16  4.5563470094283791E-17