 #p(MeV) \t \delta f_\\nu \t \delta f_\\nubar
  4.5074013520100453E-01  9.9231913562000562E-02  1.7343482742300186E-06
  4.5523072438975104E-01  9.8984771603603708E-02  1.7161600234901321E-06
  4.5976605197582932E-01  9.8751659604189274E-02  1.6981249214063765E-06
  4.6434656367451499E-01  9.8540809209468089E-02  1.6802424161894111E-06
  4.6897270964161070E-01  9.8364610590950252E-02  1.6625119499543537E-06
  4.7364494451768768E-01  9.8146671948776423E-02  1.6449329609227414E-06
  4.7836372747276468E-01  9.7919733822351057E-02  1.6275048810810184E-06
  4.8312952225143385E-01  9.7642547825018522E-02  1.6102271446073013E-06
  4.8794279721843692E-01  9.7402775140966111E-02  1.5930992019574206E-06
  4.9280402540469248E-01  9.7159560224581970E-02  1.5761204896514525E-06
  4.9771368455378562E-01  9.6962748081193761E-02  1.5592903504778180E-06
  5.0267225716891728E-01  9.6748753817377103E-02  1.5426079477204669E-06
  5.0768023056032352E-01  9.6525049322059187E-02  1.5260722132985611E-06
  5.1273809689316707E-01  9.6288371223241381E-02  1.5096818697194057E-06
  5.1784635323590444E-01  9.6046304674042307E-02  1.4934355798108242E-06
  5.2300550160913717E-01  9.5793839430170669E-02  1.4773320173414284E-06
  5.2821604903494745E-01  9.5580262132772056E-02  1.4613698689088046E-06
  5.3347850758672666E-01  9.5346782783489278E-02  1.4455478326545837E-06
  5.3879339443950114E-01  9.5118707073958572E-02  1.4298646232642776E-06
  5.4416123192075627E-01  9.4904944926857790E-02  1.4143189741646013E-06
  5.4958254756177116E-01  9.4703651855658627E-02  1.3989096109271847E-06
  5.5505787414946028E-01  9.4471414304790197E-02  1.3836352338629741E-06
  5.6058774977873516E-01  9.4285560132537791E-02  1.3684945509817146E-06
  5.6617271790538659E-01  9.4068763466495439E-02  1.3534863473365556E-06
  5.7181332739949176E-01  9.3836858175016344E-02  1.3386095516258913E-06
  5.7751013259935768E-01  9.3603676625481178E-02  1.3238632651927898E-06
  5.8326369336599715E-01  9.3397128522832079E-02  1.3092466842023075E-06
  5.8907457513815087E-01  9.3170653738479534E-02  1.2947590164260979E-06
  5.9494334898785728E-01  9.2941463039501584E-02  1.2803994740005339E-06
  6.0087059167657420E-01  9.2731175177480932E-02  1.2661672740232880E-06
  6.0685688571186203E-01  9.2517115295601235E-02  1.2520616359286085E-06
  6.1290281940462898E-01  9.2297454755357819E-02  1.2380817734686457E-06
  6.1900898692694906E-01  9.2076888609958427E-02  1.2242269091708374E-06
  6.2517598837045607E-01  9.1852234568224972E-02  1.2104963080682637E-06
  6.3140442980531575E-01  9.1626985379880399E-02  1.1968892920236098E-06
  6.3769492333979105E-01  9.1393554126565690E-02  1.1834052199116776E-06
  6.4404808718039552E-01  9.1213979841770945E-02  1.1700434481818483E-06
  6.5046454569264955E-01  9.0988284439101091E-02  1.1568032944001398E-06
  6.5694492946244143E-01  9.0802910053632266E-02  1.1436840356371208E-06
  6.6348987535799686E-01  9.0599510235503389E-02  1.1306849408518401E-06
  6.7010002659246948E-01  9.0372151587054736E-02  1.1178052783404689E-06
  6.7677603278715415E-01  9.0140761634988562E-02  1.1050443156328809E-06
  6.8351855003532713E-01  8.9897375008688635E-02  1.0924013194232197E-06
  6.9032824096672729E-01  8.9678343052530377E-02  1.0798755572105023E-06
  6.9720577481267398E-01  8.9459604276988222E-02  1.0674662970001954E-06
  7.0415182747183924E-01  8.9244444587210175E-02  1.0551728096696151E-06
  7.1116708157667075E-01  8.9032752419851285E-02  1.0429943887560554E-06
  7.1825222656047905E-01  8.8846765020657192E-02  1.0309303871140510E-06
  7.2540795872519359E-01  8.8647636332010213E-02  1.0189802540186043E-06
  7.3263498130979088E-01  8.8461487261063995E-02  1.0071435566648371E-06
  7.3993400455940683E-01  8.8248742307762112E-02  9.9541996246446969E-07
  7.4730574579513820E-01  8.8033530073696839E-02  9.8380915732230586E-07
  7.5475092948453637E-01  8.7814587366257954E-02  9.7231081244114496E-07
  7.6227028731280766E-01  8.7599490723729592E-02  9.6092458391445815E-07
  7.6986455825471733E-01  8.7385860046756303E-02  9.4965011311583416E-07
  7.7753448864721730E-01  8.7167648755484523E-02  9.3848702792662529E-07
  7.8528083226279033E-01  8.6967122318190218E-02  9.2743494112479073E-07
  7.9310435038352844E-01  8.6762993471318606E-02  9.1649342998845306E-07
  8.0100581187595099E-01  8.6551821741518417E-02  9.0566198876511230E-07
  8.0898599326656373E-01  8.6341405500478752E-02  8.9493996695205405E-07
  8.1704567881817325E-01  8.6140973437341173E-02  8.8432651819467898E-07
  8.2518566060696341E-01  8.5952459374941059E-02  8.7382057859500402E-07
  8.3340673860033454E-01  8.5769255468527747E-02  8.6342088842310845E-07
  8.4170972073552497E-01  8.5576079451386372E-02  8.5312611516112674E-07
  8.5009542299900775E-01  8.5351916209171527E-02  8.4293494525536819E-07
  8.5856466950668753E-01  8.5114819928175600E-02  8.3284609000134297E-07
  8.6711829258488804E-01  8.4864606707692969E-02  8.2285828527537081E-07
  8.7575713285215073E-01  8.4646324151956706E-02  8.1297029171858866E-07
  8.8448203930185010E-01  8.4434830441988643E-02  8.0318089846408856E-07
  8.9329386938562583E-01  8.4247896627258706E-02  7.9348894416404267E-07
  9.0219348909765251E-01  8.4095304017374362E-02  7.8389335821631969E-07
  9.1118177305974690E-01  8.3915147319487238E-02  7.7439320563018327E-07
  9.2025960460731948E-01  8.3722274072533603E-02  7.6498771639894246E-07
  9.2942787587618925E-01  8.3516200895112913E-02  7.5567628950165790E-07
  9.3868748789025547E-01  8.3316156716649381E-02  7.4645847218859251E-07
  9.4803935065005140E-01  8.3098129888135933E-02  7.3733389131674716E-07
  9.5748438322217189E-01  8.2898213838036416E-02  7.2830217272864963E-07
  9.6702351382959706E-01  8.2676196923326783E-02  7.1936292898580949E-07
  9.7665767994291741E-01  8.2499615089769884E-02  7.1051575967922874E-07
  9.8638782837246020E-01  8.2293362710053997E-02  7.0176025106231930E-07
  9.9621491536134132E-01  8.2098720206226536E-02  6.9309597262217988E-07
  1.0061399066794425E+00  8.1895897918342758E-02  6.8452246047994043E-07
  1.0161637777183197E+00  8.1701216302465920E-02  6.7603918699561716E-07
  1.0262875135870655E+00  8.1506033625817792E-02  6.6764553667761363E-07
  1.0365121092091178E+00  8.1303205511209203E-02  6.5934080531487357E-07
  1.0468385694200411E+00  8.1096831096554176E-02  6.5112422336678167E-07
  1.0572679090662747E+00  8.0898489982040037E-02  6.4299499223466875E-07
  1.0678011531048694E+00  8.0696812126771447E-02  6.3495231580054935E-07
  1.0784393367042189E+00  8.0505718097875892E-02  6.2699540858299209E-07
  1.0891835053457875E+00  8.0306608610215158E-02  6.1912349450950781E-07
  1.1000347149268590E+00  8.0105188269630367E-02  6.1133580668345717E-07
  1.1109940318643081E+00  7.9915759586154253E-02  6.0363158762456636E-07
  1.1220625331993992E+00  7.9735112417926968E-02  5.9601009117568190E-07
  1.1332413067036398E+00  7.9555615188400805E-02  5.8847059195030808E-07
  1.1445314509856768E+00  7.9364524473251027E-02  5.8101240361798065E-07
  1.1559340755992686E+00  7.9172185167605422E-02  5.7363488834723886E-07
  1.1674503011523247E+00  7.8964079652513633E-02  5.6633744066893554E-07
  1.1790812594170361E+00  7.8756308233488892E-02  5.5911944679344307E-07
  1.1908280934411035E+00  7.8545573181951864E-02  5.5198023477991570E-07
  1.2026919576600676E+00  7.8360840308488805E-02  5.4491904299933350E-07
  1.2146740180107662E+00  7.8164944461328739E-02  5.3793506824083848E-07
  1.2267754520459182E+00  7.7994672030093082E-02  5.3102751222458172E-07
  1.2389974490498463E+00  7.7803970530747960E-02  5.2419558447217880E-07
  1.2513412101553592E+00  7.7615993039338110E-02  5.1743850211552960E-07
  1.2638079484617906E+00  7.7455859176461916E-02  5.1075548900325732E-07
  1.2763988891542224E+00  7.7278682530515744E-02  5.0414577127441536E-07
  1.2891152696238870E+00  7.7081413863424417E-02  4.9760856793193864E-07
  1.3019583395897762E+00  7.6884255669324289E-02  4.9114308897477110E-07
  1.3149293612214599E+00  7.6685308620658921E-02  4.8474855685754531E-07
  1.3280296092631243E+00  7.6482734891216084E-02  4.7842425225569419E-07
  1.3412603711588507E+00  7.6269791007491150E-02  4.7216956999486418E-07
  1.3546229471791427E+00  7.6090156475452961E-02  4.6598406188238838E-07
  1.3681186505487082E+00  7.5908144227503999E-02  4.5986738800909915E-07
  1.3817488075755204E+00  7.5726106178645655E-02  4.5381921599208362E-07
  1.3955147577811633E+00  7.5539486077276063E-02  4.4783920581352506E-07
  1.4094178540324738E+00  7.5347433644704684E-02  4.4192701003666112E-07
  1.4234594626744959E+00  7.5152928664094260E-02  4.3608227428457672E-07
  1.4376409636647598E+00  7.4949318517901486E-02  4.3030463942123973E-07
  1.4519637507089027E+00  7.4770766901420399E-02  4.2459374835305906E-07
  1.4664292313976319E+00  7.4585377098952438E-02  4.1894925250365036E-07
  1.4810388273450601E+00  7.4419024843575543E-02  4.1337080551572650E-07
  1.4957939743284181E+00  7.4268243066634598E-02  4.0785803807027857E-07
  1.5106961224291549E+00  7.4100375542454744E-02  4.0241051909437243E-07
  1.5257467361754462E+00  7.3916725200985009E-02  3.9702771649015925E-07
  1.5409472946861256E+00  7.3720573769788314E-02  3.9170899907355076E-07
  1.5562992918160459E+00  7.3521850066411348E-02  3.8645371308144295E-07
  1.5718042363028875E+00  7.3327769556087927E-02  3.8126120879178242E-07
  1.5874636519154328E+00  7.3130619221452184E-02  3.7613084088589709E-07
  1.6032790776033197E+00  7.2950025776883157E-02  3.7106196839236549E-07
  1.6192520676482787E+00  7.2767743953869257E-02  3.6605395395655231E-07
  1.6353841918168837E+00  7.2587671866448059E-02  3.6110615903003735E-07
  1.6516770355148274E+00  7.2408844856500801E-02  3.5621793313098011E-07
  1.6681321999427219E+00  7.2223642471792082E-02  3.5138860377900481E-07
  1.6847513022534619E+00  7.2047898821946885E-02  3.4661747546064157E-07
  1.7015359757111559E+00  7.1873899234073946E-02  3.4190384082830184E-07
  1.7184878698516335E+00  7.1705946717472116E-02  3.3724700113089248E-07
  1.7356086506445541E+00  7.1523413229474017E-02  3.3264628535080942E-07
  1.7529000006571358E+00  7.1335884040694950E-02  3.2810104341570196E-07
  1.7703636192195134E+00  7.1166689390184612E-02  3.2361063537803827E-07
  1.7880012225917361E+00  7.0984386406495598E-02  3.1917443061879531E-07
  1.8058145441324394E+00  7.0782949759952946E-02  3.1479180769861352E-07
  1.8238053344691956E+00  7.0598156856987407E-02  3.1046215433692209E-07
  1.8419753616705532E+00  7.0427028088833873E-02  3.0618486914742565E-07
  1.8603264114197977E+00  7.0249513024438687E-02  3.0195936837940884E-07
  1.8788602871904470E+00  7.0073587602526244E-02  2.9778509540794781E-07
  1.8975788104234848E+00  6.9883043054511873E-02  2.9366152647879514E-07
  1.9164838207063659E+00  6.9715216569275082E-02  2.8958816816128181E-07
  1.9355771759538043E+00  6.9543367414953636E-02  2.8556454611857921E-07
  1.9548607525903661E+00  6.9298029870507719E-02  2.8159018918786155E-07
  1.9743364457348709E+00  1.1897229582890906E-04  2.7766462249550813E-07
  1.9940061693866400E+00  3.8571722703282405E-05  2.7378737219241387E-07
  2.0138718566136018E+00  2.2791491349854022E-05  2.6995796644075767E-07
  2.0339354597422581E+00  1.6055141869200847E-05  2.6617593544604150E-07
  2.0541989505495573E+00  1.2319064862188556E-05  2.6244081150378978E-07
  2.0746643204566730E+00  9.9439927466420787E-06  2.5875212898074980E-07
  2.0953335807247129E+00  8.3010485263714662E-06  2.5510942281900768E-07
  2.1162087626523749E+00  7.0971715541200215E-06  2.5151222637070639E-07
  2.1372919177755798E+00  6.1773414043906312E-06  2.4796007255810016E-07
  2.1585851180690887E+00  5.4518536341535912E-06  2.4445250119832367E-07
  2.1800904561501264E+00  4.8651922587975595E-06  2.4098907218307120E-07
  2.2018100454840361E+00  4.3811564101355640E-06  2.3756938102696737E-07
  2.2237460205919883E+00  3.9751320642088865E-06  2.3419305882433946E-07
  2.2459005372607459E+00  3.6297979124184699E-06  2.3085974394871161E-07
  2.2682757727545302E+00  3.3326092524317452E-06  2.2756907336062580E-07
  2.2908739260289979E+00  3.0742570300189800E-06  2.2432068265742642E-07
  2.3136972179473450E+00  2.8476873898113180E-06  2.2111420619385202E-07
  2.3367478914985558E+00  2.6474574394770574E-06  2.1794927693895697E-07
  2.3600282120178493E+00  2.4692999745619500E-06  2.1482552640134496E-07
  2.3835404674093028E+00  2.3098221367230990E-06  2.1174258548988611E-07
  2.4072869683706934E+00  2.1662922655639068E-06  2.0870008627387559E-07
  2.4312700486205912E+00  2.0364862280611811E-06  2.0569766400964026E-07
  2.4554920651277081E+00  1.9185747233102995E-06  2.0273495875537636E-07
  2.4799553983425286E+00  1.8110393682598591E-06  1.9981161608626078E-07
  2.5046624524312531E+00  1.7126093625782577E-06  1.9692728616360381E-07
  2.5296156555120723E+00  1.6222129493287159E-06  1.9408161971137570E-07
  2.5548174598937954E+00  1.5389398341501642E-06  1.9127426604837237E-07
  2.5802703423168425E+00  1.4620118596334335E-06  1.8850487315969067E-07
  2.6059768041966649E+00  1.3907598529718671E-06  1.8577308785222487E-07
  2.6319393718695689E+00  1.3246051793133141E-06  1.8307855593746160E-07
  2.6581605968409892E+00  1.2630449210734467E-06  1.8042092228581563E-07
  2.6846430560362466E+00  1.2056398813131545E-06  1.7779983355897398E-07
  2.7113893520538044E+00  1.1520048196050887E-06  1.7521495355790292E-07
  2.7384021134210288E+00  1.1018004891689462E-06  1.7266600081968587E-07
  2.7656839948525214E+00  1.0547271861563309E-06  1.7015280931227185E-07
  2.7932376775110113E+00  1.0105197506623295E-06  1.6767540275685168E-07
  2.8210658692708543E+00  9.6894451633360527E-07  1.6523405308377613E-07
  2.8491713049841390E+00  9.2979525426055900E-07  1.6282916862041427E-07
  2.8775567467494754E+00  8.9288705427833736E-07  1.6046113199129176E-07
  2.9062249841834364E+00  8.5805327625836634E-07  1.5813028398726412E-07
  2.9351788346947054E+00  8.2514332325645349E-07  1.5583692522148388E-07
  2.9644211437609687E+00  7.9402073525479702E-07  1.5358131778627484E-07
  2.9939547852085591E+00  7.6456155079984995E-07  1.5136368693143883E-07
  3.0237826614948764E+00  7.3665289250984181E-07  1.4918422194751027E-07
  3.0539077039936373E+00  7.1019173445238947E-07  1.4704307141926952E-07
  3.0843328732829600E+00  6.8508380765378580E-07  1.4494032607133650E-07
  3.1150611594363204E+00  6.6124259301402935E-07  1.4287598632589375E-07
  3.1460955823163919E+00  6.3858831441285940E-07  1.4084991776305801E-07
  3.1774391918718452E+00  6.1704668654109717E-07  1.3886180485523606E-07
  3.2090950684370774E+00  5.9654790248057350E-07  1.3691117691749873E-07
  3.2410663230349339E+00  5.7702730777110788E-07  1.3499753453708425E-07
  3.2733560976824485E+00  5.5842530534059387E-07  1.3312038197652321E-07
  3.3059675656996359E+00  5.4068687738801309E-07  1.3127922757335003E-07
  3.3389039320213461E+00  5.2376115827583352E-07  1.2947358395377501E-07
  3.3721684335122357E+00  5.0760105392902619E-07  1.2770296784318790E-07
  3.4057643392848798E+00  4.9216290307525742E-07  1.2596690056278477E-07
  3.4396949510210453E+00  4.7740619138478079E-07  1.2426492209205429E-07
  3.4739636032961583E+00  4.6329335550697602E-07  1.2259664352174034E-07
  3.5085736639070313E+00  4.4978974413557554E-07  1.2096185596586288E-07
  3.5435285342028298E+00  4.3686388111326377E-07  1.1936069548200464E-07
  3.5788316494193393E+00  4.2448846705932381E-07  1.1779384225913645E-07
  3.6144864790165721E+00  4.1264201262755026E-07  1.1626259219392591E-07
  3.6504965270197398E+00  4.0130613867964722E-07  1.1476841493181114E-07
  3.6868653323636029E+00  3.9046328102740735E-07  1.1331270675413899E-07
  3.7235964692402699E+00  3.8009658668824961E-07  1.1189678903151333E-07
  3.7606935474504621E+00  3.7018989609357168E-07  1.1052191483612659E-07
  3.7981602127582672E+00  3.6072772727795263E-07  1.0918927584208006E-07
  3.8360001472494187E+00  3.5169526186551232E-07  1.0790000956553685E-07
  3.8742170696931804E+00  3.4307832595432723E-07  1.0665520126986595E-07
  3.9128147359078018E+00  3.3486334138182347E-07  1.0545586319671174E-07
  3.9517969391296210E+00  3.2703720355349713E-07  1.0430287249939430E-07
  3.9911675103858562E+00  3.1958700590712481E-07  1.0319685945319692E-07
  4.0309303188711105E+00  3.1249941519005330E-07  1.0213805218434305E-07
  4.0710892723276100E+00  3.0575940752078235E-07  1.0112613619095932E-07
  4.1116483174292471E+00  2.9935087165826623E-07  1.0016049213830198E-07
  4.1526114401694532E+00  2.9325855824435792E-07  9.9240520077613498E-08
  4.1939826662529134E+00  2.8746822737033487E-07  9.8365669546061031E-08
  4.2357660614912058E+00  2.8196658122935123E-07  9.7535439585012117E-08
  4.2779657322023761E+00  2.7674120262109881E-07  9.6749379018290975E-08
  4.3205858256144918E+00  2.7178049940861211E-07  9.6007087552386242E-08
  4.3636305302732055E+00  2.6707365159732147E-07  9.5308215085822630E-08
  4.4071040764534004E+00  2.6261054790608149E-07  9.4652449116213179E-08
  4.4510107365749292E+00  2.5838168657992216E-07  9.4039476099885042E-08
  4.4953548256224805E+00  2.5437799605568243E-07  9.3468905331644991E-08
  4.5401407015696407E+00  2.5059047988945068E-07  9.2940150988328894E-08
  4.5853727658071959E+00  2.4700946677440697E-07  9.2452285001727525E-08
  4.6310554635756676E+00  2.4362431097428162E-07  9.2004074265211070E-08
  4.6771932844021702E+00  2.4042470228602809E-07  9.1594277026441687E-08
  4.7237907625416469E+00  2.3740098649533931E-07  9.1221707435029389E-08
  4.7708524774224657E+00  2.3454411364629196E-07  9.0885231308447961E-08
  4.8183830540964578E+00  2.3184558951388410E-07  9.0583761903728706E-08
  4.8663871636934770E+00  2.2929743130080818E-07  9.0316256061296904E-08
  4.9148695238804452E+00  2.2689212648171539E-07  9.0081710096588007E-08
  4.9638348993249775E+00  2.2462258197682648E-07  8.9879144878028966E-08
  5.0132881021636599E+00  2.2248202769395772E-07  8.9707555027540759E-08
  5.0632339924749585E+00  2.2046380597230220E-07  8.9565791490410311E-08
  5.1136774787568244E+00  2.1856090632206344E-07  8.9452349399812503E-08
  5.1646235184091465E+00  2.1676490704416581E-07  8.9365046523204934E-08
  5.2160771182208725E+00  2.1506469363265412E-07  8.9300826965837740E-08
  5.2680433348620896E+00  2.1344826034530413E-07  8.9256307603331037E-08
  5.3205272753810142E+00  2.1190396701506499E-07  8.9228075629772177E-08
  5.3735340977058144E+00  2.1042053169733779E-07  8.9212688766106559E-08
  5.4270690111515778E+00  2.0898699409592756E-07  8.9206669265386807E-08
  5.4811372769322402E+00  2.0759268550063498E-07  8.9206499419328407E-08
  5.5357442086776247E+00  2.0622720488936224E-07  8.9208618598126842E-08
  5.5908951729556717E+00  2.0488040397340727E-07  8.9209424562112773E-08
  5.6465955897998370E+00  2.0354239458524567E-07  8.9205289826892079E-08
  5.7028509332417308E+00  2.0220360794145471E-07  8.9192610789429107E-08
  5.7596667318491184E+00  2.0085496671896656E-07  8.9167911166584623E-08
  5.8170485692692360E+00  1.9948830943635429E-07  8.9128020655342412E-08
  5.8750020847775106E+00  1.9809718652723409E-07  8.9070286563254180E-08
  5.9335329738317970E+00  1.9667644188721195E-07  8.8992379211254919E-08
  5.9926469886320977E+00  1.9522117695545065E-07  8.8891994664888720E-08
  6.0523499386858441E+00  1.9372666658318012E-07  8.8766836693100542E-08
  6.1126476913788723E+00  1.9218836981235287E-07  8.8614624121732428E-08
  6.1735461725520278E+00  1.9060194175362890E-07  8.8433098819080959E-08
  6.2350513670835124E+00  1.8896324599291633E-07  8.8220033862181370E-08
  6.2971693194771232E+00  1.8726837009220147E-07  8.7973244327243120E-08
  6.3599061344562058E+00  1.8551365752968382E-07  8.7690611995653936E-08
  6.4232679775636354E+00  1.8369578873121295E-07  8.7370146574162416E-08
  6.4872610757677869E+00  1.8181198107024804E-07  8.7010117122745143E-08
  6.5518917180744172E+00  1.7986046345705888E-07  8.6609295515228003E-08
  6.6171662561447864E+00  1.7784152306139679E-07  8.6167328422575915E-08
  6.6830911049198631E+00  1.7575773343946903E-07  8.5684699882213954E-08
  6.7496727432507315E+00  1.7361215181820664E-07  8.5162096996831382E-08
  6.8169177145353519E+00  1.7140789645737001E-07  8.4600276411624447E-08
  6.8848326273616021E+00  1.6914813763831563E-07  8.4000061559516964E-08
  6.9534241561567276E+00  1.6683608931733796E-07  8.3362339917611188E-08
  7.0226990418433104E+00  1.6447500073373739E-07  8.2688060011700594E-08
  7.0926640925017370E+00  1.6206814821155479E-07  8.1978228376099941E-08
  7.1633261840392350E+00  1.5961882987475550E-07  8.1233908854399906E-08
  7.2346922608656650E+00  1.5713037189336740E-07  8.0456230938957797E-08
  7.3067693365759645E+00  1.5460616561528721E-07  7.9646418838380934E-08
  7.3795644946393990E+00  1.5204977834792135E-07  7.8805858288261973E-08
  7.4530848890957442E+00  1.4946523447065557E-07  7.7936220407732062E-08
  7.5273377452583299E+00  1.4685729612605845E-07  7.7039536151629331E-08
  7.6023303604241006E+00  1.4423088932003926E-07  7.6117949543265870E-08
  7.6780701045908311E+00  1.4159077684249962E-07  7.5173592757679135E-08
  7.7545644211813425E+00  1.3894154377332720E-07  7.4208577015300221E-08
  7.8318208277750472E+00  1.3628759070797267E-07  7.3224986162721102E-08
  7.9098469168468029E+00  1.3363312805764369E-07  7.2224870532499986E-08
  7.9886503565129665E+00  1.3098217160321254E-07  7.1210241313234545E-08
  8.0682388912850787E+00  1.2833854002955769E-07  7.0183066163323028E-08
  8.1486203428309310E+00  1.2570585399759924E-07  6.9145265651888464E-08
  8.2298026107432332E+00  1.2308753494936644E-07  6.8098709013215206E-08
  8.3117936733159947E+00  1.2048679943344849E-07  6.7045206531036687E-08
  8.3946015883285803E+00  1.1790663897073745E-07  6.5986494483731409E-08
  8.4782344938375847E+00  1.1534977837186068E-07  6.4924213881438682E-08
  8.5627006089766429E+00  1.1281870464985731E-07  6.3859922465096870E-08
  8.6480082347641698E+00  1.1031572218982072E-07  6.2795115102808182E-08
  8.7341657549191094E+00  1.0784295998995968E-07  6.1731223950486759E-08
  8.8211816366849245E+00  1.0540237546689589E-07  6.0669617343795665E-08
  8.9090644316616903E+00  1.0299575889501608E-07  5.9611599197634246E-08
  8.9978227766464851E+00  1.0062473868180818E-07  5.8558409140131108E-08
  9.0874653944822494E+00  9.8290785475550413E-08  5.7511221515276306E-08
  9.1780010949149933E+00  9.5995212206413732E-08  5.6471140796320590E-08
  9.2694387754595571E+00  9.3739165552090006E-08  5.5439190335461356E-08
  9.3617874222741264E+00  9.1523600141507148E-08  5.4416290036445223E-08
  9.4550561110432376E+00  8.9349218647672558E-08  5.3403217770732886E-08
  9.5492540078697594E+00  8.7216356183069852E-08  5.2400555476992927E-08
  9.6443903701757563E+00  8.5125015958342769E-08  5.1408721349904375E-08
  9.7404745476121573E+00  8.3075111332164010E-08  5.0428086408714382E-08
  9.8375159829777026E+00  8.1066511220326525E-08  4.9458994484111733E-08
  9.9355242131469197E+00  7.9099042553679305E-08  4.8501762825335401E-08
  1.0034508870007325E+01  7.7172492682166490E-08  4.7556682738111225E-08
  1.0134479681406093E+01  7.5286611357736540E-08  4.6624019888300449E-08
  1.0235446472106018E+01  7.3441113059160886E-08  4.5704015004254142E-08
  1.0337419164751047E+01  7.1635680269514857E-08  4.4796885533123292E-08
  1.0440407780841490E+01  6.9869966631071242E-08  4.3902827200575755E-08
  1.0544422441718865E+01  6.8143597310537299E-08  4.3022013269207241E-08
  1.0649473369560560E+01  6.6456160614890407E-08  4.2154587752009284E-08
  1.0755570888384494E+01  6.4807178005383996E-08  4.1300647333489269E-08
  1.0862725425063683E+01  6.3196075135917871E-08  4.0460228188760207E-08
  1.0970947510350936E+01  6.1622243538042226E-08  3.9633339276164340E-08
  1.1080247779913831E+01  6.0085070933095215E-08  3.8819977595062790E-08
  1.1190636975379922E+01  5.8583942443916103E-08  3.8020128870763085E-08
  1.1302125945392358E+01  5.7118241319900015E-08  3.7233768004355093E-08
  1.1414725646676104E+01  5.5687349718392316E-08  3.6460859603801067E-08
  1.1528447145114702E+01  5.4290649438644042E-08  3.5701358495751468E-08
  1.1643301616837736E+01  5.2927522315950670E-08  3.4955209941298458E-08
  1.1759300349319307E+01  5.1597350571416309E-08  3.4222349843095815E-08
  1.1876454742487184E+01  5.0299517996391500E-08  3.3502705702300673E-08
  1.1994776309843193E+01  4.9033413799091487E-08  3.2796199594379303E-08
  1.2114276679594818E+01  4.7798443015547999E-08  3.2102755096444089E-08
  1.2234967595797812E+01  4.6594043635010314E-08  3.1422306623179523E-08
  1.2356860919510488E+01  4.5419671564713210E-08  3.0754790094784058E-08
  1.2479968629959339E+01  4.4274781076907247E-08  3.0100132258487000E-08
  1.2604302825716273E+01  4.3158824499547970E-08  2.9458250628994572E-08
  1.2729875725887689E+01  4.2071253058154071E-08  2.8829054054909821E-08
  1.2856699671315292E+01  4.1011517699613624E-08  2.8212443298084622E-08
  1.2984787125788856E+01  3.9979069894575063E-08  2.7608311620836982E-08
  1.3114150677271212E+01  3.8973362278935001E-08  2.7016545246725097E-08
  1.3244803039135304E+01  3.7993848617460364E-08  2.6437023225618817E-08
  1.3376757051413557E+01  3.7039982015931830E-08  2.5869615828953091E-08
  1.3510025682059853E+01  3.6111209409944090E-08  2.5314180159244238E-08
  1.3644622028223912E+01  3.5206958624451448E-08  2.4770551173636943E-08
  1.3780559317538403E+01  3.4326614259294569E-08  2.4238527859553822E-08
  1.3917850909418990E+01  3.3469527622682625E-08  2.3717881904458680E-08
  1.4056510296377185E+01  3.2635061723831182E-08  2.3208385010922624E-08
  1.4196551105346323E+01  3.1822597558598013E-08  2.2709812786529810E-08
  1.4337987099020882E+01  3.1031533582464128E-08  2.2221944701323224E-08
  1.4480832177208873E+01  3.0261285183281211E-08  2.1744564029161333E-08
  1.4625100378197940E+01  2.9511284136438876E-08  2.1277457756625732E-08
  1.4770805880135072E+01  2.8780978119186778E-08  2.0820416534073044E-08
  1.4917963002419791E+01  2.8069830360230868E-08  2.0373234740117714E-08
  1.5066586207111582E+01  2.7377319438011001E-08  1.9935710662912523E-08
  1.5216690100351098E+01  2.6702939226512265E-08  1.9507646776255269E-08
  1.5368289433795560E+01  2.6046198963268437E-08  1.9088850053199332E-08
  1.5521399106068589E+01  2.5406623344393914E-08  1.8679132198554612E-08
  1.5676034164224335E+01  2.4783751854846163E-08  1.8278309304142839E-08
  1.5832209805226201E+01  2.4177136877631327E-08  1.7886200804857598E-08
  1.5989941377440438E+01  2.3586342908716176E-08  1.7502629176017323E-08
  1.6149244382144484E+01  2.3010946225057097E-08  1.7127419905615459E-08
  1.6310134475050326E+01  2.2450534561813380E-08  1.6760401464639756E-08
  1.6472627467843164E+01  2.1904706805817772E-08  1.6401405283763435E-08
  1.6636739329735299E+01  2.1373072701759513E-08  1.6050265733300516E-08
  1.6802486189035470E+01  2.0855252572331313E-08  1.5706820107581124E-08
  1.6969884334733976E+01  2.0350877124903341E-08  1.5370908680019219E-08
  1.7138950218103464E+01  1.9859587481649511E-08  1.5042374941975865E-08
  1.7309700454315614E+01  1.9381035665553330E-08  1.4721066183641408E-08
  1.7482151824074226E+01  1.8914885959343654E-08  1.4406834627027938E-08
  1.7656321275264123E+01  1.8460816583256888E-08  1.4099538557049015E-08
  1.7832225924616829E+01  1.8018516366197644E-08  1.3799040087895315E-08
  1.8009883059392866E+01  1.7587681814119255E-08  1.3505203350028121E-08
  1.8189310139080433E+01  1.7168016829814042E-08  1.3217894421687001E-08
  1.8370524797111457E+01  1.6759232560865916E-08  1.2936981340117508E-08
  1.8553544842594487E+01  1.6361047264797847E-08  1.2662334125190196E-08
  1.8738388262064820E+01  1.5973186172105259E-08  1.2393824797094133E-08
  1.8925073221252305E+01  1.5595381269236567E-08  1.2131327313790389E-08
  1.9113618066866501E+01  1.5227370906126929E-08  1.1874717342346830E-08
  1.9304041328399716E+01  1.4868899106219819E-08  1.1623871768969457E-08
  1.9496361719948087E+01  1.4519714390104751E-08  1.1378667828692441E-08
  1.9690598142050710E+01  1.4179567804110795E-08  1.1138981714492087E-08
  1.9886769683547033E+01  1.3848210133647596E-08  1.0904686849956150E-08
  2.0084895623452962E+01  1.3525394022458690E-08  1.0675655739763078E-08
  2.0284995432855478E+01  1.3210879048405921E-08  1.0451763614768996E-08
  2.0487088776826120E+01  1.2904432114677643E-08  1.0232888786117569E-08
  2.0691195516353709E+01  1.2605827209282828E-08  1.0018912566549669E-08
  2.0897335710296165E+01  1.2314845168022291E-08  9.8097191890434498E-09
  2.1105529617351724E+01  1.2031273441819246E-08  9.6051957237725158E-09
  2.1315797698050130E+01  1.1754905902628305E-08  9.4052320263881137E-09
  2.1528160616763131E+01  1.1485542725191702E-08  9.2097207523783367E-09
  2.1742639243735432E+01  1.1222990368590699E-08  9.0185574555017188E-09
  2.1959254657135880E+01  1.0967061689282776E-08  8.8316407873737139E-09
  2.2178028145128664E+01  1.0717576234268105E-08  8.6488728147596312E-09
  2.2398981207965665E+01  1.0474360765356277E-08  8.4701594474327782E-09
  2.2622135560099359E+01  1.0237248999061677E-08  8.2954102228216890E-09
  2.2847513132316738E+01  1.0006079683645356E-08  8.1245369443872921E-09
  2.3075136073894747E+01  9.7806959738326715E-09  7.9574532905777580E-09
  2.3305026754776943E+01  9.5609453054481948E-09  7.7940747782308902E-09
  2.3537207767771886E+01  9.3466792759865940E-09  7.6343187280693217E-09
  2.3771701930773585E+01  9.1377535313206179E-09  7.4781042332741865E-09
  2.4008532289003917E+01  8.9340276357940553E-09  7.3253521094739709E-09
  2.4247722117277338E+01  8.7353648912330674E-09  7.1759847938182578E-09
  2.4489294922288398E+01  8.5416321049290070E-09  7.0299261957196856E-09
  2.4733274444921811E+01  8.3526993182503147E-09  6.8871015157229002E-09
  2.4979684662585548E+01  8.1684395117853966E-09  6.7474370557969648E-09
  2.5228549791567406E+01  7.9887283144401158E-09  6.6108600563980415E-09
  2.5479894289414823E+01  7.8134439208895988E-09  6.4772987189147883E-09
  2.5733742857338349E+01  7.6424676705572457E-09  6.3466827049823035E-09
  2.5990120442639519E+01  7.4756842979621203E-09  6.2189433612606846E-09
  2.6249052241162175E+01  7.3129818398535212E-09  6.0940136860874128E-09
  2.6510563699768859E+01  7.1542515343180219E-09  5.9718282887571203E-09
  2.6774680518841734E+01  6.9993877221596225E-09  5.8523233488033457E-09
  2.7041428654807991E+01  6.8482877746754109E-09  5.7354365985188073E-09
  2.7310834322691072E+01  6.7008521118727449E-09  5.6211073896068452E-09
  2.7582923998686841E+01  6.5569843370879766E-09  5.5092768659322907E-09
  2.7857724422765514E+01  6.4165914899442773E-09  5.3998882358642198E-09
  2.8135262601299715E+01  6.2795844241392608E-09  5.2928871334967627E-09
  2.8415565809718476E+01  6.1458783229258071E-09  5.1882220504106451E-09
  2.8698661595187698E+01  6.0153931862815065E-09  5.0858446692414305E-09
  2.8984577779317540E+01  5.8880525384818662E-09  4.9857088024991473E-09
  2.9273342460896536E+01  5.7637817377592310E-09  4.8877691031898521E-09
  2.9564984018652982E+01  5.6425077916331780E-09  4.7919809455633313E-09
  2.9859531114044024E+01  5.5241593285606555E-09  4.6983004239764355E-09
  3.0157012694072346E+01  5.4086665677223399E-09  4.6066843494087741E-09
  3.0457457994130873E+01  5.2959612808470845E-09  4.5170902376564385E-09
  3.0760896540876100E+01  5.1859767099444002E-09  4.4294762548181996E-09
  3.1067358155129767E+01  5.0786474193757534E-09  4.3438011004246954E-09
  3.1376872954809425E+01  4.9739090869950395E-09  4.2600238360680450E-09
  3.1689471357888650E+01  4.8716982400403032E-09  4.1781036717570465E-09
  3.2005184085386006E+01  4.7719519400909371E-09  4.0979997256774510E-09
  3.2324042164384373E+01  4.6746074429837981E-09  4.0196707959926796E-09
  3.2646076931080373E+01  4.5796024674947113E-09  3.9430756411403227E-09
  3.2971320033863570E+01  4.4868762178379962E-09  3.8681738210849209E-09
  3.3299803436427077E+01  4.3963695711358573E-09  3.7949258602506982E-09
  3.3631559420908758E+01  4.3080250305736056E-09  3.7232932256774391E-09
  3.3966620591063624E+01  4.2217866805120453E-09  3.6532383062682162E-09
  3.4305019875468282E+01  4.1376001394756945E-09  3.5847243893017912E-09
  3.4646790530756888E+01  4.0554125161827900E-09  3.5177156390629790E-09
  3.4991966144889389E+01  3.9751723672305357E-09  3.4521770762803439E-09
  3.5340580640452657E+01  3.8968296284055977E-09  3.3880745320652011E-09
  3.5692668277994144E+01  3.8203354812994943E-09  3.3253745421223267E-09
  3.6048263659388780E+01  3.7456421050131357E-09  3.2640441415360811E-09
  3.6407401731239730E+01  3.6727022396475077E-09  3.2040505125206860E-09
  3.6770117788312753E+01  3.6014688284010189E-09  3.1453607244651597E-09
  3.7136447477004644E+01  3.5318957719340733E-09  3.0879423747825118E-09
  3.7506426798846739E+01  3.4639383548104104E-09  3.0317639448768601E-09
  3.7880092114042860E+01  3.3975532112403947E-09  2.9767947830613473E-09
  3.8257480145042535E+01  3.3326982779068381E-09  2.9230050764561025E-09
  3.8638627980150211E+01  3.2693327501845551E-09  2.8703658253158810E-09
  3.9023573077170020E+01  3.2074170539710997E-09  2.8188488314112342E-09
  3.9412353267086829E+01  3.1469128802973911E-09  2.7684267455450599E-09
  3.9805006757784575E+01  3.0877834072624345E-09  2.7190732910109410E-09
  4.0201572137800689E+01  3.0299938776603715E-09  2.6707638132974209E-09
  4.0602088380118644E+01  2.9735127464631817E-09  2.6234763267981316E-09
  4.1006594845998357E+01  2.9183137085817097E-09  2.5771932669190311E-09
  4.1415131288843909E+01  2.8643782537302965E-09  2.5319035342898125E-09
  4.1827737858110829E+01  2.8116924039542825E-09  2.4875996449749690E-09
  4.2244455103251653E+01  2.7602420601633310E-09  2.4442738681186029E-09
  4.2665323977700893E+01  2.7100126723463470E-09  2.4019179576992690E-09
  4.3090385842899963E+01  2.6609892959052088E-09  2.3605232011903582E-09
  4.3519682472362007E+01  2.6131566457797182E-09  2.3200804666863231E-09
  4.3953256055777004E+01  2.5664991432362888E-09  2.2805802437501286E-09
  4.4391149203158371E+01  2.5210009317395026E-09  2.2420126552985933E-09
  4.4833404949030331E+01  2.4766457511420304E-09  2.2043673357642720E-09
  4.5280066756657071E+01  2.4334164967381276E-09  2.1676330155292643E-09
  4.5731178522314423E+01  2.3912942542451650E-09  2.1317966335034103E-09
  4.6186784579603625E+01  2.3502565251405209E-09  2.0968417653397937E-09
  4.6646929703808404E+01  2.3102744183311817E-09  2.0627462723860019E-09
  4.7111659116295087E+01  2.2713133531007290E-09  2.0294830481052287E-09
  4.7581018488957106E+01  2.2333389120437457E-09  1.9970250049827091E-09
  4.8055053948703303E+01  2.1963180008466184E-09  1.9653460538073494E-09
  4.8533812081990988E+01  2.1602187914803869E-09  1.9344210624640823E-09
  4.9017339939404536E+01  2.1250106651714690E-09  1.9042258140349303E-09
  4.9505685040279239E+01  2.0906641593102007E-09  1.8747369678090352E-09
  4.9998895377371198E+01  2.0571509277629404E-09  1.8459320322306104E-09
  5.0497019421574080E+01  2.0244437476601576E-09  1.8177893812223057E-09
  5.1000106126682589E+01  1.9925166291859936E-09  1.7902883666833834E-09
  5.1508204934203441E+01  1.9613450962067256E-09  1.7634095869894506E-09
  5.2021365778214189E+01  1.9309067269944612E-09  1.7371353820453475E-09
  5.2539639090270789E+01  1.9011820783390875E-09  1.7114506370698875E-09
  5.3063075804363748E+01  1.8721551686857966E-09  1.6863431555759453E-09
  5.3591727361923489E+01  1.8438113856857959E-09  1.6618018357024478E-09
  5.4125645716876228E+01  1.8161364875164917E-09  1.6378158148730848E-09
  5.4664883340749590E+01  1.7891165845723519E-09  1.6143744518712518E-09
  5.5209493227829157E+01  1.7627381405922312E-09  1.5914673258882347E-09
  5.5759528900366931E+01  1.7369879714527017E-09  1.5690842397460003E-09
  5.6315044413841044E+01  1.7118532150958690E-09  1.5472152184058651E-09
  5.6876094362268233E+01  1.6873211574035954E-09  1.5258504219935630E-09
  5.7442733883568948E+01  1.6633787257352646E-09  1.5049798008040022E-09
  5.8015018664986421E+01  1.6400115381460060E-09  1.4845922793095043E-09
  5.8593004948559226E+01  1.6172024069888884E-09  1.4646742176622565E-09
  5.9176749536648380E+01  1.5949287488449860E-09  1.4452068264365373E-09
  5.9766309797520023E+01  1.5731592702674327E-09  1.4261632797820957E-09
  6.0361743670983159E+01  1.5518585139787748E-09  1.4075129109050125E-09
  6.0963109674083633E+01  1.5309923154835975E-09  1.3892260803106914E-09
  6.1570466906855273E+01  1.5105280443230240E-09  1.3712744417768463E-09
  6.2183875058127825E+01  1.4904345160068494E-09  1.3536308831086223E-09
  6.2803394411393057E+01  1.4706819220144168E-09  1.3362694675965406E-09
  6.3429085850728953E+01  1.4512417592892188E-09  1.3191653712186006E-09
  6.4061010866783548E+01  1.4320868405046916E-09  1.3022948943753159E-09
  6.4699231562817829E+01  1.4131916391430018E-09  1.2856357901442233E-09
  6.5343810660808785E+01  1.3945333308276675E-09  1.2691682475822538E-09
  6.5994811507613917E+01  1.3760939803234393E-09  1.2528769281270092E-09
  6.6652298081196534E+01  1.3578645013822344E-09  1.2367545644464942E-09
  6.7316334996913042E+01  1.3398507366790908E-09  1.2208072827277645E-09
  6.7986987513863539E+01  1.3220712180006214E-09  1.2050524193544309E-09
  6.8664321541304972E+01  1.3045453569844351E-09  1.1895080811072521E-09
  6.9348403645128514E+01  1.2872914138301096E-09  1.1741913631165474E-09
  7.0039301054401292E+01  1.2703265386648835E-09  1.1591183820469306E-09
  7.0737081667973641E+01  1.2536668180230257E-09  1.1443043153284357E-09
  7.1441814061151916E+01  1.2373273338461735E-09  1.1297634510638284E-09
  7.2153567492437475E+01  1.2213222040810413E-09  1.1155092199624967E-09
  7.2872411910333668E+01  1.2056644599559447E-09  1.1015540744044569E-09
  7.3598417960219862E+01  1.1903655226489357E-09  1.0879089914738777E-09
  7.4331656991293968E+01  1.1754339859140728E-09  1.0745823314288470E-09
  7.5072201063584870E+01  1.1608733051969613E-09  1.0615777086271489E-09
  7.5820122955033966E+01  1.1466778574088631E-09  1.0488904631974512E-09
  7.6575496168647319E+01  1.1328311866025017E-09  1.0365062146646374E-09
  7.7338394939719620E+01  1.1193142007372248E-09  1.0244082173127368E-09
  7.8108894243129612E+01  1.1061085276302904E-09  1.0125803382030793E-09
  7.8887069800708360E+01  1.0931965211084223E-09  1.0010070648198104E-09
  7.9672998088680686E+01  1.0805612237054466E-09  9.8967347381130716E-10
  8.0466756345181381E+01  1.0681863306844372E-09  9.7856519996834543E-10
  8.1268422577845698E+01  1.0560561554252834E-09  9.6766840668284587E-10
  8.2078075571475381E+01  1.0441556193016244E-09  9.5696978005012953E-10
  8.2895794895781847E+01  1.0324703165734207E-09  9.4645659373258444E-10
  8.3721660913205767E+01  1.0209867208988921E-09  9.3611690491247295E-10
  8.4555754786814489E+01  1.0096926196733238E-09  9.2593995803749118E-10
  8.5398158488279037E+01  9.9857789962637392E-10  9.1591690069091369E-10
  8.6248954805929543E+01  9.8763541936050975E-10  9.0604155351495521E-10
  8.7108227352891660E+01  9.7685964953737770E-10  8.9630917169530512E-10
  8.7976060575303322E+01  9.6624529842697255E-10  8.8671521404925897E-10
  8.8852539760614320E+01  9.5578723103784152E-10  8.7725527165482398E-10
  8.9737751045967869E+01  9.4548046495354970E-10  8.6792506400161250E-10
  9.0631781426665441E+01  9.3532016693901873E-10  8.5872043553798460E-10
  9.1534718764717027E+01  9.2530164673292269E-10  8.4963735180931413E-10
  9.2446651797475496E+01  9.1542035344861507E-10  8.4067189726875636E-10
  9.3367670146357185E+01  9.0567188784158580E-10  8.3182028532345425E-10
  9.4297864325650082E+01  8.9605204368837882E-10  8.2307889651229601E-10
  9.5237325751408846E+01  8.8655689821804382E-10  8.1444436484834805E-10
  9.6186146750439050E+01  8.7718298584050641E-10  8.0591373974142704E-10
  9.7144420569370382E+01  8.6792757018278350E-10  7.9748473048272523E-10
  9.8112241383821043E+01  8.5878851848287281E-10  7.8915558641848403E-10
  9.9089704307652823E+01  8.4976381140166518E-10  7.8092465401979003E-10
  1.0007690540231812E+02  8.4085146955128862E-10  7.7279031118736712E-10
  1.0107394168630120E+02  8.3204955237393463E-10  7.6475096657802510E-10
  1.0208091114465245E+02  8.2335615620188916E-10  7.5680505887727852E-10
  1.0309791273861775E+02  8.1476941531978973E-10  7.4895105605756688E-10
  1.0412504641536454E+02  8.0628750277248788E-10  7.4118745459226038E-10
  1.0516241311780389E+02  7.9790862370188888E-10  7.3351277581546126E-10
  1.0621011479451113E+02  7.8963100081062366E-10  7.2592555386929026E-10
  1.0726825440974430E+02  7.8145284612477236E-10  7.1842430802789808E-10
  1.0833693595356395E+02  7.7337230402659300E-10  7.1100748944163954E-10
  1.0941626445205250E+02  7.6538734979013514E-10  7.0367339010453569E-10
  1.1050634597763550E+02  7.5749575165692219E-10  6.9642011122497770E-10
  1.1160728765950665E+02  7.4969526650606884E-10  6.8924574054593612E-10
  1.1271919769415585E+02  7.4198370981414652E-10  6.8214841429645253E-10
  1.1384218535600189E+02  7.3435895433052730E-10  6.7512631668822305E-10
  1.1497636100813223E+02  7.2681892870522615E-10  6.6817767891396517E-10
  1.1612183611314870E+02  7.1936161734454392E-10  6.6130077794566928E-10
  1.1727872324412185E+02  7.1198505335326821E-10  6.5449393380084892E-10
  1.1844713609565363E+02  7.0468731371632023E-10  6.4775550660152845E-10
  1.1962718949505172E+02  6.9746652539548994E-10  6.4108389911793815E-10
  1.2081899941361397E+02  6.9032088257130918E-10  6.3447757264185678E-10
  1.2202268297802516E+02  6.8324868968345033E-10  6.2793508683428555E-10
  1.2323835848186859E+02  6.7624844793535940E-10  6.2145517891246644E-10
  1.2446614539725118E+02  6.6931895092493289E-10  6.1503685122799926E-10
  1.2570616438654439E+02  6.6245914411388176E-10  6.0867924264536324E-10
  1.2695853731424307E+02  6.5566799905059596E-10  6.0238151340786971E-10
  1.2822338725894156E+02  6.4894450685915764E-10  5.9614283969943566E-10
  1.2950083852542957E+02  6.4228767635365031E-10  5.8996241338594015E-10
  1.3079101665690780E+02  6.3569653377613454E-10  5.8383944206224534E-10
  1.3209404844732677E+02  6.2917012565436495E-10  5.7777314984247352E-10
  1.3341006195384719E+02  6.2270752393324736E-10  5.7176277895149726E-10
  1.3473918650942457E+02  6.1630782623079155E-10  5.6580759162398317E-10
  1.3608155273552040E+02  6.0997015338894724E-10  5.5990687154615452E-10
  1.3743729255493872E+02  6.0369365150439455E-10  5.5405992382692309E-10
  1.3880653920479065E+02  5.9747748843945582E-10  5.4826607201363542E-10
  1.4018942724958913E+02  5.9132084296748305E-10  5.4252465067862232E-10
  1.4158609259447309E+02  5.8522290360492152E-10  5.3683500176676312E-10
  1.4299667249856373E+02  5.7918287547720209E-10  5.3119647843993046E-10
  1.4442130558845352E+02  5.7319997950891648E-10  5.2560844555408250E-10
  1.4586013187183059E+02  5.6727345146910276E-10  5.2007027945640239E-10
  1.4731329275123781E+02  5.6140254094324810E-10  5.1458136762992375E-10
  1.4878093103796888E+02  5.5558650850020792E-10  5.0914110795852894E-10
  1.5026319096610416E+02  5.4982462435433683E-10  5.0374890830575104E-10
  1.5176021820668495E+02  5.4411617378434384E-10  4.9840418813392563E-10
  1.5327215988202926E+02  5.3846046673498530E-10  4.9310638469014020E-10
  1.5479916458019110E+02  5.3285684741155508E-10  4.8785496733347952E-10
  1.5634138236956275E+02  5.2730472424063795E-10  4.8264946523204006E-10
  1.5789896481362311E+02  5.2180362706148630E-10  4.7748951451659222E-10
  1.5947206498583230E+02  5.1635321448251543E-10  4.7237486771056721E-10
  1.6106083748467597E+02  5.1095317085419389E-10  4.6730530160586028E-10
  1.6266543844885825E+02  5.0560317765826305E-10  4.6228058975026903E-10
  1.6428602557264605E+02  5.0030291378738391E-10  4.5730050239666020E-10
  1.6592275812136762E+02  4.9505205685542486E-10  4.5236480667049913E-10
  1.6757579694706391E+02  4.8985028549406593E-10  4.4747326703351556E-10
  1.6924530450429631E+02  4.8469727790818097E-10  4.4262564563763495E-10
  1.7093144486611291E+02  4.7959270848633989E-10  4.3782170152338769E-10
  1.7263438374017224E+02  4.7453624457127686E-10  4.3306118760749855E-10
  1.7435428848502897E+02  4.6952753996001836E-10  4.2834384398796014E-10
  1.7609132812658049E+02  4.6456622276774689E-10  4.2366938541802089E-10
  1.7784567337467911E+02  4.5965187387273888E-10  4.1903747991955981E-10
  1.7961749663990838E+02  4.5478400671924652E-10  4.1444773071627820E-10
  1.8140697205052643E+02  4.4996210892723955E-10  4.0989971708497364E-10
  1.8321427546957966E+02  4.4518567175848443E-10  4.0539302254773003E-10
  1.8503958451218548E+02  4.4045419135407762E-10  4.0092723577284670E-10
  1.8688307856298704E+02  4.3576716966840960E-10  3.9650195050876248E-10
  1.8874493879378352E+02  4.3112411737835533E-10  3.9211676548024126E-10
  1.9062534818133446E+02  4.2652455401560023E-10  3.8777128430054893E-10
  1.9252449152534231E+02  4.2196800573174904E-10  3.8346511617912241E-10
  1.9444255546661319E+02  4.1745400724799762E-10  3.7919787835139198E-10
  1.9637972850540015E+02  4.1298210739938018E-10  3.7496920147267861E-10
  1.9833620101992810E+02  4.0855187996357645E-10  3.7077873984898366E-10
  2.0031216528510259E+02  4.0416294713282464E-10  3.6662618928829943E-10
  2.0230781549140721E+02  3.9981500804347541E-10  3.6251131110725483E-10
  2.0432334776398719E+02  3.9550780865937528E-10  3.5843390986631341E-10
  2.0635896018192341E+02  3.9124109239885085E-10  3.5439379105038189E-10
  2.0841485279769998E+02  3.8701459990392432E-10  3.5039075690047860E-10
  2.1049122765686388E+02  3.8282807117268408E-10  3.4642460654683004E-10
  2.1258828881788170E+02  3.7868124521891991E-10  3.4249513611835547E-10
  2.1470624237219289E+02  3.7457385997045984E-10  3.3860213883073876E-10
  2.1684529646446481E+02  3.7050565147378083E-10  3.3474540521581050E-10
  2.1900566131304811E+02  3.6647635326883506E-10  3.3092472420459645E-10
  2.2118754923063511E+02  3.6248569994584405E-10  3.2713988634266988E-10
  2.2339117464512685E+02  3.5853343826324484E-10  3.2339069094313306E-10
  2.2561675412070542E+02  3.5461934306822963E-10  3.1967695985811193E-10
  2.2786450637911628E+02  3.5074323878380237E-10  3.1599856074400004E-10
  2.3013465232116508E+02  3.4690499880770321E-10  3.1235540835890827E-10
  2.3242741504842576E+02  3.4310450136483800E-10  3.0874741992546408E-10
  2.3474301988516694E+02  3.3934161942090442E-10  3.0517450404449767E-10
  2.3708169440049477E+02  3.3561622022838176E-10  3.0163656093182442E-10
  2.3944366843071899E+02  3.3192816344134425E-10  2.9813348272231724E-10
  2.4182917410193983E+02  3.2827729699587533E-10  2.9466515399745322E-10
  2.4423844585285983E+02  3.2466345850730957E-10  2.9123145250951821E-10
  2.4667172045782473E+02  3.2108648078378171E-10  2.8783225003500636E-10
  2.4912923705009248E+02  3.1754619786804995E-10  2.8446741352028448E-10
  2.5161123714533335E+02  3.1404244461995483E-10  2.8113680677344727E-10
  2.5411796466536669E+02  3.1057505426642648E-10  2.7784029309688392E-10
  2.5664966596213191E+02  3.0714386139886350E-10  2.7457773949633847E-10
  2.5920658984189930E+02  3.0374870708503238E-10  2.7134901951624656E-10
  2.6178898758972082E+02  3.0038943124906069E-10  2.6815400419212713E-10
  2.6439711299412704E+02  2.9706587042234513E-10  2.6499255708259277E-10
  2.6703122237206787E+02  2.9377785844812368E-10  2.6186453441147371E-10
  2.6969157459410155E+02  2.9052521585964193E-10  2.5876978532457404E-10
  2.7237843110983687E+02  2.8730774926505558E-10  2.5570815200536345E-10
  2.7509205597362717E+02  2.8412526530380222E-10  2.5267946960965654E-10
  2.7783271587051939E+02  2.8097756860707756E-10  2.4968356605034300E-10
  2.8060068014246468E+02  2.7786445209760899E-10  2.4672026117286231E-10
  2.8339622081478763E+02  2.7478569462430774E-10  2.4378936457689506E-10
  2.8621961262291876E+02  2.7174106039473896E-10  2.4089067105742165E-10
  2.8907113303939667E+02  2.6873029085017976E-10  2.3802395213222014E-10
  2.9195106230113515E+02  2.6575308936717648E-10  2.3518894485931234E-10
  2.9485968343696544E+02  2.6280913359313935E-10  2.3238536471148141E-10
  2.9779728229544895E+02  2.5989809882348087E-10  2.2961292510120741E-10
  3.0076414757297221E+02  2.5701966180298769E-10  2.2687133911916565E-10
  3.0376057084211715E+02  2.5417350053118612E-10  2.2416031964724760E-10
  3.0678684658031545E+02  2.5135929394010950E-10  2.2147957951467505E-10
  3.0984327219879026E+02  2.4857671820846514E-10  2.1882883185901625E-10
  3.1293014807178378E+02  2.4582545019753576E-10  2.1620779056019375E-10
  3.1604777756607604E+02  2.4310517584037069E-10  2.1361617007161712E-10
  3.1919646707080057E+02  2.4041558285995592E-10  2.1105368353598124E-10
  3.2237652602755389E+02  2.3775634441908570E-10  2.0852003758962981E-10
  3.2558826696080700E+02  2.3512710955594468E-10  2.0601492146500993E-10
  3.2883200550861756E+02  2.3252748875536587E-10  2.0353798807742545E-10
  3.3210806045365206E+02  2.2995705487001848E-10  2.0108885468228230E-10
  3.3541675375451325E+02  2.2741538046800739E-10  1.9866713685783039E-10
  3.3875841057738023E+02  2.2490204439217580E-10  1.9627245578951948E-10
  3.4213335932796633E+02  2.2241662967975152E-10  1.9390443821483945E-10
  3.4554193168379317E+02  2.1995872276921121E-10  1.9156271637853917E-10
  3.4898446262678499E+02  2.1752792069499176E-10  1.8924692809811140E-10
  3.5246129047619189E+02  2.1512383523050225E-10  1.8695671655347982E-10
  3.5597275692183723E+02  2.1274607354906945E-10  1.8469172731457346E-10
  3.5951920705769817E+02  2.1039422101983042E-10  1.8245159765692915E-10
  3.6310098941581901E+02  2.0806782886502601E-10  1.8023593086996571E-10
  3.6671845600056554E+02  2.0576635698450356E-10  1.7804424456309750E-10
  3.7037196232321793E+02  2.0348905933378508E-10  1.7587587701249535E-10
  3.7406186743690768E+02  2.0123491405339804E-10  1.7372992520161238E-10
  3.7778853397190653E+02  1.9900283300346329E-10  1.7160542862549360E-10
  3.8155232817126313E+02  1.9679176601780250E-10  1.6950146139120759E-10
  3.8535361992679492E+02  1.9460070124557365E-10  1.6741713321195988E-10
  3.8919278281544211E+02  1.9242866424228989E-10  1.6535158860045029E-10
  3.9307019413597993E+02  1.9027471548561121E-10  1.6330400595107485E-10
  3.9698623494609882E+02  1.8813794545414351E-10  1.6127359661181753E-10
  4.0094129009985181E+02  1.8601748042141651E-10  1.5925960683238585E-10
  4.0493574828547912E+02  1.8391250861027329E-10  1.5726132991130301E-10
  4.0897000206360553E+02  1.8182231589004582E-10  1.5527813991379221E-10
  4.1304444790581886E+02  1.7974635493104159E-10  1.5330956408660934E-10
  4.1715948623363585E+02  1.7768440495288827E-10  1.5135542032543576E-10
  4.2131552145785332E+02  1.7563677833568831E-10  1.4941599266442055E-10
  4.2551296201829058E+02  1.7360408319062164E-10  1.4749182295347538E-10
  4.2975222042393187E+02  1.7158691626709585E-10  1.4558344176460194E-10
  4.3403371329346487E+02  1.6958584121886972E-10  1.4369135029940352E-10
  4.3835786139622496E+02  1.6760139131997055E-10  1.4181602100135462E-10
  4.4272508969354539E+02  1.6563407320042642E-10  1.3995789830991424E-10
  4.4713582738052332E+02  1.6368436663009395E-10  1.3811739990136650E-10
  4.5159050792819875E+02  1.6175271864609115E-10  1.3629491531320261E-10
  4.5608956912615110E+02  1.5983952334816081E-10  1.3449079034427707E-10
  4.6063345312552980E+02  1.5794506735703799E-10  1.3270527715486236E-10
  4.6522260648250483E+02  1.5606939826581161E-10  1.3093841951978384E-10
  4.6985748020214561E+02  1.5421205281914582E-10  1.2918982556452540E-10
  4.7453852978275648E+02  1.5237162081388088E-10  1.2745829011114570E-10
  4.7926621526063377E+02  1.5054586363502026E-10  1.2574188989372021E-10
  4.8404100125527617E+02  1.4873251294144454E-10  1.2403867727632082E-10
  4.8886335701504754E+02  1.4692940860439510E-10  1.2234680320920028E-10
  4.9373375646329555E+02  1.4513449083140762E-10  1.2066451563723678E-10
  4.9865267824492190E+02  1.4334580102636819E-10  1.1899015810193067E-10
  5.0362060577342396E+02  1.4156148237591819E-10  1.1732216822790023E-10
  5.0863802727840653E+02  1.3977977732913418E-10  1.1565907724570123E-10
  5.1370543585355665E+02  1.3799904052155731E-10  1.1399951857663015E-10
  5.1882332950510659E+02  1.3621778220055521E-10  1.1234226185994083E-10
  5.2399221120077868E+02  1.3443476903981344E-10  1.1068629783516715E-10
  5.2921258891920934E+02  1.3264923640667603E-10  1.0903101389619208E-10
  5.3448497569987398E+02  1.3086126943118692E-10  1.0737651775459729E-10
  5.3980988969351051E+02  1.2907198926702753E-10  1.0572380857835436E-10
  5.4518785421303414E+02  1.2728278954755590E-10  1.0407412226706040E-10
  5.5061939778497015E+02  1.2549501639358212E-10  1.0242865184988013E-10
  5.5610505420139918E+02  1.2370996653190621E-10  1.0078854326544492E-10
  5.6164536257240900E+02  1.2192888802499979E-10  9.9154895202258251E-11
  5.6724086737908044E+02  1.2015298119957035E-10  9.7528759124647393E-11
  5.7289211852699941E+02  1.1838339846330153E-10  9.5911139433910722E-11
  5.7859967140029380E+02  1.1662124142370175E-10  9.4302991922772953E-11
  5.8436408691621716E+02  1.1486755056648286E-10  9.2705215758558296E-11
  5.9018593158027761E+02  1.1312327435470030E-10  9.1118631287708186E-11
  5.9606577754190459E+02  1.1138920622979169E-10  8.9543931602239918E-11
  6.0200420265068146E+02  1.0966587861226616E-10  8.7981588885201376E-11
  6.0800179051313739E+02  1.0795344225601113E-10  8.6431743200769385E-11
  6.1405913055009546E+02  1.0625185419206159E-10  8.4894365788843748E-11
  6.2017681805460245E+02  1.0456106804783210E-10  8.3369429421093473E-11
  6.2635545425043495E+02  1.0288104734050990E-10  8.1856917614943412E-11
  6.3259564635117897E+02  1.0121177064745303E-10  8.0356824276606569E-11
  6.3889800761990750E+02  9.9553231470642574E-11  7.8869153344633975E-11
  6.4526315742945314E+02  9.7905435550621482E-11  7.7393918385613834E-11
  6.5169172132327583E+02  9.6268400046702153E-11  7.5931142607043453E-11
  6.5818433107693011E+02  9.4642157578637919E-11  7.4480861024009095E-11
  6.6474162476016943E+02  9.3026767415509122E-11  7.3043127831750633E-11
  6.7136424679964546E+02  9.1422337780496236E-11  7.1618033732981713E-11
  6.7805284804223186E+02  8.9829065258586157E-11  7.0205740711545641E-11
  6.8480808581900305E+02  8.8247298168205610E-11  6.8806538390408619E-11
  6.9163062400982665E+02  8.6677507061049917E-11  6.7420816418005464E-11
  6.9852113310859829E+02  8.5120164731852018E-11  6.6048958368296714E-11
  7.0548029028915232E+02  8.3575723401539968E-11  6.4691326137486273E-11
  7.1250877947180231E+02  8.2044608739584919E-11  6.3348260224380545E-11
  7.1960729139055218E+02  8.0527221785983564E-11  6.2020080020572179E-11
  7.2677652366098232E+02  7.9023941741433670E-11  6.0707084141687948E-11
  7.3401718084881315E+02  7.7535127099528862E-11  5.9409550640501991E-11
  7.4132997453913799E+02  7.6061115444724994E-11  5.8127736086422844E-11
  7.4871562340635978E+02  7.4602216113545667E-11  5.6861871476689762E-11
  7.5617485328482417E+02  7.3158694942631249E-11  5.5612151832554989E-11
  7.6370839724014274E+02  7.1730747369328950E-11  5.4378714580599789E-11
  7.7131699564124074E+02  7.0318450249207785E-11  5.3161600082355750E-11
  7.7900139623312180E+02  6.8921746545456395E-11  5.1960739034946437E-11
  7.8676235421034551E+02  6.7540549327844448E-11  5.0776038444092176E-11
  7.9460063229124842E+02  6.6174781467857881E-11  4.9607411781975633E-11
  8.0251700079290674E+02  6.4824382640417730E-11  4.8454778858500459E-11
  8.1051223770683066E+02  6.3489305518627043E-11  4.7318065407898236E-11
  8.1858712877542700E+02  6.2169501539833299E-11  4.6197202642008342E-11
  8.2674246756922435E+02  6.0864921449563720E-11  4.5092126820159519E-11
  8.3497905556485205E+02  5.9575526750309883E-11  4.4002779829838827E-11
  8.4329770222381148E+02  5.8301299649600020E-11  4.2929113235499147E-11
  8.5169922507203205E+02  5.7042256779826262E-11  4.1871099702490626E-11
  8.6018444978020432E+02  5.5798475053789716E-11  4.0828757818527563E-11
  8.6875421024492925E+02  5.4570148167942215E-11  3.9802199615364399E-11
  8.7740934867067506E+02  5.3357652458532307E-11  3.8791679690792956E-11
  8.8615071565253675E+02  5.2161430621361948E-11  3.7797499217535750E-11
  8.9497917025983304E+02  5.0981888920138981E-11  3.6819926389929585E-11
  9.0389558012053953E+02  4.9819390265015239E-11  3.5859194092463560E-11
  9.1290082150654382E+02  4.8674255968000692E-11  3.4915501180036463E-11
  9.2199577941976895E+02  4.7546773010293434E-11  3.3989013795937292E-11
  9.3118134767915240E+02  4.6437197742040897E-11  3.3079866750510060E-11
  9.4045842900847754E+02  4.5345748448917276E-11  3.2188164499267103E-11
  9.4982793512509397E+02  4.4272600754377469E-11  3.1313980191552298E-11
  9.5929078682952525E+02  4.3217881332709418E-11  3.0457350205115297E-11
  9.6884791409594914E+02  4.2181649577641831E-11  2.9618260254996816E-11
  9.7850025616359767E+02  4.1163866700292456E-11  2.8796617051949720E-11
  9.8824876162906685E+02  4.0164341490746055E-11  2.7992204587465178E-11
  9.9809438853953895E+02  3.9182771512913253E-11  2.7204719986504020E-11
  1.0080381044869214E+03  3.8218851263189943E-11  2.6433860497848537E-11
  1.0180808867029630E+03  3.7272285500444760E-11  2.5679333695851097E-11
  1.0282237221552803E+03  3.6342789342247583E-11  2.4940856947958491E-11
  1.0384676076443402E+03  3.5430089696534602E-11  2.4218156894964771E-11
  1.0488135499014477E+03  3.4533927704201707E-11  2.3510968926782023E-11
  1.0592625656876708E+03  3.3654057826075943E-11  2.2819036731500697E-11
  1.0698156818937505E+03  3.2790242334240164E-11  2.2142112305899289E-11
  1.0804739356410466E+03  3.1942251602540862E-11  2.1479957165856722E-11
  1.0912383743834466E+03  3.1109873731758770E-11  2.0832345871254457E-11
  1.1021100560103041E+03  3.0292927363662521E-11  2.0199073566107984E-11
  1.1130900489504065E+03  2.9491278861974790E-11  1.9579969609194006E-11
  1.1241794322769865E+03  2.8704842131137458E-11  1.8974898584378200E-11
  1.1353792958137519E+03  2.7933536071988084E-11  1.8383728321560555E-11
  1.1466907402419999E+03  2.7177271790717300E-11  1.7806320716989550E-11
  1.1581148772087922E+03  2.6435952278592024E-11  1.7242531995750022E-11
  1.1696528294361915E+03  2.5709472438887211E-11  1.6692213028961943E-11
  1.1813057308316038E+03  2.4997719388706357E-11  1.6155209656593510E-11
  1.1930747265992238E+03  2.4300573847817997E-11  1.5631363005842390E-11
  1.2049609733525649E+03  2.3617912885834780E-11  1.5120509691508050E-11
  1.2169656392281358E+03  2.2949609816534129E-11  1.4622481638709098E-11
  1.2290899040002471E+03  2.2295527849931934E-11  1.4137105128810880E-11
  1.2413349591969404E+03  2.1655514479841303E-11  1.3664198468852002E-11
  1.2537020082170952E+03  2.1029399320962572E-11  1.3203567383696863E-11
  1.2661922664487020E+03  2.0416991907268673E-11  1.2755001091323899E-11
  1.2788069613882899E+03  1.9818095092877278E-11  1.2318283491862228E-11
  1.2915473327615700E+03  1.9232512418545329E-11  1.1893200675473788E-11
  1.3044146326452767E+03  1.8660048516969183E-11  1.1479541097964866E-11
  1.3174101255902035E+03  1.8100511001039849E-11  1.1077095499633964E-11
  1.3305350887454849E+03  1.7553710841365561E-11  1.0685656827796648E-11
  1.3437908119841181E+03  1.7019460297975626E-11  1.0305020162072238E-11
  1.3571785980297122E+03  1.6497570143323065E-11  9.9349826590740183E-12
  1.3706997625845211E+03  1.5987851315285220E-11  9.5753435648884524E-12
  1.3843556344587550E+03  1.5490122251297340E-11  9.2259043739963765E-12
  1.3981475557011554E+03  1.5004210542976547E-11  8.8864692510939142E-12
  1.4120768817308935E+03  1.4529944854899964E-11  8.5568458917324678E-12
  1.4261449814707853E+03  1.4067152974987552E-11  8.2368467606988212E-12
  1.4403532374818067E+03  1.3615665110313449E-11  7.9262876562237938E-12
  1.4547030460989747E+03  1.3175312972970250E-11  7.6249851917111081E-12
  1.4691958175685813E+03  1.2745928454853458E-11  7.3327566050078455E-12
  1.4838329761867831E+03  1.2327342623160834E-11  7.0494198292446276E-12
  1.4986159604395555E+03  1.1919386644345287E-11  6.7747935648561073E-12
  1.5135462231440977E+03  1.1521893503778442E-11  6.5086973540646246E-12
  1.5286252315915922E+03  1.1134697684857002E-11  6.2509516569518661E-12
  1.5438544676913866E+03  1.0757633486336586E-11  6.0013779237411111E-12
  1.5592354281166665E+03  1.0390533431367985E-11  5.7597986534406931E-12
  1.5747696244515253E+03  1.0033228539393482E-11  5.5260374240431971E-12
  1.5904585833394970E+03  9.6855517050092364E-12  5.2999188717289470E-12
  1.6063038466336286E+03  9.3473387197770715E-12  5.0812685932863919E-12
  1.6223069715479846E+03  9.0184233887597490E-12  4.8699132116633896E-12
  1.6384695308106809E+03  8.6986351571782736E-12  4.6656807907529960E-12
  1.6547931128184532E+03  8.3878022699869478E-12  4.4684009797954200E-12
  1.6712793217927690E+03  8.0857560164709550E-12  4.2779050667195984E-12
  1.6879297779374651E+03  7.7923316016667187E-12  4.0940260302973977E-12
  1.7047461175979836E+03  7.5073656960580495E-12  3.9165985910068347E-12
  1.7217299934221983E+03  7.2306946498705689E-12  3.7454592595256811E-12
  1.7388830745228083E+03  6.9621544993913267E-12  3.5804463766327448E-12
  1.7562070466413841E+03  6.7015816021814105E-12  3.4214001303601877E-12
  1.7737036123140458E+03  6.4488128465508563E-12  3.2681625288045166E-12
  1.7913744910387609E+03  6.2036854342524433E-12  3.1205772964048393E-12
  1.8092214194443407E+03  5.9660373918702727E-12  2.9784896464481934E-12
  1.8272461514611221E+03  5.7357088610641309E-12  2.8417461525439704E-12
  1.8454504584933134E+03  5.5125418149641917E-12  2.7101954904542010E-12
  1.8638361295930938E+03  5.2963776271273905E-12  2.5836888420555490E-12
  1.8824049716364452E+03  5.0870579130577923E-12  2.4620799056910279E-12
  1.9011588095007041E+03  4.8844263474649147E-12  2.3452248963161964E-12
  1.9200994862439138E+03  4.6883285472833693E-12  2.2329825461811090E-12
  1.9392288632859652E+03  4.4986123817025606E-12  2.1252141064034910E-12
  1.9585488205915071E+03  4.3151284657162054E-12  2.0217833513782653E-12
  1.9780612568547149E+03  4.1377294993283949E-12  1.9225565916576031E-12
  1.9977680896858969E+03  3.9662695217324665E-12  1.8274027044958167E-12
  2.0176712557999292E+03  3.8006038970434655E-12  1.7361931955973745E-12
  2.0377727112065970E+03  3.6405896924273612E-12  1.6488023123785991E-12
  2.0580744314028398E+03  3.4860863724371296E-12  1.5651071840154693E-12
  2.0785784115668703E+03  3.3369564534591469E-12  1.4849875708879512E-12
  2.0992866667542644E+03  3.1930653366568505E-12  1.4083255480270131E-12
  2.1202012320960062E+03  3.0542793469587168E-12  1.3350054980394355E-12
  2.1413241629984695E+03  2.9204646634245841E-12  1.2649141291043107E-12
  2.1626575353454277E+03  2.7914889407656917E-12  1.1979404903059309E-12
  2.1842034457020704E+03  2.6672221566423335E-12  1.1339759842400591E-12
  2.2059640115210459E+03  2.5475364312583619E-12  1.0729143768457611E-12
  2.2279413713505210E+03  2.4323059656474697E-12  1.0146518041403970E-12
  2.2501376850444076E+03  2.3214067565336828E-12  9.5908677517250498E-13
  2.2725551339745948E+03  2.2147163202885444E-12  9.0612017015584220E-13
  2.2951959212453007E+03  2.1121136481942817E-12  8.5565523218860350E-13
  2.3180622719096400E+03  2.0134792775533325E-12  8.0759755130120762E-13
  2.3411564331882651E+03  1.9186954173045809E-12  7.6185506740105111E-13
  2.3644806746901891E+03  1.8276466466833829E-12  7.1833809905992808E-13
  2.3880372886358882E+03  1.7402210535962429E-12  6.7695933897487686E-13
  2.4118285900825422E+03  1.6563095644314027E-12  6.3763383962287470E-13
  2.4358569171515419E+03  1.5758033692584181E-12  6.0027899695441355E-13
  2.4601246312582848E+03  1.4985936554622071E-12  5.6481453221686396E-13
  2.4846341173442565E+03  1.4245737601400422E-12  5.3116247201465210E-13
  2.5093877841113886E+03  1.3536403015499725E-12  4.9924712681165426E-13
  2.5343880642587874E+03  1.2856931402727738E-12  4.6899506822046759E-13
  2.5596374147218298E+03  1.2206347777032666E-12  4.4033510556555022E-13
  2.5851383169135902E+03  1.1583695018560474E-12  4.1319826240685419E-13
  2.6108932769687181E+03  1.0988030844692432E-12  3.8751775394599268E-13
  2.6369048259897500E+03  1.0418428709646759E-12  3.6322895890082090E-13
  2.6631755202958234E+03  9.8739777933348992E-13  3.4026937068818789E-13
  2.6897079416739193E+03  9.3537853971411003E-13  3.1857855828235012E-13
  2.7165046976326075E+03  8.8569850367831496E-13  2.9809813413739257E-13
  2.7435684216582677E+03  8.3827425762811809E-13  2.7877172100027247E-13
  2.7709017734739186E+03  7.9302472035164652E-13  2.6054491754337556E-13
  2.7985074393006207E+03  7.4986984491152953E-13  2.4336526288764306E-13
  2.8263881321214330E+03  7.0873097216713128E-13  2.2718220010375786E-13
  2.8545465919480562E+03  6.6953169423278231E-13  2.1194703889411720E-13
  2.8829855860901234E+03  6.3219802769649191E-13  1.9761291775871062E-13
  2.9117079094271298E+03  5.9665823907617377E-13  1.8413476605539644E-13
  2.9407163846831181E+03  5.6284253243983247E-13  1.7146926653445134E-13
  2.9700138627041060E+03  5.3068286193871035E-13  1.5957481783889234E-13
  2.9996032227382193E+03  5.0011292585052670E-13  1.4841148883841352E-13
  3.0294873727186696E+03  4.7106815198509531E-13  1.3794097232412580E-13
  3.0596692495495599E+03  4.4348568952397646E-13  1.2812654393833786E-13
  3.0901518193944680E+03  4.1730459612325825E-13  1.1893302119038544E-13
  3.1209380779679764E+03  3.9246612014050381E-13  1.1032672223389643E-13
  3.1520310508300922E+03  3.6891363390591121E-13  1.0227542448938396E-13
  3.1834337936835541E+03  3.4659226341274391E-13  9.4748323204555261E-14
  3.2151493926741537E+03  3.2544871981979571E-13  8.7715990019786784E-14
  3.2471809646940492E+03  3.0543130732145879E-13  8.1150331574273444E-14
  3.2795316576880441E+03  2.8648993261339397E-13  7.5024548163464646E-14
  3.3122046509629745E+03  2.6857620812333915E-13  6.9313092421473610E-14
  3.3452031555001740E+03  2.5164351444586462E-13  6.3991628003618698E-14
  3.3785304142710283E+03  2.3564687485868583E-13  5.9036989291373752E-14
  3.4121897025556377E+03  2.2054282034470496E-13  5.4427142362015020E-14
  3.4461843282647801E+03  2.0628937753348957E-13  5.0141145433829799E-14
  3.4805176322649581E+03  1.9284609900821994E-13  4.6159109601808566E-14
  3.5151929887066885E+03  1.8017403651123620E-13  4.2462160118174341E-14
  3.5502138053561803E+03  1.6823573092474274E-13  3.9032398261326194E-14
  3.5855835239302005E+03  1.5699526580266279E-13  3.5852863831429224E-14
  3.6213056204342670E+03  1.4641814098461181E-13  3.2907498313225065E-14
  3.6573836055043444E+03  1.3647103983807610E-13  3.0181108755260227E-14
  3.6938210247518086E+03  1.2712189758750460E-13  2.7659332421673432E-14
  3.7306214591118837E+03  1.1834002846499102E-13  2.5328602283145432E-14
  3.7677885251955827E+03  1.1009604214065527E-13  2.3176113425696915E-14
  3.8053258756451551E+03  1.0236174829450959E-13  2.1189790019291312E-14
  3.8432371994930081E+03  9.5110132508166688E-14  1.9358252174951777E-14
  3.8815262225242786E+03  8.8315344512045955E-14  1.7670784285361950E-14
  3.9201967076430087E+03  8.1952665025112598E-14  1.6117304581772773E-14
  3.9592524552419040E+03  7.5998452335353094E-14  1.4688335541842629E-14
  3.9986973035758474E+03  7.0430092326452382E-14  1.3374975153146030E-14
  4.0385351291391316E+03  6.5225973310786259E-14  1.2168869039668884E-14
  4.0787698470463770E+03  6.0365470050409645E-14  1.1062183455779366E-14
  4.1194054114173232E+03  5.5828906573073156E-14  1.0047579148526544E-14
  4.1604458157654426E+03  5.1597518786544861E-14  9.1181860854052827E-15
  4.2018950933903698E+03  4.7653446288709014E-14  8.2675790406070169E-15
  4.2437573177742897E+03  4.3979719178417970E-14  7.4897540277118016E-15
  4.2860366029823044E+03  4.0560212542507949E-14  6.7791056139256470E-15
  4.3287371040666867E+03  3.7379594137126957E-14  6.1304053599616316E-15
  4.3718630174752552E+03  3.4423287507650706E-14  5.5387810289526604E-15
  4.4154185814638086E+03  3.1677446757615775E-14  4.9996964457146593E-15
  4.4594080765125927E+03  2.9128933802787690E-14  4.5089321814425529E-15
  4.5038358257470009E+03  2.6765292707669714E-14  4.0625670604976196E-15
  4.5487061953624579E+03  2.4574721459875936E-14  3.6569604742353596E-15
  4.5940235950534598E+03  2.2546051759963451E-14  3.2887354859618604E-15
  4.6397924784469715E+03  2.0668745360523028E-14  2.9547627101414990E-15
  4.6860173435401393E+03  1.8932876223474684E-14  2.6521449481460917E-15
  4.7327027331422723E+03  1.7329061203235982E-14  2.3782025622464994E-15
  4.7798532353213677E+03  1.5848404878949360E-14  2.1304595691482771E-15
  4.8274734838549466E+03  1.4482509833874361E-14  1.9066304305207581E-15
  4.8755681586854653E+03  1.3223477678917334E-14  1.7046074694175593E-15
  4.9241419863802794E+03  1.2063881669277401E-14  1.5224489243417927E-15
  4.9731997405960938E+03  1.0996743510005571E-14  1.3583676996399831E-15
  5.0227462425481226E+03  1.0015511312424016E-14  1.2107207340399846E-15
  5.0727863614839407E+03  9.1140346627461521E-15  1.0779989564381526E-15
  5.1233250151619486E+03  8.2865397901862027E-15  9.5881780760813239E-16
  5.1743671703347027E+03  7.5276075822537982E-15  8.5190830636665239E-16
  5.2259178432370591E+03  6.8321573131820115E-15  7.5610863870547080E-16
  5.2779821000790962E+03  6.1954356022676339E-15  6.7035624846448382E-16
  5.3305650575440213E+03  5.6130026400090220E-15  5.9368040818902133E-16
  5.3836718832910656E+03  5.0807083492779690E-15  5.2519524888812836E-16
  5.4373077964632657E+03  4.5946699394150614E-15  4.6409322772899116E-16
  5.4914780682004230E+03  4.1512642001599151E-15  4.0963902639659561E-16
  5.5461880221571610E+03  3.7471224519237978E-15  3.6116387019910236E-16
  5.6014430350260500E+03  3.3791137027774648E-15  3.1806020171410230E-16
  5.6572485370660370E+03  3.0443243037818707E-15  2.7977670664976570E-16
  5.7136100126361525E+03  2.7400443700433971E-15  2.4581368332234507E-16
  5.7705330007344110E+03  2.4637579241228060E-15  2.1571873743088848E-16
  5.8280230955422512E+03  2.2131323553858781E-15  1.8908278428339008E-16
  5.8860859469742363E+03  1.9860071175950264E-15  1.6553634121181789E-16
  5.9447272612333363E+03  1.7803829839488778E-15  1.4474609350155952E-16
  6.0039528013717545E+03  1.5944123044856278E-15  1.2641171776619352E-16
  6.0637683878572188E+03  1.4263892724929218E-15  1.1026294731931443E-16
  6.1241798991450423E+03  1.2747394326857304E-15  9.6056864728122330E-17
  6.1851932722558640E+03  1.1380102618097848E-15  8.3575406446386906E-17
  6.2468145033590481E+03  1.0148636699208723E-15  7.2623062611091917E-17
  6.3090496483620009E+03  9.0406861758842911E-16  6.3024765046575190E-17
  6.3719048235053615E+03  8.0449348158979902E-16  5.4623951304896126E-17
  6.4353862059640078E+03  7.1509900986682421E-16  4.7280790129373121E-17
  6.4995000344541613E+03  6.3493194923108149E-16  4.0870557013595389E-17
  6.5642526098465523E+03  5.6311908013337640E-16  3.5282149217463003E-17
  6.6296502957855573E+03  4.9886148801416959E-16  3.0416730160416517E-17
  6.6956995193146404E+03  4.4142899642138870E-16  2.6186493659780730E-17
  6.7624067715080191E+03  3.9015490794538524E-16  2.2513539016615855E-17
  6.8297786081085032E+03  3.4443143706100990E-16  1.9328848471019491E-17
  6.8978216501718043E+03  3.0370580172384816E-16  1.6571359053005765E-17
  6.9665425847172755E+03  2.6747563701875768E-16  1.4187121354637983E-17
  7.0359481653849880E+03  2.3528344790874780E-16  1.2128538320589157E-17
  7.1060452130995673E+03  2.0671296376312856E-16  1.0353677322031901E-17
  7.1768406167404264E+03  1.8138728749261855E-16  8.8256492419825382E-18
  7.2483413338188266E+03  1.5896580137455849E-16  7.5120490271880485E-18
  7.3205543911616751E+03  1.3914037007981030E-16  6.3844524012248998E-18
  7.3934868856020112E+03  1.2163236507553716E-16  5.4179637913515066E-18
  7.4671459846764992E+03  1.0619036404083685E-16  4.5908108821083487E-18
  7.5415389273298715E+03  9.2588013000850160E-17  3.8839815505179036E-18
  7.6166730246262632E+03  8.0621811702780545E-17  3.2808992612494955E-18
  7.6925556604677467E+03  7.0108876386184164E-17  2.7671333054451797E-18
  7.7691942923200550E+03  6.0884964609348619E-17  2.3301405544820651E-18
  7.8465964519453737E+03  5.2802911963607084E-17  1.9590356703256468E-18
  7.9247697461425814E+03  4.5731127925407775E-17  1.6443869728321582E-18
  8.0037218574948702E+03  3.9551873141201155E-17  1.3780353995040384E-18
  8.0834605451246625E+03  3.4159846413149180E-17  1.1529341968539034E-18
  8.1639936454561921E+03  2.9461230896512521E-17  9.6300720980408939E-19
  8.2453290729857035E+03  2.5372635305723860E-17  8.0302382404288838E-19
  8.3274748210591424E+03  2.1819953966239154E-17  6.6848879130436223E-19
  8.4104389626577722E+03  1.8737391731406914E-17  5.5554533223637423E-19
  8.4942296511916047E+03  1.6066625011320504E-17  4.6089006365589156E-19
  8.5788551213005758E+03  1.3756044943892058E-17  3.8169843719950996E-19
  8.6643236896639355E+03  1.1760056338933944E-17  3.1555950532023988E-19
  8.7506437558174803E+03  1.0038421275594051E-17  2.6041894891099734E-19
  8.8378238029790591E+03  8.5556776078528943E-18  2.1452940918828268E-19
  8.9258723988823476E+03  7.2806456129464387E-18  1.7640726547718863E-19
  9.0147981966187308E+03  6.1859603672959805E-18  1.4479509081044203E-19