 #p(MeV) \t \delta f_\\nu \t \delta f_\\nubar
  1.2559812796770459E-01  9.9232420245717962E-02  2.1140042390748576E-06
  1.2684942456086698E-01  9.8985280266996073E-02  2.0951057541067710E-06
  1.2811318744783001E-01  9.8752170258057645E-02  2.0763558164912342E-06
  1.2938954082655130E-01  9.8541321854746747E-02  2.0577539220015238E-06
  1.3067861013233534E-01  9.8365125213366572E-02  2.0392996545144555E-06
  1.3198052205016134E-01  9.8147188632366655E-02  2.0209926620014100E-06
  1.3329540452713287E-01  9.7920252610717171E-02  2.0028326335543791E-06
  1.3462338678505223E-01  9.7643068816165024E-02  1.9848192924434634E-06
  1.3596459933312011E-01  9.7403298321387985E-02  1.9669523990188962E-06
  1.3731917398076107E-01  9.7160085634510091E-02  1.9492317125539919E-06
  1.3868724385057779E-01  9.6963275697209028E-02  1.9316569061338060E-06
  1.4006894339143350E-01  9.6749283699834682E-02  1.9142274773082292E-06
  1.4146440839166516E-01  9.6525581523072834E-02  1.8969426934634206E-06
  1.4287377599242862E-01  9.6288905800673674E-02  1.8798015828490675E-06
  1.4429718470117572E-01  9.6046841676940400E-02  1.8628029588874302E-06
  1.4573477440526700E-01  9.5794378915080997E-02  1.8459454603587645E-06
  1.4718668638571861E-01  9.5580804091251442E-02  1.8292275941690961E-06
  1.4865306333108727E-01  9.5347327285687525E-02  1.8126477725333492E-06
  1.5013404935149335E-01  9.5119254156741398E-02  1.7962043493028283E-06
  1.5162978999278298E-01  9.4905494615340660E-02  1.7798956461074764E-06
  1.5314043225083229E-01  9.4704204177589138E-02  1.7637199433040391E-06
  1.5466612458599319E-01  9.4471969347198675E-02  1.7476754753048259E-06
  1.5620701693768366E-01  9.4286117877560985E-02  1.7317604721873333E-06
  1.5776326073912350E-01  9.4069324002101953E-02  1.7159732347987019E-06
  1.5933500893221605E-01  9.3837421568275750E-02  1.7003122056485574E-06
  1.6092241598257948E-01  9.3604242924999498E-02  1.6847760086379494E-06
  1.6252563789472649E-01  9.3397697739011895E-02  1.6693634542526742E-06
  1.6414483222739601E-01  9.3171225947399919E-02  1.6540735213583269E-06
  1.6578015810903787E-01  9.2942038294654791E-02  1.6389053281522276E-06
  1.6743177625345079E-01  9.2731753503261183E-02  1.6238581020672990E-06
  1.6909984897557723E-01  9.2517696749771741E-02  1.6089311496906793E-06
  1.7078454020745470E-01  9.2298039400021986E-02  1.5941238263902147E-06
  1.7248601551432657E-01  9.2077476502336858E-02  1.5794355337533976E-06
  1.7420444211091357E-01  9.1852825771975496E-02  1.5648657405902442E-06
  1.7593998887784612E-01  9.1627579955582433E-02  1.5504139883091155E-06
  1.7769282637826245E-01  9.1394152147842952E-02  1.5360798650868432E-06
  1.7946312687456992E-01  9.1214581293604408E-02  1.5218629621790745E-06
  1.8125106434537486E-01  9.0988889454555424E-02  1.5077628338705707E-06
  1.8305681450258057E-01  9.0803518640987957E-02  1.4937789740901516E-06
  1.8488055480865540E-01  9.0600122490992974E-02  1.4799108096425737E-06
  1.8672246449407301E-01  9.0372767618250541E-02  1.4661577050230031E-06
  1.8858272457492706E-01  9.0141381522087463E-02  1.4525189727520650E-06
  1.9046151787072010E-01  8.9897998846116128E-02  1.4389938851963048E-06
  1.9235902902233101E-01  8.9678970881748671E-02  1.4255816871617773E-06
  1.9427544451016018E-01  8.9460236177848554E-02  1.4122816045670373E-06
  1.9621095267245686E-01  8.9245080636716753E-02  1.3990928537549504E-06
  1.9816574372382770E-01  8.9033392697386055E-02  1.3860146663663936E-06
  2.0014000977393048E-01  8.8847409573201183E-02  1.3730463294478600E-06
  2.0213394484635455E-01  8.8648285269283505E-02  1.3601872248629260E-06
  2.0414774489768778E-01  8.8462140654470417E-02  1.3474368524394653E-06
  2.0618160783677505E-01  8.8249400294033026E-02  1.3347948315269338E-06
  2.0823573354416811E-01  8.8034192754877130E-02  1.3222608863136114E-06
  2.1031032389176849E-01  8.7815254849987534E-02  1.3098348231009237E-06
  2.1240558276266761E-01  8.7600163109221446E-02  1.2975165063761754E-06
  2.1452171607118262E-01  8.7386537440976797E-02  1.2853058376696610E-06
  2.1665893178309389E-01  8.7168331279487032E-02  1.2732027395013739E-06
  2.1881743993608246E-01  8.6967810060666478E-02  1.2612071408514599E-06
  2.2099745266037188E-01  8.6763686560463502E-02  1.2493189475772359E-06
  2.2319918419957602E-01  8.6552520316236212E-02  1.2375379885319879E-06
  2.2542285093175354E-01  8.6342109691715019E-02  1.2258639497722628E-06
  2.2766867139067293E-01  8.6141683365478131E-02  1.2142963209329559E-06
  2.2993686628728965E-01  8.5953175162084436E-02  1.2028343719565884E-06
  2.3222765853143593E-01  8.5769977253406238E-02  1.1914771629217308E-06
  2.3454127325372856E-01  8.5576807404737110E-02  1.1802235770275214E-06
  2.3687793782769268E-01  8.5352650544533532E-02  1.1690723631063361E-06
  2.3923788189210851E-01  8.5115560833675399E-02  1.1580221772362183E-06
  2.4162133737357847E-01  8.4865354377873944E-02  1.1470716181265244E-06
  2.4402853850932016E-01  8.4647078706190287E-02  1.1362192549584800E-06
  2.4645972187018705E-01  8.4435592049976305E-02  1.1254636512669243E-06
  2.4891512638391688E-01  8.4248665431858036E-02  1.1148033999272788E-06
  2.5139499335861298E-01  8.4096080148536284E-02  1.1042371738720204E-06
  2.5389956650645962E-01  8.3915931028334084E-02  1.0937637770285334E-06
  2.5642909196767211E-01  8.3723065590680601E-02  1.0833821774158344E-06
  2.5898381833468759E-01  8.3517000463368796E-02  1.0730915134817292E-06
  2.6156399667659486E-01  8.3316964547441918E-02  1.0628910766922545E-06
  2.6416988056380952E-01  8.3098946249057490E-02  1.0527802801906035E-06
  2.6680172609299302E-01  8.2899038936145433E-02  1.0427586243000729E-06
  2.6945979191222108E-01  8.2677031054867664E-02  1.0328256660456922E-06
  2.7214433924640363E-01  8.2500458427401849E-02  1.0229809954128951E-06
  2.7485563192295548E-01  8.2294215587823835E-02  1.0132242177811246E-06
  2.7759393639772528E-01  8.2099582887528597E-02  1.0035549389467893E-06
  2.8035952178118206E-01  8.1896770719935161E-02  9.9397274117254489E-07
  2.8315265986486132E-01  8.1702099521161212E-02  9.8447714827404413E-07
  2.8597362514807700E-01  8.1506927590880282E-02  9.7506759888963042E-07
  2.8882269486489703E-01  8.1304110582893135E-02  9.6574344417624465E-07
  2.9170014901139002E-01  8.1097747643320103E-02  9.5650397046098738E-07
  2.9460627037314135E-01  8.0899418364719922E-02  9.4734843510835633E-07
  2.9754134455304443E-01  8.0697752749761709E-02  9.3827610133527533E-07
  3.0050565999936957E-01  8.0506671354499390E-02  9.2928626307971869E-07
  3.0349950803411035E-01  8.0307574957139902E-02  9.2037825762669058E-07
  3.0652318288161429E-01  8.0106168174190084E-02  9.1155146837257910E-07
  3.0957698169749859E-01  7.9916753507066021E-02  9.0280532189511063E-07
  3.1266120459785240E-01  7.9736120847062816E-02  8.9413928385166911E-07
  3.1577615468873232E-01  7.9556638663806439E-02  8.8555286183012907E-07
  3.1892213809594933E-01  7.9365563594885308E-02  8.7704561759077426E-07
  3.2209946399515499E-01  7.9173240543841727E-02  8.6861717141359387E-07
  3.2530844464222491E-01  7.8965151964240587E-02  8.6026718213266252E-07
  3.2854939540394662E-01  7.8757398160300668E-02  8.5199530368032232E-07
  3.3182263478901325E-01  7.8546681453453171E-02  8.4380113297039043E-07
  3.3512848447932420E-01  7.8361967622172873E-02  8.3568416764236973E-07
  3.3846726936159938E-01  7.8166091659481629E-02  8.2764378413534743E-07
  3.4183931755930863E-01  7.7995839906012859E-02  8.1967923628763071E-07
  3.4524496046491698E-01  7.7805160058122200E-02  8.1178966867253495E-07
  3.4868453277245426E-01  7.7617205188256794E-02  8.0397413714011581E-07
  3.5215837251040616E-01  7.7457094908169918E-02  7.9623163022212535E-07
  3.5566682107493569E-01  7.7279943005557766E-02  7.8856108502827548E-07
  3.5921022326343333E-01  7.7082700331773432E-02  7.8096139453443740E-07
  3.6278892730840284E-01  7.6885569406962367E-02  7.7343141898421980E-07
  3.6640328491168472E-01  7.6686651002872558E-02  7.6597001700807988E-07
  3.7005365127901940E-01  7.6484107402432999E-02  7.5857609809506064E-07
  3.7374038515495578E-01  7.6271195268790282E-02  7.5124868359100696E-07
  3.7746384885810785E-01  7.6091594088593381E-02  7.4398695703322858E-07
  3.8122440831676135E-01  7.5909617050673756E-02  7.3679028994041104E-07
  3.8502243310483586E-01  7.5727616220549673E-02  7.2965824182957074E-07
  3.8885829647820586E-01  7.5541035540717047E-02  7.2259054059051110E-07
  3.9273237541138256E-01  7.5349024936168255E-02  7.1558705245234123E-07
  3.9664505063456112E-01  7.5154564404373375E-02  7.0864774971900865E-07
  4.0059670667103764E-01  7.4951001607670861E-02  7.0177268280077225E-07
  4.0458773187499963E-01  7.4772500391917351E-02  6.9496196205600772E-07
  4.0861851846969049E-01  7.4587164490922828E-02  6.8821574448987354E-07
  4.1268946258595662E-01  7.4420869899111008E-02  6.8153421274550712E-07
  4.1680096430117813E-01  7.4270149979711708E-02  6.7491753969403792E-07
  4.2095342767858596E-01  7.4102349138816082E-02  6.6836584236234439E-07
  4.2514726080697202E-01  7.3918770872950498E-02  6.6187913664263393E-07
  4.2938287584079526E-01  7.3722697558209926E-02  6.5545730663631417E-07
  4.3366068904068639E-01  7.3524058734883935E-02  6.4910009309070704E-07
  4.3798112081435586E-01  7.3330070733691813E-02  6.4280709945864529E-07
  4.4234459575791035E-01  7.3133021647790272E-02  6.3657780993875523E-07
  4.4675154269758127E-01  7.2952539357937357E-02  6.3041161279928508E-07
  4.5120239473186702E-01  7.2770380235842008E-02  6.2430782333988637E-07
  4.5569758927409654E-01  7.2590444246348793E-02  6.1826569997440739E-07
  4.6023756809541799E-01  7.2411769039222404E-02  6.1228445056060873E-07
  4.6482277736821259E-01  7.2226737078253181E-02  6.0636323564991649E-07
  4.6945366770994323E-01  7.2051185962306308E-02  6.0050117694403012E-07
  4.7413069422744092E-01  7.1877405664954361E-02  5.9469737512288458E-07
  4.7885431656162958E-01  7.1709705114111372E-02  5.8895093545733415E-07
  4.8362499893269761E-01  7.1527464316866934E-02  5.8326099316534215E-07
  4.8844321018572068E-01  7.1340279085865016E-02  5.7762673305695320E-07
  4.9330942383673837E-01  7.1171494068264507E-02  5.7204740051675011E-07
  4.9822411811928802E-01  7.0989687545844157E-02  5.6652230358545012E-07
  5.0318777603140497E-01  7.0788864942840188E-02  5.6105080858546481E-07
  5.0820088538309027E-01  7.0604850165076227E-02  5.5563233233656833E-07
  5.1326393884424937E-01  7.0434739395746307E-02  5.5026633507153999E-07
  5.1837743399311043E-01  7.0258613412350845E-02  5.4495231891046281E-07
  5.2354187336512570E-01  7.0084695061568197E-02  5.3968983014434008E-07
  5.2875776450235745E-01  6.9897304722861098E-02  5.3447845940888115E-07
  5.3402562000335729E-01  6.9735149412921832E-02  5.2931783508132952E-07
  5.3934595757354331E-01  6.9576488888907925E-02  5.2420760885633132E-07
  5.4471930007607827E-01  6.9395945372247955E-02  5.1914743745265828E-07
  5.5014617558325374E-01  6.9226021191850701E-02  5.1413696532406361E-07
  5.5562711742838711E-01  6.9045140242661021E-02  5.0917581167560328E-07
  5.6116266425823769E-01  6.8856405472635523E-02  5.0426356391998689E-07
  5.6675336008594002E-01  6.8663491323877085E-02  4.9939977702701164E-07
  5.7239975434446910E-01  6.8489829677147299E-02  4.9458397697809689E-07
  5.7810240194063678E-01  6.8309017258457380E-02  4.8981566624000872E-07
  5.8386186330962586E-01  6.8126705172894181E-02  4.8509432819825430E-07
  5.8967870447006610E-01  6.7966449879434149E-02  4.8041943059637658E-07
  5.9555349707966221E-01  6.7806715527650524E-02  4.7579043136019878E-07
  6.0148681849137431E-01  6.7641091700298653E-02  4.7120678944069355E-07
  6.0747925181015661E-01  6.7461807197226886E-02  4.6666798070241834E-07
  6.1353138595026346E-01  6.7278280626306725E-02  4.6217351576694292E-07
  6.1964381569312699E-01  6.7109341594132829E-02  4.5772295475488272E-07
  6.2581714174580783E-01  6.6941465303689773E-02  4.5331591628705549E-07
  6.3205197080003139E-01  6.6757547165105263E-02  4.4895207929407341E-07
  6.3834891559181184E-01  6.6590129799467435E-02  4.4463117853137010E-07
  6.4470859496166988E-01  6.6414329054528431E-02  4.4035299607208363E-07
  6.5113163391544682E-01  6.6241005399925168E-02  4.3611735090757758E-07
  6.5761866368573230E-01  6.6067538891448452E-02  4.3192408890814518E-07
  6.6417032179389746E-01  6.5890830185078408E-02  4.2777307493627994E-07
  6.7078725211274726E-01  6.5725419427976231E-02  4.2366418745028617E-07
  6.7747010492979909E-01  6.5556236208665450E-02  4.1959731525269706E-07
  6.8421953701119143E-01  6.5398505049722583E-02  4.1557235529905978E-07
  6.9103621166622609E-01  6.5235518728148090E-02  4.1158921033712080E-07
  6.9792079881255764E-01  6.5072571952513633E-02  4.0764778704036694E-07
  7.0487397504203020E-01  6.4911891956697262E-02  4.0374799403108042E-07
  7.1189642368717065E-01  6.4754424131876862E-02  3.9988973975939698E-07
  7.1898883488834131E-01  6.4579116865541242E-02  3.9607293068205434E-07
  7.2615190566156873E-01  6.4403819544681870E-02  3.9229746990366770E-07
  7.3338633996704150E-01  6.4228288499465089E-02  3.8856325632856359E-07
  7.4069284877829211E-01  6.4040017361476229E-02  3.8487018410904195E-07
  7.4807215015206963E-01  6.3835118581134956E-02  3.8121814508927734E-07
  7.5552496929890967E-01  6.3668569458105242E-02  3.7760704407670389E-07
  7.6305203865440152E-01  6.3498771210227761E-02  3.7403683647779545E-07
  7.7065409795117190E-01  6.3331871280519619E-02  3.7050758908155714E-07
  7.7833189429158278E-01  6.3195310069854835E-02  3.6701955441935858E-07
  7.8608618222115434E-01  6.3035058941654620E-02  3.6357324156054451E-07
  7.9391772380271552E-01  6.2884402135855735E-02  3.6016946615339348E-07
  8.0182728869130193E-01  6.2716735395380099E-02  3.5680936819627121E-07
  8.0981565420979174E-01  6.2557140074091785E-02  3.5349439579182448E-07
  8.1788360542529759E-01  6.2379908761344964E-02  3.5022626239341856E-07
  8.2603193522632101E-01  6.2212019214327514E-02  3.4700688949125341E-07
  8.3426144440067618E-01  6.2040533454105644E-02  3.4383834643405952E-07
  8.4257294171418495E-01  6.1871322136984090E-02  3.4072279546673402E-07
  8.5096724399016188E-01  6.1706501048640554E-02  3.3766243985171315E-07
  8.5944517618968819E-01  6.1547475057358483E-02  3.3465947093026663E-07
  8.6800757149268670E-01  6.1375353566978749E-02  3.3171601086240394E-07
  8.7665527137979971E-01  6.1221828970505369E-02  3.2883405040085690E-07
  8.8538912571509221E-01  6.1059553880776343E-02  3.2601538740290726E-07
  8.9420999282957025E-01  6.0897893833707167E-02  3.2326158164160439E-07
  9.0311873960553457E-01  6.0737635831363157E-02  3.2057393133739523E-07
  9.1211624156177429E-01  6.0582177456881950E-02  3.1795347399023065E-07
  9.2120338293961246E-01  6.0417041779272700E-02  3.1540100906347139E-07
  9.3038105678980254E-01  6.0262633378282707E-02  3.1291713532597302E-07
  9.3965016506029519E-01  6.0111942732472640E-02  3.1050229411674792E-07
  9.4901161868488049E-01  5.9939176394010640E-02  3.0815681219700303E-07
  9.5846633767270917E-01  5.9788975174228896E-02  3.0588095331427569E-07
  9.6801525119870580E-01  5.9629813657652214E-02  3.0367500135802802E-07
  9.7765929769488913E-01  5.9475925920855308E-02  3.0153939207976801E-07
  9.8739942494259558E-01  5.9324716358542265E-02  2.9947489468595220E-07
  9.9723659016562261E-01  5.9168005306507669E-02  2.9748282440990652E-07
  1.0071717601243015E+00  5.9017326001753544E-02  2.9556524570465942E-07
  1.0172059112105103E+00  5.8872427356641409E-02  2.9372512858669634E-07
  1.0273400295436250E+00  5.8711566320107406E-02  2.9196642782205029E-07
  1.0375751110674338E+00  5.8558165481908744E-02  2.9029407523550438E-07
  1.0479121616480169E+00  5.8396974787335139E-02  2.8871389903817154E-07
  1.0583521971725978E+00  5.8230547971929884E-02  2.8723249843168216E-07
  1.0688962436493772E+00  5.8081320628166178E-02  2.8585710582743703E-07
  1.0795453373083719E+00  5.7930099787357935E-02  2.8459545582320191E-07
  1.0903005247032482E+00  5.7766005977933632E-02  2.8345565411635769E-07
  1.1011628628141727E+00  5.7626232840257668E-02  2.8244604051619662E-07
  1.1121334191516890E+00  5.7479681100773061E-02  2.8157503521859766E-07
  1.1232132718616306E+00  5.7338991870038304E-02  2.8085095938483350E-07
  1.1344035098310743E+00  5.7201947875221586E-02  2.8028185786725711E-07
  1.1457052327953532E+00  5.7067241769486687E-02  2.7987536039188619E-07
  1.1571195514461359E+00  5.6933413630744382E-02  2.7963859838906947E-07
  1.1686475875405788E+00  5.6809922836649082E-02  2.7957819655636638E-07
  1.1802904740115694E+00  5.6687719635888020E-02  2.7970033991315669E-07
  1.1920493550790676E+00  5.6547173200540680E-02  2.8001090032236948E-07
  1.2039253863625545E+00  5.6428275968379953E-02  2.8051559762188443E-07
  1.2159197349946025E+00  5.6298862827952899E-02  2.8122016593244922E-07
  1.2280335797355753E+00  5.6172758060192174E-02  2.8213050208955057E-07
  1.2402681110894764E+00  5.6043248412690171E-02  2.8325276686892819E-07
  1.2526245314209425E+00  5.5911725494081174E-02  2.8459342416102945E-07
  1.2651040550734098E+00  5.5770546854203483E-02  2.8615922297902392E-07
  1.2777079084884566E+00  5.5649489435640472E-02  2.8795712920756231E-07
  1.2904373303263321E+00  5.5514283443195665E-02  2.8999421722605389E-07
  1.3032935715876830E+00  5.5398457980980371E-02  2.9227756729963487E-07
  1.3162778957365062E+00  5.5272516217836375E-02  2.9481419498213306E-07
  1.3293915788243120E+00  5.5141999648081315E-02  2.9761103108146309E-07
  1.3426359096155267E+00  5.5034496803770608E-02  3.0067495679343226E-07
  1.3560121897141546E+00  5.4918956069468866E-02  3.0401288387737881E-07
  1.3695217336916923E+00  5.4816903900406978E-02  3.0763185844970326E-07
  1.3831658692163145E+00  5.4709262274305628E-02  3.1153916207336626E-07
  1.3969459371833612E+00  5.4594095397881043E-02  3.1574236976754749E-07
  1.4108632918471120E+00  5.4488252205837112E-02  3.2024932194821378E-07
  1.4249193009538708E+00  5.4371905547951342E-02  3.2506798471749464E-07
  1.4391153458763994E+00  5.4253492297408890E-02  3.3020619725618947E-07
  1.4534528217496547E+00  5.4130569834118993E-02  3.3567129583394976E-07
  1.4679331376079052E+00  5.4017080337938270E-02  3.4146964996148218E-07
  1.4825577165232167E+00  5.3898463491844871E-02  3.4760618520597994E-07
  1.4973279957452850E+00  5.3774111505795086E-02  3.5408396448917607E-07
  1.5122454268427010E+00  5.3657057066053761E-02  3.6090388238260161E-07
  1.5273114758455999E+00  5.3545647269805617E-02  3.6806449196493958E-07
  1.5425276233897316E+00  5.3417464265935605E-02  3.7556194133613572E-07
  1.5578953648619827E+00  5.3308440957323316E-02  3.8338997987084513E-07
  1.5734162105473313E+00  5.3190743748831461E-02  3.9154000821344913E-07
  1.5890916857772690E+00  5.3070734146881259E-02  4.0000113041254767E-07
  1.6049233310797131E+00  5.2935389231632282E-02  4.0876021370198543E-07
  1.6209127023304009E+00  5.2820059965266682E-02  4.1780201231306945E-07
  1.6370613709057886E+00  5.2696941567837156E-02  4.2710933781194979E-07
  1.6533709238374918E+00  5.2580580342707108E-02  4.3666324311218608E-07
  1.6698429639682471E+00  5.2456615973290592E-02  4.4644323503190959E-07
  1.6864791101094287E+00  5.2338945754186281E-02  4.5642747332262538E-07
  1.7032809972001504E+00  5.2217870039367890E-02  4.6659290318318834E-07
  1.7202502764679350E+00  5.2094936935670307E-02  4.7691528120586521E-07
  1.7373886155909843E+00  5.1976569897929328E-02  4.8736908491203803E-07
  1.7546976988620921E+00  5.1846471574473106E-02  4.9792733606173482E-07
  1.7721792273541470E+00  5.1733578095961900E-02  5.0856137996600759E-07
  1.7898349190873177E+00  5.1609163093439325E-02  5.1924070571932706E-07
  1.8076665091979047E+00  5.1481644764613130E-02  5.2993287908698334E-07
  1.8256757501088412E+00  5.1356047002207854E-02  5.4060363132723646E-07
  1.8438644117019320E+00  5.1228177547068571E-02  5.5121716456172188E-07
  1.8622342814917860E+00  5.1094460625774010E-02  5.6173670948516377E-07
  1.8807871648014798E+00  5.0967023759746433E-02  5.7212526443895349E-07
  1.8995248849399895E+00  5.0839590044079515E-02  5.8234643630353173E-07
  1.9184492833813731E+00  5.0717490160906251E-02  5.9236524856718403E-07
  1.9375622199457392E+00  5.0592566713316217E-02  6.0214876897836806E-07
  1.9568655729820326E+00  5.0464531151099293E-02  6.1166645390268753E-07
  1.9763612395526282E+00  5.0330781186865639E-02  6.2089020336610076E-07
  1.9960511356197590E+00  5.0207760078199347E-02  6.2979416922703459E-07
  2.0159371962338239E+00  5.0082411008284068E-02  6.3835444521588575E-07
  2.0360213757235495E+00  4.9962637628956363E-02  6.4654878499886340E-07
  2.0563056478880490E+00  4.9834554050818207E-02  6.5435640624646221E-07
  2.0767920061908134E+00  4.9708582347396543E-02  6.6175786727732071E-07
  2.0974824639556120E+00  4.9584693144495588E-02  6.6873516675025862E-07
  2.1183790545643513E+00  4.9460832181326408E-02  6.7527202181895069E-07
  2.1394838316569262E+00  4.9330542011847840E-02  6.8135424120941490E-07
  2.1607988693330205E+00  4.9214233042939690E-02  6.8697012874486627E-07
  2.1823262623559514E+00  4.9096648968424687E-02  6.9211082946349602E-07
  2.2040681263585515E+00  4.8975761466349896E-02  6.9677053684146741E-07
  2.2260265980510545E+00  4.8849390436835387E-02  7.0094652127629857E-07
  2.2482038354311071E+00  4.8718207725772955E-02  7.0463898379867282E-07
  2.2706020179958433E+00  4.8588738696148763E-02  7.0785077537296256E-07
  2.2932233469560672E+00  4.8457010335515555E-02  7.1058707501678104E-07
  2.3160700454525958E+00  4.8330541146115902E-02  7.1285507619818832E-07
  2.3391443587747309E+00  4.8203092066000305E-02  7.1466364996183267E-07
  2.3624485545809164E+00  4.8072001516668711E-02  7.1602304148483313E-07
  2.3859849231216046E+00  4.7941313818574381E-02  7.1694465462265578E-07
  2.4097557774643286E+00  4.7816241946721960E-02  7.1744085896042015E-07
  2.4337634537210135E+00  4.7699629702237623E-02  7.1752480549679562E-07
  2.4580103112775786E+00  4.7573729946574037E-02  7.1721025582981152E-07
  2.4824987330257970E+00  4.7447703342024361E-02  7.1651143767303917E-07
  2.5072311255974742E+00  4.7323277559126978E-02  7.1544294019683826E-07
  2.5322099196009757E+00  4.7212475092328031E-02  7.1401965078463900E-07
  2.5574375698600917E+00  4.7090295040868514E-02  7.1225672620756022E-07
  2.5829165556552769E+00  4.6971314818700365E-02  7.1016957352497519E-07
  2.6086493809673343E+00  4.6853640587972763E-02  7.0777381887214686E-07
  2.6346385747234637E+00  4.6728271062056778E-02  7.0508525051244339E-07
  2.6608866910458100E+00  4.6611463381810006E-02  7.0211970679176101E-07
  2.6873963095024891E+00  4.6486357964176404E-02  6.9889292738942018E-07
  2.7141700353610640E+00  4.6367132199314695E-02  6.9542039753234223E-07
  2.7412104998446103E+00  4.6236332882312575E-02  6.9171718750965842E-07
  2.7685203603902924E+00  4.6115649442822655E-02  6.8779781061045855E-07
  2.7961023009105181E+00  4.5988491863495691E-02  6.8367612646007677E-07
  2.8239590320567212E+00  4.5860546717872930E-02  6.7936530908835481E-07
  2.8520932914857435E+00  4.5735493088789402E-02  6.7487788097134573E-07
  2.8805078441288767E+00  4.5606465306300331E-02  6.7022580305211938E-07
  2.9092054824636029E+00  4.5492376399268716E-02  6.6542058710393703E-07
  2.9381890267880246E+00  4.5367479589231895E-02  6.6047339590030858E-07
  2.9674613254980198E+00  4.5259963205746309E-02  6.5539511671441900E-07
  2.9970252553671930E+00  4.5140564798580723E-02  6.5019640293435464E-07
  3.0268837218295843E+00  4.5025029261734774E-02  6.4488765521761946E-07
  3.0570396592651949E+00  4.4917917760813657E-02  6.3947895962108256E-07
  3.0874960312883859E+00  4.4796005083344498E-02  6.3397999253104841E-07
  3.1182558310391211E+00  4.4671265179464271E-02  6.2839990244480384E-07
  3.1493220814771146E+00  4.4549092442895545E-02  6.2274718944999510E-07
  3.1806978356789330E+00  4.4424745326029698E-02  6.1702961079410602E-07
  3.2123861771380327E+00  4.4302652496050081E-02  6.1125413728716624E-07
  3.2443902200677792E+00  4.4172769843014631E-02  6.0542697631875319E-07
  3.2767131097075382E+00  4.4051801492338193E-02  5.9955365806049200E-07
  3.3093580226317356E+00  4.3936303657227720E-02  5.9363915223755987E-07
  3.3423281670620564E+00  4.3820049421045809E-02  5.8768799187560449E-07
  3.3756267831827604E+00  4.3703647469717728E-02  5.8170441235444972E-07
  3.4092571434590719E+00  4.3582214548639329E-02  5.7569245592037255E-07
  3.4432225529588192E+00  4.3477811805081250E-02  5.6965603736077569E-07
  3.4775263496772335E+00  4.3368203011300760E-02  5.6359900284407794E-07
  3.5121719048649851E+00  4.3252685346127959E-02  5.5752518660840497E-07
  3.5471626233595166E+00  4.3132469280701510E-02  5.5143846667925204E-07
  3.5825019439196475E+00  4.3012101926287058E-02  5.4534281399164992E-07
  3.6181933395635126E+00  4.2892927143428100E-02  5.3924232476283826E-07
  3.6542403179098990E+00  4.2765198272302407E-02  5.3314122739843284E-07
  3.6906464215229513E+00  4.2652154421559833E-02  5.2704385728970163E-07
  3.7274152282603090E+00  4.2527221832108927E-02  5.2095460940458048E-07
  3.7645503516247500E+00  4.2409800730099492E-02  5.1487787987159049E-07
  3.8020554411192991E+00  4.2285714704179925E-02  5.0881799475982207E-07
  3.8399341826058779E+00  4.2174131316638552E-02  5.0277914785240942E-07
  3.8781902986675596E+00  4.2054349804402924E-02  4.9676535435000593E-07
  3.9168275489743971E+00  4.1939834093888684E-02  4.9078039818475447E-07
  3.9558497306528997E+00  4.1826263684380374E-02  4.8482777812947478E-07
  3.9952606786592386E+00  4.1713235235507212E-02  4.7891065474381582E-07
  4.0350642661560814E+00  4.1604796485660595E-02  4.7303180401337674E-07
  4.0752644048932609E+00  4.1487002505689020E-02  4.6719358805419908E-07
  4.1158650455922245E+00  4.1373247148057075E-02  4.6139795148160395E-07
  4.1568701783342501E+00  4.1260447746738135E-02  4.5564645121406664E-07
  4.1982838329526153E+00  4.1138951650145077E-02  4.4994031188314353E-07
  4.2401100794286259E+00  4.1022574382532276E-02  4.4428049196452673E-07
  4.2823530282915785E+00  4.0893938228900473E-02  4.3866775448421724E-07
  4.3250168310227588E+00  4.0776778070710590E-02  4.3310273287228447E-07
  4.3681056804634188E+00  4.0666264881877599E-02  4.2758596125962094E-07
  4.4116238112268196E+00  4.0553277054592593E-02  4.2211789676926750E-07
  4.4555755001144242E+00  4.0437491713873043E-02  4.1669893332051670E-07
  4.4999650665361850E+00  4.0310562595510219E-02  4.1132940775992846E-07
  4.5447968729350370E+00  4.0200992223265057E-02  4.0600960195621677E-07
  4.5900753252156381E+00  4.0085523215970573E-02  4.0073974307794084E-07
  4.6358048731773582E+00  3.9974674915156085E-02  3.9552000343387642E-07
  4.6819900109515755E+00  3.9858823633371662E-02  3.9035050106830041E-07
  4.7286352774433684E+00  3.9745294740901188E-02  3.8523130187364537E-07
  4.7757452567775687E+00  3.9620891473086624E-02  3.8016242312122109E-07
  4.8233245787492542E+00  3.9517608277843272E-02  3.7514383833513701E-07
  4.8713779192788005E+00  3.9405040250274644E-02  3.7017548872248230E-07
  4.9199100008713534E+00  3.9292002146157447E-02  3.6525730167913527E-07
  4.9689255930809599E+00  3.9167582790410396E-02  3.6038919929554644E-07
  5.0184295129793428E+00  3.9062533971411142E-02  3.5557110393575439E-07
  5.0684266256292307E+00  3.8937375611400822E-02  3.5080294458639411E-07
  5.1189218445625411E+00  3.8829288173799326E-02  3.4608466378666932E-07
  5.1699201322632398E+00  3.8714201918129326E-02  3.4141622429222601E-07
  5.2214265006550180E+00  3.8593361811573919E-02  3.3679761413017300E-07
  5.2734460115938857E+00  3.8474196034645518E-02  3.3222884857777023E-07
  5.3259837773656047E+00  3.8350175594042926E-02  3.2770996764897833E-07
  5.3790449611880984E+00  3.8242737620144220E-02  3.2324103005259366E-07
  5.4326347777189019E+00  3.8126129963462388E-02  3.1882210495866628E-07
  5.4867584935676259E+00  3.8007518932332542E-02  3.1445326049219134E-07
  5.5414214278135177E+00  3.7888680296147566E-02  3.1013455221594992E-07
  5.5966289525282393E+00  3.7774767527373201E-02  3.0586601554344514E-07
  5.6523864933037977E+00  3.7652070800105790E-02  3.0164765911159901E-07
  5.7086995297857310E+00  3.7546243367800915E-02  2.9747945885786537E-07
  5.7655735962116665E+00  3.7426065144467349E-02  2.9336135264948597E-07
  5.8230142819551851E+00  3.7315018625957985E-02  2.8929323566371570E-07
  5.8810272320751027E+00  3.7195719992446356E-02  2.8527495733621696E-07
  5.9396181478703092E+00  3.7078606935013532E-02  2.8130632074417341E-07
  5.9987927874399949E+00  3.6966467256702211E-02  2.7738708553290521E-07
  6.0585569662495695E+00  3.6851546885244196E-02  2.7351697378711729E-07
  6.1189165577022235E+00  3.6734035614555210E-02  2.6969567749540911E-07
  6.1798774937160648E+00  3.6616383583770576E-02  2.6592286726308882E-07
  6.2414457653071498E+00  3.6489991819513748E-02  2.6219820022099623E-07
  6.3036274231782397E+00  3.6372759444255796E-02  2.5852132380439754E-07
  6.3664285783134176E+00  3.6265739713085693E-02  2.5489187960408697E-07
  6.4298554025786911E+00  3.6138404007537372E-02  2.5130950628575022E-07
  6.4939141293285267E+00  3.6025809971941047E-02  2.4777384155002329E-07
  6.5586110540184164E+00  3.5911059370441575E-02  2.4428452347613311E-07
  6.6239525348236103E+00  3.5794751602578410E-02  2.4084119131227374E-07
  6.6899449932639623E+00  3.5669268487582700E-02  2.3744348565365824E-07
  6.7565949148349835E+00  3.5559726044505385E-02  2.3409104791498692E-07
  6.8239088496452611E+00  3.5438575442841021E-02  2.3078351922058012E-07
  6.8918934130601563E+00  3.5319071769148919E-02  2.2752053906751031E-07
  6.9605552863519113E+00  3.5200152898510556E-02  2.2430174403056057E-07
  7.0299012173563113E+00  3.5080879752854469E-02  2.2112676734053064E-07
  7.0999380211358121E+00  3.4965560988036028E-02  2.1799524015868287E-07
  7.1706725806492662E+00  3.4843342066093748E-02  2.1490679179616983E-07
  7.2421118474284434E+00  3.4726723729935238E-02  2.1186104984811266E-07
  7.3142628422610958E+00  3.4603463618894201E-02  2.0885764078737681E-07
  7.3871326558809907E+00  3.4486035548928734E-02  2.0589619101282396E-07
  7.4607284496647965E+00  3.4364764987157383E-02  2.0297632829605885E-07
  7.5350574563357826E+00  3.4243799364231657E-02  2.0009768349744555E-07
  7.6101269806747114E+00  3.4122690207586043E-02  1.9725989230827207E-07
  7.6859444002376893E+00  3.4002340930823778E-02  1.9446259659048573E-07
  7.7625171660811860E+00  3.3883249225492365E-02  1.9170544511289494E-07
  7.8398528034943435E+00  3.3764459715275225E-02  1.8898809365099407E-07
  7.9179589127385048E+00  3.3633264924299876E-02  1.8631020380074485E-07
  7.9968431697941256E+00  3.3519458979847816E-02  1.8367144127695517E-07
  8.0765133271151797E+00  3.3400757823845488E-02  1.8107147519818704E-07
  8.1569772143910235E+00  3.3266824252637064E-02  1.7850997774516397E-07
  8.2382427393158455E+00  3.3141134299322833E-02  1.7598662399950910E-07
  8.3203178883658460E+00  3.3024201224730376E-02  1.7350109172550264E-07
  8.4032107275841028E+00  3.2898937666793755E-02  1.7105306082334884E-07
  8.4869294033732441E+00  3.2767049523836328E-02  1.6864221231908068E-07
  8.5714821432960946E+00  3.2649390006147930E-02  1.6626822690279960E-07
  8.6568772568842309E+00  3.2522819340337988E-02  1.6393078321606852E-07
  8.7431231364545692E+00  3.2401338638656761E-02  1.6162955628307002E-07
  8.8302282579342357E+00  3.2277822928332402E-02  1.5936421638536874E-07
  8.9182011816934281E+00  3.2151550563217307E-02  1.5713442860996852E-07
  9.0070505533867529E+00  3.2021939103272924E-02  1.5493985233275041E-07
  9.0967851048029402E+00  3.1900202391088685E-02  1.5278014075479445E-07
  9.1874136547228638E+00  3.1775652962915457E-02  1.5065494141713913E-07
  9.2789451097863012E+00  3.1659270622678627E-02  1.4856389682467594E-07
  9.3713884653672270E+00  3.1531472333573597E-02  1.4650664513974859E-07
  9.4647528064578061E+00  3.1410298943932040E-02  1.4448282109457790E-07
  9.5590473085612899E+00  3.1282844366695560E-02  1.4249205720651965E-07
  9.6542812385937289E+00  3.1155900341071130E-02  1.4053398528678426E-07
  9.7504639557946557E+00  3.1030864972985725E-02  1.3860823807581557E-07
  9.8476049126469363E+00  3.0891293247264643E-02  1.3671445069973602E-07
  9.9457136558057009E+00  3.0769770296474687E-02  1.3485226167755475E-07
  1.0044799827036517E+01  3.0637456925534830E-02  1.3302131322209866E-07
  1.0144873164163009E+01  3.0508218673554046E-02  1.3122125065106490E-07
  1.0245943502023831E+01  3.0374746226155505E-02  1.2945172193655174E-07
  1.0348020773439158E+01  3.0245972388336533E-02  1.2771237654144814E-07
  1.0451115010186916E+01  3.0114423184627218E-02  1.2600286385146420E-07
  1.0555236343988632E+01  2.9983736768798345E-02  1.2432283137954026E-07
  1.0660395007505118E+01  2.9853439555702424E-02  1.2267192262607687E-07
  1.0766601335342152E+01  2.9724214804568064E-02  1.2104977461356575E-07
  1.0873865765066107E+01  2.9594477075124546E-02  1.1945601531431125E-07
  1.0982198838229660E+01  2.9461716184248733E-02  1.1789026150291886E-07
  1.1091611201407900E+01  2.9332292149935654E-02  1.1635211790090006E-07
  1.1202113607244499E+01  2.9199161562010339E-02  1.1484117794047914E-07
  1.1313716915508500E+01  2.9066501182582066E-02  1.1335702634826825E-07
  1.1426432094161646E+01  2.8931783743611775E-02  1.1189924495285659E-07
  1.1540270220436122E+01  2.8799984242840571E-02  1.1046741886326146E-07
  1.1655242481923313E+01  2.8663653028829995E-02  1.0906114270616054E-07
  1.1771360177673230E+01  2.8529868817612641E-02  1.0768002833727627E-07
  1.1888634719304909E+01  2.8396017855621271E-02  1.0632371376717214E-07
  1.2007077632127963E+01  2.8260493447280752E-02  1.0499187379207097E-07
  1.2126700556275228E+01  2.8122336621297001E-02  1.0368423245451822E-07
  1.2247515247846657E+01  2.7983435133442376E-02  1.0240057655756993E-07
  1.2369533580064754E+01  2.7849619129678409E-02  1.0114076856260386E-07
  1.2492767544441387E+01  2.7713547577343289E-02  9.9904754832833765E-08
  1.2617229251956232E+01  2.7576369555792669E-02  9.8692567427254695E-08
  1.2742930934247077E+01  2.7439865425952011E-02  9.7504319021477344E-08
  1.2869884944811838E+01  2.7303173080929107E-02  9.6340185680485250E-08
  1.2998103760222662E+01  2.7166046875410750E-02  9.5200380513362338E-08
  1.3127599981352004E+01  2.7027216055460671E-02  9.4085136105438544E-08
  1.3258386334611087E+01  2.6890702303237191E-02  9.2994688396954301E-08
  1.3390475673200568E+01  2.6753548070449520E-02  9.1929262491474112E-08
  1.3523880978373647E+01  2.6619056179216425E-02  9.0889059532219126E-08
  1.3658615360711920E+01  2.6482392887221502E-02  8.9874242659494829E-08
  1.3794692061413778E+01  2.6344022766364154E-02  8.8884921686768116E-08
  1.3932124453595687E+01  2.6204706978418948E-02  8.7921137422953413E-08
  1.4070926043606491E+01  2.6066097654771418E-02  8.6982849262065099E-08
  1.4211110472354758E+01  2.5928255996751619E-02  8.6069929272291469E-08
  1.4352691516649346E+01  2.5788847546889357E-02  8.5182163853825262E-08
  1.4495683090553310E+01  2.5649575889675598E-02  8.4319265367609676E-08
  1.4640099246751387E+01  2.5513474237992606E-02  8.3480892603344318E-08
  1.4785954177931023E+01  2.5376072695336309E-02  8.2666658291426952E-08
  1.4933262218177108E+01  2.5237164156536214E-02  8.1876142858383623E-08
  1.5082037844380787E+01  2.5099140162939262E-02  8.1108907504483038E-08
  1.5232295677662139E+01  2.4966591752818543E-02  8.0364503550942418E-08
  1.5384050484807043E+01  2.4833061519720121E-02  7.9642480265570412E-08
  1.5537317179718503E+01  2.4699331734115752E-02  7.8942392509133094E-08
  1.5692110824882256E+01  2.4560964266291094E-02  7.8263808406820114E-08
  1.5848446632847102E+01  2.4433376964273428E-02  7.7606316216581555E-08
  1.6006339967719864E+01  2.4298847293009330E-02  7.6969528719167158E-08
  1.6165806346675417E+01  2.4167494908743641E-02  7.6353084314697961E-08
  1.6326861441481611E+01  2.4035512610224363E-02  7.5756644214009465E-08
  1.6489521080039385E+01  2.3903752467102919E-02  7.5179887095820419E-08
  1.6653801247938365E+01  2.3771741837567216E-02  7.4622514907888443E-08
  1.6819718090027830E+01  2.3639924546499526E-02  7.4084247888674926E-08
  1.6987287912003318E+01  2.3508053196211427E-02  7.3564811025422119E-08
  1.7156527182009185E+01  2.3377079982087243E-02  7.3063918602215165E-08
  1.7327452532256963E+01  2.3245270306022772E-02  7.2581255500233550E-08
  1.7500080760659959E+01  2.3114748490495361E-02  7.2116454143652011E-08
  1.7674428832484011E+01  2.2984527823204221E-02  7.1669067332925462E-08
  1.7850513882014877E+01  2.2854934765765524E-02  7.1238539018843071E-08
  1.8028353214242092E+01  2.2725549559979796E-02  7.0824179758188429E-08
  1.8207964306559560E+01  2.2596661871054628E-02  7.0425151153507810E-08
  1.8389364810483297E+01  2.2463728364271018E-02  7.0040462406669417E-08
  1.8572572553386092E+01  2.2334587888934981E-02  6.9668993395043290E-08
  1.8757605540249465E+01  2.2205693917387144E-02  6.9309537243391335E-08
  1.8944481955433236E+01  2.2081296693067350E-02  6.8960831427749706E-08
  1.9133220164462550E+01  2.1948442924219737E-02  6.8621590589186323E-08
  1.9323838715832803E+01  2.1823166360740814E-02  6.8290538408574684E-08
  1.9516356342832449E+01  2.1694338927021588E-02  6.7966440702025548E-08
  1.9710791965384146E+01  2.1563253755255484E-02  6.7648144325160587E-08
  1.9907164691904093E+01  2.1433928452591827E-02  6.7334623326750685E-08
  2.0105493821179863E+01  2.1305101906724563E-02  6.7025030880494596E-08
  2.0305798844267130E+01  2.1172302728086428E-02  6.6718747481062395E-08
  2.0508099446405147E+01  2.1041091625633505E-02  6.6415415674109265E-08
  2.0712415508951239E+01  2.0907517804331362E-02  6.6114954948423994E-08
  2.0918767111334816E+01  2.0773509402571569E-02  6.5817543029127899E-08
  2.1127174533030647E+01  2.0639710540575496E-02  6.5523559916484183E-08
  2.1337658255551776E+01  2.0505530147200756E-02  6.5233558681162706E-08
  2.1550238964462498E+01  2.0371267792417536E-02  6.4948222073413025E-08
  2.1764937551411183E+01  2.0239624316085808E-02  6.4668321428194723E-08
  2.1981775116183467E+01  2.0105500951540452E-02  6.4394683794826882E-08
  2.2200772968775777E+01  1.9971267983615197E-02  6.4128160039948894E-08
  2.2421952631489720E+01  1.9835027332331855E-02  6.3869589362361734E-08
  2.2645335841047171E+01  1.9703906800775658E-02  6.3619759233295554E-08
  2.2870944550726396E+01  1.9571049609705973E-02  6.3379364673965321E-08
  2.3098800932519662E+01  1.9439337532667619E-02  6.3148975097235340E-08
  2.3328927379312180E+01  1.9308707174788015E-02  6.2929014000617902E-08
  2.3561346507082707E+01  1.9178924528947060E-02  6.2719757384821627E-08
  2.3796081157126306E+01  1.9048817743071805E-02  6.2521356363997734E-08
  2.4033154398299004E+01  1.8920180602240173E-02  6.2333820697795777E-08
  2.4272589529284964E+01  1.8789612367802761E-02  6.2157030161988429E-08
  2.4514410080886115E+01  1.8667348771767893E-02  6.1990761730990978E-08
  2.4758639818334792E+01  1.8540298590439357E-02  6.1834707642797018E-08
  2.5005302743629230E+01  1.8414308938500608E-02  6.1688487973357783E-08
  2.5254423097892325E+01  1.8288932245585976E-02  6.1551661901198714E-08
  2.5506025363754112E+01  1.8163718714013156E-02  6.1423739208133148E-08
  2.5760134267757746E+01  1.8039135000782251E-02  6.1304192035866895E-08
  2.6016774782789447E+01  1.7914853578312944E-02  6.1192464965639700E-08
  2.6275972130532942E+01  1.7790409747397394E-02  6.1087981904480861E-08
  2.6537751783947989E+01  1.7661072343646528E-02  6.0990148579439039E-08
  2.6802139469773877E+01  1.7543162600529467E-02  6.0898353037743885E-08
  2.7069161171057623E+01  1.7419211471235065E-02  6.0812001367513877E-08
  2.7338843129707644E+01  1.7295398446470017E-02  6.0730541618444264E-08
  2.7611211849072660E+01  1.7166441192895794E-02  6.0653458705507772E-08
  2.7886294096546223E+01  1.7046198723814875E-02  6.0580270589049651E-08
  2.8164116906197521E+01  1.6927665515887716E-02  6.0510527116728667E-08
  2.8444707581428098E+01  1.6804073253094565E-02  6.0443810484270210E-08
  2.8728093697655030E+01  1.6681635964490266E-02  6.0379736815110695E-08
  2.9014303105021099E+01  1.6555671844529354E-02  6.0317958576980557E-08
  2.9303363931131717E+01  1.6437513773783569E-02  6.0258167206134447E-08
  2.9595304583819264E+01  1.6315550429044073E-02  6.0200095326735439E-08
  2.9890153753934740E+01  1.6195047988745565E-02  6.0143518041310999E-08
  3.0187940418167617E+01  1.6075361163795428E-02  6.0088251427866860E-08
  3.0488693841893472E+01  1.5954264807306457E-02  6.0034139486853767E-08
  3.0792443582049959E+01  1.5833796672802287E-02  5.9981039638538086E-08
  3.1099219490041751E+01  1.5713893390705985E-02  5.9928818785208431E-08
  3.1409051714674170E+01  1.5591115303391943E-02  5.9877351326507104E-08
  3.1721970705115954E+01  1.5474531451707249E-02  5.9826517743859575E-08
  3.2038007213891902E+01  1.5355635997490638E-02  5.9776203345587074E-08
  3.2357192299904973E+01  1.5237115038806662E-02  5.9726296912171849E-08
  3.2679557331488773E+01  1.5118574514616361E-02  5.9676689142690266E-08
  3.3005133989490076E+01  1.4999389395819860E-02  5.9627270995418120E-08
  3.3333954270382598E+01  1.4882478374143648E-02  5.9577932176691553E-08
  3.3666050489411340E+01  1.4762304908877446E-02  5.9528559996918622E-08
  3.4001455283768344E+01  1.4645299402155230E-02  5.9479038885868010E-08
  3.4340201615800304E+01  1.4528520690246469E-02  5.9429250421889412E-08
  3.4682322776247950E+01  1.4412367869911347E-02  5.9379071550777580E-08
  3.5027852387517598E+01  1.4299986534598000E-02  5.9328374907114675E-08
  3.5376824406985627E+01  1.4183402637074533E-02  5.9277030046905824E-08
  3.5729273130335599E+01  1.4069250893034386E-02  5.9224904510636941E-08
  3.6085233194928726E+01  1.3954441269972471E-02  5.9171864909562671E-08
  3.6444739583207806E+01  1.3839738055895300E-02  5.9117778243088519E-08
  3.6807827626135349E+01  1.3725237554925928E-02  5.9062513541385447E-08
  3.7174533006665683E+01  1.3614140207054214E-02  5.9005943793849546E-08
  3.7544891763251634E+01  1.3501571058497289E-02  5.8947947844602597E-08
  3.7918940293386463E+01  1.3388784239578998E-02  5.8888411966802565E-08
  3.8296715357180773E+01  1.3278184745256072E-02  5.8827230793549760E-08
  3.8678254080975051E+01  1.3166472018296037E-02  5.8764306683519485E-08
  3.9063593960988520E+01  1.3056505024716069E-02  5.8699549551538782E-08
  3.9452772867003986E+01  1.2946550726096942E-02  5.8632876631530931E-08
  3.9845829046089627E+01  1.2836048557746881E-02  5.8564211301572064E-08
  4.0242801126357591E+01  1.2727435247632634E-02  5.8493482296899118E-08
  4.0643728120760471E+01  1.2618139746097533E-02  5.8420623290319351E-08
  4.1048649430925273E+01  1.2510121567873199E-02  5.8345572622424904E-08
  4.1457604851025486E+01  1.2402856271497625E-02  5.8268273080623065E-08
  4.1870634571692165E+01  1.2294898726017743E-02  5.8188671692451966E-08
  4.2287779183963629E+01  1.2188475860672610E-02  5.8106719550858512E-08
  4.2709079683274418E+01  1.2081837844016390E-02  5.8022371707497045E-08
  4.3134577473484491E+01  1.1976056269204454E-02  5.7935587169700365E-08
  4.3564314370948019E+01  1.1870790923197611E-02  5.7846328896712170E-08
  4.3998332608623052E+01  1.1766012785684678E-02  5.7754562060285223E-08
  4.4436674840221841E+01  1.1661727691864410E-02  5.7660251963138346E-08
  4.4879384144402948E+01  1.1553842033883443E-02  5.7563364071204456E-08
  4.5326504029004745E+01  1.1455064022302610E-02  5.7463864331812810E-08
  4.5778078435321028E+01  1.1352064692048816E-02  5.7361719552759693E-08
  4.6234151742419726E+01  1.1250158412105016E-02  5.7256897900078073E-08
  4.6694768771504130E+01  1.1148118943686508E-02  5.7149369559599516E-08
  4.7159974790317641E+01  1.1046928510321423E-02  5.7039107589794219E-08
  4.7629815517592817E+01  1.0947170688626297E-02  5.6926088905788994E-08
  4.8104337127544198E+01  1.0846063884700493E-02  5.6810295260167330E-08
  4.8583586254406285E+01  1.0743017783811116E-02  5.6691714087862745E-08
  4.9067609997016362E+01  1.0648590433549500E-02  5.6570338946241739E-08
  4.9556455923443487E+01  1.0548854966611277E-02  5.6446168711122006E-08
  5.0050172075663177E+01  1.0451526322419439E-02  5.6319206602437012E-08
  5.0548806974278627E+01  1.0353365758902720E-02  5.6189459466048035E-08
  5.1052409623289442E+01  1.0256484933480024E-02  5.6056937152759004E-08
  5.1561029514907432E+01  1.0160763418181963E-02  5.5921652113215268E-08
  5.2074716634420369E+01  1.0064108175524668E-02  5.5783619110767226E-08
  5.2593521465104622E+01  9.9694756324096977E-03  5.5642854951728526E-08
  5.3117494993186334E+01  9.8748139463637492E-03  5.5499378194728998E-08
  5.3646688712852196E+01  9.7800353586211166E-03  5.5353208845504224E-08
  5.4181154631309951E+01  9.6858109615935335E-03  5.5204368101861384E-08
  5.4720945273899723E+01  9.5932620258929128E-03  5.5052878207775691E-08
  5.5266113689255945E+01  9.4998390676980966E-03  5.4898762476078982E-08
  5.5816713454520524E+01  9.4076827030104074E-03  5.4742045278925560E-08
  5.6372798680608604E+01  9.3163502595884160E-03  5.4582750614925140E-08
  5.6934424017526176E+01  9.2247418594562907E-03  5.4420901466373541E-08
  5.7501644659740769E+01  9.1305481352857570E-03  5.4256520083717553E-08
  5.8074516351606000E+01  9.0452056256247367E-03  5.4089628250461346E-08
  5.8653095392839802E+01  8.9552385098956716E-03  5.3920247536076033E-08
  5.9237438644057420E+01  8.8662181761266501E-03  5.3748399594735890E-08
  5.9827603532359198E+01  8.7787370857927115E-03  5.3574106545337733E-08
  6.0423648056974699E+01  8.6904377932868690E-03  5.3397391452624252E-08
  6.1025630794962510E+01  8.6033284981085634E-03  5.3218278869609416E-08
  6.1633610906966673E+01  8.5142561494498930E-03  5.3036795394642561E-08
  6.2247648143031306E+01  8.4307899359266098E-03  5.2852970181042659E-08
  6.2867802848472301E+01  8.3455941228080914E-03  5.2666835113199959E-08
  6.3494135969807694E+01  8.2603122856753104E-03  5.2478424531685921E-08
  6.4126709060747686E+01  8.1760006462048528E-03  5.2287775067901062E-08
  6.4765584288243588E+01  8.0922380064964803E-03  5.2094925383791810E-08
  6.5410824438597530E+01  8.0091723979559964E-03  5.1899916031710665E-08
  6.6062492923632618E+01  7.9265531202005503E-03  5.1702789509103249E-08
  6.6720653786925183E+01  7.8452177047067910E-03  5.1503590468443568E-08
  6.7385371710098511E+01  7.7633098610761326E-03  5.1302366067789207E-08
  6.8056712019179443E+01  7.6823902173772654E-03  5.1099166469728401E-08
  6.8734740691018629E+01  7.6022492837969401E-03  5.0894045458708664E-08
  6.9419524359774371E+01  7.5224705144151813E-03  5.0687061115844327E-08
  7.0111130323460969E+01  7.4435534572465075E-03  5.0478276482006295E-08
  7.0809626550562896E+01  7.3649080651006565E-03  5.0267759977671748E-08
  7.1515081686714282E+01  7.2875635470494452E-03  5.0055584240627556E-08
  7.2227565061445247E+01  7.2100750228510672E-03  4.9841824045238092E-08
  7.2947146694995055E+01  7.1330462262025459E-03  4.9626555572765643E-08
  7.3673897305193904E+01  7.0569595472925704E-03  4.9409856087808045E-08
  7.4407888314412560E+01  6.9807483692725016E-03  4.9191803793131107E-08
  7.5149191856581368E+01  6.9060010865952528E-03  4.8972477814392519E-08
  7.5897880784279579E+01  6.8307937510055216E-03  4.8751958269083314E-08
  7.6654028675894978E+01  6.7568201710174374E-03  4.8530326413696268E-08
  7.7417709842854563E+01  6.6836677174911948E-03  4.8307664876126283E-08
  7.8188999336928092E+01  6.6102097919000140E-03  4.8084057973273147E-08
  7.8967972957603706E+01  6.5350483723685508E-03  4.7859592113477509E-08
  7.9754707259536872E+01  6.4635680016901223E-03  4.7634356244141407E-08
  8.0549279560074510E+01  6.3953806525048860E-03  4.7408441612062985E-08
  8.1351767946853002E+01  6.3237127396642608E-03  4.7181939939764211E-08
  8.2162251285472649E+01  6.2540029654793005E-03  4.6954942553546136E-08
  8.2980809227247832E+01  6.1836523980307208E-03  4.6727540213425527E-08
  8.3807522217035455E+01  6.1148288060233749E-03  4.6499822999858115E-08
  8.4642471501140463E+01  6.0432280903769918E-03  4.6271880237796070E-08
  8.5485739135300207E+01  5.9755120526544048E-03  4.6043800417672675E-08
  8.6337407992749021E+01  5.9077947784994273E-03  4.5815671089883188E-08
  8.7197561772362562E+01  5.8404520008330353E-03  4.5587578722917715E-08
  8.8066285006883035E+01  5.7733285588741747E-03  4.5359608552108342E-08
  8.8943663071227363E+01  5.7060309974866028E-03  4.5131844453590623E-08
  8.9829782190877168E+01  5.6394649759215808E-03  4.4904368890312130E-08
  9.0724729450352854E+01  5.5542756074171105E-03  4.4677262966415909E-08
  9.1628592801771518E+01  3.1088741211588673E-05  4.4450605574876684E-08
  9.2541461073491291E+01  9.8370014353654924E-06  4.4224472493146060E-08
  9.3463423978840595E+01  5.7571313257411576E-06  4.3998936450654749E-08
  9.4394572124934641E+01  4.0317298198648907E-06  4.3774067188633910E-08
  9.5334997021580534E+01  3.0815099854517423E-06  4.3549931396694961E-08
  9.6284791090270261E+01  2.4810888667484628E-06  4.3326592543115471E-08
  9.7244047673263154E+01  2.0680112057322937E-06  4.3104110601033915E-08
  9.8212861042759855E+01  1.7668424083894387E-06  4.2882541663314601E-08
  9.9191326410166695E+01  1.5378039923746865E-06  4.2661937477571216E-08
  1.0017953993545287E+02  1.3579431810760538E-06  4.2442344956392856E-08
  1.0117759873660026E+02  1.2130930282472582E-06  4.2223805727689243E-08
  1.0218560089914848E+02  1.0940389744320967E-06  4.2006355924299660E-08
  1.0320364548583407E+02  9.9453068867775204E-07  4.1790027003092998E-08
  1.0423183254632563E+02  9.1018019054348441E-07  4.1574846826993879E-08
  1.0527026312705708E+02  8.3781716961517183E-07  4.1360839902471234E-08
  1.0631903928115769E+02  7.7509458258375778E-07  4.1148027241286683E-08
  1.0737826407848119E+02  7.2023811242625480E-07  4.0936425849192375E-08
  1.0844804161573587E+02  6.7188180053375974E-07  4.0726047786369436E-08
  1.0952847702671424E+02  6.2895716183687021E-07  4.0516898719036778E-08
  1.1061967649262540E+02  5.9061653271993306E-07  4.0308975848576164E-08
  1.1172174725252985E+02  5.5617892993729328E-07  4.0102265223597871E-08
  1.1283479761387903E+02  5.2509106977452191E-07  3.9896738707864209E-08
  1.1395893696315922E+02  4.9689881532099224E-07  3.9692350908785323E-08
  1.1509427577664114E+02  4.7122593338341606E-07  3.9489036717515464E-08
  1.1624092563123793E+02  4.4775808576548715E-07  3.9286712833734478E-08
  1.1739899921547017E+02  4.2623065229844280E-07  3.9085281892140425E-08
  1.1856861034054013E+02  4.0641930264533981E-07  3.8884635228509041E-08
  1.1974987395151736E+02  3.8813261805304993E-07  3.8684655358769127E-08
  1.2094290613863470E+02  3.7120627204608137E-07  3.8485218055926330E-08
  1.2214782414869737E+02  3.5549839827757676E-07  3.8286194332087795E-08
  1.2336474639660507E+02  3.4088587220163348E-07  3.8087452889545340E-08
  1.2459379247699015E+02  3.2726130243921252E-07  3.7888863418184324E-08
  1.2583508317597057E+02  3.1453057747385265E-07  3.7690300946640202E-08
  1.2708874048301946E+02  3.0261084855236409E-07  3.7491650843650907E-08
  1.2835488760295559E+02  2.9142885469637060E-07  3.7292813967515607E-08
  1.2963364896805066E+02  2.8091951117588827E-07  3.7093711166380205E-08
  1.3092515025025619E+02  2.7102472288901760E-07  3.6894284153996715E-08
  1.3222951837355754E+02  2.6169261829319387E-07  3.6694497873432695E-08
  1.3354688152644539E+02  2.5287691563806410E-07  3.6494342316444196E-08
  1.3487736917451355E+02  2.4453622224266827E-07  3.6293828170993577E-08
  1.3622111207318278E+02  2.3663342735193246E-07  3.6092982490634178E-08
  1.3757824228055182E+02  2.2913518601907389E-07  3.5891844699558606E-08
  1.3894889317037402E+02  2.2201147805762842E-07  3.5690461789242373E-08
  1.4033319944516546E+02  2.1523522915795263E-07  3.5488881815021017E-08
  1.4173129714944398E+02  2.0878198398007579E-07  3.5287145014562019E-08
  1.4314332368309738E+02  2.0262962440606777E-07  3.5085272924673827E-08
  1.4456941781488757E+02  1.9675812920460659E-07  3.4883256441851909E-08
  1.4600971969608892E+02  1.9114937537752420E-07  3.4681044223531451E-08
  1.4746437087426014E+02  1.8578698284482146E-07  3.4478536175311493E-08
  1.4893351430715603E+02  1.8065602805001359E-07  3.4275583242707740E-08
  1.5041729437677759E+02  1.7574263861393035E-07  3.4071981775205287E-08
  1.5191585690355967E+02  1.7103384389754674E-07  3.3867480079977700E-08
  1.5342934916070237E+02  1.6651748451515241E-07  3.3661786616807161E-08
  1.5495791988864579E+02  1.6218212607322306E-07  3.3454575798312523E-08
  1.5650171930968543E+02  1.5801697704852316E-07  3.3245493085497798E-08
  1.5806089914273673E+02  1.5401181154166152E-07  3.3034160962858285E-08
  1.5963561261824617E+02  1.5015689624437221E-07  3.2820186730087984E-08
  1.6122601449324847E+02  1.4644291938971081E-07  3.2603172224770052E-08
  1.6283226106657636E+02  1.4286091688232107E-07  3.2382724473231899E-08
  1.6445451019422214E+02  1.3940218774055570E-07  3.2158465982905630E-08
  1.6609292130484909E+02  1.3605818764543951E-07  3.1930042182202976E-08
  1.6774765541546066E+02  1.3282055703562894E-07  3.1697128475689028E-08
  1.6941887514722552E+02  1.2968155262022471E-07  3.1459462830824111E-08
  1.7110674474145748E+02  1.2663416415005208E-07  3.1216852150825850E-08
  1.7281143007575733E+02  1.2367205914401537E-07  3.0969164456212147E-08
  1.7453309868031593E+02  1.2078953577338308E-07  3.0716323866073549E-08
  1.7627191975437626E+02  1.1798148622716279E-07  3.0458307812601788E-08
  1.7802806418286272E+02  1.1524336791490626E-07  3.0195144937494841E-08
  1.7980170455317588E+02  1.1257118147896474E-07  2.9926912906144252E-08
  1.8159301517215337E+02  1.0996145572090851E-07  2.9653735795329428E-08
  1.8340217208319743E+02  1.0741124108135075E-07  2.9375781302716014E-08
  1.8522935308358038E+02  1.0491811496436774E-07  2.9093258178308605E-08
  1.8707473774191556E+02  1.0248020411633683E-07  2.8806414447613958E-08
  1.8893850741580246E+02  1.0009617755017199E-07  2.8515533342203705E-08
  1.9082084526965437E+02  9.7764934159413230E-08  2.8220897787111645E-08
  1.9272193629269691E+02  9.5485373183621127E-08  2.7922766374852273E-08
  1.9464196731714569E+02  9.3256383299309942E-08  2.7621375138867382E-08
  1.9658112703657207E+02  9.1076842687998658E-08  2.7316939842454939E-08
  1.9853960602444482E+02  8.8945617108745473E-08  2.7009657268490877E-08
  2.0051759675285828E+02  8.6861556806135012E-08  2.6699706158560544E-08
  2.0251529361144875E+02  8.4823492668410007E-08  2.6387248180632006E-08
  2.0453289292649956E+02  8.2830231664529308E-08  2.6072429116833231E-08
  2.0657059298023285E+02  8.0880551129948004E-08  2.5755380214082972E-08
  2.0862859403029731E+02  7.8973191029672272E-08  2.5436219522269329E-08
  2.1070709832944985E+02  7.7106842802878099E-08  2.5115052959215265E-08
  2.1280631014543002E+02  7.5280137245873300E-08  2.4791974919855159E-08
  2.1492643578103559E+02  7.3491702421784038E-08  2.4467077634212380E-08
  2.1706768359439877E+02  7.1740256433773442E-08  2.4140464923128795E-08
  2.1923026401946041E+02  7.0024613649562084E-08  2.3812252384602443E-08
  2.2141438958665154E+02  6.8343678055211755E-08  2.3482565758020207E-08
  2.2362027494378174E+02  6.6696437912798346E-08  2.3151539804660799E-08
  2.2584813687713125E+02  6.5081961346390277E-08  2.2819317405304312E-08
  2.2809819433275715E+02  6.3499392495452809E-08  2.2486048624993374E-08
  2.3037066843801199E+02  6.1947948106172261E-08  2.2151889613075770E-08
  2.3266578252327258E+02  6.0426914597862239E-08  2.1817001336550099E-08
  2.3498376214388966E+02  5.8935645864483932E-08  2.1481548282467325E-08
  2.3732483510235571E+02  5.7473562271460522E-08  2.1145697308930487E-08
  2.3968923147068998E+02  5.6040151331732509E-08  2.0809616958097227E-08
  2.4207718361305047E+02  5.4634954744876020E-08  2.0473475409751206E-08
  2.4448892620857114E+02  5.3257525082338799E-08  2.0137433288913954E-08
  2.4692469627442281E+02  5.1907413607859250E-08  1.9801642488019901E-08
  2.4938473318910712E+02  5.0584171365265842E-08  1.9466247492594462E-08
  2.5186927871598394E+02  4.9287349896444262E-08  1.9131386413933244E-08
  2.5437857702702752E+02  4.8016501628537618E-08  1.8797191892892983E-08
  2.5691287472682461E+02  4.6771180292120832E-08  1.8463792136941903E-08
  2.5947242087681116E+02  4.5550941581311227E-08  1.8131312254574080E-08
  2.6205746701974618E+02  4.4355344167688581E-08  1.7799875963339971E-08
  2.6466826720443402E+02  4.3183950939721674E-08  1.7469607515972556E-08
  2.6730507801069280E+02  4.2036330279143625E-08  1.7140633661918810E-08
  2.6996815857456727E+02  4.0912056995419574E-08  1.6813085314682018E-08
  2.7265777061379686E+02  3.9810713855807497E-08  1.6487097748220534E-08
  2.7537417845353770E+02  3.8731908129259083E-08  1.6162812689539486E-08
  2.7811764905233912E+02  3.7675280345882875E-08  1.5840378905614854E-08
  2.8088845202837524E+02  3.6640500870495505E-08  1.5519950034251296E-08
  2.8368685968594866E+02  3.5627266775801001E-08  1.5201682847119004E-08
  2.8651314704224853E+02  3.4635299724739109E-08  1.4885736050910378E-08
  2.8936759185437455E+02  3.3664344353714705E-08  1.4572269245372062E-08
  2.9225047464664067E+02  3.2714166861244576E-08  1.4261441815499995E-08
  2.9516207873814091E+02  3.1784553653846950E-08  1.3953411635492429E-08
  2.9810269027058888E+02  3.0875310143436754E-08  1.3648333648397517E-08
  3.0107259823644642E+02  2.9986259916356937E-08  1.3346358449588767E-08
  3.0407209450732006E+02  2.9117244611850782E-08  1.3047631069914919E-08
  3.0710147386264470E+02  2.8268123838157645E-08  1.2752290331586240E-08
  3.1016103401865456E+02  2.7438754112091651E-08  1.2460463841297797E-08
  3.1325107565764375E+02  2.6628962683023967E-08  1.2172261764137789E-08
  3.1637190245751196E+02  2.5838547705492910E-08  1.1887777875769488E-08
  3.1952382112161121E+02  2.5067281288172324E-08  1.1607091202373190E-08
  3.2270714140888913E+02  2.4314911696375903E-08  1.1330267140400214E-08
  3.2592217616432737E+02  2.3581165021512705E-08  1.1057358310652744E-08
  3.2916924134968826E+02  2.2865746565096432E-08  1.0788405330473333E-08
  3.3244865607456899E+02  2.2168342037579348E-08  1.0523437589199190E-08
  3.3576074262775802E+02  2.1488618571018757E-08  1.0262474042152674E-08
  3.3910582650891081E+02  2.0826225453733146E-08  1.0005523984607303E-08
  3.4248423646054044E+02  2.0180794442310223E-08  9.7525877476291083E-09
  3.4589630450032138E+02  1.9551939704601428E-08  9.5036572685089878E-09
  3.4934236595372090E+02  1.8939266506926621E-08  9.2587190629678934E-09
  3.5282275948695587E+02  1.8342392992484762E-08  9.0177610738418624E-09
  3.5633782714027097E+02  1.7760954495322174E-08  8.7807738391784056E-09
  3.5988791436155583E+02  1.7194602165396353E-08  8.5477498677611232E-09
  3.6347337004029617E+02  1.6643001864705680E-08  8.3186831952855005E-09
  3.6709454654185720E+02  1.6105833303618323E-08  8.0935690694540211E-09
  3.7075179974211483E+02  1.5582789304386571E-08  7.8724036825997651E-09
  3.7444548906243216E+02  1.5073575141964668E-08  7.6551839133066333E-09
  3.7817597750497777E+02  1.4577907948309692E-08  7.4419070617984128E-09
  3.8194363168840192E+02  1.4095516209882197E-08  7.2325705928590992E-09
  3.8574882188386960E+02  1.3626139401188383E-08  7.0271719065879278E-09
  3.8959192205144404E+02  1.3169527790721020E-08  6.8257081651421861E-09
  3.9347330987684091E+02  1.2725441083032429E-08  6.6281758091793387E-09
  3.9739336680854819E+02  1.2293641308053398E-08  6.4345681380306757E-09
  4.0135247809530847E+02  1.1873889432618850E-08  6.2448742689162809E-09
  4.0535103282398251E+02  1.1465945734658844E-08  6.0590794576579351E-09
  4.0938942395778867E+02  1.1069570196358281E-08  5.8771653907441038E-09
  4.1346804837492135E+02  1.0684522787362207E-08  5.6991104073042595E-09
  4.1758730690754857E+02  1.0310563688726649E-08  5.5248896883152527E-09
  4.2174760438121439E+02  9.9474534804489893E-09  5.3544754315955992E-09
  4.2594934965461891E+02  9.5949532985827808E-09  5.1878370206633911E-09
  4.3019295565979388E+02  9.2528249587027125E-09  5.0249411865783814E-09
  4.3447883944269466E+02  8.9208310362534916E-09  4.8657521584450532E-09
  4.3880742220418091E+02  8.5987348918623159E-09  4.7102317971699917E-09
  4.4317912934140486E+02  8.2863008185975303E-09  4.5583397715239436E-09
  4.4759439048962906E+02  7.9832961361415156E-09  4.4100344816576956E-09
  4.5205363956444268E+02  7.6894932506685963E-09  4.2652739422196981E-09
  4.5655731480440431E+02  7.4046696295582227E-09  4.1240158172695099E-09
  4.6110585881411231E+02  7.1286075962090506E-09  3.9862173854750152E-09
  4.6569971860770505E+02  6.8610941589789202E-09  3.8518355248895652E-09
  4.7033934565278633E+02  6.6019208588389168E-09  3.7208267088824793E-09
  4.7502519591479665E+02  6.3508836282963443E-09  3.5931470077070622E-09
  4.7975772990182685E+02  6.1077826622871172E-09  3.4687520932172570E-09
  4.8453741270986899E+02  5.8724223011801719E-09  3.3475972458760735E-09
  4.8936471406852769E+02  5.6446109253039383E-09  3.2296373641919154E-09
  4.9424010838718618E+02  5.4241608611878861E-09  3.1148269770328021E-09
  4.9916407480162320E+02  5.2108882920047777E-09  3.0031202561537022E-09
  5.0413709722110411E+02  5.0046129367122391E-09  2.8944709305412086E-09
  5.0915966437594102E+02  4.8051574942796188E-09  2.7888321028790816E-09
  5.1423226986551629E+02  4.6123475191792803E-09  2.6861562592611218E-09
  5.1935541220679590E+02  4.4260114078700260E-09  2.5863953270712626E-09
  5.2452959488332397E+02  4.2459803847172691E-09  2.4895007283878646E-09
  5.2975532639469770E+02  4.0720884846658979E-09  2.3954234293414436E-09
  5.3503312030654388E+02  3.9041725306603181E-09  2.3041139861448342E-09
  5.4036349530099301E+02  3.7420721079403097E-09  2.2155225876780391E-09
  5.4574697522764734E+02  3.5856295345774615E-09  2.1295990945282171E-09
  5.5118408915506620E+02  3.4346898272926289E-09  2.0462930752348805E-09
  5.5667537142276387E+02  3.2891006635316292E-09  1.9655538403933767E-09
  5.6222136169371663E+02  3.1487123428208584E-09  1.8873304770813193E-09
  5.6782260500740097E+02  3.0133778022570735E-09  1.8115719161328050E-09
  5.7347965183336237E+02  2.8829527500443533E-09  1.7382270581580510E-09
  5.7919305812530649E+02  2.7572957139768305E-09  1.6672448538949567E-09
  5.8496338537573945E+02  2.6362680291209814E-09  1.5985743538607327E-09
  5.9079120067115252E+02  2.5197338160628300E-09  1.5321647516449093E-09
  5.9667707674774715E+02  2.4075599545153344E-09  1.4679654220979082E-09
  6.0262159204772377E+02  2.2996160572778481E-09  1.4059259569368887E-09
  6.0862533077613227E+02  2.1957744425753785E-09  1.3459961990097034E-09
  6.1468888295828378E+02  2.0959101050522476E-09  1.2881262757422687E-09
  6.2081284449772772E+02  1.9999006859262480E-09  1.2322666314059914E-09
  6.2699781723483011E+02  1.9076264408954840E-09  1.1783680575842891E-09
  6.3324440900591253E+02  1.8189702046247482E-09  1.1263817210005986E-09
  6.3955323370298015E+02  1.7338173642272837E-09  1.0762591934646155E-09
  6.4592491133406872E+02  1.6520559647732521E-09  1.0279525444748381E-09
  6.5236006808416835E+02  1.5735767899167499E-09  9.8141441887785347E-10
  6.5885933637675544E+02  1.4982733098843236E-09  9.3659804573554299E-10
  6.6542335493595999E+02  1.4260416235404744E-09  8.9345724366742678E-10
  6.7205276884932823E+02  1.3567804039349396E-09  8.5194642865760246E-10
  6.7874822963121824E+02  1.2903908456011325E-09  8.1202062309430527E-10
  6.8551039528683066E+02  1.2267766167787705E-09  7.7363546528435997E-10
  6.9233993037687947E+02  1.1658438161724463E-09  7.3674721908771852E-10
  6.9923750608289390E+02  1.1075009305885845E-09  7.0131278352020814E-10
  7.0620380027318424E+02  1.0516587932569815E-09  6.6728970228513596E-10
  7.1323949756946445E+02  9.9823054346094261E-10  6.3463617322572800E-10
  7.2034528941412532E+02  9.4713158625776984E-10  6.0331105691999384E-10
  7.2752187413819149E+02  8.9827952159491223E-10  5.7327386800776972E-10
  7.3476995702995544E+02  8.5159405335892642E-10  5.4448475536569112E-10
  7.4209025040428139E+02  8.0699695323223933E-10  5.1690451119246292E-10
  7.4948347367261329E+02  7.6441203600685718E-10  4.9049458519604654E-10
  7.5695035341368134E+02  7.2376513474629276E-10  4.6521709740758290E-10
  7.6449162344489730E+02  6.8498407514804610E-10  4.4103484972763597E-10
  7.7210802489447633E+02  6.4799864793062719E-10  4.1791133632894435E-10
  7.7980030627427755E+02  6.1274058041716589E-10  3.9581075297098934E-10
  7.8756922355335485E+02  5.7914350936080182E-10  3.7469800524206449E-10
  7.9541554023225569E+02  5.4714295381445328E-10  3.5453871570708315E-10
  8.0334002741806023E+02  5.1667628676145290E-10  3.3529922992530885E-10
  8.1134346390015287E+02  4.8768270579595555E-10  3.1694662131913616E-10
  8.1942663622676389E+02  4.6010320671229753E-10  2.9944869687953242E-10
  8.2759033878227308E+02  4.3388056643764563E-10  2.8277400711647002E-10
  8.3583537386526996E+02  4.0895931662842120E-10  2.6689184977698535E-10
  8.4416255176740390E+02  3.8528571174452772E-10  2.5177226968906754E-10
  8.5257269085302403E+02  3.6280769713863699E-10  2.3738605788373184E-10
  8.6106661763959244E+02  3.4147487743851228E-10  2.2370475004576641E-10
  8.6964516687891853E+02  3.2123848506962120E-10  2.1070062426642744E-10
  8.7830918163919910E+02  3.0205134845759790E-10  1.9834669809998244E-10
  8.8705951338786224E+02  2.8386785995598583E-10  1.8661672493798238E-10
  8.9589702207525113E+02  2.6664394399511356E-10  1.7548518970631240E-10
  9.0482257621914277E+02  2.5033702542538582E-10  1.6492730389370020E-10
  9.1383705299009137E+02  2.3490599786384777E-10  1.5491899990791708E-10
  9.2294133829763928E+02  2.2031119166443136E-10  1.4543692446007791E-10
  9.3213632687738448E+02  2.0651433992743963E-10  1.3645843015673808E-10
  9.4142292237890979E+02  1.9347854527218615E-10  1.2796156708652386E-10
  9.5080203745457754E+02  1.8116824824866089E-10  1.1992507479449359E-10
  9.6027459384924384E+02  1.6954919608820428E-10  1.1232837382122498E-10
  9.6984152249083365E+02  1.5858841163921215E-10  1.0515155678003083E-10
  9.7950376358181620E+02  1.4825416235939247E-10  9.8375378962669625E-11
  9.8926226669162884E+02  1.3851592943183822E-10  9.1981248481213690E-11
  9.9911799084998563E+02  1.2934437706176703E-10  8.5951215966263441E-11
  1.0090719046411142E+03  1.2071132173115709E-10  8.0267963849743752E-11
  1.0191249862989696E+03  1.1258970151117947E-10  7.4914795264755245E-11
  1.0292782238033578E+03  1.0495354586832917E-10  6.9875622596699532E-11
  1.0395326149770276E+03  9.7777945703318594E-11  6.5134955695440865E-11
  1.0498891675837372E+03  9.1039022427287029E-11  6.0677889226804969E-11
  1.0603488994273002E+03  8.4713896907787267E-11  5.6490089560303851E-11
  1.0709128384515993E+03  7.8780660370574838E-11  5.2557782397240309E-11
  1.0815820228416146E+03  7.3218345803965506E-11  4.8867740310259902E-11
  1.0923575011254588E+03  6.8006899556284681E-11  4.5407270042888490E-11
  1.1032403322774107E+03  6.3127153166409143E-11  4.2164199610414250E-11
  1.1142315858219924E+03  5.8560795486454723E-11  3.9126865241214699E-11
  1.1253323419390867E+03  5.4290345146156629E-11  3.6284098192200446E-11
  1.1365436915700780E+03  5.0299123366589058E-11  3.3625211468330417E-11
  1.1478667365250740E+03  4.6571227111703722E-11  3.1139986472782388E-11
  1.1593025895911935E+03  4.3091502615365815E-11  2.8818659612532102E-11
  1.1708523746419144E+03  3.9845519330147727E-11  2.6651908883475775E-11
  1.1825172267475289E+03  3.6819544472749621E-11  2.4630840571866625E-11
  1.1942982922867029E+03  3.4000518374150755E-11  2.2746976228468136E-11
  1.2061967290591233E+03  3.1376029741850277E-11  2.0992239370615947E-11
  1.2182137063992889E+03  2.8934291189152734E-11  1.9358942133164215E-11
  1.2303504052914348E+03  2.6664115294445869E-11  1.7839772045992312E-11
  1.2426080184855830E+03  2.4554891189161082E-11  1.6427778954745264E-11
  1.2549877506147664E+03  2.2596561670839719E-11  1.5116362096928538E-11
  1.2674908183134239E+03  2.0779600846094889E-11  1.3899257347140407E-11
  1.2801184503369532E+03  1.9094992319199723E-11  1.2770524645475025E-11
  1.2928718876824732E+03  1.7534207940286296E-11  1.1724535623015083E-11
  1.3057523837107947E+03  1.6089187087344345E-11  1.0755961437661960E-11
  1.3187612042695762E+03  1.4752316448470484E-11  9.8597608323959984E-12
  1.3318996278177494E+03  1.3516410337303335E-11  9.0311684057065842E-12
  1.3451689455511416E+03  1.2374691433529080E-11  8.2656830059096110E-12
  1.3585704615293778E+03  1.1320772197814131E-11  7.5590564595198705E-12
  1.3721054928040478E+03  1.0348636980223289E-11  6.9072826634102694E-12
  1.3857753695481240E+03  9.4526246770021802E-12  6.3065869372424600E-12
  1.3995814351866941E+03  8.6274119230467776E-12  5.7534156375336864E-12
  1.4135250465289976E+03  7.8679968162891570E-12  5.2444260407454963E-12
  1.4276075739017492E+03  7.1696831755508603E-12  4.7764765012632383E-12
  1.4418304012838196E+03  6.5280653317760796E-12  4.3466168888277296E-12
  1.4561949264422551E+03  5.9390134515391902E-12  3.9520793088727414E-12
  1.4707025610696296E+03  5.3986593874056699E-12  3.5902691082498985E-12
  1.4853547309227868E+03  4.9033830414172978E-12  3.2587561679527455E-12
  1.5001528759629689E+03  4.4497992310885867E-12  2.9552664856467166E-12
  1.5150984504973126E+03  4.0347451036587042E-12  2.6776740736836274E-12
  1.5301929233217809E+03  3.6552680646403146E-12  2.4239931467129206E-12
  1.5454377778655223E+03  3.3086141333272999E-12  2.1923705561306513E-12
  1.5608345123366362E+03  2.9922167609412077E-12  1.9810785066392228E-12
  1.5763846398694211E+03  2.7036861193681658E-12  1.7885075580339768E-12
  1.5920896886730900E+03  2.4407988602488526E-12  1.6131599086179442E-12
  1.6079512021819344E+03  2.2014883306045869E-12  1.4536429561972973E-12
  1.6239707392070336E+03  1.9838352295836677E-12  1.3086631322153163E-12
  1.6401498740894247E+03  1.7860586950200302E-12  1.1770200042072134E-12
  1.6564901968548343E+03  1.6065078096831725E-12  1.0576006414009321E-12
  1.6729933133699506E+03  1.4436535160250031E-12  9.4937423795075895E-13
  1.6896608455002197E+03  1.2960809265917707E-12  8.5138698796534569E-13
  1.7064944312692503E+03  1.1624820139533259E-12  7.6275720413535777E-13
  1.7234957250197990E+03  1.0416486678827980E-12  6.8267067237327791E-13
  1.7406663975763349E+03  9.3246612287333838E-13  6.1037624483406131E-13
  1.7580081364092518E+03  8.3390673536691503E-13  5.4518166033351508E-13
  1.7755226458007171E+03  7.4502409461183781E-13  4.8644958302848322E-13
  1.7932116470121407E+03  6.6494745600676069E-13  4.3359385245050542E-13
  1.8110768784533454E+03  5.9287648510612395E-13  3.8607593791400025E-13
  1.8291200958534228E+03  5.2807630010893722E-13  3.4340159019780568E-13
  1.8473430724332561E+03  4.6987280080900273E-13  3.0511768333025260E-13
  1.8657475990797993E+03  4.1764827217740631E-13  2.7080923927271626E-13
  1.8843354845220879E+03  3.7083725110390337E-13  2.4009662829451112E-13
  1.9031085555089735E+03  3.2892264523637054E-13  2.1263293786525941E-13
  1.9220686569886593E+03  2.9143209369714601E-13  1.8810150359829277E-13
  1.9412176522900279E+03  2.5793456068065981E-13  1.6621359725687639E-13
  1.9605574233057350E+03  2.2803714241265890E-13  1.4670625960660411E-13
  1.9800898706771852E+03  2.0138208034410284E-13  1.2934027167950102E-13
  1.9998169139812940E+03  1.7764397408451926E-13  1.1389826017276423E-13
  2.0197404919191467E+03  1.5652718103469048E-13  1.0018293040426187E-13
  2.0398625625065408E+03  1.3776339337055821E-13  8.8015420290159807E-14
  2.0601851032663876E+03  1.2110938432778027E-13  7.7233768985833812E-14
  2.0807101114230668E+03  1.0634491438062719E-13  6.7691494012015382E-14
  2.1014396040987208E+03  9.3270787859162327E-14  5.9256270874061134E-14
  2.1223756185114639E+03  8.1707051140381023E-14  5.1808709373688019E-14
  2.1435202121756056E+03  7.1491324162105383E-14  4.5241221007965538E-14
  2.1648754631038673E+03  6.2477257500631727E-14  3.9456972013639392E-14
  2.1864434700115771E+03  5.4533106946174416E-14  3.4368916518961969E-14
  2.2082263525229368E+03  4.7540418639547098E-14  2.9898905278195817E-14
  2.2302262513793439E+03  4.1392818126268079E-14  2.5976865593158073E-14
  2.2524453286497478E+03  3.5994896307767300E-14  2.2540047316197639E-14
  2.2748857679431444E+03  3.1261185957511351E-14  1.9532330503671078E-14
  2.2975497746231886E+03  2.7115222166812058E-14  1.6903590556660262E-14
  2.3204395760248976E+03  2.3488680971875645E-14  1.4609116885473387E-14
  2.3435574216735631E+03  2.0320590928790255E-14  1.2609081331592018E-14
  2.3669055835058380E+03  1.7556612415286181E-14  1.0868052774836240E-14
  2.3904863560929825E+03  1.5148379692940419E-14  9.3545545439000823E-15
  2.4143020568664019E+03  1.3052901063785649E-14  8.0406614345602950E-15
  2.4383550263453653E+03  1.1232012736837700E-14  6.9016333222076394E-15
  2.4626476283670327E+03  9.6518823526302884E-15  5.9155825523403627E-15
  2.4871822503187841E+03  8.2825583060683446E-15  5.0631724396776874E-15
  2.5119613033728097E+03  7.0975610627702041E-15  4.3273443074476088E-15