 #p(MeV) \t \delta f_\\nu \t \delta f_\\nubar
  1.1134598848045911E+00  9.9950016550657148E-08  7.3317902108898973E-08
  1.1245529526951989E+00  9.7841479390254469E-08  7.1984854747984334E-08
  1.1357565375042016E+00  9.5779351466062108E-08  7.0675333045480924E-08
  1.1470717402786121E+00  9.3762549755338741E-08  6.9388939903576146E-08
  1.1584996730348431E+00  9.1790019194826584E-08  6.8125285145721243E-08
  1.1700414588679968E+00  8.9860734270964094E-08  6.6883987606849090E-08
  1.1816982320622340E+00  8.7973694880835656E-08  6.5664672114132118E-08
  1.1934711382022494E+00  8.6127924705076159E-08  6.4466968448479415E-08
  1.2053613342858578E+00  8.4322471611994003E-08  6.3290512071460938E-08
  1.2173699888376943E+00  8.2556407022088881E-08  6.2134944068395689E-08
  1.2294982820240581E+00  8.0828825272751202E-08  6.0999911076198182E-08
  1.2417474057688909E+00  7.9138843001915980E-08  5.9885065211747709E-08
  1.2541185638709154E+00  7.7485598550040982E-08  5.8790064000788495E-08
  1.2666129721219437E+00  7.5868251379802942E-08  5.7714570307368298E-08
  1.2792318584263553E+00  7.4285981512926748E-08  5.6658252263823391E-08
  1.2919764629217769E+00  7.2737988982985794E-08  5.5620783200729364E-08
  1.3048480381009526E+00  7.1223493104936930E-08  5.4601841387044314E-08
  1.3178478489348380E+00  6.9741730595927108E-08  5.3601108649277852E-08
  1.3309771729969178E+00  6.8291961165793403E-08  5.2618275188888837E-08
  1.3442373005887569E+00  6.6873471969434470E-08  5.1653043313022299E-08
  1.3576295348668113E+00  6.5485568296688949E-08  5.0705120746296240E-08
  1.3711551919704930E+00  6.4127571369820100E-08  4.9774219307425241E-08
  1.3848156011515176E+00  6.2798817959192051E-08  4.8860054873423449E-08
  1.3986121049045404E+00  6.1498660010565212E-08  4.7962347344582497E-08
  1.4125460590990857E+00  6.0226464282000246E-08  4.7080820609087667E-08
  1.4266188331128047E+00  5.8981611990092938E-08  4.6215202507294622E-08
  1.4408318099660458E+00  5.7763498465276448E-08  4.5365224795694507E-08
  1.4551863864577752E+00  5.6571532816069461E-08  4.4530623110724391E-08
  1.4696839733028526E+00  5.5405137642210348E-08  4.3711136971276650E-08
  1.4843259952706644E+00  5.4263749432981033E-08  4.2906510429552124E-08
  1.4991138913251514E+00  5.3146815171262932E-08  4.2116489524520578E-08
  1.5140491147662201E+00  5.2053783352986771E-08  4.1340815371808497E-08
  1.5291331333725688E+00  5.0984111491460567E-08  4.0579230286919979E-08
  1.5443674295459393E+00  4.9937270305026304E-08  3.9831481103716920E-08
  1.5597535004567940E+00  4.8912743437607466E-08  3.9097319148709950E-08
  1.5752928581914616E+00  4.7910027114798311E-08  3.8376500163097206E-08
  1.5909870299007318E+00  4.6928629809980577E-08  3.7668784226101941E-08
  1.6068375579499410E+00  4.5968071920146487E-08  3.6973935679588523E-08
  1.6228460000705525E+00  4.5027885451119905E-08  3.6291723053937396E-08
  1.6390139295132404E+00  4.4107613711869199E-08  3.5621918995153857E-08
  1.6553429352025044E+00  4.3206811011130761E-08  3.4964300186864399E-08
  1.6718346218928264E+00  4.2325042143391525E-08  3.4318647062880597E-08
  1.6884906103263742E+00  4.1461881960235224E-08  3.3684743576600038E-08
  1.7053125373922886E+00  4.0616916853991586E-08  3.3062378630010636E-08
  1.7223020562875440E+00  3.9789744123939428E-08  3.2451345704783609E-08
  1.7394608366794249E+00  3.8979970624710482E-08  3.1851441936070864E-08
  1.7567905648696100E+00  3.8187212461005574E-08  3.1262468003675470E-08
  1.7742929439598965E+00  3.7411094753038032E-08  3.0684228072518559E-08
  1.7919696940195788E+00  3.6651251408441563E-08  3.0116529734039357E-08
  1.8098225522544846E+00  3.5907324900447913E-08  2.9559183948516159E-08
  1.8278532731777037E+00  3.5178966052146236E-08  2.9012004988294802E-08
  1.8460636287820176E+00  3.4465833826641968E-08  2.8474810381912036E-08
  1.8644554087140388E+00  3.3767595124275001E-08  2.7947420860406172E-08
  1.8830304204500974E+00  3.3083924633595378E-08  2.7429660351491110E-08
  1.9017904894738662E+00  3.2414504747688645E-08  2.6921356025637769E-08
  1.9207374594557691E+00  3.1759026505004208E-08  2.6422339183471848E-08
  1.9398731924341652E+00  3.1117189805315076E-08  2.5932445500684914E-08
  1.9591995689983446E+00  3.0488701529248364E-08  2.5451513586602912E-08
  1.9787184884733484E+00  2.9873275111802132E-08  2.4979384732937961E-08
  1.9984318691066238E+00  2.9270630387837142E-08  2.4515902874171173E-08
  2.0183416482565422E+00  2.8680493441536039E-08  2.4060914548432871E-08
  2.0384497825828007E+00  2.8102596459653229E-08  2.3614268858824673E-08
  2.0587582482387079E+00  2.7536677588451093E-08  2.3175817435183300E-08
  2.0792690410654018E+00  2.6982480794221105E-08  2.2745414396283649E-08
  2.0999841767879821E+00  2.6439755727085411E-08  2.2322916312277421E-08
  2.1209056912136224E+00  2.5908257576611014E-08  2.1908182156238339E-08
  2.1420356404316299E+00  2.5387747088586134E-08  2.1501073404900051E-08
  2.1633761010155141E+00  2.4877991052723033E-08  2.1101454553985134E-08
  2.1849291702270692E+00  2.4378763036946184E-08  2.0709193722420467E-08
  2.2066969662224785E+00  2.3889842275629792E-08  2.0324161795515383E-08
  2.2286816282604813E+00  2.3411012696850843E-08  1.9946231706974904E-08
  2.2508853169126168E+00  2.2942062806144656E-08  1.9575278401538342E-08
  2.2733102142755470E+00  2.2482785588178512E-08  1.9211178810045483E-08
  2.2959585241855143E+00  2.2032978410599531E-08  1.8853811824602619E-08
  2.3188324724349187E+00  2.1592442930006926E-08  1.8503058273856458E-08
  2.3419343069910696E+00  2.1160984999997934E-08  1.8158800898381371E-08
  2.3652662982170982E+00  2.0738414581241304E-08  1.7820924326188904E-08
  2.3888307390950847E+00  2.0324545653909970E-08  1.7489315048732088E-08
  2.4126299454514086E+00  1.9919196032306357E-08  1.7163861301685097E-08
  2.4366662561843295E+00  1.9522186430005524E-08  1.6844452259165331E-08
  2.4609420334938537E+00  1.9133337956338865E-08  1.6530975997574018E-08
  2.4854596631138812E+00  1.8752472944091663E-08  1.6223320309214306E-08
  2.5102215545466624E+00  1.8379417716567201E-08  1.5921375032611101E-08
  2.5352301412996017E+00  1.8014002675125257E-08  1.5625032165585759E-08
  2.5604878811244052E+00  1.7656062195171422E-08  1.5334185821186114E-08
  2.5859972562586302E+00  1.7305434525025310E-08  1.5048732184550412E-08
  2.6117607736696211E+00  1.6961961687581904E-08  1.4768569470685146E-08
  2.6377809653008861E+00  1.6625489384681987E-08  1.4493597883136315E-08
  2.6640603883209359E+00  1.6295866904111092E-08  1.4223719573534798E-08
  2.6906016253745810E+00  1.5972947029651798E-08  1.3958838602487881E-08
  2.7174072848367503E+00  1.5656586004893461E-08  1.3698860951022558E-08
  2.7444800010688368E+00  1.5346643953590900E-08  1.3443694959713439E-08
  2.7718224346775822E+00  1.5042986745750442E-08  1.3193252986241525E-08
  2.7994372727765624E+00  1.4745486777779472E-08  1.2947452023640744E-08
  2.8273272292502587E+00  1.4454019580755892E-08  1.2706210843453125E-08
  2.8554950450207763E+00  1.4168463146048106E-08  1.2469449458954206E-08
  2.8839434883172030E+00  1.3888697878563455E-08  1.2237089111919874E-08
  2.9126753549476674E+00  1.3614606550886997E-08  1.2009052259387841E-08
  2.9416934685741003E+00  1.3346074258246101E-08  1.1785262560380249E-08
  2.9710006809897291E+00  1.3082988374286293E-08  1.1565644862594757E-08
  3.0005998723993450E+00  1.2825238507644127E-08  1.1350125189071188E-08
  3.0304939517023604E+00  1.2572716459235727E-08  1.1138630724774931E-08
  3.0606858567786790E+00  1.2325316164746887E-08  1.0931089788004350E-08
  3.0911785547774286E+00  1.2082933444187618E-08  1.0727431616143483E-08
  3.1219750424085508E+00  1.1845465019277154E-08  1.0527585503375991E-08
  3.1530783462373182E+00  1.1612806939323618E-08  1.0331479490720318E-08
  3.1844915229817627E+00  1.1384856584646987E-08  1.0139042142507350E-08
  3.2162176598130863E+00  1.1161513666111229E-08  9.9502034223001822E-09
  3.2482598746590567E+00  1.0942680178151417E-08  9.7648946730188272E-09
  3.2806213165104205E+00  1.0728260342825050E-08  9.5830485888231714E-09
  3.3133051657303771E+00  1.0518160555339912E-08  9.4045991875875363E-09
  3.3463146343671379E+00  1.0312289331016359E-08  9.2294817839539741E-09
  3.3796529664695858E+00  1.0110557253643961E-08  9.0576329629521053E-09
  3.4133234384060933E+00  9.9128769251994300E-09  8.8889905541797127E-09
  3.4473293591865124E+00  9.7191629190359089E-09  8.7234936086219152E-09
  3.4816740707873732E+00  9.5293317948567320E-09  8.5610824345974722E-09
  3.5163609484803144E+00  9.3433023867973836E-09  8.4016988840748654E-09
  3.5513934011637964E+00  9.1609969536054867E-09  8.2452873764616304E-09
  3.5867748716981214E+00  8.9823405739744379E-09  8.0917943628829844E-09
  3.6225088372437741E+00  8.8072598806304137E-09  7.9411672355953272E-09
  3.6585988096031485E+00  8.6356829671145962E-09  7.7933542604278345E-09
  3.6950483355656814E+00  8.4675393593014157E-09  7.6483045646692677E-09
  3.7318609972564087E+00  8.3027599874574219E-09  7.5059681250504809E-09
  3.7690404124880046E+00  8.1412771588306177E-09  7.3662957558239384E-09
  3.8065902351163334E+00  7.9830245307603098E-09  7.2292390969420480E-09
  3.8445141553995330E+00  7.8279370842980859E-09  7.0947506023354997E-09
  3.8828159003606766E+00  7.6759510983328569E-09  6.9627835282977798E-09
  3.9214992341540529E+00  7.5270041136382659E-09  6.8332919117157092E-09
  3.9605679584351003E+00  7.3810348027663364E-09  6.7062304583433329E-09
  4.0000259127340083E+00  7.2379823581810381E-09  6.5815540055587496E-09
  4.0398769748330556E+00  7.0977861070058241E-09  6.4592172006164132E-09
  4.0801250611477160E+00  6.9603865372686290E-09  6.3391754201028044E-09
  4.1207741271115301E+00  6.8257254445858022E-09  6.2213849086295173E-09
  4.1618281675648392E+00  6.6937459016515334E-09  6.1058027616282877E-09
  4.2032912171473944E+00  6.5643922284868208E-09  5.9923869084919702E-09
  4.2451673506948504E+00  6.4376099634279381E-09  5.8810960960545303E-09
  4.2874606836392282E+00  6.3133458348347952E-09  5.7718898724032927E-09
  4.3301753724133691E+00  6.1915477334998353E-09  5.6647285710164964E-09
  4.3733156148594183E+00  6.0721646857015289E-09  5.5595732951829032E-09
  4.4168856506413583E+00  5.9551468279011063E-09  5.4563859036848662E-09
  4.4608897616616776E+00  5.8404454354116568E-09  5.3551290483666620E-09
  4.5053322724821854E+00  5.7280130577049584E-09  5.2557663064290628E-09
  4.5502175507490028E+00  5.6178038665001743E-09  5.1582624946180684E-09
  4.5955500076217968E+00  5.5097732004440660E-09  5.0625832673253897E-09
  4.6413340982073112E+00  5.4038773059995076E-09  4.9686948924319451E-09
  4.6875743219971806E+00  5.3000733172361606E-09  4.8765642396846579E-09
  4.7342752233101280E+00  5.1983192376751458E-09  4.7861587706944227E-09
  4.7814413917385625E+00  5.0985739225096314E-09  4.6974465290782629E-09
  4.8290774625996393E+00  5.0007970611933694E-09  4.6103961307442463E-09
  4.8771881173907845E+00  4.9049491603894334E-09  4.5249767543177273E-09
  4.9257780842497825E+00  4.8109915272732596E-09  4.4411581317092969E-09
  4.9748521384194495E+00  4.7188862534187938E-09  4.3589105390484438E-09
  5.0244151027169073E+00  4.6285961715173210E-09  4.2782047610147786E-09
  5.0744718480075672E+00  4.5400848311082182E-09  4.1990120726190452E-09
  5.1250272936838179E+00  4.4533165761691477E-09  4.1213043202421340E-09
  5.1760864081484854E+00  4.3682564622373584E-09  4.0450538500139568E-09
  5.2276542093031004E+00  4.2848702513089810E-09  3.9702335069779816E-09
  5.2797357650410470E+00  4.2031243994998490E-09  3.8968166284583478E-09
  5.3323361937456237E+00  4.1229860428524800E-09  3.8247770356317590E-09
  5.3854606647930439E+00  4.0444229834365268E-09  3.7540890252287211E-09
  5.4391143990604700E+00  3.9674036757364646E-09  3.6847273613623849E-09
  5.4933026694391094E+00  3.8918972133203728E-09  3.6166672674834967E-09
  5.5480308013524029E+00  3.8178733157840776E-09  3.5498844184600192E-09
  5.6033041732793878E+00  3.7453023155072569E-09  3.4843549323383222E-09
  5.6591282172832891E+00  3.6741551501692914E-09  3.4200553675942661E-09
  5.7155084195453565E+00  3.6044033529161346E-09  3.3569627185978181E-09
  5.7724503209040048E+00  3.5360187939334971E-09  3.2950541777737473E-09
  5.8299595173993799E+00  3.4689736630262659E-09  3.2343071247028487E-09
  5.8880416608233048E+00  3.4032407150832122E-09  3.1746993555992083E-09
  5.9467024592747029E+00  3.3387932836421804E-09  3.1162090989855139E-09
  6.0059476777205854E+00  3.2756052679993763E-09  3.0588150071449128E-09
  6.0657831385626126E+00  3.2136511206211713E-09  3.0024961477436588E-09
  6.1262147222092818E+00  3.1529058348509311E-09  2.9472319956212510E-09
  6.1872483676538428E+00  3.0933449329034815E-09  2.8930024247445726E-09
  6.2488900730579653E+00  3.0349444541401912E-09  2.8397877003228245E-09
  6.3111458963412135E+00  2.9776809438055305E-09  2.7875684712607814E-09
  6.3740219557763744E+00  2.9215314466510526E-09  2.7363257672307620E-09
  6.4375244305907735E+00  2.8664735102387736E-09  2.6860410049673956E-09
  6.5016595615735326E+00  2.8124852242931702E-09  2.6366960289075927E-09
  6.5664336516888788E+00  2.7595451331972161E-09  2.5882730317853559E-09
  6.6318530666955855E+00  2.7076322090890357E-09  2.5407545305474857E-09
  6.6979242357725939E+00  2.6567258617372984E-09  2.4941233776285173E-09
  6.7646536521508160E+00  2.6068059291416585E-09  2.4483627545551050E-09
  6.8320478737512849E+00  2.5578526682523989E-09  2.4034561655870928E-09
  6.9001135238296456E+00  2.5098467459010837E-09  2.3593874314815834E-09
  6.9688572916270646E+00  2.4627692299371829E-09  2.3161406833776605E-09
  7.0382859330275931E+00  2.4166015805657052E-09  2.2737003567993533E-09
  7.1084062712221598E+00  2.3713256418682783E-09  2.2320511857626152E-09
  7.1792251973790995E+00  2.3269236304224282E-09  2.1911781940156441E-09
  7.2507496713213859E+00  2.2833781096967036E-09  2.1510666723759327E-09
  7.3229867222106346E+00  2.2406719512846401E-09  2.1117021436758902E-09
  7.3959434492379046E+00  2.1987883218918046E-09  2.0730703527127627E-09
  7.4696270223213563E+00  2.1577107348133662E-09  2.0351573171347604E-09
  7.5440446828109096E+00  2.1174230502285910E-09  1.9979493295605535E-09
  7.6192037441998899E+00  2.0779094673395289E-09  1.9614329518515909E-09
  7.6951115928437774E+00  2.0391545168644381E-09  1.9255950096609734E-09
  7.7717756886860769E+00  2.0011430537069923E-09  1.8904225870959582E-09
  7.8492035659915045E+00  1.9638602497969106E-09  1.8559030214916657E-09
  7.9274028340863989E+00  1.9272915870977666E-09  1.8220238982936369E-09
  8.0063811781065350E+00  1.8914228507779606E-09  1.7887730460470089E-09
  8.0861463597523944E+00  1.8562401230207076E-09  1.7561385319474805E-09
  8.1667062180519743E+00  1.8217297836789328E-09  1.7241086639808408E-09
  8.2480686701311505E+00  1.7878784998016363E-09  1.6926719826188685E-09
  8.3302417119917571E+00  1.7546728995241306E-09  1.6618169548696377E-09
  8.4132334192974163E+00  1.7220994813865946E-09  1.6315318910576348E-09
  8.4970519481671651E+00  1.6901450226816788E-09  1.6018053281106781E-09
  8.5817055359770009E+00  1.6587966148237965E-09  1.5726260637321062E-09
  8.6672025021694559E+00  1.6280416550542522E-09  1.5439831498398248E-09
  8.7535512490711760E+00  1.5978678383859953E-09  1.5158658861847228E-09
  8.8407602627186712E+00  1.5682631497803266E-09  1.4882638141430687E-09
  8.9288381136922883E+00  1.5392158565482596E-09  1.4611667106776628E-09
  9.0177934579585237E+00  1.5107145009693794E-09  1.4345645824627125E-09
  9.1076350377206641E+00  1.4827478931720077E-09  1.4084476602172831E-09
  9.1983716822779460E+00  1.4553051068273408E-09  1.3828063957097270E-09
  9.2900123088932975E+00  1.4283754687363508E-09  1.3576314527874080E-09
  9.3825659236696630E+00  1.4019486116564704E-09  1.3329137580218138E-09
  9.4760416224350763E+00  1.3760146375838965E-09  1.3086446554594069E-09
  9.5704485916366107E+00  1.3505639233122394E-09  1.2848157246909229E-09
  9.6657961092431641E+00  1.3255870490008867E-09  1.2614187145900494E-09
  9.7620935456572528E+00  1.3010747933983222E-09  1.2384455395515765E-09
  9.8593503646359082E+00  1.2770181292845117E-09  1.2158882759105948E-09
  9.9575761242207612E+00  1.2534082190264695E-09  1.1937391584446898E-09
  1.0056780477677341E+01  1.2302364102439674E-09  1.1719905769570438E-09
  1.0156973174443769E+01  1.2074942315824302E-09  1.1506350729384647E-09
  1.0258164061088921E+01  1.1851733885859328E-09  1.1296653363023172E-09
  1.0360363082280085E+01  1.1632657564533957E-09  1.1090741991037983E-09
  1.0463580281760281E+01  1.1417633689842219E-09  1.0888546255645988E-09
  1.0567825803335364E+01  1.1206585789036217E-09  1.0689998658759351E-09
  1.0673109891870883E+01  1.0999446196585944E-09  1.0495039900990490E-09
  1.0779442894298915E+01  1.0796151523808691E-09  1.0303614576266456E-09
  1.0886835260634921E+01  1.0596639115080000E-09  1.0115667826179317E-09
  1.0995297545004762E+01  1.0400846983607065E-09  9.9311452831254495E-10
  1.1104840406681882E+01  1.0208713817363482E-09  9.7499930794174703E-10
  1.1215474611134876E+01  1.0020178984443685E-09  9.5721578557990476E-10
  1.1327211031085502E+01  9.8351825378528849E-10  9.3975867693761895E-10
  1.1440060647577193E+01  9.6536652197486533E-10  9.2262275009796239E-10
  1.1554034551054201E+01  9.4755684651503970E-10  9.0580282619725200E-10
  1.1669143942451592E+01  9.3008344133947950E-10  8.8929378084074392E-10
  1.1785400134296001E+01  9.1294059325200174E-10  8.7309054670514441E-10
  1.1902814551817350E+01  8.9612264457992491E-10  8.5718809710332354E-10
  1.2021398734071738E+01  8.7962407000307509E-10  8.4158151882818891E-10
  1.2141164335075436E+01  8.6343955871129900E-10  8.2626609107056562E-10
  1.2262123124950159E+01  8.4756386959027789E-10  8.1123714865105733E-10
  1.2384286991079856E+01  8.3199181650886869E-10  7.9649006835529167E-10
  1.2507667939278935E+01  8.1671826909287589E-10  7.8202026991768924E-10
  1.2632278094972085E+01  8.0173815343472635E-10  7.6782321694178642E-10
  1.2758129704386072E+01  7.8704645274071396E-10  7.5389441775856358E-10
  1.2885235135753078E+01  7.7263820791757169E-10  7.4022942622429902E-10
  1.3013606880526277E+01  7.5850851810003450E-10  7.2682384245938728E-10
  1.3143257554607544E+01  7.4465254105219209E-10  7.1367331346510553E-10
  1.3274199899587117E+01  7.3106549918359419E-10  7.0077353918741292E-10
  1.3406446783995939E+01  7.1774268592555794E-10  6.8812027883521648E-10
  1.3540011204570277E+01  7.0467947131700089E-10  6.7570935649287846E-10
  1.3674906287528959E+01  6.9187127690602948E-10  6.6353663752175323E-10
  1.3811145289863447E+01  6.7931357503895846E-10  6.5159802777065635E-10
  1.3948741600640641E+01  6.6700189746689933E-10  6.3988948195464341E-10
  1.4087708742318673E+01  6.5493183550663410E-10  6.2840700402390030E-10
  1.4228060372075920E+01  6.4309904015029608E-10  6.1714664748000176E-10
  1.4369810283153148E+01  6.3149922213225064E-10  6.0610451564745201E-10
  1.4512972406209014E+01  6.2012815195482097E-10  5.9527676190203758E-10
  1.4657560810689199E+01  6.0898165987443879E-10  5.8465958985750962E-10
  1.4803589706209070E+01  5.9805563585478910E-10  5.7424925351651593E-10
  1.4951073443950095E+01  5.8734602491504857E-10  5.6404205297463659E-10
  1.5100026518070319E+01  5.7684879840405660E-10  5.5403430693968544E-10
  1.5250463567128747E+01  5.6655989159268931E-10  5.4422229313494873E-10
  1.5402399375523911E+01  5.5647489404680187E-10  5.3460195212303193E-10
  1.5555848874946996E+01  5.4658931747936451E-10  5.2516914412970733E-10
  1.5710827145849064E+01  5.3689877933117280E-10  5.1591982457545778E-10
  1.5867349418923203E+01  5.2739900261820609E-10  5.0685004414118144E-10
  1.6025431076601432E+01  5.1808581317456706E-10  4.9795594634558291E-10
  1.6185087654566235E+01  5.0895513697381539E-10  4.8923376518950769E-10
  1.6346334843277521E+01  5.0000299752622906E-10  4.8067982286514867E-10
  1.6509188489514553E+01  4.9122551334969439E-10  4.7229052752823235E-10
  1.6673664597933275E+01  4.8261889551173733E-10  4.6406237113111134E-10
  1.6839779332639278E+01  4.7417944607670732E-10  4.5599192811959653E-10
  1.7007549018776299E+01  4.6590358092331114E-10  4.4807587757787141E-10
  1.7176990144130560E+01  4.5778785753369365E-10  4.4031103030177647E-10
  1.7348119360751213E+01  4.4982893569492441E-10  4.3269429117602668E-10
  1.7520953486586798E+01  4.4202353665259170E-10  4.2522261988532345E-10
  1.7695509507137988E+01  4.3436845398953184E-10  4.1789304140644272E-10
  1.7871804577126987E+01  4.2686055347307505E-10  4.1070264600846198E-10
  1.8049856022183356E+01  4.1949677129580550E-10  4.0364858771282107E-10
  1.8229681340546669E+01  4.1227411236390147E-10  3.9672808279353458E-10
  1.8411298204786291E+01  4.0518964863160469E-10  3.8993840831636304E-10
  1.8594724463538103E+01  3.9824051748041737E-10  3.8327690071580440E-10
  1.8779978143258539E+01  3.9142392014168448E-10  3.7674095440881009E-10
  1.8967077449996356E+01  3.8473712010457512E-10  3.7032802039026249E-10
  1.9156040771181619E+01  3.7817744075886108E-10  3.6403560413009937E-10
  1.9346886677432863E+01  3.7174227064422530E-10  3.5786127079641561E-10
  1.9539633924382251E+01  3.6542888930379048E-10  3.5180247741745052E-10
  1.9734301454518576E+01  3.5923440790618750E-10  3.4585651621305506E-10
  1.9930908399049049E+01  3.5315598929452989E-10  3.4002072631369067E-10
  2.0129474079779389E+01  3.4719087788667860E-10  3.3429252255518821E-10
  2.0330018011012616E+01  3.4133639709040695E-10  3.2866939311113437E-10
  2.0532559901466993E+01  3.3558994681191332E-10  3.2314889720972259E-10
  2.0737119656212830E+01  3.2994900105580137E-10  3.1772866293349246E-10
  2.0943717378628651E+01  3.2441110561266888E-10  3.1240638509846958E-10
  2.1152373372376996E+01  3.1897387583058677E-10  3.0717982320936968E-10
  2.1363108143399714E+01  3.1363499447090338E-10  3.0204679949118804E-10
  2.1575942401933155E+01  3.0839220759758800E-10  2.9700519501368357E-10
  2.1790897064543636E+01  3.0324326017677126E-10  2.9205288771546259E-10
  2.2007993256182964E+01  2.9818601514704321E-10  2.8718786735582173E-10
  2.2227252312264458E+01  2.9321884987310221E-10  2.8240861730358736E-10
  2.2448695780759845E+01  2.8834031396861503E-10  2.7771378502963103E-10
  2.2672345424316863E+01  2.8354897445555060E-10  2.7310203333502272E-10
  2.2898223222397895E+01  2.7884341456505401E-10  2.6857203923482161E-10
  2.3126351373440304E+01  2.7422223382216490E-10  2.6412249407286393E-10
  2.3356752297037708E+01  2.6968404812613853E-10  2.5975210363202610E-10
  2.3589448636143430E+01  2.6522748982590186E-10  2.5545958823947025E-10
  2.3824463259295918E+01  2.6085120779026552E-10  2.5124368286648358E-10
  2.4061819262865843E+01  2.5655386747235766E-10  2.4710313722238156E-10
  2.4301539973326221E+01  2.5233415117455664E-10  2.4303671604256693E-10
  2.4543648949544753E+01  2.4819078953959194E-10  2.3904322936782473E-10
  2.4788169985098996E+01  2.4412259807497368E-10  2.3512156763046320E-10
  2.5035127110614908E+01  2.4012818336399139E-10  2.3127041865829723E-10
  2.5284544596128359E+01  2.3620601516352568E-10  2.2748833736872749E-10
  2.5536446953470278E+01  2.3235459288062544E-10  2.2377390605217329E-10
  2.5790858938675701E+01  2.2857245170096990E-10  2.2012574030764684E-10
  2.6047805554416641E+01  2.2485816162392815E-10  2.1654248815930320E-10
  2.6307312052459171E+01  2.2121032652932572E-10  2.1302282920167842E-10
  2.6569403936145250E+01  2.1762758327467058E-10  2.0956547377248717E-10
  2.6834106962899000E+01  2.1410860082166010E-10  2.0616916215191280E-10
  2.7101447146757977E+01  2.1065207939082082E-10  2.0283266378735632E-10
  2.7371450760929896E+01  2.0725674961335046E-10  1.9955477651498444E-10
  2.7644144340374591E+01  2.0392136621663124E-10  1.9633432057089361E-10
  2.7919554684411672E+01  2.0064467487096019E-10  1.9317010682826421E-10
  2.8197708859354446E+01  1.9742546484976355E-10  1.9006098748699759E-10
  2.8478634201169815E+01  1.9426260918420310E-10  1.8700589470553058E-10
  2.8762358318164612E+01  1.9115501185931824E-10  1.8400378975881144E-10
  2.9048909093699194E+01  1.8810160034296267E-10  1.8105365587312660E-10
  2.9338314688927326E+01  1.8510132503850362E-10  1.7815449772278334E-10
  2.9630603545563911E+01  1.8215315875129508E-10  1.7530534093922689E-10
  2.9925804388680341E+01  1.7925609616854940E-10  1.7250523163226078E-10
  3.0223946229527105E+01  1.7640915335224800E-10  1.6975323592305513E-10
  3.0525058368385203E+01  1.7361136724473426E-10  1.6704843948861928E-10
  3.0829170397445601E+01  1.7086179519328781E-10  1.6438994712323460E-10
  3.1136312203717303E+01  1.6815951517797409E-10  1.6177688294936153E-10
  3.1446513971964748E+01  1.6550363465542645E-10  1.5920839888685743E-10
  3.1759806187674155E+01  1.6289332477306788E-10  1.5668370767403021E-10
  3.2076219640049430E+01  1.6032783802640527E-10  1.5420209991895402E-10
  3.2395785425038213E+01  1.5780645367480514E-10  1.5176289151463344E-10
  3.2718534948387770E+01  1.5532846062113185E-10  1.4936540717202109E-10
  3.3044499928731327E+01  1.5289315727185382E-10  1.4700898030085934E-10
  3.3373712400705486E+01  1.5049985148411595E-10  1.4469295297374424E-10
  3.3706204718098341E+01  1.4814786051040968E-10  1.4241667588746906E-10
  3.4042009557029012E+01  1.4583651094095395E-10  1.4017950832176367E-10
  3.4381159919159124E+01  1.4356513864390321E-10  1.3798081809554825E-10
  3.4723689134935967E+01  1.4133308870333753E-10  1.3581998152069017E-10
  3.5069630866868003E+01  1.3913971517180967E-10  1.3369638318985643E-10
  3.5419019112833432E+01  1.3698437923970735E-10  1.3160941427480153E-10
  3.5771888209420929E+01  1.3486643182306677E-10  1.2955845576053574E-10
  3.6128272835304351E+01  1.3278517660935055E-10  1.2754284285396736E-10
  3.6488208014651008E+01  1.3073990389129521E-10  1.2556189758526152E-10
  3.6851729120563292E+01  1.2872991824377134E-10  1.2361495546563860E-10
  3.7218871878555348E+01  1.2675453906593210E-10  1.2170136601953558E-10
  3.7589672370063965E+01  1.2481310023799779E-10  1.1982049246446577E-10
  3.7964167035994365E+01  1.2290494978660980E-10  1.1797171139874476E-10
  3.8342392680301749E+01  1.2102944955852538E-10  1.1615441249687731E-10
  3.8724386473608092E+01  1.1918597490243277E-10  1.1436799821240493E-10
  3.9110185956855069E+01  1.1737391435866714E-10  1.1261188348801850E-10
  3.9499829044993632E+01  1.1559266940097396E-10  1.1088549551155561E-10
  3.9893354030710050E+01  1.1384165405063161E-10  1.0918827332618015E-10
  4.0290799588189081E+01  1.1212029100379255E-10  1.0751966417011079E-10
  4.0692204776914920E+01  1.1042801485708997E-10  1.0587912658801731E-10
  4.1097609045509721E+01  1.0876427538473291E-10  1.0426613356624052E-10
  4.1507052235610352E+01  1.0712853418734527E-10  1.0268016931423272E-10
  4.1920574585784117E+01  1.0552026405996821E-10  1.0112072866297866E-10
  4.2338216735483144E+01  1.0393894873911591E-10  9.9587316827810346E-11
  4.2760019729038078E+01  1.0238408265598747E-10  9.8079449176915319E-11
  4.3186025019692273E+01  1.0085517069567206E-10  9.6596651005389838E-11
  4.3616274473675105E+01  9.9351727962196825E-11  9.5138457314702572E-11
  4.4050810374316640E+01  9.7873279549261258E-11  9.3704412597421670E-11
  4.4489675426203419E+01  9.6419360312454714E-11  9.2294070623451271E-11
  4.4932912759374666E+01  9.4989514455174204E-11  9.0906994067166842E-11
  4.5380565933561499E+01  9.3583298318613964E-11  8.9542757172448343E-11
  4.5832678942467588E+01  9.2200297781042299E-11  8.8200962400234948E-11
  4.6289296218092581E+01  9.0840134172696086E-11  8.6881246149123601E-11
  4.6750462635099019E+01  8.9502439950688753E-11  8.5583255397623551E-11
  4.7216223515222254E+01  8.8186852936462881E-11  8.4306642170895790E-11
  4.7686624631724413E+01  8.6893016245440068E-11  8.3051063477757808E-11
  4.8161712213893082E+01  8.5620578231090011E-11  8.1816181261395323E-11
  4.8641532951584431E+01  8.4369192428930152E-11  8.0601662349862775E-11
  4.9126133999811529E+01  8.3138517500479917E-11  7.9407178406400116E-11
  4.9615562983378922E+01  8.1928217177196169E-11  7.8232405879592350E-11
  5.0109868001562823E+01  8.0737960204390871E-11  7.7077025953394521E-11
  5.0609097632838008E+01  7.9567420351640902E-11  7.5940724553893983E-11
  5.1113300939652220E+01  7.8416275962418969E-11  7.4823191913767688E-11
  5.1622527473247693E+01  7.7284204566630184E-11  7.3724117456116783E-11
  5.2136827278530674E+01  7.6170875208015763E-11  7.2643182434589303E-11
  5.2656250898990216E+01  7.5075957605107924E-11  7.1580068708792792E-11
  5.3180849381664714E+01  7.3999127425531353E-11  7.0534463807028450E-11
  5.3710674282158941E+01  7.2940066290665239E-11  6.9506060933252000E-11
  5.4245777669711067E+01  7.1898461663921450E-11  6.8494558862226053E-11
  5.4786212132309153E+01  7.0874006741148344E-11  6.7499661836616615E-11
  5.5332030781859842E+01  6.9866400343115413E-11  6.6521079465993726E-11
  5.5883287259407865E+01  6.8875346810043072E-11  6.5558526627705471E-11
  5.6440035740407438E+01  6.7900555898135025E-11  6.4611723369587881E-11
  5.7002330940046825E+01  6.6941742682616287E-11  6.3680394818591351E-11
  5.7570228118625316E+01  6.5998627609225365E-11  6.2764271219721829E-11
  5.8143783086983916E+01  6.5070936239172888E-11  6.1863087700847681E-11
  5.8723052211990463E+01  6.4158402370805355E-11  6.0976587265464961E-11
  5.9308092422079106E+01  6.3260766921143690E-11  6.0104519718870005E-11
  5.9898961212844732E+01  6.2377775428295274E-11  5.9246639280273886E-11
  6.0495716652693872E+01  6.1509177859265888E-11  5.8402704400194553E-11
  6.1098417388551205E+01  6.0654728534313705E-11  5.7572477689392540E-11
  6.1707122651622988E+01  5.9814186052544824E-11  5.6755725848929783E-11
  6.2321892263218480E+01  5.8987313218730711E-11  5.5952219601336077E-11
  6.2942786640628761E+01  5.8173876971331135E-11  5.5161733622868189E-11
  6.3569866803064031E+01  5.7373648311703947E-11  5.4384046476845932E-11
  6.4203194377651130E+01  5.6586402233460508E-11  5.3618940547093199E-11
  6.4842831605489110E+01  5.5811917365891615E-11  5.2866201719828562E-11
  6.5488841347766510E+01  5.5049975254471910E-11  5.2125618735839325E-11
  6.6141287091939461E+01  5.4300358272706089E-11  5.1396981163458993E-11
  6.6800232957970167E+01  5.3562851101724731E-11  5.0680080803399048E-11
  6.7465743704629176E+01  5.2837242650029247E-11  4.9974713511750463E-11
  6.8137884735859203E+01  5.2123325686574575E-11  4.9280678848982593E-11
  6.8816722107202764E+01  5.1420896767207565E-11  4.8597780010040192E-11
  6.9502322532294187E+01  5.0729756163855953E-11  4.7925823757032254E-11
  7.0194753389415723E+01  5.0049707795088244E-11  4.7264620353191605E-11
  7.0894082728119173E+01  4.9380559158016197E-11  4.6613983498079878E-11
  7.1600379275913866E+01  4.8722121261516017E-11  4.5973730264014291E-11
  7.2313712445020727E+01  4.8074208560796028E-11  4.5343681033754068E-11
  7.3034152339193696E+01  4.7436638994323006E-11  4.4723659525708177E-11
  7.3761769760609653E+01  4.6809234078854658E-11  4.4113492846281282E-11
  7.4496636216826417E+01  4.6191817061465297E-11  4.3513009789471851E-11
  7.5238823927809960E+01  4.5584210720585252E-11  4.2922038741885204E-11
  7.5988405833032445E+01  4.4986239108472548E-11  4.2340409335669172E-11
  7.6745455598640177E+01  4.4397729677953505E-11  4.1767954475785393E-11
  7.7510047624692930E+01  4.3818513267812446E-11  4.1204510325688469E-11
  7.8282257052476581E+01  4.3248424031666743E-11  4.0649916239073052E-11
  7.9062159771886712E+01  4.2687299368477609E-11  4.0104014693147956E-11
  7.9849832428887197E+01  4.2134979854658182E-11  3.9566651223399819E-11
  8.0645352433043257E+01  4.1591309177745050E-11  3.9037674359811479E-11
  8.1448797965127866E+01  4.1056134071603871E-11  3.8516935564502250E-11
  8.2260247984806014E+01  4.0529304243614164E-11  3.8004289162862633E-11
  8.3079782238394216E+01  4.0010672492221998E-11  3.7499592456063048E-11
  8.3907481266697431E+01  3.9500096099633856E-11  3.7002706985280489E-11
  8.4743426412924833E+01  3.8997434832922790E-11  3.6513496659996871E-11
  8.5587699830683690E+01  3.8502550109090552E-11  3.6031826990896786E-11
  8.6440384492052800E+01  3.8015305970120304E-11  3.5557566014200870E-11
  8.7301564195737242E+01  3.7535569096741010E-11  3.5090584303568396E-11
  8.8171323575303560E+01  3.7063208754116379E-11  3.4630754917248726E-11
  8.9049748107496924E+01  3.6598096738870340E-11  3.4177953346412370E-11
  8.9936924120642004E+01  3.6140107327434122E-11  3.3732057464634117E-11
  9.0832938803126837E+01  3.5689117225700924E-11  3.3292947478501712E-11
  9.1737880211970946E+01  3.5245005519978322E-11  3.2860505879322334E-11
  9.2651837281479899E+01  3.4807653629822081E-11  3.2434617396461510E-11
  9.3574899831985192E+01  3.4376945127740897E-11  3.2015168829147136E-11
  9.4507158578671124E+01  3.3952763373486666E-11  3.1602046904071055E-11
  9.5448705140490503E+01  3.3534990699477792E-11  3.1195137512001351E-11
  9.6399632049168446E+01  3.3123511894025829E-11  3.0794328908332752E-11
  9.7360032758295517E+01  3.2718214289563079E-11  3.0399511780593744E-11
  9.8330001652513175E+01  3.2318987507389093E-11  3.0010579002872559E-11
  9.9309634056788241E+01  3.1925723411794930E-11  2.9627425588172893E-11
  1.0029902624578168E+02  3.1538316066110044E-11  2.9249948642064252E-11
  1.0129827545331072E+02  3.1156661690584172E-11  2.8878047317442795E-11
  1.0230747988190333E+02  3.0780658622205575E-11  2.8511622770373696E-11
  1.0332673871245029E+02  3.0410207276585763E-11  2.8150578116985972E-11
  1.0435615211395198E+02  3.0045210112274662E-11  2.7794818391473304E-11
  1.0539582125336221E+02  2.9685571630679702E-11  2.7444250532473174E-11
  1.0644584830553126E+02  2.9331199505926389E-11  2.7098784369760702E-11
  1.0750633646324688E+02  2.8982005814908691E-11  2.6758333720700267E-11
  1.0857738994737535E+02  2.8637904904678559E-11  2.6422814460050482E-11
  1.0965911401710468E+02  2.8298812845475357E-11  2.6092144004643331E-11
  1.1075161498028865E+02  2.7964647441045995E-11  2.5766241300858694E-11
  1.1185500020389402E+02  2.7635328225033328E-11  2.5445026794137711E-11
  1.1296937812455296E+02  2.7310776464089407E-11  2.5128422398751147E-11
  1.1409485825921921E+02  2.6990915169945000E-11  2.4816351468227238E-11
  1.1523155121593133E+02  2.6675669122817573E-11  2.4508738766422645E-11
  1.1637956870468228E+02  2.6364964909361384E-11  2.4205510439222103E-11
  1.1753902354839873E+02  2.6058730979484217E-11  2.3906593986845388E-11
  1.1871002969402834E+02  2.5756897724690362E-11  2.3611918235467348E-11
  1.1989270222373781E+02  2.5459397346353495E-11  2.3321413096598606E-11
  1.2108715736622342E+02  2.5166162471970468E-11  2.3035008154987716E-11
  1.2229351250813319E+02  2.4877125728167006E-11  2.2752632013885632E-11
  1.2351188620560291E+02  2.4592221790552737E-11  2.2474213863683602E-11
  1.2474239819590792E+02  2.4311388702488587E-11  2.2199684290955530E-11
  1.2598516940923029E+02  2.4034568491922617E-11  2.1928975277620637E-11
  1.2724032198054330E+02  2.3761707996977725E-11  2.1662020170298651E-11
  1.2850797926161420E+02  2.3492760039829649E-11  2.1398753650411730E-11
  1.2978826583312727E+02  2.3227685103631156E-11  2.1139111705013136E-11
  1.3108130751692704E+02  2.2966453727858316E-11  2.0883031598324134E-11
  1.3238723138838290E+02  2.2709049891689962E-11  2.0630451843959467E-11
  1.3370616578887871E+02  2.2455475623986704E-11  2.0381312178593916E-11
  1.3503824033842506E+02  2.2205756738819932E-11  2.0135553579104312E-11
  1.3638358594839750E+02  2.1959948911782736E-11  1.9893119143305489E-11
  1.3774233483440298E+02  2.1718140949675546E-11  1.9653958783778538E-11
  1.3911462052927283E+02  2.1480430206070910E-11  1.9418030269534169E-11
  1.4050057789618623E+02  2.1246836405600927E-11  1.9185292785031699E-11
  1.4190034314192334E+02  2.1017162082415283E-11  1.8955705904845648E-11
  1.4331405383025236E+02  2.0790915334290344E-11  1.8729229594418619E-11
  1.4474184889544799E+02  2.0567488873416798E-11  1.8505824210734532E-11
  1.4618386865594525E+02  2.0346476062887447E-11  1.8285450502832777E-11
  1.4764025482813014E+02  2.0127770127631039E-11  1.8068069612167910E-11
  1.4911115054026672E+02  1.9911440901892373E-11  1.7853643072819409E-11
  1.5059670034656267E+02  1.9697602506266765E-11  1.7642132811477690E-11
  1.5209705024137637E+02  1.9486352203000058E-11  1.7433501146572992E-11
  1.5361234767356433E+02  1.9277756167830488E-11  1.7227710457015480E-11
  1.5514274156097198E+02  1.9071846318840597E-11  1.7024717760361582E-11
  1.5668838230506833E+02  1.8868616690666693E-11  1.6824465744961676E-11
  1.5824942180572762E+02  1.8668041782768528E-11  1.6626893640843347E-11
  1.5982601347615727E+02  1.8470087177327481E-11  1.6431942222328130E-11
  1.6141831225797398E+02  1.8274712843161737E-11  1.6239553811007733E-11
  1.6302647463643200E+02  1.8081875488172326E-11  1.6049672234060645E-11
  1.6465065865580138E+02  1.7891529688911873E-11  1.5862242783933296E-11
  1.6629102393489947E+02  1.7703627813859765E-11  1.5677212179335908E-11
  1.6794773168277865E+02  1.7518121696441233E-11  1.5494528527505468E-11
  1.6962094471456876E+02  1.7334963726855856E-11  1.5314141287692748E-11
  1.7131082746747822E+02  1.7154107247362468E-11  1.5136001235159985E-11
  1.7301754601695373E+02  1.6975506773497928E-11  1.4960060523378116E-11
  1.7474126809300242E+02  1.6799119153049104E-11  1.4786274820181976E-11
  1.7648216309667546E+02  1.6624911873742067E-11  1.4614610967494049E-11
  1.7824040211671544E+02  1.6452859662826030E-11  1.4445042836141074E-11
  1.8001615794637144E+02  1.6282938269888313E-11  1.4277544871060926E-11
  1.8180960510038008E+02  1.6115123912668185E-11  1.4112091791515319E-11
  1.8362091983211553E+02  1.5949392177632489E-11  1.3948658589344636E-11
  1.8545028015091216E+02  1.5785717548597721E-11  1.3787220527200941E-11
  1.8729786583955817E+02  1.5624075241358750E-11  1.3627753136761224E-11
  1.8916385847196335E+02  1.5464442411275499E-11  1.3470232216921246E-11
  1.9104844143100453E+02  1.5306796810461146E-11  1.3314633831971022E-11
  1.9295179992654727E+02  1.5151115962022760E-11  1.3160934310505657E-11
  1.9487412101364768E+02  1.4997376725372664E-11  1.3009110239173912E-11
  1.9681559361093500E+02  1.4845555055459402E-11  1.2859138142427444E-11
  1.9877640851917880E+02  1.4695624654207617E-11  1.2710992370123769E-11
  2.0075675844003968E+02  1.4547557028156370E-11  1.2564644686822248E-11
  2.0275683799500672E+02  1.4401323830301697E-11  1.2420067010200480E-11
  2.0477684374452519E+02  1.4256896078752587E-11  1.2277231781345594E-11
  2.0681697420731345E+02  1.4114244438189103E-11  1.2136111954211108E-11
  2.0887742987987170E+02  1.3973341050871980E-11  1.1996680985310381E-11
  2.1095841325618761E+02  1.3834160157317375E-11  1.1858912823641538E-11
  2.1306012884763555E+02  1.3696676960552537E-11  1.1722781900838709E-11
  2.1518278320307593E+02  1.3560866698090146E-11  1.1588263121543473E-11
  2.1732658492915289E+02  1.3426704471383924E-11  1.1455331853887208E-11
  2.1949174471079692E+02  1.3294164991348515E-11  1.1323963925462222E-11
  2.2167847533192952E+02  1.3163223371223287E-11  1.1194135727695605E-11
  2.2388699169637397E+02  1.3033856471152486E-11  1.1065824543092680E-11
  2.2611751084897691E+02  1.2906041319197497E-11  1.0939008387244667E-11
  2.2837025199693781E+02  1.2779754126844300E-11  1.0813665678742402E-11
  2.3064543653135115E+02  1.2654972364733192E-11  1.0689775207326109E-11
  2.3294328804896563E+02  1.2531675945374862E-11  1.0567316127003906E-11
  2.3526403237415695E+02  1.2409845589167670E-11  1.0446267949230120E-11
  2.3760789758112199E+02  1.2289461055690477E-11  1.0326610536227150E-11
  2.3997511401629194E+02  1.2170501687962212E-11  1.0208324094447964E-11
  2.4236591432097117E+02  1.2052947512777150E-11  1.0091389168175659E-11
  2.4478053345420000E+02  1.1936779006166410E-11  9.9757866332593588E-12
  2.4721920871584447E+02  1.1821976834465663E-11  9.8614976886038186E-12
  2.4968217976991917E+02  1.1708521610723930E-11  9.7485038266311179E-12
  2.5216968866813951E+02  1.1596392801692999E-11  9.6367867269558467E-12
  2.5468197987370900E+02  1.1485570635078446E-11  9.5263281382126924E-12
  2.5721930028534570E+02  1.1376038108878809E-11  9.4171100479566253E-12
  2.5978189926154550E+02  1.1267778498404920E-11  9.3091147599250001E-12
  2.6237002864508884E+02  1.1160773895139625E-11  9.2023248899100968E-12
  2.6498394278778943E+02  1.1055006774064489E-11  9.0967233598884433E-12
  2.6762389857549312E+02  1.0950460660968091E-11  8.9922933922746664E-12
  2.7029015545332237E+02  1.0847118707348069E-11  8.8890185042971370E-12
  2.7298297545117322E+02  1.0744962640012996E-11  8.7868825024924144E-12
  2.7570262320946784E+02  1.0643974154493377E-11  8.6858694773156587E-12
  2.7844936600516201E+02  1.0544136642320286E-11  8.5859637988141874E-12
  2.8122347377801088E+02  1.0445434599053372E-11  8.4871501247051973E-12
  2.8402521915709957E+02  1.0347853588852641E-11  8.3894134610199330E-12
  2.8685487748763495E+02  1.0251381506554008E-11  8.2927390898791099E-12
  2.8971272685800625E+02  1.0156004425298315E-11  8.1971123169520489E-12
  2.9259904812711318E+02  1.0061705370779001E-11  8.1025186710033239E-12
  2.9551412495196951E+02  9.9684678301411220E-12  8.0089439372060955E-12
  2.9845824381557924E+02  9.8762760572642643E-12  7.9163741523337908E-12
  3.0143169405508985E+02  9.7851153609959756E-12  7.8247956000559440E-12
  3.0443476789022912E+02  9.6949726846959928E-12  7.7341948063354960E-12
  3.0746776045202273E+02  9.6058354278624557E-12  7.6445585349252298E-12
  3.1053096981179760E+02  9.5176908774859998E-12  7.5558737829609102E-12
  3.1362469701047701E+02  9.4305269107526973E-12  7.4681277765324429E-12
  3.1674924608816457E+02  9.3443315250108185E-12  7.3813079625027075E-12
  3.1990492411402511E+02  9.2590913364857666E-12  7.2954020464528122E-12
  3.2309204121646047E+02  9.1747916682078278E-12  7.2103983071829318E-12
  3.2631091061359018E+02  9.0914188755864777E-12  7.1262858768468855E-12
  3.2956184864403218E+02  9.0089631628248512E-12  7.0430542052587316E-12
  3.3284517479799041E+02  8.9274166778480192E-12  6.9606928936886236E-12
  3.3616121174865538E+02  8.8467696071311532E-12  6.8791916920565951E-12
  3.3951028538391387E+02  8.7670123186447527E-12  6.7985404966930031E-12
  3.4289272483837539E+02  8.6881351375675907E-12  6.7187293481378820E-12
  3.4630886252572003E+02  8.6101255657615853E-12  6.6397484289784602E-12
  3.4975903417136578E+02  8.5329711359920013E-12  6.5615880617241787E-12
  3.5324357884546282E+02  8.4566621108691190E-12  6.4842387067195087E-12
  3.5676283899621490E+02  8.3811901947916264E-12  6.4076909618561343E-12
  3.6031716048353576E+02  8.3065478407150325E-12  6.3319355575005725E-12
  3.6390689261303817E+02  8.2327274795573729E-12  6.2569631963671870E-12
  3.6753238817036117E+02  8.1597191583678013E-12  6.1827641995492465E-12
  3.7119400345584256E+02  8.0875100673911737E-12  6.1093288116198591E-12
  3.7489209831953400E+02  8.0160884605023301E-12  6.0366474390100673E-12
  3.7862703619656457E+02  7.9454465421039106E-12  5.9647106533581214E-12
  3.8239918414285995E+02  7.8755745960680947E-12  5.8935091886269685E-12
  3.8620891287121373E+02  7.8064610200697031E-12  5.8230339382794581E-12
  3.9005659678772082E+02  7.7380981373544405E-12  5.7532759525096785E-12
  3.9394261402857074E+02  7.6704787302763221E-12  5.6842264355292574E-12
  3.9786734649721205E+02  7.6035934267211584E-12  5.6158767429071018E-12
  4.0183117990188327E+02  7.5374321973958058E-12  5.5482183787323167E-12
  4.0583450379351734E+02  7.4719847103337458E-12  5.4812429962461779E-12
  4.0987771160402821E+02  7.4072415393089256E-12  5.4149424553588126E-12
  4.1396120068497402E+02  7.3431963007071012E-12  5.3493091270887949E-12
  4.1808537234660650E+02  7.2798437259774003E-12  5.2843358123247121E-12
  4.2225063189731287E+02  7.2171768543666145E-12  5.2200154370356669E-12
  4.2645738868344597E+02  7.1551871313732617E-12  5.1563410256272719E-12
  4.3070605612955444E+02  7.0938652218556280E-12  5.0933056995625416E-12
  4.3499705177901097E+02  7.0332024687737350E-12  5.0309026760049455E-12
  4.3933079733504906E+02  6.9731926139904345E-12  4.9691252664831109E-12
  4.4370771870220557E+02  6.9138315092219922E-12  4.9079668755768340E-12
  4.4812824602817545E+02  6.8551143323187890E-12  4.8474209996239444E-12
  4.5259281374608804E+02  6.7970342839378640E-12  4.7874812255053609E-12
  4.5710186061720003E+02  6.7395828577869295E-12  4.7281412254432662E-12
  4.6165582977401380E+02  6.6827508657617832E-12  4.6693947528094459E-12
  4.6625516876382972E+02  6.6265314386579540E-12  4.6112356005951233E-12
  4.7090032959272781E+02  6.5709202135641264E-12  4.5536575443835038E-12
  4.7559176876998993E+02  6.5159124121088890E-12  4.4966544332735517E-12
  4.8032994735296188E+02  6.4615021109996805E-12  4.4402202084135270E-12
  4.8511533099236738E+02  6.4076818804509634E-12  4.3843489016592041E-12
  4.8994838997806914E+02  6.3544424938877096E-12  4.3290346342317594E-12
  4.9482959928528567E+02  6.3017770018259189E-12  4.2742716153974588E-12
  4.9975943862127303E+02  6.2496830127316916E-12  4.2200541411684543E-12
  5.0473839247246724E+02  6.1981567392922327E-12  4.1663765930244311E-12
  5.0976695015209634E+02  6.1471898622879183E-12  4.1132334366478765E-12
  5.1484560584827113E+02  6.0967738759592014E-12  4.0606192208569654E-12
  5.1997485867255045E+02  6.0469021013359545E-12  4.0085285858717047E-12
  5.2515521270899285E+02  5.9975692285757623E-12  3.9569562494789368E-12
  5.3038717706369391E+02  5.9487711115466927E-12  3.9058969828625028E-12
  5.3567126591482270E+02  5.9005037494591793E-12  3.8553456251187004E-12
  5.4100799856315166E+02  5.8527614601626956E-12  3.8052970935549668E-12
  5.4639789948308987E+02  5.8055368655934710E-12  3.7557463827732646E-12
  5.5184149837422979E+02  5.7588241567181778E-12  3.7066885635265806E-12
  5.5733933021340272E+02  5.7126199785574541E-12  3.6581187815925987E-12
  5.6289193530725186E+02  5.6669194912539475E-12  3.6100322566640790E-12
  5.6849985934533663E+02  5.6217142677585927E-12  3.5624242812554594E-12
  5.7416365345375675E+02  5.5769969821952362E-12  3.5152902196254923E-12
  5.7988387424931784E+02  5.5327634837626990E-12  3.4686255073044279E-12
  5.8566108389423016E+02  5.4890121043119538E-12  3.4224256529499324E-12
  5.9149585015135995E+02  5.4457414967540829E-12  3.3766862725612588E-12
  5.9738874644002465E+02  5.4029461689469951E-12  3.3314032916946793E-12
  6.0334035189234589E+02  5.3606169664163368E-12  3.2865728815710673E-12
  6.0935125141016670E+02  5.3187454066883339E-12  3.2421912670377822E-12
  6.1542203572253231E+02  5.2773284678098666E-12  3.1982547123764798E-12
  6.2155330144374318E+02  5.2363663430133189E-12  3.1547595209659992E-12
  6.2774565113199128E+02  5.1958571387204666E-12  3.1117020349464403E-12
  6.3399969334857519E+02  5.1557952917173581E-12  3.0690786348842648E-12
  6.4031604271770846E+02  5.1161735892598349E-12  3.0268857394384483E-12
  6.4669531998691969E+02  5.0769854956075037E-12  2.9851198050275327E-12
  6.5313815208806170E+02  5.0382283802996463E-12  2.9437773253719985E-12
  6.5964517219892173E+02  4.9999040830741932E-12  2.9028548258048611E-12
  6.6621701980544606E+02  4.9620080066551477E-12  2.8623488396507491E-12
  6.7285434076459035E+02  4.9245282384244329E-12  2.8222557612394067E-12
  6.7955778736778973E+02  4.8874595919675092E-12  2.7825717921648816E-12
  6.8632801840506204E+02  4.8508021425544406E-12  2.7432931561524869E-12
  6.9316569922975509E+02  4.8145525430581131E-12  2.7044161388277966E-12
  7.0007150182393309E+02  4.7787041263899375E-12  2.6659370867270504E-12
  7.0704610486441459E+02  4.7432514163406921E-12  2.6278524062999042E-12
  7.1409019378947437E+02  4.7081913595767218E-12  2.5901585629237309E-12
  7.2120446086620314E+02  4.6735203538945067E-12  2.5528520799291523E-12
  7.2838960525854236E+02  4.6392324047620012E-12  2.5159295376363171E-12
  7.3564633309599265E+02  4.6053209904678123E-12  2.4793875724061605E-12
  7.4297535754301373E+02  4.5717809643410054E-12  2.4432228768679788E-12
  7.5037739886910970E+02  4.5386082580740712E-12  2.4074322043615618E-12
  7.5785318451961223E+02  4.5057994581126160E-12  2.3720124177210678E-12
  7.6540344918717528E+02  4.4733478405778915E-12  2.3369606094832393E-12
  7.7302893488397638E+02  4.4412461288571990E-12  2.3022739798008758E-12
  7.8073039101463576E+02  4.4094950419829648E-12  2.2679497623798824E-12
  7.8850857444987071E+02  4.3780982565296122E-12  2.2339852229784957E-12
  7.9636424960087402E+02  4.3470519929217065E-12  2.2003776589829474E-12
  8.0429818849443927E+02  4.3163476566797033E-12  2.1671243989833561E-12
  8.1231117084883010E+02  4.2859784040501353E-12  2.1342228023498018E-12
  8.2040398415041227E+02  4.2559393083320903E-12  2.1016702588083713E-12
  8.2857742373104281E+02  4.2262270275819402E-12  2.0694641880171134E-12
  8.3683229284622962E+02  4.1968382958656523E-12  2.0376020390882107E-12
  8.4516940275407762E+02  4.1677679128690483E-12  2.0060812906984952E-12
  8.5358957279501385E+02  4.1390080323815052E-12  1.9748994724051616E-12
  8.6209363047230624E+02  4.1105553945210650E-12  1.9440542646527824E-12
  8.7068241153339284E+02  4.0824156789861751E-12  1.9135434646902748E-12
  8.7935676005201287E+02  4.0545877320474434E-12  1.8833648880772656E-12
  8.8811752851116069E+02  4.0270590967135645E-12  1.8535163625949156E-12
  8.9696557788686107E+02  3.9998233359634944E-12  1.8239957282136377E-12
  9.0590177773278799E+02  3.9728813286908729E-12  1.7948008370545235E-12
  9.1492700626571923E+02  3.9462313379076540E-12  1.7659295533444940E-12
  9.2404215045184026E+02  3.9198677930866796E-12  1.7373797533651689E-12
  9.3324810609391886E+02  3.8937852660628036E-12  1.7091493253953643E-12
  9.4254577791933764E+02  3.8679798448230317E-12  1.6812361696205414E-12
  9.5193607966900436E+02  3.8424483109102856E-12  1.6536381966885389E-12
  9.6141993418715788E+02  3.8171880544041712E-12  1.6263533081175627E-12
  9.7099827351205681E+02  3.7921953917509459E-12  1.5993792404523475E-12
  9.8067203896757940E+02  3.7674615948274154E-12  1.5727134861980723E-12
  9.9044218125572911E+02  3.7429763263136183E-12  1.5463535389108401E-12
  1.0003096605500722E+03  3.7187387011761652E-12  1.5202969357595392E-12
  1.0102754465900972E+03  3.6947529151899589E-12  1.4945412565036259E-12
  1.0203405187765139E+03  3.6710138561768379E-12  1.4690841224731949E-12
  1.0305058662675119E+03  3.6475111003864269E-12  1.4439231955552983E-12
  1.0407724880759679E+03  3.6242387581699442E-12  1.4190561771862640E-12
  1.0511413931676220E+03  3.6011938418033277E-12  1.3944808073497786E-12
  1.0616136005602414E+03  3.5783723229886970E-12  1.3701948635820536E-12
  1.0721901394237618E+03  3.5557678268885627E-12  1.3461961599957136E-12
  1.0828720491814322E+03  3.5333737279367970E-12  1.3224825455132147E-12
  1.0936603796119612E+03  3.5111862326083882E-12  1.2990520172142246E-12
  1.1045561909526921E+03  3.4892031003202173E-12  1.2759030475003729E-12
  1.1155605540037971E+03  3.4674193620891055E-12  1.2530342672792913E-12
  1.1266745502335023E+03  3.4458271763718347E-12  1.2304442914323054E-12
  1.1378992718843874E+03  3.4244225421165006E-12  1.2081317175716485E-12
  1.1492358220807203E+03  3.4032093239216675E-12  1.1860951265218804E-12
  1.1606853149368505E+03  3.3821894316864998E-12  1.1643330827899247E-12
  1.1722488756667315E+03  3.3613556037085916E-12  1.1428441350235270E-12
  1.1839276406944832E+03  3.3406977070864983E-12  1.1216268164582235E-12
  1.1957227577660753E+03  3.3202111792207395E-12  1.1006796453526539E-12
  1.2076353860621273E+03  3.2998949014742483E-12  1.0800011253834167E-12
  1.2196666963118353E+03  3.2797448157864632E-12  1.0595897469963157E-12
  1.2318178709080137E+03  3.2597560131227094E-12  1.0394439600098407E-12
  1.2440901040233023E+03  3.2399244274380497E-12  1.0195618850939231E-12
  1.2564846017275340E+03  3.2202445900119797E-12  9.9994140281864730E-13
  1.2690025821062466E+03  3.2007107763713237E-12  9.8058041256923870E-13
  1.2816452753804003E+03  3.1813165801050688E-12  9.6147684474097697E-13
  1.2944139240272866E+03  3.1620520188402733E-12  9.4262865965764225E-13
  1.3073097829026187E+03  3.1429084957838624E-12  9.2403384649759819E-13
  1.3203341193638621E+03  3.1238859383287502E-12  9.0569042222735743E-13
  1.3334882133947938E+03  3.1049861832179633E-12  8.8759643054266549E-13
  1.3467733577312783E+03  3.0862055401922244E-12  8.6974994081711883E-13
  1.3601908579883211E+03  3.0675366161986659E-12  8.5214904705406321E-13
  1.3737420327883883E+03  3.0489714287897543E-12  8.3479186619047477E-13
  1.3874282138909775E+03  3.0305024633774119E-12  8.1767652774395875E-13
  1.4012507463235097E+03  3.0121237733164799E-12  8.0080121317894996E-13
  1.4152109885135192E+03  2.9938308096630739E-12  7.8416420457917015E-13
  1.4293103124221400E+03  2.9756198636145238E-12  7.6776380771607800E-13
  1.4435501036789437E+03  2.9574887057019008E-12  7.5159833825830490E-13
  1.4579317617181248E+03  2.9394339388408448E-12  7.3566612107133155E-13
  1.4724566999160120E+03  2.9214468933164207E-12  7.1996548952230375E-13
  1.4871263457299810E+03  2.9035181568923737E-12  7.0449478479026455E-13
  1.5019421408387470E+03  2.8856454929001975E-12  6.8925235518218583E-13
  1.5169055412840301E+03  2.8678295079102899E-12  6.7423655545521190E-13
  1.5320180176136587E+03  2.8500650292539647E-12  6.5944574614572351E-13
  1.5472810550260986E+03  2.8323435751626307E-12  6.4487829284682479E-13
  1.5626961535163950E+03  2.8146588560311513E-12  6.3053257027068311E-13
  1.5782648280235942E+03  2.7970069766384072E-12  6.1640697190879986E-13
  1.5939886085796347E+03  2.7793841066157398E-12  6.0249988210935941E-13
  1.6098690404597085E+03  2.7617854279669550E-12  5.8880967973097238E-13
  1.6259076843341022E+03  2.7442059251822113E-12  5.7533474523389714E-13
  1.6421061164216144E+03  2.7266416813648538E-12  5.6207346014808836E-13
  1.6584659286444398E+03  2.7090903357316744E-12  5.4902420649455296E-13
  1.6749887287845982E+03  2.6915483475611089E-12  5.3618536621708897E-13
  1.6916761406419803E+03  2.6740078221156069E-12  5.2355532062491640E-13
  1.7085298041939106E+03  2.6564609471054837E-12  5.1113244984687845E-13
  1.7255513757562962E+03  2.6389061186758838E-12  4.9891513229768672E-13
  1.7427425281464450E+03  2.6213436977973302E-12  4.8690174416696776E-13
  1.7601049508474405E+03  2.6037698025863189E-12  4.7509065681083615E-13
  1.7776403501741736E+03  2.5861779744280925E-12  4.6348022108324031E-13
  1.7953504494410399E+03  2.5685616887708361E-12  4.5206877289870549E-13
  1.8132369891313126E+03  2.5509154285180573E-12  4.4085464951049274E-13
  1.8313017270681678E+03  2.5332361099894866E-12  4.2983618667857278E-13
  1.8495464385874486E+03  2.5155216490470668E-12  4.1901171786464172E-13
  1.8679729167121491E+03  2.4977694742229384E-12  4.0837957367719833E-13
  1.8865829723286047E+03  2.4799767479836332E-12  3.9793808133728696E-13
  1.9053784343644693E+03  2.4621399951445979E-12  3.8768556416553957E-13
  1.9243611499684671E+03  2.4442539517993938E-12  3.7762034109117469E-13
  1.9435329846919030E+03  2.4263111801142237E-12  3.6774072618362207E-13
  1.9628958226720099E+03  2.4083053161434818E-12  3.5804502820297796E-13
  1.9824515668171287E+03  2.3902381609803083E-12  3.4853155027809022E-13
  2.0022021389936961E+03  2.3721163137567568E-12  3.3919859227753612E-13
  2.0221494802151283E+03  2.3539373916673808E-12  3.3004442412230958E-13
  2.0422955508325908E+03  2.3356910371223677E-12  3.2106726899721896E-13
  2.0626423307276286E+03  2.3173692387017773E-12  3.1226534441719516E-13
  2.0831918195067556E+03  2.2989700142996597E-12  3.0363686714032553E-13
  2.1039460366979783E+03  2.2804952287348504E-12  2.9518005258178012E-13
  2.1249070219492460E+03  2.2619440969807794E-12  2.8689311426135170E-13
  2.1460768352289092E+03  2.2433104188866109E-12  2.7877426328509827E-13
  2.1674575570281809E+03  2.2245893897751978E-12  2.7082170786159999E-13
  2.1890512885655730E+03  2.2057814018611741E-12  2.6303365285330598E-13
  2.2108601519934082E+03  2.1868876652982164E-12  2.5540829936349391E-13
  2.2328862906063928E+03  2.1679064584591288E-12  2.4794384438869375E-13
  2.2551318690522226E+03  2.1488336097557963E-12  2.4063848034494345E-13
  2.2775990735443324E+03  2.1296684549556197E-12  2.3349041089540879E-13
  2.3002901120767606E+03  2.1104161226645323E-12  2.2649788114126645E-13
  2.3232072146411169E+03  2.0910792879221372E-12  2.1965913645100609E-13
  2.3463526334457488E+03  2.0716559419938741E-12  2.1297240815308859E-13
  2.3697286431370985E+03  2.0521417739850231E-12  2.0643591380594657E-13
  2.3933375410232156E+03  2.0325312538410802E-12  2.0004785754450549E-13
  2.4171816472995420E+03  2.0128237286439984E-12  1.9380643045368437E-13
  2.4412633052769434E+03  1.9930238162869557E-12  1.8770981096872926E-13
  2.4655848816119960E+03  1.9731356361461179E-12  1.8175616530216662E-13
  2.4901487665395375E+03  1.9531608052914625E-12  1.7594364789709185E-13
  2.5149573741076315E+03  1.9330988491363649E-12  1.7027040189240789E-13
  2.5400131424147798E+03  1.9129478969122772E-12  1.6473455926275991E-13
  2.5653185338495005E+03  1.8927066951617576E-12  1.5933423571071861E-13
  2.5908760353323819E+03  1.8723776429117560E-12  1.5406751405216670E-13
  2.6166881585604606E+03  1.8519664124184074E-12  1.4893245954876115E-13
  2.6427574402540263E+03  1.8314761265052106E-12  1.4392713394628286E-13
  2.6690864424059873E+03  1.8109054940531464E-12  1.3904959614359472E-13
  2.6956777525336151E+03  1.7902531808494424E-12  1.3429790250591193E-13
  2.7225339839328331E+03  1.7695203219460640E-12  1.2967010720933786E-13
  2.7496577759350466E+03  1.7487100663207862E-12  1.2516426261586121E-13
  2.7770517941665526E+03  1.7278268264228358E-12  1.2077841967795040E-13
  2.8047187308104635E+03  1.7068755883300658E-12  1.1651062837181959E-13
  2.8326613048713111E+03  1.6858611061304462E-12  1.1235893816149143E-13
  2.8608822624422714E+03  1.6647873409012248E-12  1.0832139866792460E-13
  2.8893843769750092E+03  1.6436571763435385E-12  1.0439606239197777E-13
  2.9181704495522581E+03  1.6224724043504896E-12  1.0058099475430838E-13
  2.9472433091631201E+03  1.6012347638601854E-12  9.6874271963051316E-14
  2.9766058129810508E+03  1.5799485706676063E-12  9.3273969687860962E-14
  3.0062608466446723E+03  1.5586211682154244E-12  8.9778162824191120E-14
  3.0362113245413766E+03  1.5372582491312227E-12  8.6384926383034773E-14
  3.0664601900937105E+03  1.5158617152751891E-12  8.3092336388231935E-14
  3.0970104160486580E+03  1.4944338238040040E-12  7.9898470779887534E-14
  3.1278650047698125E+03  1.4729800018286597E-12  7.6801410322433286E-14
  3.1590269885323964E+03  1.4515070610392991E-12  7.3799239515847736E-14
  3.1904994298212864E+03  1.4300205356697463E-12  7.0890047508368864E-14
  3.2222854216319984E+03  1.4085248662632638E-12  6.8071928984187309E-14
  3.2543880877746183E+03  1.3870254086394400E-12  6.5342984648133883E-14
  3.2868105831808170E+03  1.3655289261520771E-12  6.2701319635309808E-14
  3.3195560942139273E+03  1.3440416439469228E-12  6.0145043181520268E-14
  3.3526278389820482E+03  1.3225665668524167E-12  5.7672274065792845E-14
  3.3860290676543236E+03  1.3011050807728916E-12  5.5281142480172510E-14
  3.4197630627803846E+03  1.2796640043072913E-12  5.2969790797415061E-14
  3.4538331396129015E+03  1.2582565985427810E-12  5.0736374331857649E-14
  3.4882426464334144E+03  1.2368932744286335E-12  4.8579062093539893E-14
  3.5229949648814131E+03  1.2155780034717413E-12  4.6496037534054716E-14
  3.5580935102866297E+03  1.1943137234674869E-12  4.4485499282630577E-14
  3.5935417320047036E+03  1.1731049596842959E-12  4.2545661870971889E-14
  3.6293431137561893E+03  1.1519567995797438E-12  4.0674756452043515E-14
  3.6655011739689139E+03  1.1308738266926187E-12  3.8871031665107139E-14
  3.7020194661237047E+03  1.1098609813335083E-12  3.7132755469040549E-14
  3.7389015791036995E+03  1.0889252079722770E-12  3.5458217479253555E-14
  3.7761511375470086E+03  1.0680750426495590E-12  3.3845727076959107E-14
  3.8137718022028798E+03  1.0473188608865923E-12  3.2293612605660418E-14
  3.8517672702915575E+03  1.0266632495287614E-12  3.0800222046738308E-14
  3.8901412758675874E+03  1.0061132835128926E-12  2.9363923698290214E-14
  3.9288975901867343E+03  9.8567597833476652E-13  2.7983106825950959E-14
  3.9680400220767065E+03  9.6536148243541473E-13  2.6656182284835313E-14
  4.0075724183114153E+03  9.4517811290663433E-13  2.5381583111829333E-14
  4.0474986639890135E+03  9.2512940224769708E-13  2.4157765087510918E-14
  4.0878226829137252E+03  9.0521706999162978E-13  2.2983207266841283E-14
  4.1285484379814880E+03  8.8544520831571504E-13  2.1856412467304347E-14
  4.1696799315693606E+03  8.6582109424320156E-13  2.0775907592348834E-14
  4.2112212059288886E+03  8.4635268038969819E-13  1.9740243659758495E-14
  4.2531763435833882E+03  8.2704675793800052E-13  1.8747996496137472E-14
  4.2955494677291035E+03  8.0790892959092321E-13  1.7797767566271619E-14
  4.3383447426404573E+03  7.8894425052197136E-13  1.6888184317869810E-14
  4.3815663740793125E+03  7.7015751223535784E-13  1.6017900461099047E-14
  4.4252186097082586E+03  7.5155320665157427E-13  1.5185596216371114E-14
  4.4693057395080732E+03  7.3313638146172025E-13  1.4389978530374022E-14
  4.5138320961993604E+03  7.1491408898038841E-13  1.3629781260420114E-14
  4.5588020556682950E+03  6.9689395728401518E-13  1.2903765327254920E-14
  4.6042200373966962E+03  6.7908114407263631E-13  1.2210718836576974E-14
  4.6500905048963896E+03  6.6147915426410337E-13  1.1549457174965701E-14
  4.6964179661478038E+03  6.4409164755422825E-13  1.0918823156011931E-14
  4.7432069740430297E+03  6.2692231001706032E-13  1.0317687462552510E-14
  4.7904621268332903E+03  6.0997514485048668E-13  9.7449486924498897E-15
  4.8381880685807791E+03  5.9325493472367646E-13  9.1995326170363586E-15
  4.8863894896150950E+03  5.7676653598587416E-13  8.6803920192380955E-15
  4.9350711269942167E+03  5.6051405659750171E-13  8.1865066411051156E-15
  4.9842377649699856E+03  5.4450071742559908E-13  7.7168831013544382E-15
  5.0338942354583114E+03  5.2872903362960218E-13  7.2705547837320107E-15
  5.0840454185140725E+03  5.1320128900879593E-13  6.8465816971190254E-15
  5.1346962428106390E+03  4.9792059245356282E-13  6.4440503083488709E-15
  5.1858516861242842E+03  4.8289119687986247E-13  6.0620733487347078E-15
  5.2375167758234056E+03  4.6811653002876248E-13  5.6997895953384035E-15
  5.2896965893625393E+03  4.5359807534525254E-13  5.3563636269863907E-15
  5.3423962547813826E+03  4.3933694633683089E-13  5.0309855241100546E-15
  5.3956209512087808E+03  4.2533468971662003E-13  4.7228705222598886E-15
  5.4493759093717008E+03  4.1159306474597713E-13  4.4312587928752998E-15
  5.5036664121092126E+03  3.9811394387168063E-13  4.1554151558108158E-15
  5.5584977948917995E+03  3.8489899450774564E-13  3.8946287275465252E-15
  5.6138754463456426E+03  3.7194937630643215E-13  3.6482125518346196E-15
  5.6698048087821235E+03  3.5926567812135980E-13  3.4155032145730032E-15
  5.7262913787328171E+03  3.4684798030184849E-13  3.1958604440437477E-15
  5.7833407074895949E+03  3.3469593685267347E-13  2.9886666976545244E-15
  5.8409584016501231E+03  3.2280938789404136E-13  2.7933267363134626E-15
  5.8991501236689928E+03  3.1118946732082139E-13  2.6092671875763677E-15
  5.9579215924141245E+03  2.9983791719165072E-13  2.4359360998953625E-15
  6.0172785837287875E+03  2.8875449981856939E-13  2.2728024987544045E-15
  6.0772269309992480E+03  2.7793672038347744E-13  2.1193559515375894E-15
  6.1377725257280963E+03  2.6738196951419245E-13  1.9751060686621079E-15
  6.1989213181131590E+03  2.5708864698394100E-13  1.8395819923785945E-15
  6.2606793176323099E+03  2.4705611681283160E-13  1.7123319165897376E-15
  6.3230525936340864E+03  2.3728410025305630E-13  1.5929226046554632E-15
  6.3860472759340955E+03  2.2777181588459959E-13  1.4809389039893177E-15
  6.4496695554174639E+03  2.1851766978445484E-13  1.3759832584110443E-15
  6.5139256846472936E+03  2.0951934913488861E-13  1.2776752191895548E-15
  6.5788219784790663E+03  2.0077386060399336E-13  1.1856509556775300E-15
  6.6443648146812775E+03  1.9227779080521332E-13  1.0995627664069113E-15
  6.7105606345622646E+03  1.8402812356920239E-13  1.0190785916256832E-15
  6.7774159436031532E+03  1.7602286312215839E-13  9.4388152924789763E-16
  6.8449373120972314E+03  1.6826014342936481E-13  8.7366935803460894E-16
  6.9131313757956996E+03  1.6073694384836660E-13  8.0815405500341132E-16
  6.9820048365597177E+03  1.5344945835054730E-13  7.4706131269434852E-16
  7.0515644630190845E+03  1.4639397592621226E-13  6.9013006911112309E-16
  7.1218170912374781E+03  1.3956707148294558E-13  6.3711204397248741E-16
  7.1927696253841905E+03  1.3296544929053956E-13  5.8777128093826253E-16
  7.2644290384126889E+03  1.2658564819161004E-13  5.4188369634753512E-16
  7.3368023727459322E+03  1.2042387276920440E-13  4.9923663496815528E-16
  7.4098967409683964E+03  1.1447602222487153E-13  4.5962843321810977E-16
  7.4837193265250980E+03  1.0873771156683887E-13  4.2286799028094002E-16
  7.5582773844276253E+03  1.0320428936234816E-13  3.8877434746823086E-16
  7.6335782419670222E+03  9.7871050837689708E-14  3.5717627587514281E-16
  7.7096292994339510E+03  9.2733546769249727E-14  3.2791187129757245E-16
  7.7864380308459977E+03  8.7787543862630209E-14  3.0082815977747174E-16
  7.8640119846821062E+03  8.3028681619628044E-14  2.7578071755913975E-16
  7.9423587846244573E+03  7.8452330948815258E-14  2.5263329716368816E-16
  8.0214861303077478E+03  7.4053628996111604E-14  2.3125746211956162E-16
  8.1014017980757826E+03  6.9827515053521590E-14  2.1153223173170731E-16
  8.1821136417457537E+03  6.5768859354926069E-14  1.9334373600505410E-16
  8.2636295933801212E+03  6.1872549718627730E-14  1.7658488080155785E-16
  8.3459576640661289E+03  5.8133386217584735E-14  1.6115502328255219E-16
  8.4291059447029802E+03  5.4545961330117046E-14  1.4695965766185716E-16
  8.5130826067971975E+03  5.1104660872144376E-14  1.3391011127329523E-16
  8.5978959032655766E+03  4.7803702409129359E-14  1.2192325101105783E-16
  8.6835541692461484E+03  4.4637109980746779E-14  1.1092120059796086E-16
  8.7700658229175406E+03  4.1598697635028499E-14  1.0083106853527258E-16
  8.8574393663261781E+03  3.8682107318444522E-14  9.1584683084246641E-17
  8.9456833862217190E+03  3.5880657358485093E-14  8.3118337799087206E-17
  9.0348065549011535E+03  3.3187076118795654E-14  7.5372548452613628E-17
  9.1248176310609560E+03  3.0593533588876632E-14  6.8291819701339728E-17
  9.2157254606578390E+03  2.8091742761027888E-14  6.1824421275897137E-17
  9.3075389777781311E+03  2.5672893157734785E-14  5.5922173534374764E-17
  9.4002672055158528E+03  2.3327683057599683E-14  5.0540242203277653E-17
  9.4939192568593517E+03  2.1046666229780291E-14  4.5636942119171614E-17
  9.5885043355869566E+03  1.8821090827021381E-14  4.1173549773403502E-17
  9.6840317371715464E+03  1.6644590459671161E-14  3.7114124438080613E-17
  9.7805108496939556E+03  1.4516238665289375E-14  3.3425337490031796E-17
  9.8779511547656602E+03  1.2445271469216989E-14  3.0076309304975577E-17
  9.9763622284606590E+03  1.0456535946690737E-14  2.7038455233339674E-17
  1.0075753742256449E+04  8.5929295023784557E-15  2.4285340293309215E-17
  1.0176135463984569E+04  6.9088211770656795E-15  2.1792539924116265E-17
  1.0277517258790602E+04  5.4526177551670376E-15  1.9537507799090296E-17
  1.0379909090103567E+04  4.2479707667391466E-15  1.7499450654672641E-17
  1.0483321020615142E+04  3.2874042770402141E-15  1.5659209887303872E-17
  1.0587763213268659E+04  2.5406528888658565E-15  1.3999149670166093E-17
  1.0693245932257756E+04  1.9682696531680058E-15  1.2503051342531842E-17
  1.0799779544035158E+04  1.5318815884707796E-15  1.1156013825898756E-17
  1.0907374518331524E+04  1.1990033057100531E-15  9.9443598242710909E-18
  1.1016041429184248E+04  9.4406437793854947E-16  8.8555475876987326E-18
  1.1125790955976690E+04  7.4767808235296698E-16  7.8780880993114460E-18
  1.1236633884487783E+04  5.9539977375581658E-16  7.0014672811470561E-18
  1.1348581107951884E+04  4.7652951383476445E-16  6.2160725644382185E-18
  1.1461643628129390E+04  3.8313473990915420E-16  5.5131243842318472E-18
  1.1575832556388006E+04  3.0930779947606121E-16  4.8846121974580473E-18
  1.1691159114794586E+04  2.5062039885711537E-16  4.3232346672610579E-18
  1.1807634637218172E+04  2.0372847984576035E-16  3.8223438045344080E-18
  1.1925270570443685E+04  1.6608724979612090E-16  3.3758928639496358E-18
  1.2044078475296939E+04  1.3574534355077464E-16  2.9783877974901037E-18
  1.2164070027780870E+04  1.1119543174318440E-16  2.6248420744362340E-18
  1.2285257020222874E+04  9.1265080301426069E-17  2.3107346827741988E-18
  1.2407651362433769E+04  7.5036414525413933E-17  2.0319711306677758E-18
  1.2531265082878339E+04  6.1786515380460035E-17  1.7848472579467016E-18
  1.2656110329857287E+04  5.0942841882412176E-17  1.5660156898526408E-18
  1.2782199372701203E+04  4.2049633988727828E-17  1.3724549191870761E-18
  1.2909544602976428E+04  3.4742396022682764E-17  1.2014407125873694E-18
  1.3038158535702694E+04  2.8728373367383187E-17  1.0505196545597037E-18
  1.3168053810583135E+04  2.3771513662208453E-17  9.1748475799047443E-19
  1.3299243193246542E+04  1.9680807134284565E-17  8.0035300908919191E-19
  1.3431739576501774E+04  1.6301191551573706E-17  6.9734471846698480E-19
  1.3565555981604884E+04  1.3506417101408025E-17  6.0686455633900951E-19
  1.3700705559538894E+04  1.1193418932427658E-17  5.2748415600100535E-19
  1.3837201592306052E+04  9.2778566829648556E-18  4.5792617575485212E-19
  1.3975057494233215E+04  7.6905626100821069E-18  3.9704971542967071E-19
  1.4114286813290264E+04  6.3747010693683473E-18  3.4383699052784652E-19
  1.4254903232421335E+04  5.2834878920324337E-18  2.9738117404456237E-19
  1.4396920570889757E+04  4.3783523322347707E-18  2.5687530489575197E-19
  1.4540352785635961E+04  3.6274505297336979E-18  2.2160218450248502E-19
  1.4685213972649204E+04  3.0044598347725418E-18  1.9092520185120200E-19
  1.4831518368352961E+04  2.4875979208815841E-18  1.6428000393967036E-19
  1.4979280351003836E+04  2.0588226073462398E-18  1.4116694262598795E-19
  1.5128514442104721E+04  1.7031774888769861E-18  1.2114423472249751E-19
  1.5279235307831974E+04  1.4082555934801063E-18  1.0382177638155130E-19
  1.5431457760476604E+04  1.1637588706877409E-18  8.8855556832729674E-20
  1.5585196759900035E+04  9.6113570540448712E-19  7.5942620352533234E-20
  1.5740467415004419E+04  7.9328212581697795E-19  6.4816528976663340E-20
  1.5897284985217286E+04  6.5429513079232909E-19  5.5243281814984897E-20
  1.6055664881991273E+04  5.3926875405799394E-19  4.7017649622636987E-20
  1.6215622670318819E+04  4.4412525451172991E-19  3.9959888146831606E-20
  1.6377174070261624E+04  3.6547525985003995E-19  3.3912797235267982E-20
  1.6540334958495660E+04  3.0050173499298056E-19  2.8739089254829491E-20
  1.6705121369871580E+04  2.4686364374517071E-19  2.4319038830183414E-20
  1.6871549498990360E+04  2.0261590933587929E-19  2.0548387484933069E-20
  1.7039635701794934E+04  1.6614287409823024E-19  1.7336478312740721E-20
  1.7209396497177713E+04  1.3610295227874334E-19  1.4604597911206596E-20
  1.7380848568603757E+04  1.1138257337940765E-19  1.2284504774702192E-20
  1.7554008765750637E+04  9.1057843787308922E-20  1.0317125167973353E-20
  1.7728894106164116E+04  7.4362625561134218E-20  8.6513991966727540E-21
  1.7905521776930684E+04  6.0661954198235385E-20  7.2432613622100994E-21
  1.8083909136366732E+04  4.9429901082523124E-20  6.0547413701545079E-21
  1.8264073715724269E+04  4.0231137921932718E-20  5.0531722598702376E-21
  1.8446033220913916E+04  3.2705583425478333E-20  4.2104939309954245E-21
  1.8629805534245101E+04  2.6555620836652063E-20  3.5026418120031461E-21
  1.8815408716183247E+04  2.1535458742876158E-20  2.9090111507411488E-21
  1.9002861007124786E+04  1.7442277727458149E-20  2.4119882604315922E-21
  1.9192180829189885E+04  1.4108865796303668E-20  1.9965410293336289E-21
  1.9383386788032665E+04  1.1397494875190507E-20  1.6498617987735996E-21
  1.9576497674669823E+04  9.1948317454564930E-21  1.3610564370832567E-21
  1.9771532467327452E+04  7.4077110076956272E-21  1.1208740939817036E-21
  1.9968510333305912E+04  5.9596261962696631E-21  9.2147271591802630E-22
  2.0167450630863652E+04  4.7878189713959823E-21  7.5621594246955399E-22
  2.0368372911119779E+04  3.8408661835928645E-21  6.1949749144775928E-22
  2.0571296919975237E+04  3.0766811944051254E-21  5.0658958004119370E-22
  2.0776242600053462E+04  2.4608596926946868E-21  4.1351232504028508E-22
  2.0983230092660426E+04  1.9653118201436448E-21  3.3692142063103918E-22
  2.1192279739763737E+04  1.5671320895172949E-21  2.7401171087032941E-22
  2.1403412085992102E+04  1.2476666582139807E-21  2.2243455900460738E-22
  2.1616647880654116E+04  9.9174426902141094E-22  1.8022717029042412E-22
  2.1832008079777504E+04  7.8704280779712267E-22  1.4575225172909198E-22
  2.2049513848168783E+04  6.2356813604000078E-22  1.1764659375271262E-22
  2.2269186561492956E+04  4.9322578709992797E-22  9.4777337809104208E-23