 #p(MeV) \t \delta f_\\nu \t \delta f_\\nubar
  8.2534371774560730E-03  9.9232432155363426E-02  2.1288024527606359E-06
  8.3356637041498982E-03  9.8985292185383794E-02  2.1099055456624806E-06
  8.4187094291421662E-03  9.8752182184780629E-02  2.0911571920179856E-06
  8.5025825138605824E-03  9.8541333789150518E-02  2.0725568866609419E-06
  8.5872912010426985E-03  9.8365137154426519E-02  2.0541042130783280E-06
  8.6728438155460070E-03  9.8147200581332028E-02  2.0357988194110644E-06
  8.7592487651660597E-03  9.7920264567862972E-02  2.0176403954969772E-06
  8.8465145414627563E-03  9.7643080782991720E-02  1.9996286659291303E-06
  8.9346497205948887E-03  9.7403310296793069E-02  1.9817633928620449E-06
  9.0236629641629301E-03  9.7160097618611205E-02  1.9640443378403053E-06
  9.1135630200603092E-03  9.6963287688640556E-02  1.9464711770144757E-06
  9.2043587233330906E-03  9.6749295699125382E-02  1.9290434114262999E-06
  9.2960589970482559E-03  9.6525593530532208E-02  1.9117603116776545E-06
  9.3886728531706511E-03  9.6288917816706912E-02  1.8946209086001767E-06
  9.4822093934486158E-03  9.6046853701733104E-02  1.8776240176310499E-06
  9.5766778103085048E-03  9.5794390948969216E-02  1.8607682791432225E-06
  9.6720873877580542E-03  9.5580816133103499E-02  1.8440522012635005E-06
  9.7684475022987924E-03  9.5347339336124742E-02  1.8274741970433325E-06
  9.8657676238475406E-03  9.5119266215629591E-02  1.8110326208246563E-06
  9.9640573166670555E-03  9.4905506682282037E-02  1.7947257944074821E-06
  1.0063326240306000E-02  9.4704216252239404E-02  1.7785519979677562E-06
  1.0163584150548218E-02  9.4471981430507293E-02  1.7625094654209006E-06
  1.0264840900371511E-02  9.4286129968174454E-02  1.7465964256878759E-06
  1.0367106440915966E-02  9.4069336100962339E-02  1.7308111777643884E-06
  1.0470390822461885E-02  9.3837433675861184E-02  1.7151521622886824E-06
  1.0574704195417527E-02  9.3604255041366644E-02  1.6996180017200930E-06
  1.0680056811316615E-02  9.3397709863392339E-02  1.6842075055538337E-06
  1.0786459023825842E-02  9.3171238080407601E-02  1.6689196519501953E-06
  1.0893921289762399E-02  9.2942050436391768E-02  1.6537535585824889E-06
  1.1002454170121601E-02  9.2731765653183057E-02  1.6387084525375936E-06
  1.1112068331114817E-02  9.2517708908011656E-02  1.6237836402125195E-06
  1.1222774545217683E-02  9.2298051566769776E-02  1.6089784768970782E-06
  1.1334583692228783E-02  9.2077488677637084E-02  1.5942923642833825E-06
  1.1447506760338899E-02  9.1852837955972572E-02  1.5797247714932430E-06
  1.1561554847210848E-02  9.1627592148315062E-02  1.5652752405960235E-06
  1.1676739161070170E-02  9.1394164349578824E-02  1.5509433610107820E-06
  1.1793071021806581E-02  9.1214593502758193E-02  1.5367287254096115E-06
  1.1910561862086482E-02  9.0988901672530237E-02  1.5226308891055019E-06
  1.2029223228476523E-02  9.0803530866605878E-02  1.5086493464565498E-06
  1.2149066782578327E-02  9.0600134724814194E-02  1.4947835242850975E-06
  1.2270104302174567E-02  9.0372779861018188E-02  1.4810327868961359E-06
  1.2392347682386463E-02  9.0141393773946130E-02  1.4673964464978023E-06
  1.2515808936842744E-02  8.9898011107446760E-02  1.4538737750456248E-06
  1.2640500198860359E-02  8.9678983151850716E-02  1.4404640168645870E-06
  1.2766433722636836E-02  8.9460248456736724E-02  1.4271663972734773E-06
  1.2893621884454635E-02  8.9245092924308475E-02  1.4139801318509430E-06
  1.3022077183897402E-02  8.9033404993597839E-02  1.4009044513601262E-06
  1.3151812245078392E-02  8.8847421877287822E-02  1.3879386417752511E-06
  1.3282839817881146E-02  8.8648297581656113E-02  1.3750820838339167E-06
  1.3415172779212468E-02  8.8462152974763800E-02  1.3623342765718793E-06
  1.3548824134267931E-02  8.8249412623060297E-02  1.3496948391696452E-06
  1.3683807017809994E-02  8.8034205092734311E-02  1.3371634961242140E-06
  1.3820134695458817E-02  8.7815267196806171E-02  1.3247400542562754E-06
  1.3957820564995980E-02  8.7600175464908017E-02  1.3124243786216593E-06
  1.4096878157681134E-02  8.7386549805508668E-02  1.3002163713292710E-06
  1.4237321139581847E-02  8.7168343653026004E-02  1.2881159554801234E-06
  1.4379163312916618E-02  8.6967822442705192E-02  1.2761230606654871E-06
  1.4522418617411317E-02  8.6763698951131493E-02  1.2642375934201250E-06
  1.4667101131669153E-02  8.6552532715770694E-02  1.2524593832089774E-06
  1.4813225074554235E-02  8.6342122100116492E-02  1.2407881164875976E-06
  1.4960804806588960E-02  8.6141695782473035E-02  1.2292232830386470E-06
  1.5109854831365333E-02  8.5953187587338956E-02  1.2177641526354456E-06
  1.5260389796970286E-02  8.5769989686787645E-02  1.2064097849020278E-06
  1.5412424497425293E-02  8.5576819846565580E-02  1.1951590624859480E-06
  1.5565973874140200E-02  8.5352662995764744E-02  1.1840107338346418E-06
  1.5721053017381689E-02  8.5115573294720401E-02  1.1729634549862411E-06
  1.5877677167756236E-02  8.4865366849150969E-02  1.1620158249894800E-06
  1.6035861717707916E-02  8.4647091186766263E-02  1.1511664137368599E-06
  1.6195622213031152E-02  8.4435604539672096E-02  1.1404137858705983E-06
  1.6356974354398434E-02  8.4248677929964294E-02  1.1297565358108267E-06
  1.6519933998903370E-02  8.4096092654050172E-02  1.1191933385712208E-06
  1.6684517161619068E-02  8.3915943542114194E-02  1.1087230009314466E-06
  1.6850740017171986E-02  8.3723078113144292E-02  1.0983444946949577E-06
  1.7018618901331585E-02  8.3517012994950332E-02  1.0880569629046720E-06
  1.7188170312615679E-02  8.3316977088002744E-02  1.0778597020496228E-06
  1.7359410913911914E-02  8.3098958799186093E-02  1.0677521302357621E-06
  1.7532357534115282E-02  8.2899051495349152E-02  1.0577337522789628E-06
  1.7707027169782012E-02  8.2677043623863938E-02  1.0478041289502332E-06
  1.7883436986799985E-02  8.2500471004881976E-02  1.0379628532115718E-06
  1.8061604322075646E-02  8.2294228174739276E-02  1.0282095327843995E-06
  1.8241546685237864E-02  8.2099595483592455E-02  1.0185437752275132E-06
  1.8423281760358731E-02  8.1896783325452180E-02  1.0089651637376439E-06
  1.8606827407691425E-02  8.1702112135948204E-02  9.9947322194801862E-07
  1.8792201665425522E-02  8.1506940215013868E-02  9.9006738714878009E-07
  1.8979422751459647E-02  8.1304123216662555E-02  9.8074700772966694E-07
  1.9168509065191942E-02  8.1097760286884327E-02  9.7151136575865583E-07
  1.9359479189328229E-02  8.0899431017888213E-02  9.6235971329945067E-07
  1.9552351891708255E-02  8.0697765412680297E-02  9.5329130796200376E-07
  1.9747146127150190E-02  8.0506684026891470E-02  9.4430543845616413E-07
  1.9943881039313348E-02  8.0307587639282127E-02  9.3540143778197351E-07
  2.0142575962579595E-02  8.0106180866190951E-02  9.2657868615471599E-07
  2.0343250423953511E-02  7.9916766208595197E-02  9.1783660773559141E-07
  2.0545924144981319E-02  7.9736133557885544E-02  9.0917466596887770E-07
  2.0750617043689162E-02  7.9556651383917223E-02  9.0059236644287472E-07
  2.0957349236540489E-02  7.9365576324665302E-02  8.9208926982389025E-07
  2.1166141040413082E-02  7.9173253283355893E-02  8.8366499629477475E-07
  2.1377012974595686E-02  7.8965164713997518E-02  8.7531920559935830E-07
  2.1589985762804572E-02  7.8757410920321347E-02  8.6705155393853987E-07
  2.1805080335220245E-02  7.8546694223861444E-02  8.5886164158963480E-07
  2.2022317830544296E-02  7.8361980402220408E-02  8.5074896989749772E-07
  2.2241719598076883E-02  7.8166104449547164E-02  8.4271291866410057E-07
  2.2463307199814892E-02  7.7995852705363189E-02  8.3475274409054944E-07
  2.2687102412570891E-02  7.7805172867418892E-02  8.2686759173475507E-07
  2.2913127230113364E-02  7.7617218007463712E-02  8.1905651731993434E-07
  2.3141403865328092E-02  7.7457107736484662E-02  8.1131850909966452E-07
  2.3371954752401235E-02  7.7279955843541553E-02  8.0365250453815995E-07
  2.3604802549024011E-02  7.7082713180080420E-02  7.9605739714236308E-07
  2.3839970138619444E-02  7.6885582265635674E-02  7.8853204738320686E-07
  2.4077480632591287E-02  7.6686663872009564E-02  7.8107531386994280E-07
  2.4317357372595261E-02  7.6484120282190496E-02  7.7368610550038058E-07
  2.4559623932833039E-02  7.6271208159527329E-02  7.6636344256830239E-07
  2.4804304122369031E-02  7.6091606989341698E-02  7.5910650779963802E-07
  2.5051421987470214E-02  7.5909629961548861E-02  7.5191467260316244E-07
  2.5301001813969336E-02  7.5727629141597405E-02  7.4478749737037660E-07
  2.5553068129651642E-02  7.5541048472119482E-02  7.3772471215835875E-07
  2.5807645706665380E-02  7.5349037878140790E-02  7.3072618665184359E-07
  2.6064759563956284E-02  7.5154577357047336E-02  7.2379189720422398E-07
  2.6324434969726349E-02  7.4951014571376970E-02  7.1692189777479066E-07
  2.6586697443917159E-02  7.4772513365951462E-02  7.1011630152746365E-07
  2.6851572760717798E-02  7.4587177475554461E-02  7.0337526811829056E-07
  2.7119086951097902E-02  7.4420882893821858E-02  6.9669898301090264E-07
  2.7389266305365898E-02  7.4270162984091392E-02  6.9008762227057849E-07
  2.7662137375752672E-02  7.4102362153457613E-02  6.8354130627770411E-07
  2.7937726979021030E-02  7.3918783898406726E-02  6.7706005365584383E-07
  2.8216062199101201E-02  7.3722710594934959E-02  6.7064375004139204E-07
  2.8497170389752517E-02  7.3524071783031469E-02  6.6429213659326198E-07
  2.8781079177251603E-02  7.3330083793193945E-02  6.5800481607181430E-07
  2.9067816463107417E-02  7.3133034718812509E-02  6.5178127084287749E-07
  2.9357410426803350E-02  7.2952552440043963E-02  6.4562088643209889E-07
  2.9649889528566519E-02  7.2770393329150557E-02  6.3952297512984654E-07
  2.9945282512164769E-02  7.2590457350856175E-02  6.3348679251625695E-07
  3.0243618407731560E-02  7.2411782154953475E-02  6.2751154347758288E-07
  3.0544926534618849E-02  7.2226750205460682E-02  6.2159638488750388E-07
  3.0849236504278506E-02  7.2051199100758231E-02  6.1574043381634845E-07
  3.1156578223172509E-02  7.1877418814645239E-02  6.0994278575436793E-07
  3.1466981895711954E-02  7.1709718274900941E-02  6.0420254113746538E-07
  3.1780478027225403E-02  7.1527477489247454E-02  5.9851883176635548E-07
  3.2097097426956933E-02  7.1340292270031441E-02  5.9289084058577896E-07
  3.2416871211093913E-02  7.1171507263692646E-02  5.8731781248113324E-07
  3.2739830805824946E-02  7.0989700752979640E-02  5.8179905622478015E-07
  3.3066007950428355E-02  7.0788878162312691E-02  5.7633393999122026E-07
  3.3395434700391469E-02  7.0604863396415904E-02  5.7092188343829136E-07
  3.3728143430560784E-02  7.0434752638576126E-02  5.6556235049154110E-07
  3.4064166838323702E-02  7.0258626666912488E-02  5.6025484782111370E-07
  3.4403537946821987E-02  7.0084708327853323E-02  5.5499892737148282E-07
  3.4746290108197041E-02  6.9897318001351960E-02  5.4979418679510050E-07
  3.5092457006867687E-02  6.9735162702913009E-02  5.4464026252270560E-07
  3.5442072662840531E-02  6.9576502190371370E-02  5.3953681448945292E-07
  3.5795171435053362E-02  6.9395958685948764E-02  5.3448350672529686E-07
  3.6151788024751767E-02  6.9226034517553742E-02  5.2947998948852860E-07
  3.6511957478899452E-02  6.9045153580802709E-02  5.2452588630852805E-07
  3.6875715193622600E-02  6.8856418823559570E-02  5.1962078763416148E-07
  3.7243096917688359E-02  6.8663504687813168E-02  5.1476425038516615E-07
  3.7614138756018156E-02  6.8489843053601437E-02  5.0995580138881010E-07
  3.7988877173235999E-02  6.8309030647757202E-02  5.0519494266349935E-07
  3.8367348997252027E-02  6.8126718575183542E-02  5.0048115593693390E-07
  3.8749591422881806E-02  6.7966463294130433E-02  4.9581390633190247E-07
  3.9135642015501723E-02  6.7806728954833279E-02  4.9119264810433293E-07
  3.9525538714740842E-02  6.7641105140241645E-02  4.8661683550057424E-07
  3.9919319838209351E-02  6.7461820650443219E-02  4.8208593920564354E-07
  4.0317024085264316E-02  6.7278294093014251E-02  4.7759946496370671E-07
  4.0718690540813007E-02  6.7109355073955448E-02  4.7315696900060616E-07
  4.1124358679153851E-02  6.6941478796674142E-02  4.6875806721325817E-07
  4.1534068367855927E-02  6.6757560671828461E-02  4.6440243690301595E-07
  4.1947859871677012E-02  6.6590143319491965E-02  4.6008981208086660E-07
  4.2365773856520662E-02  6.6414342588191372E-02  4.5581997489894699E-07
  4.2787851393432538E-02  6.6241018947230404E-02  4.5159274547428116E-07
  4.3214133962636958E-02  6.6067552452479403E-02  4.4740797189499519E-07
  4.3644663457613316E-02  6.5890843760019885E-02  4.4326552196527983E-07
  4.4079482189213148E-02  6.5725433016562085E-02  4.3916527766231947E-07
  4.4518632889818374E-02  6.5556249811103307E-02  4.3510713206795688E-07
  4.4962158717540925E-02  6.5398518665749111E-02  4.3109098703210118E-07
  4.5410103260463991E-02  6.5235532358026885E-02  4.2711675031806790E-07
  4.5862510540925841E-02  6.5072585596347224E-02  4.2318433308823606E-07
  4.6319425019846171E-02  6.4911905614524673E-02  4.1929364764092652E-07
  4.6780891601095546E-02  6.4754437803702825E-02  4.1544460527989240E-07
  4.7246955635908229E-02  6.4579130552042049E-02  4.1163711464963389E-07
  4.7717662927339401E-02  6.4403833245968420E-02  4.0787108052198110E-07
  4.8193059734766383E-02  6.4228302215664404E-02  4.0414640288306033E-07
  4.8673192778434772E-02  6.4040031093102509E-02  4.0046297627398347E-07
  4.9158109244050001E-02  6.3835132328832644E-02  3.9682069241821722E-07
  4.9647856787414679E-02  6.3668583220779632E-02  3.9321945573691428E-07
  5.0142483539111819E-02  6.3498784988098134E-02  3.8965922088172243E-07
  5.0642038109235052E-02  6.3331885073607957E-02  3.8614005337803411E-07
  5.1146569592165896E-02  6.3195323877316037E-02  3.8266220421620030E-07
  5.1656127571398522E-02  6.3035072764350303E-02  3.7922618127520133E-07
  5.2170762124412483E-02  6.2884415973592303E-02  3.7583279973465734E-07
  5.2690523827594447E-02  6.2716749248811862E-02  3.7248319985542405E-07
  5.3215463761208476E-02  6.2557153943075441E-02  3.6917883059210321E-07
  5.3745633514415934E-02  6.2379922646556521E-02  3.6592140664478663E-07
  5.4281085190345635E-02  6.2212033115587553E-02  3.6271285107550490E-07
  5.4821871411214342E-02  6.2040547371648311E-02  3.5955523520905398E-07
  5.5368045323498115E-02  6.1871336070859616E-02  3.5645072366806724E-07
  5.5919660603155522E-02  6.1706514998832090E-02  3.5340152232353026E-07
  5.6476771460902651E-02  6.1547489023810402E-02  3.5040982527451541E-07
  5.7039432647540841E-02  6.1375367550238966E-02  3.4747775775671711E-07
  5.7607699459337060E-02  6.1221842970114917E-02  3.4460731395479593E-07
  5.8181627743458655E-02  6.1059567897150675E-02  3.4180029527458014E-07
  5.8761273903461558E-02  6.0897907866967388E-02  3.3905826503716762E-07
  5.9346694904833422E-02  6.0737649881609936E-02  3.3638252505308080E-07
  5.9937948280591999E-02  6.0582191524109638E-02  3.3377411653453936E-07
  6.0535092136939396E-02  6.0417055863944399E-02  3.3123384292516273E-07
  6.1138185158972354E-02  6.0262647480209507E-02  3.2876230734403878E-07
  6.1747286616449661E-02  6.0111956851696936E-02  3.2635995576567465E-07
  6.2362456369617084E-02  5.9939190531406880E-02  3.2402711968452396E-07
  6.2983754875090114E-02  5.9788989329241975E-02  3.2176406761421930E-07
  6.3611243191795258E-02  5.9629827830746530E-02  3.1957108838932585E-07
  6.4244982986971039E-02  5.9475940112040528E-02  3.1744862288700460E-07
  6.4885036542228214E-02  5.9324730567917837E-02  3.1539744536812690E-07
  6.5531466759670504E-02  5.9168019534441819E-02  3.1341887729156665E-07
  6.6184337168076521E-02  5.9017340248252774E-02  3.1151499285661857E-07
  6.6843711929143193E-02  5.8872441621731345E-02  3.0968877539261975E-07
  6.7509655843791136E-02  5.8711580604534880E-02  3.0794419617867648E-07
  6.8182234358533170E-02  5.8558179785678482E-02  3.0628620647311891E-07
  6.8861513571906216E-02  5.8396989110968883E-02  3.0472065652727154E-07
  6.9547560240967185E-02  5.8230562315890758E-02  3.0325416997820643E-07
  7.0240441787853394E-02  5.8081334992210208E-02  3.0189400598042304E-07
  7.0940226306408949E-02  5.7930114171894254E-02  3.0064792802747069E-07
  7.1646982568876527E-02  5.7766020383755029E-02  2.9952407241276935E-07
  7.2360780032656044E-02  5.7626247266973116E-02  2.9853081059738088E-07
  7.3081688847130677E-02  5.7479695549036321E-02  2.9767659532960692E-07
  7.3809779860561101E-02  5.7339006340122359E-02  2.9696978061652986E-07
  7.4545124627047876E-02  5.7201962367501802E-02  2.9641844271325142E-07
  7.5287795413563674E-02  5.7067256284405586E-02  2.9603024122270117E-07
  7.6037865207055536E-02  5.6933428168824955E-02  2.9581233646446094E-07
  7.6795407721617512E-02  5.6809937398126308E-02  2.9577138118863862E-07
  7.7560497405735118E-02  5.6687734221321680E-02  2.9591358770299848E-07
  7.8333209449601954E-02  5.6547187811163427E-02  2.9624485454698592E-07
  7.9113619792509027E-02  5.6428290604131008E-02  2.9677092786272757E-07
  7.9901805130307757E-02  5.6298877489859622E-02  2.9749756802852095E-07
  8.0697842922947349E-02  5.6172772748850422E-02  2.9843069853073957E-07
  8.1501811402087454E-02  5.6043263128944427E-02  2.9957650784551350E-07
  8.2313789578786239E-02  5.5911740238760263E-02  3.0094148902253202E-07
  8.3133857251265403E-02  5.5770561628422387E-02  3.0253242235325186E-07
  8.3962095012752591E-02  5.5649504239559618E-02  3.0435631403126439E-07
  8.4798584259401691E-02  5.5514298278170053E-02  3.0642029351501765E-07
  8.5643407198291860E-02  5.5398472847313411E-02  3.0873151016533698E-07
  8.6496646855507078E-02  5.5272531116895736E-02  3.1129706182168498E-07
  8.7358387084295386E-02  5.5142014581139404E-02  3.1412397441755360E-07
  8.8228712573309401E-02  5.5034511771275614E-02  3.1721923667955422E-07
  8.9107708854929690E-02  5.4918971073026700E-02  3.2058987942836523E-07
  8.9995462313670394E-02  5.4816918941019054E-02  3.2424307839929794E-07
  9.0892060194668445E-02  5.4709277353751758E-02  3.2818625454114965E-07
  9.1797590612258256E-02  5.4594110518149622E-02  3.3242713113506876E-07
  9.2712142558631055E-02  5.4488267368492417E-02  3.3697370477396293E-07
  9.3635805912580194E-02  5.4371920755391843E-02  3.4183410500312936E-07
  9.4568671448335334E-02  5.4253507551905673E-02  3.4701633812249102E-07
  9.5510830844481989E-02  5.4130585138186908E-02  3.5252790541243794E-07
  9.6462376692972057E-02  5.4017095693770813E-02  3.5837533928597282E-07
  9.7423402508223914E-02  5.3898478902291970E-02  3.6456372739257012E-07
  9.8394002736311478E-02  5.3774126973888406E-02  3.7109629479028093E-07
  9.9374272764247013E-02  5.3657072594530751E-02  3.7797409921269107E-07
  1.0036430892935511E-01  5.3545662861621844E-02  3.8519585976024303E-07
  1.0136420852873995E-01  5.3417479925000767E-02  3.9275789571036123E-07
  1.0237406982884806E-01  5.3308456686460046E-02  4.0065413471746564E-07
  1.0339399207512512E-01  5.3190759552024777E-02  4.0887616479940206E-07
  1.0442407550176923E-01  5.3070750028090294E-02  4.1741328879358299E-07
  1.0546442134158213E-01  5.2935405195491995E-02  4.2625258627807616E-07
  1.0651513183591774E-01  5.2820076015369644E-02  4.3537903769088086E-07
  1.0757631024472963E-01  5.2696957709004552E-02  4.4477568953336767E-07
  1.0864806085671980E-01  5.2580596579472991E-02  4.5442383607205662E-07
  1.0973048899958736E-01  5.2456632310954487E-02  4.6430323207255533E-07
  1.1082370105037945E-01  5.2338962197793590E-02  4.7439229264598592E-07
  1.1192780444594629E-01  5.2217886594582652E-02  4.8466822714445304E-07
  1.1304290769349931E-01  5.2094953608372505E-02  4.9510706629973991E-07
  1.1416912038127439E-01  5.1976586694043585E-02  5.0568357275358721E-07
  1.1530655318930301E-01  5.1846488500833766E-02  5.1637106605324323E-07
  1.1645531790028804E-01  5.1733595158619618E-02  5.2714120429057960E-07
  1.1761552741059002E-01  5.1609180299868815E-02  5.3796380668356233E-07
  1.1878729574132278E-01  5.1481662122320145E-02  5.4880678901959558E-07
  1.1997073804955771E-01  5.1356064518875866E-02  5.5963625311345192E-07
  1.2116597063964205E-01  5.1228195230921272E-02  5.7041677491055824E-07
  1.2237311097462851E-01  5.1094478485542973E-02  5.8111194670250918E-07
  1.2359227768781873E-01  5.0967041804033865E-02  5.9168511553794881E-07
  1.2482359059442280E-01  5.0839608282077772E-02  6.0210022399535550E-07
  1.2606717070333387E-01  5.0717508601916039E-02  6.1232261757598276E-07
  1.2732314022902028E-01  5.0592585367285725E-02  6.2231967181572179E-07
  1.2859162260353682E-01  5.0464550028298846E-02  6.3206113671003744E-07
  1.2987274248865496E-01  5.0330800297971198E-02  6.4151919206370659E-07
  1.3116662578811378E-01  5.0207779433467083E-02  6.5066825587241324E-07
  1.3247339965999402E-01  5.0082430618791321E-02  6.5948467488618312E-07
  1.3379319252921437E-01  4.9962657505691836E-02  6.6794644387447725E-07
  1.3512613410015217E-01  4.9834574205633912E-02  6.7603301088343902E-07
  1.3647235536939112E-01  4.9708602791929068E-02  6.8372515840916404E-07
  1.3783198863859467E-01  4.9584713890621974E-02  6.9100510970745921E-07
  1.3920516752750769E-01  4.9460853241263668E-02  6.9785680740819242E-07
  1.4059202698708953E-01  4.9330563398366785E-02  7.0426628483501563E-07
  1.4199270331277480E-01  4.9214254768078697E-02  7.1022206632589761E-07
  1.4340733415786872E-01  4.9096671045178002E-02  7.1571550880980523E-07
  1.4483605854707612E-01  4.8975783908033088E-02  7.2074100368779088E-07
  1.4627901689016243E-01  4.8849413257087616E-02  7.2529599975047199E-07
  1.4773635099575405E-01  4.8718230938391956E-02  7.2938085164898590E-07
  1.4920820408527444E-01  4.8588762314750900E-02  7.3299853428020992E-07
  1.5069472080701873E-01  4.8457034374044819E-02  7.3615431546759905E-07
  1.5219604725037036E-01  4.8330565618190602E-02  7.3885543736647140E-07
  1.5371233096015743E-01  4.8203116985615843E-02  7.4111078512800186E-07
  1.5524372095115271E-01  4.8072026898014236E-02  7.4293061218064502E-07
  1.5679036772271904E-01  4.7941339675663330E-02  7.4432633620566303E-07
  1.5835242327359936E-01  4.7816268293317546E-02  7.4531034715101405E-07
  1.5993004111685419E-01  4.7699656551973960E-02  7.4589582280948314E-07
  1.6152337629494928E-01  4.7573757314200681E-02  7.4609655596535883E-07
  1.6313258539499212E-01  4.7447731241817455E-02  7.4592680555883556E-07
  1.6475782656412008E-01  4.7323306005310747E-02  7.4540118593932783E-07
  1.6639925952504389E-01  4.7212504098389306E-02  7.4453459714077704E-07
  1.6805704559174375E-01  4.7090324621910741E-02  7.4334218964261296E-07
  1.6973134768532216E-01  4.6971344988893569E-02  7.4183933932203972E-07
  1.7142233035001705E-01  4.6853671361571862E-02  7.4004161083227167E-07
  1.7313015976937035E-01  4.6728302453875513E-02  7.3796469803128518E-07
  1.7485500378256097E-01  4.6611495405461972E-02  7.3562433075637168E-07
  1.7659703190090037E-01  4.6486390634387482E-02  7.3303614074534011E-07
  1.7835641532448929E-01  4.6367165529722004E-02  7.3021550569214899E-07
  1.8013332695904458E-01  4.6236366887775396E-02  7.2717739041702337E-07
  1.8192794143289115E-01  4.6115684136518807E-02  7.2393620889808258E-07
  1.8374043511412300E-01  4.5988527259804214E-02  7.2050573123508220E-07
  1.8557098612793738E-01  4.5860582830699055E-02  7.1689905224007087E-07
  1.8741977437413954E-01  4.5735529931705432E-02  7.1312862266333592E-07
  1.8928698154482221E-01  4.5606502893397689E-02  7.0920633503970787E-07
  1.9117279114222260E-01  4.5492414743015651E-02  7.0514363268808480E-07
  1.9307738849675590E-01  4.5367518704207362E-02  7.0095160677776391E-07
  1.9500096078522819E-01  4.5260003104047007E-02  6.9664106644569267E-07
  1.9694369704923273E-01  4.5140605494789911E-02  6.9222257816113475E-07
  1.9890578821372756E-01  4.5025070768981254E-02  6.8770644467005989E-07
  2.0088742710579852E-01  4.4917960091692376E-02  6.8310263808173890E-07
  2.0288880847361057E-01  4.4796048252519122E-02  6.7842070112114039E-07
  2.0491012900554637E-01  4.4671309200390835E-02  6.7366962951085621E-07
  2.0695158734953559E-01  4.4549137328374649E-02  6.6885775681992687E-07
  2.0901338413257839E-01  4.4424791089187253E-02  6.6399266850328696E-07
  2.1109572198046181E-01  4.4302699149427076E-02  6.5908116515330242E-07
  2.1319880553767206E-01  4.4172817400056297E-02  6.5412928718684112E-07
  2.1532284148750877E-01  4.4051849964609771E-02  6.4914240000006059E-07
  2.1746803857239419E-01  4.3936353056481615E-02  6.4412531046192086E-07
  2.1963460761438880E-01  4.3820099759557932E-02  6.3908239139196642E-07
  2.2182276153591166E-01  4.3703698759568047E-02  6.3401772075136205E-07
  2.2403271538066261E-01  4.3582266802336303E-02  6.2893518514179201E-07
  2.2626468633475846E-01  4.3477865032441505E-02  6.2383854271733464E-07
  2.2851889374807643E-01  4.3368257224550455E-02  6.1873147673157605E-07
  2.3079555915581021E-01  4.3252740557458515E-02  6.1361764474933023E-07
  2.3309490630024318E-01  4.3132525502019570E-02  6.0850072900608178E-07
  2.3541716115273606E-01  4.3012159168769042E-02  6.0338448795880611E-07
  2.3776255193593396E-01  4.2892985417881800E-02  5.9827279809111751E-07
  2.4013130914619685E-01  4.2765257590611373E-02  5.9316967051018031E-07
  2.4252366557625085E-01  4.2652214792382577E-02  5.8807922937707150E-07
  2.4493985633806567E-01  4.2527283267417636E-02  5.8300566361567751E-07
  2.4738011888596215E-01  4.2409863239097748E-02  5.7795316861800049E-07
  2.4984469303994733E-01  4.2285778297827793E-02  5.7292587401885093E-07
  2.5233382100928270E-01  4.2174196003025112E-02  5.6792776935256088E-07
  2.5484774741628891E-01  4.2054415594325788E-02  5.6296265079556647E-07
  2.5738671932038548E-01  4.1939900995997113E-02  5.5803406848877392E-07
  2.5995098624237029E-01  4.1826331707691233E-02  5.5314526960610061E-07
  2.6254080018894399E-01  4.1713304388823751E-02  5.4829913855101870E-07
  2.6515641567747295E-01  4.1604866776854585E-02  5.4349814219491848E-07
  2.6779808976100417E-01  4.1487073944455242E-02  5.3874429724620187E-07
  2.7046608205352884E-01  4.1373319741654035E-02  5.3403917603518767E-07
  2.7316065475549278E-01  4.1260521502516558E-02  5.2938395087163012E-07
  2.7588207267956755E-01  4.1139026576654178E-02  5.2477945576700670E-07
  2.7863060327667410E-01  4.1022650485681794E-02  5.2022625325074140E-07
  2.8140651666226629E-01  4.0894015517118444E-02  5.1572470805835490E-07
  2.8421008564287814E-01  4.0776856548035971E-02  5.1127506703631596E-07
  2.8704158574293376E-01  4.0666344552749631E-02  5.0687750653787111E-07
  2.8990129523182362E-01  4.0553357924697123E-02  5.0253215893909487E-07
  2.9278949515125402E-01  4.0437573788681611E-02  4.9823912676810695E-07
  2.9570646934286560E-01  4.0310645881782528E-02  4.9399848585849633E-07
  2.9865250447612757E-01  4.0201076722312871E-02  4.8981027761779551E-07
  3.0162789007651231E-01  4.0085608933113845E-02  4.8567449338239141E-07
  3.0463291855394764E-01  3.9974761853509108E-02  4.8159106256781505E-07
  3.0766788523155353E-01  3.9858911797629612E-02  4.7755985512809663E-07
  3.1073308837466640E-01  3.9745384134120876E-02  4.7358069464045883E-07
  3.1382882922015143E-01  3.9620982100701724E-02  4.6965336422132140E-07
  3.1695541200600502E-01  3.9517700138684095E-02  4.6577760629086553E-07
  3.2011314400125818E-01  3.9405133348989548E-02  4.6195312692695685E-07
  3.2330233553616944E-01  3.9292096485386542E-02  4.5817960207137288E-07
  3.2652330003272478E-01  3.9167678374820165E-02  4.5445668603785671E-07
  3.2977635403544192E-01  3.9062630798934447E-02  4.5078402465168794E-07
  3.3306181724247436E-01  3.8937473688034463E-02  4.4716127001428022E-07
  3.3638001253703426E-01  3.8829387497308590E-02  4.4358809279841202E-07
  3.3973126601912257E-01  3.8714302491174198E-02  4.4006418734602030E-07
  3.4311590703757600E-01  3.8593463636302491E-02  4.3658926344126520E-07
  3.4653426822243638E-01  3.8474299111251241E-02  4.3316303220659746E-07
  3.4998668551763906E-01  3.8350279923865582E-02  4.2978520835891927E-07
  3.5347349821402740E-01  3.8242843199247742E-02  4.2645552083359204E-07
  3.5699504898269907E-01  3.8126236793472559E-02  4.2317371105770498E-07
  3.6055168390868125E-01  3.8007627012909849E-02  4.1993952185603262E-07
  3.6414375252494191E-01  3.7888789626206246E-02  4.1675268889333312E-07
  3.6777160784674240E-01  3.7774878104249981E-02  4.1361293770334691E-07
  3.7143560640632955E-01  3.7652182624145943E-02  4.1051997947493373E-07
  3.7513610828797334E-01  3.7546356432754564E-02  4.0747350575405572E-07
  3.7887347716335679E-01  3.7426179451483785E-02  4.0447318527672067E-07
  3.8264808032731495E-01  3.7315134170080706E-02  4.0151866446076039E-07
  3.8646028873393029E-01  3.7195836772844180E-02  3.9860956506313911E-07
  3.9031047703299238E-01  3.7078724947975990E-02  3.9574547002728855E-07
  3.9419902360681219E-01  3.6966586497514921E-02  3.9292590652992540E-07
  3.9812631060741072E-01  3.6851667350932288E-02  3.9015035062672416E-07
  4.0209272399407753E-01  3.6734157301845240E-02  3.8741825030901008E-07
  4.0609865357129649E-01  3.6616506488486154E-02  3.8472903611217504E-07
  4.1014449302705847E-01  3.6490115939558303E-02  3.8208212628968318E-07
  4.1423063997155013E-01  3.6372884772419907E-02  3.7947692902107972E-07
  4.1835749597622829E-01  3.6265866241533939E-02  3.7691284460762507E-07
  4.2252546661328738E-01  3.6138531736638009E-02  3.7438927245409496E-07
  4.2673496149551632E-01  3.6025938892070432E-02  3.7190562239756720E-07
  4.3098639431655261E-01  3.5911189476447961E-02  3.6946132439551056E-07
  4.3528018289154069E-01  3.5794882888948443E-02  3.6705583361303838E-07
  4.3961674919819277E-01  3.5669400950844393E-02  3.6468863258691551E-07
  4.4399651941825724E-01  3.5559859673735622E-02  3.6235921665315016E-07
  4.4841992397940528E-01  3.5438710234948045E-02  3.6006706737558767E-07
  4.5288739759753033E-01  3.5319207716987967E-02  3.5781165210837030E-07
  4.5739937931946861E-01  3.5200289995052071E-02  3.5559243490964638E-07
  4.6195631256615038E-01  3.5081017991157155E-02  3.5340887785067931E-07
  4.6655864517617590E-01  3.4965700359654323E-02  3.5126044182232430E-07
  4.7120682944982556E-01  3.4843482565709211E-02  3.4914659100552620E-07
  4.7590132219351577E-01  3.4726865348221725E-02  3.4706679444716459E-07
  4.8064258476468541E-01  3.4603606350135166E-02  3.4502052206612669E-07
  4.8543108311714001E-01  3.4486179383347589E-02  3.4300724296488641E-07
  4.9026728784684620E-01  3.4364909917836195E-02  3.4102643554156228E-07
  4.9515167423817391E-01  3.4243945382807200E-02  3.3907760364234815E-07
  5.0008472231061152E-01  3.4122837305711869E-02  3.3716028315791389E-07
  5.0506691686593785E-01  3.4002489099753494E-02  3.3527402902373605E-07
  5.1009874753586515E-01  3.3883398456192398E-02  3.3341839199844773E-07
  5.1518070883016198E-01  3.3764609998890721E-02  3.3159292058380118E-07
  5.2031330018524946E-01  3.3633416256060103E-02  3.2979717318039898E-07
  5.2549702601328308E-01  3.3519611345010504E-02  3.2803071343098439E-07
  5.3073239575172726E-01  3.3400911214908548E-02  3.2629310499107013E-07
  5.3601992391341968E-01  3.3266978665498166E-02  3.2458391116877376E-07
  5.4136013013713402E-01  3.3141289721874613E-02  3.2290270014571297E-07
  5.4675353923865111E-01  3.3024357644523418E-02  3.2124905208363497E-07
  5.5220068126233446E-01  3.2899095077102369E-02  3.1962255935718036E-07
  5.5770209153321970E-01  3.2767207917303330E-02  3.1802282282214829E-07
  5.6325831070962706E-01  3.2649549368109938E-02  3.1644945849702247E-07
  5.6886988483629430E-01  3.2522979664105972E-02  3.1490210861904515E-07
  5.7453736539803701E-01  3.2401499912616462E-02  3.1338042262054254E-07
  5.8026130937395326E-01  3.2277985143315473E-02  3.1188403136501024E-07
  5.8604227929215402E-01  3.2151713710267468E-02  3.1041255428261390E-07
  5.9188084328504931E-01  3.2022103173608644E-02  3.0896560777637155E-07
  5.9777757514518615E-01  3.1900367371853165E-02  3.0754280563545145E-07
  6.0373305438163116E-01  3.1775818845038412E-02  3.0614375809197617E-07
  6.0974786627692856E-01  3.1659437393060978E-02  3.0476807021459758E-07
  6.1582260194461769E-01  3.1531639986206846E-02  3.0341534018395648E-07
  6.2195785838732376E-01  3.1410467466183457E-02  3.0208516253260050E-07
  6.2815423855543195E-01  3.1283013750644448E-02  3.0077713854683835E-07
  6.3441235140634233E-01  3.1156070576289160E-02  2.9949088727335202E-07
  6.4073281196431331E-01  3.1031036048539296E-02  2.9822605510075941E-07
  6.4711624138090806E-01  3.0891465158432319E-02  2.9698231946100731E-07
  6.5356326699603695E-01  3.0769943026359523E-02  2.9575937080591679E-07
  6.6007452239960862E-01  3.0637630468131533E-02  2.9455689119047353E-07
  6.6665064749380010E-01  3.0508393017667564E-02  2.9337455950955618E-07
  6.7329228855594270E-01  3.0374921363415051E-02  2.9221205841919618E-07
  6.8000009830203356E-01  3.0246148306997251E-02  2.9106907040158545E-07
  6.8677473595088590E-01  3.0114599875845898E-02  2.8994527469545601E-07
  6.9361686728891325E-01  2.9983914222371129E-02  2.8884034652530116E-07
  7.0052716473555776E-01  2.9853617761641735E-02  2.8775395574563968E-07
  7.0750630740937748E-01  2.9724393752653667E-02  2.8668576335612925E-07
  7.1455498119478578E-01  2.9594656755785615E-02  2.8563541661574171E-07
  7.2167387880945433E-01  2.9461896588939405E-02  2.8460254996211336E-07
  7.2886369987239896E-01  2.9332473267654126E-02  2.8358680254926260E-07
  7.3612515097272613E-01  2.9199343384618773E-02  2.8258783158693407E-07
  7.4345894573907845E-01  2.9066683700372232E-02  2.8160528608007160E-07
  7.5086580490977151E-01  2.8931966947956383E-02  2.8063879939546808E-07
  7.5834645640361620E-01  2.8800168123193286E-02  2.7968800862596811E-07
  7.6590163539146361E-01  2.8663837577716813E-02  2.7875256322477455E-07
  7.7353208436845267E-01  2.8530054024793503E-02  2.7783213036467933E-07
  7.8123855322697655E-01  2.8396203711991919E-02  2.7692640278260884E-07
  7.8902179933038463E-01  2.8260679944477354E-02  2.7603510872591895E-07
  7.9688258758741115E-01  2.8122523751441995E-02  2.7515802440707172E-07
  8.0482169052734442E-01  2.7983622887985282E-02  2.7429499199415585E-07
  8.1283988837595389E-01  2.7849807497775905E-02  2.7344594132136668E-07
  8.2093796913216499E-01  2.7713736551286880E-02  2.7261089955579780E-07
  8.2911672864549801E-01  2.7576559127548347E-02  2.7178999908295711E-07
  8.3737697069428707E-01  2.7440055586914321E-02  2.7098347405960598E-07
  8.4571950706466814E-01  2.7303363823016149E-02  2.7019162207939178E-07
  8.5414515763036114E-01  2.7166238190798244E-02  2.6941476545856331E-07
  8.6265475043323958E-01  2.7027407937004332E-02  2.6865323606772245E-07
  8.7124912176471347E-01  2.6890894742242686E-02  2.6790736255877343E-07
  8.7992911624791403E-01  2.6753741059589563E-02  2.6717745524964191E-07
  8.8869558692069739E-01  2.6619249709888559E-02  2.6646379199778359E-07
  8.9754939531948352E-01  2.6482586952977699E-02  2.6576660414810746E-07
  9.0649141156392210E-01  2.6344217360669150E-02  2.6508606041672025E-07
  9.1552251444240240E-01  2.6204902094511758E-02  2.6442224969084694E-07
  9.2464359149842157E-01  2.6066293285276713E-02  2.6377517495916234E-07
  9.3385553911780728E-01  2.5928452134366023E-02  2.6314476315281367E-07
  9.4315926261681093E-01  2.5789044185439671E-02  2.6253088115268635E-07
  9.5255567633107741E-01  2.5649773022408544E-02  2.6193334391940955E-07
  9.6204570370550613E-01  2.5513671857005267E-02  2.6135191526958894E-07
  9.7163027738500263E-01  2.5376270794855518E-02  2.6078632920244545E-07
  9.8131033930613132E-01  2.5237362731136984E-02  2.6023631707371917E-07
  9.9108684078969245E-01  2.5099339206462460E-02  2.5970162067213968E-07
  1.0009607426342102E+00  2.4966791257440526E-02  2.5918199597176401E-07
  1.0109330152103548E+00  2.4833261480809346E-02  2.5867721629376706E-07
  1.0210046385563121E+00  2.4699532147112482E-02  2.5818707775760744E-07
  1.0311766024740940E+00  2.4561165129029661E-02  2.5771140536302743E-07
  1.0414499066268157E+00  2.4433578268268162E-02  2.5725005735361619E-07
  1.0518255606369333E+00  2.4299049038062247E-02  2.5680292588455173E-07
  1.0623045841854730E+00  2.4167697090697382E-02  2.5636993856774633E-07
  1.0728880071122380E+00  2.4035715227137214E-02  2.5595106757122437E-07
  1.0835768695170143E+00  2.3903955517190125E-02  2.5554630074447765E-07
  1.0943722218617944E+00  2.3771945319734280E-02  2.5515560941837824E-07
  1.1052751250740096E+00  2.3640128459873400E-02  2.5477894145111702E-07
  1.1162866506507907E+00  2.3508257540399959E-02  2.5441621418783734E-07
  1.1274078807642769E+00  2.3377284756597855E-02  2.5406730302367622E-07
  1.1386399083679644E+00  2.3245475511432096E-02  2.5373202602982617E-07
  1.1499838373041189E+00  2.3114954126684489E-02  2.5341012324547953E-07
  1.1614407824122530E+00  2.2984733890730094E-02  2.5310123164705628E-07
  1.1730118696386957E+00  2.2855141265251146E-02  2.5280486024133349E-07
  1.1846982361472436E+00  2.2725756492442028E-02  2.5252037251389088E-07
  1.1965010304309103E+00  2.2596869237587174E-02  2.5224698493751154E-07
  1.2084214124248076E+00  2.2463936168279252E-02  2.5198378440627636E-07
  1.2204605536201329E+00  2.2334796130531624E-02  2.5172976371881765E-07
  1.2326196371792972E+00  2.2205902598628605E-02  2.5148386156538698E-07
  1.2448998580522073E+00  2.2081505814425820E-02  2.5124498123813276E-07
  1.2573024230936989E+00  2.1948652492523851E-02  2.5101201470763326E-07
  1.2698285511821412E+00  2.1823376375869074E-02  2.5078387186661533E-07
  1.2824794733392222E+00  2.1694549394432550E-02  2.5055951302820198E-07
  1.2952564328509326E+00  2.1563464680295873E-02  2.5033798751878376E-07
  1.3081606853897514E+00  2.1434139839245740E-02  2.5011847896031508E-07
  1.3211934991380425E+00  2.1305313760075870E-02  2.4990035483901641E-07
  1.3343561549126950E+00  2.1172515055840557E-02  2.4968321156080887E-07
  1.3476499462909948E+00  2.1041304433450821E-02  2.4946690780686556E-07
  1.3610761797377460E+00  2.0907731100282385E-02  2.4925157735816533E-07
  1.3746361747336759E+00  2.0773723194399327E-02  2.4903761644457381E-07
  1.3883312639051040E+00  2.0639924836262282E-02  2.4882561386060697E-07
  1.4021627931549026E+00  2.0505744955412027E-02  2.4861626430226721E-07
  1.4161321217947758E+00  2.0371483121931377E-02  2.4841031026375626E-07
  1.4302406226788431E+00  2.0239840174517885E-02  2.4820851232231253E-07
  1.4444896823385602E+00  2.0105717348940871E-02  2.4801162761706417E-07
  1.4588807011189768E+00  1.9971484928819158E-02  2.4782038319303374E-07
  1.4734150933163659E+00  1.9835244834900741E-02  2.4763544189641549E-07
  1.4880942873172112E+00  1.9704124866575450E-02  2.4745736423603382E-07
  1.5029197257385798E+00  1.9571268247544262E-02  2.4728657268780647E-07
  1.5178928655699055E+00  1.9439556749547834E-02  2.4712332562689776E-07
  1.5330151783161721E+00  1.9308926977273259E-02  2.4696770769561230E-07
  1.5482881501425230E+00  1.9179144923216325E-02  2.4681964918113549E-07
  1.5637132820203259E+00  1.9049038735450989E-02  2.4667900241499121E-07
  1.5792920898746743E+00  1.8920402198022403E-02  2.4654560303663881E-07
  1.5950261047333729E+00  1.8789834574107694E-02  2.4641930403974233E-07
  1.6109168728773939E+00  1.8667571591136283E-02  2.4630000840785537E-07
  1.6269659559928489E+00  1.8540522032588300E-02  2.4618767178449209E-07
  1.6431749313244610E+00  1.8414533011218724E-02  2.4608228051671906E-07
  1.6595453918305663E+00  1.8289156958014086E-02  2.4598383960280125E-07
  1.6760789463396735E+00  1.8163944076816024E-02  2.4589237954457261E-07
  1.6927772197085684E+00  1.8039361025838061E-02  2.4580795914240250E-07
  1.7096418529819941E+00  1.7915080279232675E-02  2.4573065883597977E-07
  1.7266745035539377E+00  1.7790637139691517E-02  2.4566056981058463E-07
  1.7438768453305038E+00  1.7661300446958000E-02  2.4559777419284055E-07
  1.7612505688944253E+00  1.7543391427969460E-02  2.4554231317807151E-07
  1.7787973816712013E+00  1.7419441046338933E-02  2.4549414467368962E-07
  1.7965190080969038E+00  1.7295628790902115E-02  2.4545309741495586E-07
  1.8144171897876480E+00  1.7166672331988472E-02  2.4541884118497687E-07
  1.8324936857107421E+00  1.7046430676469135E-02  2.4539091779616771E-07
  1.8507502723575666E+00  1.6927898305144205E-02  2.4536882956969987E-07
  1.8691887439181540E+00  1.6804306906007517E-02  2.4535210036594984E-07
  1.8878109124575104E+00  1.6681870505326740E-02  2.4534025872838172E-07
  1.9066186080937080E+00  1.6555907300365092E-02  2.4533281898599049E-07
  1.9256136791777372E+00  1.6437750166038812E-02  2.4532929800510092E-07
  1.9447979924751595E+00  1.6315787785515193E-02  2.4532922853046570E-07
  1.9641734333495560E+00  1.6195286334717753E-02  2.4533217631928244E-07
  1.9837419059478278E+00  1.6075600525189554E-02  2.4533776526710262E-07
  2.0035053333873227E+00  1.5954505211645643E-02  2.4534571217548836E-07
  2.0234656579448260E+00  1.5834038147134143E-02  2.4535587289786702E-07
  2.0436248412474494E+00  1.5714135962943441E-02  2.4536825476365775E-07
  2.0639848644654122E+00  1.5591359004314843E-02  2.4538296415030372E-07
  2.0845477285067324E+00  1.5474776308162939E-02  2.4540009374005039E-07
  2.1053154542138821E+00  1.5355882041932062E-02  2.4541963926690940E-07
  2.1262900825623814E+00  1.5237362303161219E-02  2.4544154300599884E-07
  2.1474736748613816E+00  1.5118823032029754E-02  2.4546576411775899E-07
  2.1688683129562327E+00  1.4999639200833347E-02  2.4549226550273514E-07
  2.1904760994330958E+00  1.4882729500732949E-02  2.4552100666805080E-07
  2.2122991578255684E+00  1.4762557395259827E-02  2.4555194618252934E-07
  2.2343396328233713E+00  1.4645553284039941E-02  2.4558502875279125E-07
  2.2565996904831351E+00  1.4528776006153746E-02  2.4562017305666157E-07
  2.2790815184412643E+00  1.4412624659296588E-02  2.4565726720766577E-07
  2.3017873261289243E+00  1.4300244836248846E-02  2.4569615565394391E-07
  2.3247193449891896E+00  1.4183662495601941E-02  2.4573663672366096E-07
  2.3478798286963314E+00  1.4069512350432543E-02  2.4577852304176599E-07
  2.3712710533773080E+00  1.3954704371466163E-02  2.4582171838193626E-07
  2.3948953178354411E+00  1.3840002847825213E-02  2.4586620778199969E-07
  2.4187549437763507E+00  1.3725504085226730E-02  2.4591200037919157E-07
  2.4428522760361160E+00  1.3614408523464050E-02  2.4595914511065261E-07
  2.4671896828117079E+00  1.3501841213554307E-02  2.4600772792155647E-07
  2.4917695558937445E+00  1.3389056286980762E-02  2.4605783224431161E-07
  2.5165943109015383E+00  1.3278458739187366E-02  2.4610954477538345E-07
  2.5416663875204875E+00  1.3166748017039183E-02  2.4616295549906048E-07
  2.5669882497418528E+00  1.3056783086886264E-02  2.4621816304436573E-07
  2.5925623861049014E+00  1.2946830913604563E-02  2.4627528581823314E-07
  2.6183913099414764E+00  1.2836330935168717E-02  2.4633445788827316E-07
  2.6444775596229855E+00  1.2727719880340820E-02  2.4639580272414191E-07
  2.6708236988098797E+00  1.2618426703524852E-02  2.4645939502158094E-07
  2.6974323167035932E+00  1.2510410920592316E-02  2.4652524392872803E-07
  2.7243060283009921E+00  1.2403148092875009E-02  2.4659330268190165E-07
  2.7514474746513806E+00  1.2295193092895642E-02  2.4666346569387873E-07
  2.7788593231160488E+00  1.2188772850982389E-02  2.4673559680994165E-07
  2.8065442676304020E+00  1.2082137539615467E-02  2.4680959215453049E-07
  2.8345050289687257E+00  1.1976358754109170E-02  2.4688536627749523E-07
  2.8627443550115639E+00  1.1871096284686480E-02  2.4696283495508576E-07
  2.8912650210157746E+00  1.1766321114252475E-02  2.4704191487159937E-07
  2.9200698298872636E+00  1.1662039081383632E-02  2.4712252166997732E-07
  2.9491616124564559E+00  1.1554156584782760E-02  2.4720457054532569E-07
  2.9785432277564960E+00  1.1455381829540484E-02  2.4728797773769365E-07
  3.0082175633042110E+00  1.1352385864299236E-02  2.4737266723981854E-07
  3.0381875353839032E+00  1.1250483058423032E-02  2.4745858687333912E-07
  3.0684560893339436E+00  1.1148447178600114E-02  2.4754572733822987E-07
  3.0990261998362203E+00  1.1047260452475867E-02  2.4763412246093111E-07
  3.1299008712084961E+00  1.0947506461345085E-02  2.4772381500508672E-07
  3.1610831376996504E+00  1.0846403618890730E-02  2.4781481680740662E-07
  3.1925760637878797E+00  1.0743361616610363E-02  2.4790711503619644E-07
  3.2243827444818520E+00  1.0648938499618735E-02  2.4800069850763567E-07
  3.2565063056248893E+00  1.0549207418249889E-02  2.4809556230849019E-07
  3.2889499042021573E+00  1.0451883312476670E-02  2.4819170245737824E-07
  3.3217167286509102E+00  1.0353727450159408E-02  2.4828912000699045E-07
  3.3548099991738591E+00  1.0256851494677895E-02  2.4838783026976504E-07
  3.3882329680556333E+00  1.0161135026388561E-02  2.4848785757271665E-07
  3.4219889199823892E+00  1.0064485018433844E-02  2.4858921573660991E-07
  3.4560811723646396E+00  9.9698579044675498E-03  2.4869188739855113E-07
  3.4905130756632654E+00  9.8752018538242423E-03  2.4879582672738918E-07
  3.5252880137187881E+00  9.7804291185566352E-03  2.4890099121084906E-07
  3.5604094040839107E+00  9.6862108019896819E-03  2.4900735795699775E-07
  3.5958806983594029E+00  9.5936681860829178E-03  2.4911495328176652E-07
  3.6317053825333008E+00  9.5002518028916936E-03  2.4922385567388248E-07
  3.6678869773234855E+00  9.4081022808252014E-03  2.4933414612073330E-07
  3.7044290385237093E+00  9.3167769637073107E-03  2.4944590325842998E-07
  3.7413351573530340E+00  9.2251759916486195E-03  2.4955920636916009E-07
  3.7786089608087527E+00  9.1309900182187358E-03  2.4967414045808179E-07
  3.8162541120228570E+00  9.0456555898077422E-03  2.4979079796205504E-07
  3.8542743106220261E+00  8.9556969219064600E-03  2.4990927216861705E-07
  3.8926732930912165E+00  8.8666854203203228E-03  2.5002965253512945E-07
  3.9314548331408545E+00  8.7792135716835938E-03  2.5015201814875917E-07
  3.9706227420777274E+00  8.6909239613601075E-03  2.5027642452268094E-07
  4.0101808691795329E+00  8.6038248175280326E-03  2.5040291454473144E-07
  4.0501331020731586E+00  8.5147631272266787E-03  2.5053149973090822E-07
  4.0904833671167689E+00  8.4313081071544539E-03  2.5066211586471660E-07
  4.1312356297856612E+00  8.3461240728997192E-03  2.5079470032202286E-07
  4.1723938950619628E+00  8.2608546438441340E-03  2.5092921283609996E-07
  4.2139622078282555E+00  8.1765560911091113E-03  2.5106561569968470E-07
  4.2559446532650718E+00  8.0928072739419755E-03  2.5120388097246838E-07
  4.2983453572523791E+00  8.0097562867848544E-03  2.5134399559684722E-07
  4.3411684867750431E+00  7.9271525005048249E-03  2.5148595421998803E-07
  4.3844182503323639E+00  7.8458335250556049E-03  2.5162974796442099E-07
  4.4280988983516627E+00  7.7639431628462197E-03  2.5177535793554576E-07
  4.4722147236059868E+00  7.6830421415827284E-03  2.5192275620944604E-07
  4.5167700616360058E+00  7.6029210878081821E-03  2.5207190115683722E-07
  4.5617692911760885E+00  7.5231635889815018E-03  2.5222275102457348E-07
  4.6072168345846096E+00  7.4442693447576156E-03  2.5237532942754394E-07
  4.6531171582785920E+00  7.3656484850880104E-03  2.5252969533694489E-07
  4.6994747731726321E+00  7.2883304216069828E-03  2.5268589911894817E-07
  4.7462942351222237E+00  7.2108705157225205E-03  2.5284399583945451E-07
  4.7935801453714726E+00  7.1338727809860166E-03  2.5300404396016733E-07
  4.8413371510053169E+00  7.0578199391992938E-03  2.5316610172526161E-07
  4.8895699454062145E+00  6.9816457726442288E-03  2.5333022893677930E-07
  4.9382832687153728E+00  6.9069391495326102E-03  2.5349648909212157E-07
  4.9874819082986237E+00  6.8317767055410756E-03  2.5366494839306602E-07
  5.0371706992168948E+00  6.7578529555961837E-03  2.5383566968391898E-07
  5.0873545247013636E+00  6.6847561524110352E-03  2.5400870536661137E-07
  5.1380383166333958E+00  6.6113608067558532E-03  2.5418409267946885E-07
  5.1892270560292149E+00  6.5362703099697741E-03  2.5436183355578341E-07
  5.2409257735294057E+00  6.4648710100858433E-03  2.5454190191661375E-07
  5.2931395498933371E+00  6.3967772789223411E-03  2.5472428228509167E-07
  5.3458735164984557E+00  6.3252187833625854E-03  2.5490897615057174E-07
  5.3991328558445968E+00  6.2556386543175342E-03  2.5509599378727649E-07
  5.4529228020632727E+00  6.1854442768851953E-03  2.5528534920667992E-07
  5.5072486414321018E+00  6.1168126618593773E-03  2.5547705988321712E-07
  5.5621157128943022E+00  6.0454538828178771E-03  2.5567114882316276E-07
  5.6175294085833727E+00  5.9780524966273133E-03  2.5586764486574994E-07
  5.6734951743530431E+00  5.9107618543025181E-03  2.5606658008433571E-07
  5.7300185103124548E+00  5.8440315447995436E-03  2.5626798439541721E-07
  5.7871049713666736E+00  5.7778639693808502E-03  2.5647187630216047E-07
  5.8447601677626420E+00  5.7122728607990371E-03  2.5667825964749700E-07
  5.9029897656405090E+00  5.6496420658168379E-03  2.5688713436744067E-07
  5.9617994875904916E+00  5.5835235123199555E-03  2.5709850137419164E-07
  6.0211951132152386E+00  5.5212357911509583E-03  2.5731235586780589E-07
  6.0811824796978771E+00  5.4575890518704113E-03  2.5752868750450500E-07
  6.1417674823756396E+00  5.3925223812828034E-03  2.5774748371326947E-07
  6.2029560753192223E+00  5.3332960449681980E-03  2.5796873006007007E-07
  6.2647542719179672E+00  5.2714598044496805E-03  2.5819241230414520E-07
  6.3271681454708180E+00  5.2100918819336112E-03  2.5841851942156738E-07
  6.3902038297831574E+00  5.1496187391423384E-03  2.5864704367232565E-07
  6.4538675197696564E+00  5.0898450128595519E-03  2.5887797690512614E-07
  6.5181654720630648E+00  5.0305857237295396E-03  2.5911130434443670E-07
  6.5831040056290986E+00  4.9722240362556729E-03  2.5934699610488080E-07
  6.6486895023874197E+00  4.9137693760527125E-03  2.5958499843532901E-07
  6.7149284078388671E+00  4.8565782280044385E-03  2.5982523526054447E-07
  6.7818272316988795E+00  4.7972954266077440E-03  2.6006762306144444E-07
  6.8493925485372200E+00  4.7434838013771354E-03  2.6031208306774074E-07
  6.9176309984241477E+00  4.6870477356748715E-03  2.6055854215080580E-07
  6.9865492875829567E+00  4.6303491081991933E-03  2.6080692858823970E-07
  7.0561541890490140E+00  4.5775765276092695E-03  2.6105717057038552E-07
  7.1264525433354367E+00  4.5226711316178093E-03  2.6130919837653055E-07
  7.1974512591053221E+00  4.4693571890303705E-03  2.6156294547250855E-07
  7.2691573138507177E+00  4.4162476977298677E-03  2.6181834527114475E-07
  7.3415777545783172E+00  4.3637122193489648E-03  2.6207532378197743E-07
  7.4147196985020551E+00  4.3103834721520077E-03  2.6233378954500061E-07
  7.4885903337425423E+00  4.2607647005106219E-03  2.6259362228163367E-07
  7.5631969200334623E+00  4.2096686330174984E-03  2.6285466728547100E-07
  7.6385467894350763E+00  4.1590600970544791E-03  2.6311674477545420E-07
  7.7146473470547727E+00  4.1090510914791184E-03  2.6337966196180163E-07
  7.7915060717747844E+00  4.0596729187805242E-03  2.6364321529972781E-07
  7.8691305169872345E+00  4.0108760773913555E-03  2.6390719070641400E-07
  7.9475283113364297E+00  3.9627285087407912E-03  2.6417136633457409E-07
  8.0267071594685824E+00  3.9149608301004314E-03  2.6443551714494718E-07
  8.1066748427889692E+00  3.8673297689410719E-03  2.6469941814052635E-07
  8.1874392202267057E+00  3.8192893971155271E-03  2.6496284511294100E-07
  8.2690082290070741E+00  3.7747605207361541E-03  2.6522557555862806E-07
  8.3513898854315034E+00  3.7288247864635214E-03  2.6548739083965252E-07
  8.4345922856655005E+00  3.6819945663025956E-03  2.6574807723854446E-07
  8.5186236065342626E+00  3.6389997931908125E-03  2.6600742474166629E-07
  8.6034921063261400E+00  3.5941524324404383E-03  2.6626522460517243E-07
  8.6892061256044553E+00  3.5489643665977673E-03  2.6652126989901396E-07
  8.7757740880270401E+00  3.5055555591659597E-03  2.6677536180007716E-07
  8.8632045011740850E+00  3.4638009693645638E-03  2.6702731055987826E-07
  8.9515059573842510E+00  3.4200113429317695E-03  2.6727693117767996E-07
  9.0406871345991586E+00  3.3792267032937769E-03  2.6752403961206579E-07
  9.1307567972161099E+00  3.3375868525863123E-03  2.6776844978108482E-07
  9.2217237969494743E+00  3.2963179275231490E-03  2.6800996778077704E-07
  9.3135970737006630E+00  3.2555808695955060E-03  2.6824838139583230E-07
  9.4063856564365960E+00  3.2139312613812896E-03  2.6848344774638134E-07
  9.5000986640770879E+00  3.1751406481592814E-03  2.6871488101905485E-07
  9.5947453063910864E+00  3.1355912823929455E-03  2.6894233855051751E-07
  9.6903348849016506E+00  3.0962600096404317E-03  2.6916541105036479E-07
  9.7868767938001344E+00  3.0575257686948250E-03  2.6938363481332992E-07
  9.8843805208694739E+00  3.0191522067526148E-03  2.6959651249263778E-07
  9.9828556484164856E+00  2.9810666020707506E-03  2.6980353241685731E-07
  1.0082311854213643E+01  2.9434001730407502E-03  2.7000418156504555E-07
  1.0182758912450236E+01  2.9060325161006811E-03  2.7019795187014483E-07
  1.0284206694692818E+01  2.8690906665179571E-03  2.7038434290802169E-07
  1.0386665170855411E+01  2.8324299532304464E-03  2.7056286315755492E-07
  1.0490144410179365E+01  2.7963142344889637E-03  2.7073303263531381E-07
  1.0594654582222812E+01  2.7605151323815765E-03  2.7089438845058854E-07
  1.0700205957860152E+01  2.7249673842437896E-03  2.7104649078165678E-07
  1.0806808910291499E+01  2.6898375056822752E-03  2.7118892447855736E-07
  1.0914473916061988E+01  2.6550486412086453E-03  2.7132129120956680E-07
  1.1023211556091447E+01  2.6206563719141270E-03  2.7144318515930277E-07
  1.1133032516714309E+01  2.5866355786707982E-03  2.7155417310917711E-07
  1.1243947590729693E+01  2.5529673762598399E-03  2.7165379084659176E-07
  1.1355967678462150E+01  2.5196520104425572E-03  2.7174154430968119E-07
  1.1469103788832971E+01  2.4866942274403099E-03  2.7181691088292557E-07
  1.1583367040441974E+01  2.4540993626079397E-03  2.7187933941006247E-07
  1.1698768662660257E+01  2.4218587820340099E-03  2.7192825098980838E-07
  1.1815319996733832E+01  2.3899525853720519E-03  2.7196304196312678E-07
  1.1933032496898184E+01  2.3583684234780014E-03  2.7198308829028074E-07
  1.2051917731503767E+01  2.3271388852065117E-03  2.7198775182634272E-07
  1.2171987384153205E+01  2.2961682749327176E-03  2.7197638970322995E-07
  1.2293253254849359E+01  2.2654149028815303E-03  2.7194836600509649E-07
  1.2415727261154840E+01  2.2350260526387039E-03  2.7190306536729878E-07
  1.2539421439363524E+01  2.2048908489707112E-03  2.7183990710108185E-07
  1.2664347945683284E+01  2.1750146805553081E-03  2.7175835490406982E-07
  1.2790519057430499E+01  2.1454355548575642E-03  2.7165792517697952E-07
  1.2917947174236941E+01  2.1160374675745944E-03  2.7153819591877656E-07
  1.3046644819268179E+01  2.0868786953574096E-03  2.7139881515474302E-07
  1.3176624640454278E+01  2.0579704915693513E-03  2.7123950467716519E-07
  1.3307899411732855E+01  2.0286219255604299E-03  2.7106005765141422E-07
  1.3440482034304523E+01  2.0003629333434914E-03  2.7086033315665321E-07
  1.3574385537900620E+01  1.9726558615255261E-03  2.7064024812300077E-07
  1.3709623082063803E+01  1.9447096839847583E-03  2.7039976434330423E-07
  1.3846207957441397E+01  1.9169897740797545E-03  2.7013886873505115E-07
  1.3984153587091392E+01  1.8895123694613884E-03  2.6985754760543729E-07
  1.4123473527801687E+01  1.8617115848082928E-03  2.6955575859163462E-07
  1.4264181471422491E+01  1.8347966899038509E-03  2.6923341248424940E-07
  1.4406291246211744E+01  1.8081731316408275E-03  2.6889037141067243E-07
  1.4549816818194179E+01  1.7817282498353057E-03  2.6852645690634277E-07
  1.4694772292533937E+01  1.7556709393450071E-03  2.6814145704558198E-07
  1.4841171914920618E+01  1.7301082241680281E-03  2.6773513171778658E-07
  1.4989030072969360E+01  1.7039651066883615E-03  2.6730722005615887E-07
  1.5138361297634900E+01  1.6786038502676329E-03  2.6685744818658553E-07
  1.5289180264639437E+01  1.6533621272390242E-03  2.6638553399605398E-07
  1.5441501795915014E+01  1.6290999975645301E-03  2.6589119023240105E-07
  1.5595340861060230E+01  1.6043051197850604E-03  2.6537412800487091E-07
  1.5750712578811228E+01  1.5799055190871504E-03  2.6483406259935907E-07
  1.5907632218527608E+01  1.5557653780092406E-03  2.6427071991357102E-07
  1.6066115201693115E+01  1.5313567767388354E-03  2.6368383572984258E-07
  1.6226177103431045E+01  1.5078710546215816E-03  2.6307314911619553E-07
  1.6387833654034974E+01  1.4847704118018841E-03  2.6243839733507069E-07
  1.6551100740514798E+01  1.4610740035265080E-03  2.6177931641969616E-07
  1.6715994408157840E+01  1.4387120685910902E-03  2.6109564784787804E-07
  1.6882530862105824E+01  1.4154883370517297E-03  2.6038714833089649E-07
  1.7050726468947552E+01  1.3935199474291247E-03  2.5965359982371562E-07
  1.7220597758327166E+01  1.3708812056055007E-03  2.5889481672308483E-07
  1.7392161424568691E+01  1.3491816844876047E-03  2.5811064651304022E-07
  1.7565434328316829E+01  1.3270213245966816E-03  2.5730096551015917E-07
  1.7740433498193738E+01  1.3054230426006235E-03  2.5646567459392071E-07
  1.7917176132472640E+01  1.2844729066141651E-03  2.5560469339762169E-07
  1.8095679600768083E+01  1.2633568186947316E-03  2.5471795108774745E-07
  1.8275961445742940E+01  1.2424454130248756E-03  2.5380537828372510E-07
  1.8458039384832144E+01  1.2217904658760621E-03  2.5286690090741379E-07
  1.8641931311984379E+01  1.2009709308135102E-03  2.5190243543135642E-07
  1.8827655299420385E+01  1.1808376726038985E-03  2.5091188588031713E-07
  1.9015229599408801E+01  1.1607708618847539E-03  2.4989514553009958E-07
  1.9204672646060384E+01  1.1413412463366895E-03  2.4885210506677883E-07
  1.9396003057139442E+01  1.1217627183778738E-03  2.4778266470424520E-07
  1.9589239635893254E+01  1.1020960012505805E-03  2.4668674514308826E-07
  1.9784401372900465E+01  1.0833058747716216E-03  2.4556429316331027E-07
  1.9981507447937148E+01  1.0643859218340801E-03  2.4441528358550745E-07
  2.0180577231861662E+01  1.0457046666625812E-03  2.4323972309250489E-07
  2.0381630288518434E+01  1.0269132097189635E-03  2.4203765575456790E-07
  2.0584686376660752E+01  1.0089618458677813E-03  2.4080916058640284E-07
  2.0789765451892322E+01  9.9059460238462528E-04  2.3955434000160361E-07
  2.0996887668628574E+01  9.7310724143526346E-04  2.3827330667264263E-07
  2.1206073382077470E+01  9.5544801436370599E-04  2.3696617643047425E-07
  2.1417343150239702E+01  9.3775826691661784E-04  2.3563306583604984E-07
  2.1630717735929164E+01  9.2084128024745430E-04  2.3427409044150931E-07
  2.1846218108813598E+01  9.0384178230687158E-04  2.3288936675314627E-07
  2.2063865447475141E+01  8.8706519039834719E-04  2.3147901917372314E-07
  2.2283681141491808E+01  8.7049766114448640E-04  2.3004318408292587E-07
  2.2505686793539724E+01  8.5387570305849904E-04  2.2858200524836194E-07
  2.2729904221515870E+01  8.3798235014974874E-04  2.2709562465764498E-07
  2.2956355460682424E+01  8.2179875094181534E-04  2.2558417531205315E-07
  2.3185062765832427E+01  8.0628851185344922E-04  2.2404778223589759E-07
  2.3416048613476622E+01  7.9074894855564112E-04  2.2248657235345783E-07
  2.3649335704052511E+01  7.7538231595506639E-04  2.2090068507241163E-07
  2.3884946964155414E+01  7.6024232437592917E-04  2.1929027319287248E-07
  2.4122905548791319E+01  7.4524274392969868E-04  2.1765549433542620E-07
  2.4363234843652609E+01  7.3054105526213018E-04  2.1599650377746054E-07
  2.4605958467416478E+01  7.1599234029235423E-04  2.1431345383706236E-07
  2.4851100274065804E+01  7.0161481302606534E-04  2.1260650003540101E-07
  2.5098684355233534E+01  6.8746121547671210E-04  2.1087581633763621E-07
  2.5348735042570524E+01  6.7349060501343692E-04  2.0912161196099732E-07
  2.5601276910136438E+01  6.5950122436238550E-04  2.0734414042276885E-07
  2.5856334776814940E+01  6.4608639836083480E-04  2.0554370519938186E-07
  2.6113933708752970E+01  6.3266526044819277E-04  2.0372066259242656E-07
  2.6374099021823842E+01  6.1942785675193619E-04  2.0187541533202849E-07
  2.6636856284115339E+01  6.0638226936549923E-04  2.0000839972157719E-07
  2.6902231318442567E+01  5.9336996275989129E-04  1.9812007670129552E-07
  2.7170250204885672E+01  5.8070403456760337E-04  1.9621093060690471E-07
  2.7440939283352513E+01  5.6822188355560308E-04  1.9428146615613693E-07
  2.7714325156167906E+01  5.5601664991390123E-04  1.9233219857876118E-07
  2.7990434690687671E+01  5.4393519022669556E-04  1.9036364542914374E-07
  2.8269295021938731E+01  5.3187487040702347E-04  1.8837632755948068E-07
  2.8550933555286498E+01  5.2020009766911657E-04  1.8637077743415381E-07
  2.8835377969127862E+01  5.0859946316090632E-04  1.8434754426625217E-07
  2.9122656217610928E+01  4.9719519390078288E-04  1.8230719107998196E-07
  2.9412796533382998E+01  4.8599948614425428E-04  1.8025029285699944E-07
  2.9705827430364735E+01  4.7497188817819752E-04  1.7817744103081154E-07
  3.0001777706552335E+01  4.6412978496998238E-04  1.7608925241332277E-07
  3.0300676446847831E+01  4.5354641650523323E-04  1.7398637486348523E-07
  3.0602553025917608E+01  4.4304063154698036E-04  1.7186948342543468E-07
  3.0907437111078902E+01  4.3263148978183672E-04  1.6973927212770011E-07
  3.1215358665215543E+01  4.2249108580092403E-04  1.6759644881012732E-07
  3.1526347949722815E+01  4.1250202266438618E-04  1.6544172900354542E-07
  3.1840435527481027E+01  4.0279572130175553E-04  1.6327582797958049E-07
  3.2157652265859348E+01  3.9312651444277705E-04  1.6109946134558289E-07
  3.2478029339749497E+01  3.8359116075503837E-04  1.5891335557874461E-07
  3.2801598234629118E+01  3.7433835649414279E-04  1.5671825444974364E-07
  3.3128390749656262E+01  3.6512644106730775E-04  1.5451491846621188E-07
  3.3458439000794684E+01  3.5622654786620874E-04  1.5230412129955058E-07
  3.3791775423969668E+01  3.4739796325470175E-04  1.5008664436135065E-07
  3.4128432778255942E+01  3.3871162515009733E-04  1.4786327367643531E-07
  3.4468444149097287E+01  3.3024966593121134E-04  1.4563480455207463E-07
  3.4811842951557672E+01  3.2185592496680206E-04  1.4340205030106754E-07
  3.5158662933605356E+01  3.1374599846309794E-04  1.4116584358557955E-07
  3.5508938179429727E+01  3.0570594988252049E-04  1.3892702959377630E-07
  3.5862703112790534E+01  2.9778389609507410E-04  1.3668645776233635E-07
  3.6219992500401169E+01  2.9012010728120269E-04  1.3444497424082329E-07
  3.6580841455345592E+01  2.8254992868866687E-04  1.3220342155886840E-07
  3.6945285440528721E+01  2.7507188820154811E-04  1.2996264503118584E-07
  3.7313360272161773E+01  2.6786145138648975E-04  1.2772349524496591E-07
  3.7685102123282398E+01  2.6068392584485472E-04  1.2548682776105762E-07
  3.8060547527309183E+01  2.5375630518761395E-04  1.2325350561148344E-07
  3.8439733381632244E+01  2.4690970082195599E-04  1.2102440242915254E-07
  3.8822696951239571E+01  2.4020975753215472E-04  1.1880040071560859E-07
  3.9209475872378874E+01  2.3364822281501227E-04  1.1658238494148805E-07
  3.9600108156256539E+01  2.2723413138227074E-04  1.1437123761491544E-07
  3.9994632192773395E+01  2.2089725493720235E-04  1.1216784072322785E-07
  4.0393086754297457E+01  2.1478954831055549E-04  1.0997307362548101E-07
  4.0795510999473741E+01  2.0876660264751348E-04  1.0778780455189616E-07
  4.1201944477073653E+01  2.0282979096890552E-04  1.0561288272462983E-07
  4.1612427129881176E+01  1.9711862016742792E-04  1.0344913934118896E-07
  4.2026999298617795E+01  1.9148026235962497E-04  1.0129739343232464E-07
  4.2445701725908066E+01  1.8597970643236743E-04  9.9158452584968556E-08
  4.2868575560283105E+01  1.8059689974234285E-04  9.7033110821820781E-08
  4.3295662360224043E+01  1.7533333077731175E-04  9.4922146965185144E-08
  4.3727004098247249E+01  1.7018515142516011E-04  9.2826325653754641E-08
  4.4162643165028619E+01  1.6517580590410220E-04  9.0746401668001479E-08
  4.4602622373569524E+01  1.6027122008355671E-04  8.8683122947735126E-08
  4.5046984963404455E+01  1.5548687403957182E-04  8.6637228340508717E-08
  4.5495774604850730E+01  1.5079736430281959E-04  8.4609444499406717E-08
  4.5949035403299696E+01  1.4623768677498577E-04  8.2600483634075487E-08
  4.6406811903551542E+01  1.4179890398232449E-04  8.0611037868718666E-08
  4.6869149094193247E+01  1.3744839444960392E-04  7.8641773889378104E-08
  4.7336092412019354E+01  1.3321382872275814E-04  7.6693334162911506E-08
  4.7807687746497599E+01  1.2907577600353764E-04  7.4766340001208900E-08
  4.8283981444279071E+01  1.2504377434043490E-04  7.2861391846082704E-08
  4.8765020313752366E+01  1.2111562310548986E-04  7.0979068078391654E-08
  4.9250851629644067E+01  1.1728447919210544E-04  6.9119923185993015E-08
  4.9741523137665034E+01  1.1354013027920412E-04  6.7284484798838590E-08
  5.0237083059202057E+01  1.0991399871992722E-04  6.5473252002117034E-08
  5.0737580096057179E+01  1.0636071290430830E-04  6.3686698586366270E-08
  5.1243063435234255E+01  1.0292116362832703E-04  6.1925277824579473E-08
  5.1753582753772221E+01  9.9534740867477121E-05  6.0189422991586895E-08
  5.2269188223627516E+01  9.6266339992718633E-05  5.8479544664272710E-08
  5.2789930516605089E+01  9.3100329447785729E-05  5.6796025933518061E-08
  5.3315860809337615E+01  9.0001542584539033E-05  5.5139219985718130E-08
  5.3847030788315244E+01  8.6983475821161867E-05  5.3509451971224939E-08
  5.4383492654965501E+01  8.4036524129006818E-05  5.1907020440213097E-08
  5.4925299130782832E+01  8.1204746825652512E-05  5.0332197264693174E-08
  5.5472503462510097E+01  7.8427193021018439E-05  4.8785227900294074E-08
  5.6025159427371946E+01  7.5730658171315932E-05  4.7266332876419016E-08
  5.6583321338359028E+01  7.3103058292647654E-05  4.5775709546311107E-08
  5.7147044049566134E+01  7.0554392738198776E-05  4.4313531620397068E-08
  5.7716382961583314E+01  6.8084940714278902E-05  4.2879947125243718E-08
  5.8291394026939798E+01  6.5673008584561765E-05  4.1475078763354825E-08
  5.8872133755603130E+01  6.3334579634223811E-05  4.0099025477330732E-08
  5.9458659220533100E+01  6.1064792843978455E-05  3.8751861588328128E-08
  6.0051028063289998E+01  5.8861941624678455E-05  3.7433633657931573E-08
  6.0649298499699718E+01  5.6725086440667331E-05  3.6144359393911734E-08
  6.1253529325575300E+01  5.4649939883949171E-05  3.4884029958725679E-08
  6.1863779922494977E+01  5.2634265179019129E-05  3.3652611429765058E-08
  6.2480110263637158E+01  5.0679677868600851E-05  3.2450045073664828E-08
  6.3102580919675852E+01  4.8779761281881570E-05  3.1276247312340121E-08
  6.3731253064732577E+01  4.6944803454627573E-05  3.0131109730824208E-08
  6.4366188482387571E+01  4.5160548676900966E-05  2.9014500025348495E-08
  6.5007449571753156E+01  4.3431281007581785E-05  2.7926264122669134E-08
  6.5655099353605394E+01  4.1753186945663294E-05  2.6866227692924762E-08
  6.6309201476576661E+01  4.0132688650895438E-05  2.5834196794734077E-08
  6.6969820223412455E+01  3.8561193555033294E-05  2.4829958706473459E-08
  6.7637020517287908E+01  3.7038167003785394E-05  2.3853281546607952E-08
  6.8310867928188060E+01  3.5560913275164165E-05  2.2903913221590814E-08
  6.8991428679352069E+01  3.4138870146267646E-05  2.1981581854913738E-08
  6.9678769653781913E+01  3.2755972119889443E-05  2.1085997213773143E-08
  7.0372958400814426E+01  3.1419230332584174E-05  2.0216851886381122E-08
  7.1074063142760323E+01  3.0123773288969075E-05  1.9373822106760676E-08
  7.1782152781609227E+01  2.8873829085946655E-05  1.8556568555109954E-08
  7.2497296905800255E+01  2.7664307839151653E-05  1.7764736988888896E-08
  7.3219565797061293E+01  2.6493082932664634E-05  1.6997958515503263E-08
  7.3949030437316580E+01  2.5363110572603717E-05  1.6255850415454032E-08
  7.4685762515661523E+01  2.4270713649027138E-05  1.5538018083634805E-08
  7.5429834435408623E+01  2.3215253183309378E-05  1.4844056738430123E-08
  7.6181319321203290E+01  2.2196444856350947E-05  1.4173552355521160E-08
  7.6940291026209565E+01  2.1214679290602548E-05  1.3526081630304535E-08
  7.7706824139368393E+01  2.0265620405332800E-05  1.2901211774678151E-08
  7.8480993992728543E+01  1.9349729402134551E-05  1.2298501413941504E-08
  7.9262876668848975E+01  1.8466512666237291E-05  1.1717501942805832E-08
  8.0052549008276458E+01  1.7612966457820816E-05  1.1157758481185111E-08
  8.0850088617097569E+01  1.6794079947522807E-05  1.0618810573101191E-08
  8.1655573874564723E+01  1.6004284859022998E-05  1.0100192943321851E-08
  8.2469083940799322E+01  1.5241802339927164E-05  9.6014364714631469E-09
  8.3290698764571900E+01  1.4508975568111494E-05  9.1220691812986485E-09
  8.4120499091158209E+01  1.3802810305605679E-05  8.6616168716783189E-09
  8.4958566470275017E+01  1.3125067594033102E-05  8.2196037152417569E-09
  8.5804983264095057E+01  1.2471810738483910E-05  7.7955531442773344E-09
  8.6659832655340054E+01  1.1845416519866233E-05  7.3889885328226099E-09
  8.7523198655457023E+01  1.1242596429879633E-05  6.9994333651199702E-09
  8.8395166112873397E+01  1.0664316488701232E-05  6.6264115395985534E-09
  8.9275820721336103E+01  1.0108943010694499E-05  6.2694481622785080E-09
  9.0165249028333761E+01  9.5765458807960552E-06  5.9280703395268879E-09
  9.1063538443601246E+01  9.0656919027245833E-06  5.6018078123861399E-09
  9.1970777247710444E+01  8.5766800113414449E-06  5.2901935277480146E-09
  9.2887054600746751E+01  8.1080593933676546E-06  4.9927641627230252E-09
  9.3812460551070302E+01  7.6596844720680906E-06  4.7090605843262191E-09
  9.4747086044166053E+01  7.2309499172471212E-06  4.4386282952688709E-09
  9.5691022931582253E+01  6.8207311978249705E-06  4.1810180316937919E-09
  9.6644363979956083E+01  6.4293669340078074E-06  3.9357865082548351E-09
  9.7607202880130956E+01  6.0551476245479192E-06  3.7024970142138645E-09
  9.8579634256364784E+01  5.6990743716682638E-06  3.4807197357048184E-09
  9.9561753675628012E+01  5.3587760046769979E-06  3.2700318593811561E-09
  1.0055365765699629E+02  5.0353319018570096E-06  3.0700178051144973E-09
  1.0155544368113654E+02  4.7270946224159129E-06  2.8802696028102861E-09
  1.0256721019988582E+02  4.4339592705420139E-06  2.7003872477136264E-09
  1.0358905664592736E+02  4.1553845030502268E-06  2.5299789828754895E-09
  1.0462108344256315E+02  3.8910893909111243E-06  2.3686615225152831E-09
  1.0566339201358167E+02  3.6398291513921469E-06  2.2160602481023331E-09
  1.0671608479322711E+02  3.4021273246353433E-06  2.0718094110355219E-09
  1.0777926523626476E+02  3.1773049921284690E-06  1.9355523162394657E-09
  1.0885303782814879E+02  2.9643066756512365E-06  1.8069414297967203E-09
  1.0993750809529141E+02  2.7630213648070209E-06  1.6856385065891695E-09
  1.1103278261543218E+02  2.5727504524948684E-06  1.5713147172068350E-09
  1.1213896902811292E+02  2.3934665420962666E-06  1.4636506541705171E-09
  1.1325617604525661E+02  2.2243220802703514E-06  1.3623362801611338E-09
  1.1438451346184995E+02  2.0649672585063865E-06  1.2670709253369962E-09
  1.1552409216673425E+02  1.9159089111454974E-06  1.1775633307494651E-09
  1.1667502415350393E+02  1.7750996321525575E-06  1.0935316702935143E-09
  1.1783742253151136E+02  1.6432689847949916E-06  1.0147035283039774E-09
  1.1901140153698357E+02  1.5194788926403469E-06  9.4081584673807672E-10
  1.2019707654424970E+02  1.4036981243579635E-06  8.7161485154276810E-10
  1.2139456407707807E+02  1.2954224946835897E-06  8.0685596025713461E-10
  1.2260398182012850E+02  1.1940975508345887E-06  7.4630368444971600E-10
  1.2382544863051859E+02  1.0998102508016510E-06  6.8973154412878806E-10
  1.2505908454950318E+02  1.0116640773139128E-06  6.3692198371555918E-10
  1.2630501081427217E+02  9.2970689893493157E-07  5.8766625147483774E-10
  1.2756334986986610E+02  8.5334278641306720E-07  5.4176422172753887E-10
  1.2883422538120786E+02  7.8250577836189972E-07  4.9902419903343862E-10
  1.3011776224525798E+02  7.1673717275580359E-07  4.5926274694153967E-10
  1.3141408660328727E+02  6.5582683015379054E-07  4.2230452328710512E-10
  1.3272332585327433E+02  5.9949975531410205E-07  3.8798210062065045E-10
  1.3404560866242653E+02  5.4727649968007621E-07  3.5613577282654946E-10
  1.3538106497982335E+02  4.9911499171325360E-07  3.2661335385865136E-10
  1.3672982604918806E+02  4.5465060230009792E-07  2.9926997172915207E-10
  1.3809202442178673E+02  4.1374033097312712E-07  2.7396786027890485E-10
  1.3946779396945325E+02  3.7606958645158215E-07  2.5057614936856707E-10
  1.4085726989774656E+02  3.4145507741462980E-07  2.2897065250101567E-10
  1.4226058875923897E+02  3.0966906668363346E-07  2.0903365443302549E-10
  1.4367788846693443E+02  2.8055916227445307E-07  1.9065369230502985E-10
  1.4510930830782283E+02  2.5389066636763849E-07  1.7372532495514294E-10
  1.4655498895656967E+02  2.2948888980295067E-07  1.5814890727508283E-10
  1.4801507248933919E+02  2.0720255892832714E-07  1.4383037408799059E-10
  1.4948970239775781E+02  1.8685440155609048E-07  1.3068102623261616E-10
  1.5097902360301720E+02  1.6832097291214230E-07  1.1861731666935773E-10
  1.5248318247011460E+02  1.5143561456003588E-07  1.0756063770569819E-10
  1.5400232682223779E+02  1.3610510987599122E-07  9.7437110449103458E-11
  1.5553660595529391E+02  1.2218465556369484E-07  8.8177376993734550E-11
  1.5708617065257917E+02  1.0955355869552628E-07  7.9716395340262739E-11
  1.5865117319960004E+02  9.8154579426151331E-08  7.1993238718002100E-11
  1.6023176739903698E+02  8.7740226322299983E-08  6.4950902849464209E-11
  1.6182810858586046E+02  7.8577440953567375E-08  5.8536117531071512E-11
  1.6344035364259796E+02  6.9912354787885177E-08  5.2699158260440842E-11
  1.6506866101474955E+02  6.2850307406259831E-08  4.7393660992851451E-11