 #p(MeV) \t \delta f_\\nu \t \delta f_\\nubar
  2.1907570729357187E-02  9.9232431580252592E-02  2.1280863269739085E-06
  2.2125829305831814E-02  9.8985291609904019E-02  2.1091894012620958E-06
  2.2346262327241160E-02  9.8752181608951842E-02  2.0904410287586100E-06
  2.2568891456929942E-02  9.8541333213004442E-02  2.0718407043556675E-06
  2.2793738574068256E-02  9.8365136578012755E-02  2.0533880116004366E-06
  2.3020825775801869E-02  9.8147200004590623E-02  2.0350825986986840E-06
  2.3250175379423775E-02  9.7920263990781006E-02  2.0169241555564830E-06
  2.3481809924567477E-02  9.7643080205497182E-02  1.9989124068282067E-06
  2.3715752175422156E-02  9.7403309718939624E-02  1.9810471147076111E-06
  2.3952025122969740E-02  9.7160097040394050E-02  1.9633280407473422E-06
  2.4190651987244492E-02  9.6963287110126334E-02  1.9457548610816050E-06
  2.4431656219614899E-02  9.6749295120289430E-02  1.9283270767293079E-06
  2.4675061505088410E-02  9.6525592951360692E-02  1.9110439582693162E-06
  2.4920891764639165E-02  9.6288917237181193E-02  1.8939045365102545E-06
  2.5169171157558769E-02  9.6046853121845507E-02  1.8769076268662948E-06
  2.5419924083830672E-02  9.5794390368704754E-02  1.8600518696870604E-06
  2.5673175186528025E-02  9.5580815552517878E-02  1.8433357730703720E-06
  2.5928949354235550E-02  9.5347338755189345E-02  1.8267577500246106E-06
  2.6187271723495529E-02  9.5119265634352052E-02  1.8103161548343442E-06
  2.6448167681278056E-02  9.4905506100682727E-02  1.7940093092345651E-06
  2.6711662867476064E-02  9.4704215670335920E-02  1.7778354933385204E-06
  2.6977783177425028E-02  9.4471980848254963E-02  1.7617929410094846E-06
  2.7246554764447921E-02  9.4286129385639517E-02  1.7458798811284983E-06
  2.7518004042425485E-02  9.4069335518100081E-02  1.7300946126568670E-06
  2.7792157688391994E-02  9.3837433092649511E-02  1.7144355761988488E-06
  2.8069042645157107E-02  9.3604254457803376E-02  1.6989013941797884E-06
  2.8348686123953599E-02  9.3397709279515254E-02  1.6834908760609116E-06
  2.8631115607111603E-02  9.3171237496187664E-02  1.6682029999687344E-06
  2.8916358850759549E-02  9.2942049851824596E-02  1.6530368835538841E-06
  2.9204443887551810E-02  9.2731765068295308E-02  1.6379917539132214E-06
  2.9495399029423774E-02  9.2517708322797487E-02  1.6230669174781204E-06
  2.9789252870374122E-02  9.2298050981220722E-02  1.6082617295814527E-06
  3.0086034289275011E-02  9.2077488091751508E-02  1.5935755919602435E-06
  3.0385772452710201E-02  9.1852837369744242E-02  1.5790079737834208E-06
  3.0688496817841335E-02  9.1627591561742897E-02  1.5645584171711505E-06
  3.0994237135303030E-02  9.1394163762650790E-02  1.5502265115954730E-06
  3.1303023452126516E-02  9.1214592915551396E-02  1.5360118497817044E-06
  3.1614886114692618E-02  9.0988901084978327E-02  1.5219139870960624E-06
  3.1929855771714137E-02  9.0803530278766600E-02  1.5079324179498896E-06
  3.2247963377247765E-02  9.0600134136661584E-02  1.4940665692187653E-06
  3.2569240193736228E-02  9.0372779272517828E-02  1.4803158052529815E-06
  3.2893717795080650E-02  9.0141393185092247E-02  1.4666794382654330E-06
  3.3221428069743431E-02  8.9898010518222007E-02  1.4531567401851253E-06
  3.3552403223882268E-02  8.9678982562290108E-02  1.4397469553118957E-06
  3.3886675784515083E-02  8.9460247866840453E-02  1.4264493089535983E-06
  3.4224278602716846E-02  8.9245092334081649E-02  1.4132630166855488E-06
  3.4565244856847900E-02  8.9033404403045385E-02  1.4001873092637527E-06
  3.4909608055814667E-02  8.8847421286446515E-02  1.3872214726483167E-06
  3.5257402042362843E-02  8.8648296990506970E-02  1.3743648875608067E-06
  3.5608660996403224E-02  8.8462152383325332E-02  1.3616170530209092E-06
  3.5963419438370843E-02  8.8249412031294189E-02  1.3489775881930656E-06
  3.6321712232617549E-02  8.8034204500636856E-02  1.3364462175582109E-06
  3.6683574590838236E-02  8.7815266604371819E-02  1.3240227479228544E-06
  3.7049042075531467E-02  8.7600174872142153E-02  1.3117070443492158E-06
  3.7418150603494252E-02  8.7386549212413248E-02  1.2994990089704522E-06
  3.7790936449351997E-02  8.7168343059594297E-02  1.2873985648953221E-06
  3.8167436249123297E-02  8.6967821848962498E-02  1.2754056416906975E-06
  3.8547687003820455E-02  8.6763698357072400E-02  1.2635201458452721E-06
  3.8931726083085816E-02  8.6552532121384876E-02  1.2517419067761149E-06
  3.9319591228864297E-02  8.6342121505404698E-02  1.2400706108998237E-06
  3.9711320559112473E-02  8.6141695187449352E-02  1.2285057479644963E-06
  4.0106952571544820E-02  8.5953186992020203E-02  1.2170465877091348E-06
  4.0506526147416920E-02  8.5769989091181095E-02  1.2056921897234554E-06
  4.0910080555346791E-02  8.5576819250656508E-02  1.1944414366206929E-06
  4.1317655455173845E-02  8.5352662399508214E-02  1.1832930768138625E-06
  4.1729290901856703E-02  8.5115572698097414E-02  1.1722457663038610E-06
  4.2145027349409510E-02  8.4865366252142152E-02  1.1612981041044804E-06
  4.2564905654877652E-02  8.4647090589416968E-02  1.1504486600984156E-06
  4.2988967082353093E-02  8.4435603941991760E-02  1.1396959989552024E-06
  4.3417253307029550E-02  8.4248677331987709E-02  1.1290387151495755E-06
  4.3849806419298247E-02  8.4096092055826369E-02  1.1184754837566368E-06
  4.4286668928884436E-02  8.3915942943603314E-02  1.1080051116099322E-06
  4.4727883769024979E-02  8.3723077514327643E-02  1.0976265705605767E-06
  4.5173494300687810E-02  8.3517012395808748E-02  1.0873390036984247E-06
  4.5623544316833138E-02  8.3316976488544678E-02  1.0771417075594532E-06
  4.6078078046717451E-02  8.3098958199385509E-02  1.0670341002965743E-06
  4.6537140160239999E-02  8.2899050895232002E-02  1.0570156867726280E-06
  4.7000775772332873E-02  8.2677043023398358E-02  1.0470860278045578E-06
  4.7469030447394860E-02  8.2500470404133261E-02  1.0372447163902626E-06
  4.7941950203769103E-02  8.2294227573664655E-02  1.0274913602611366E-06
  4.8419581518265767E-02  8.2099594882208568E-02  1.0178255669514097E-06
  4.8901971330729647E-02  8.1896782723747202E-02  1.0082469196037522E-06
  4.9389167048653072E-02  8.1702111533933641E-02  9.9875494178192131E-07
  4.9881216551835160E-02  8.1506939612688775E-02  9.8934907070459326E-07
  5.0378168197087021E-02  8.1304122614015636E-02  9.8002865469292219E-07
  5.0880070822984333E-02  8.1097759683910184E-02  9.7079297574714015E-07
  5.1386973754666831E-02  8.0899430414597920E-02  9.6164128586321231E-07
  5.1898926808685839E-02  8.0697764809068664E-02  9.5257284258334222E-07
  5.2415980297900205E-02  8.0506683422973166E-02  9.4358693454961341E-07
  5.2938185036420636E-02  8.0307587035045064E-02  9.3468289469446550E-07
  5.3465592344603630E-02  8.0106180261631146E-02  9.2586010316974150E-07
  5.3998254054095161E-02  7.9916765603729234E-02  9.1711798409005748E-07
  5.4536222512924240E-02  7.9736132952725455E-02  9.0845600088132118E-07
  5.5079550590647793E-02  7.9556650778463953E-02  8.9987365914353832E-07
  5.5628291683546181E-02  7.9365575718901460E-02  8.9137051957782750E-07
  5.6182499719871097E-02  7.9173252677279107E-02  8.8294620241428132E-07
  5.6742229165145146E-02  7.8965164107584557E-02  8.7460036744726497E-07
  5.7307535027514685E-02  7.8757410313572140E-02  8.6633267092804837E-07
  5.7878472863155866E-02  7.8546693616771190E-02  8.5814271318428867E-07
  5.8455098781734299E-02  7.8361979794826175E-02  8.5002999561119704E-07
  5.9037469451919455E-02  7.8166103841832452E-02  8.4199389806111993E-07
  5.9625642106953869E-02  7.7995852097364482E-02  8.3403367678567743E-07
  6.0219674550277644E-02  7.7805172259106548E-02  8.2614847739560738E-07
  6.0819625161209423E-02  7.7617217398841351E-02  8.1833735566541314E-07
  6.1425552900683383E-02  7.7457107127592101E-02  8.1059929988319873E-07
  6.2037517317044003E-02  7.7279955234354103E-02  8.0293324752167126E-07
  6.2655578551898003E-02  7.7082712570568895E-02  7.9533809207217265E-07
  6.3279797346024985E-02  7.6885581655799937E-02  7.8781269397508102E-07
  6.3910235045346805E-02  7.6686663261846699E-02  7.8035591180461155E-07
  6.4546953606956378E-02  7.6484119671694967E-02  7.7296665442464907E-07
  6.5190015605206542E-02  7.6271207548683814E-02  7.6564394209543157E-07
  6.5839484237859847E-02  7.6091606378197868E-02  7.5838695750934275E-07
  6.6495423332299117E-02  7.5909629350100802E-02  7.5119507204160638E-07
  6.7157897351800347E-02  7.5727628529844646E-02  7.4406784605014375E-07
  6.7826971401867886E-02  7.5541047860054972E-02  7.3700500955503428E-07
  6.8502711236632818E-02  7.5349037265756119E-02  7.3000643219249717E-07
  6.9185183265314865E-02  7.5154576744338536E-02  7.2307209026578495E-07
  6.9874454558748966E-02  7.4951013958330162E-02  7.1620203769646289E-07
  7.0570592855976819E-02  7.4772512752602271E-02  7.0939638762731510E-07
  7.1273666570903865E-02  7.4587176861892368E-02  7.0265529970512074E-07
  7.1983744799022781E-02  7.4420882279873660E-02  6.9597895938790128E-07
  7.2700897324204122E-02  7.4270162369878989E-02  6.8936754273309274E-07
  7.3425194625554177E-02  7.4102361538955733E-02  6.8282117011204200E-07
  7.4156707884341463E-02  7.3918783283591916E-02  6.7633986013925111E-07
  7.4895508990992274E-02  7.3722709979788512E-02  6.6992349844205193E-07
  7.5641670552155760E-02  7.3524071167549068E-02  6.6357182617029752E-07
  7.6395265897839279E-02  7.3330083177381558E-02  6.5728444607606594E-07
  7.7156369088615173E-02  7.3133034102665098E-02  6.5106084052345835E-07
  7.7925054922899181E-02  7.2952551823584677E-02  6.4490039504366933E-07
  7.8701398944301240E-02  7.2770392712376356E-02  6.3880242193326103E-07
  7.9485477449049630E-02  7.2590456733769584E-02  6.3276617677501304E-07
  8.0277367493489279E-02  7.2411781537555647E-02  6.2679086445437576E-07
  8.1077146901654351E-02  7.2226749587741806E-02  6.2087564184322098E-07
  8.1884894272916509E-02  7.2051198482731268E-02  6.1501962601142793E-07
  8.2700688989709628E-02  7.1877418196312090E-02  6.0922191244986110E-07
  8.3524611225330989E-02  7.1709717656269767E-02  6.0348160159511517E-07
  8.4356741951820358E-02  7.1527476870296453E-02  5.9779782524859873E-07
  8.5197162947917765E-02  7.1340291650752855E-02  5.9216976635575335E-07
  8.6045956807100490E-02  7.1171506644112370E-02  5.8659666980312648E-07
  8.6903206945699765E-02  7.0989700133078204E-02  5.8107784437507066E-07
  8.7768997611098826E-02  7.0788877542062006E-02  5.7561265828313062E-07
  8.8643413890012526E-02  7.0604862775839702E-02  5.7020053124152560E-07
  8.9526541716849095E-02  7.0434752017693850E-02  5.6484092724070230E-07
  9.0418467882155504E-02  7.0258626045715061E-02  5.5953335301614378E-07
  9.1319280041147186E-02  7.0084707706343480E-02  5.5427736057406045E-07
  9.2229066722322187E-02  6.9897317379509841E-02  5.4907254762491752E-07
  9.3147917336161470E-02  6.9735162080774793E-02  5.4391855065621204E-07
  9.4075922183915861E-02  6.9576501567941831E-02  5.3881502965982397E-07
  9.5013172466480694E-02  6.9395958063196025E-02  5.3376164872246276E-07
  9.5959760293358426E-02  6.9226033894493014E-02  5.2875805815920453E-07
  9.6915778691710905E-02  6.9045152957418005E-02  5.2380388155614157E-07
  9.7881321615501962E-02  6.8856418199839370E-02  5.1889870940569193E-07
  9.8856483954730484E-02  6.8663504063751338E-02  5.1404209861782795E-07
  9.9841361544756105E-02  6.8489842429225761E-02  5.0923357595622784E-07
  1.0083605117571753E-01  6.8309030023057091E-02  5.0447264334524520E-07
  1.0184065060204474E-01  6.8126717950156429E-02  4.9975878240521458E-07
  1.0285525855206569E-01  6.7966462668807834E-02  4.9509145814590213E-07
  1.0387997473770921E-01  6.7806728329215415E-02  4.9047012470734403E-07
  1.0491489986430437E-01  6.7641104514319386E-02  4.8589423621886752E-07
  1.0596013564047721E-01  6.7461820024196054E-02  4.8136326324832782E-07
  1.0701578478814636E-01  6.7278293466435157E-02  4.7687671142268516E-07
  1.0808195105261841E-01  6.7109354447064659E-02  4.7243413685053429E-07
  1.0915873921278321E-01  6.6941478169472129E-02  4.6803515531147916E-07
  1.1024625509141139E-01  6.6757560044290898E-02  4.6367944399530620E-07
  1.1134460556555430E-01  6.6590142691641471E-02  4.5936673684664848E-07
  1.1245389857704745E-01  6.6414341960014694E-02  4.5509681601156077E-07
  1.1357424314311826E-01  6.6241018318729847E-02  4.5086950163699038E-07
  1.1470574936710050E-01  6.6067551823653703E-02  4.4668464185915762E-07
  1.1584852844925450E-01  6.5890843130863228E-02  4.4254210454422439E-07
  1.1700269269769541E-01  6.5725432387089847E-02  4.3844177174444341E-07
  1.1816835553943053E-01  6.5556249181309076E-02  4.3438353662306538E-07
  1.1934563153150675E-01  6.5398518035648570E-02  4.3036730111138363E-07
  1.2053463637226830E-01  6.5235531727611679E-02  4.2639297305406196E-07
  1.2173548691272751E-01  6.5072584965616576E-02  4.2246046369487346E-07
  1.2294830116804843E-01  6.4911904983481261E-02  4.1856968541357325E-07
  1.2417319832914506E-01  6.4754437172350729E-02  4.1472054959371131E-07
  1.2541029877439441E-01  6.4579129920354805E-02  4.1091296492746526E-07
  1.2665972408146764E-01  6.4403832613945444E-02  4.0714683616836765E-07
  1.2792159703927783E-01  6.4228301583304712E-02  4.0342206323494800E-07
  1.2919604166004720E-01  6.4040030460386907E-02  3.9973854057312108E-07
  1.3048318319149460E-01  6.3835131695736111E-02  3.9609615979453209E-07
  1.3178314812914468E-01  6.3668582587356984E-02  3.9249482519734689E-07
  1.3309606422875897E-01  6.3498784354343529E-02  3.8893449130716254E-07
  1.3442206051889147E-01  6.3331884439524533E-02  3.8541522352659255E-07
  1.3576126731356919E-01  6.3195323242946591E-02  3.8193727272386239E-07
  1.3711381622509891E-01  6.3035072129659114E-02  3.7850114665576696E-07
  1.3847984017700102E-01  6.2884415338591820E-02  3.7510766037968279E-07
  1.3985947341707372E-01  6.2716748613475787E-02  3.7175795403445146E-07
  1.4125285153058567E-01  6.2557153307413835E-02  3.6845347647238943E-07
  1.4266011145360097E-01  6.2379922010541995E-02  3.6519594236199500E-07
  1.4408139148643676E-01  6.2212032479232092E-02  3.6198727480647186E-07
  1.4551683130725507E-01  6.2040546734945058E-02  3.5882954522307728E-07
  1.4696657198578952E-01  6.1871335433810397E-02  3.5572491835812454E-07
  1.4843075599720928E-01  6.1706514361441915E-02  3.5267560022147956E-07
  1.4990952723612119E-01  6.1547488386086521E-02  3.4968378505319416E-07
  1.5140303103071109E-01  6.1375366912161160E-02  3.4675159822474471E-07
  1.5291141415702567E-01  6.1221842331709304E-02  3.4388103405484985E-07
  1.5443482485339785E-01  6.1059567258403592E-02  3.4107389408347029E-07
  1.5597341283501470E-01  6.0897907227878981E-02  3.3833174176593161E-07
  1.5752732930863089E-01  6.0737649242181606E-02  3.3565587904705025E-07
  1.5909672698742860E-01  6.0582190884347846E-02  3.3304734726486550E-07
  1.6068176010602608E-01  6.0417055223834559E-02  3.3050694993492882E-07
  1.6228258443563481E-01  6.0262646839766801E-02  3.2803529018341570E-07
  1.6389935729936814E-01  6.0111956210926243E-02  3.2563281394657692E-07
  1.6553223758770280E-01  5.9939189890275468E-02  3.2329985265052409E-07
  1.6718138577409386E-01  5.9788988687782117E-02  3.2103667472137532E-07
  1.6884696393074503E-01  5.9629827188944447E-02  3.1884356889636937E-07
  1.7052913574453726E-01  5.9475939469903080E-02  3.1672097595436492E-07
  1.7222806653311509E-01  5.9324729925448037E-02  3.1466967005919698E-07
  1.7394392326113298E-01  5.9168018891630682E-02  3.1269097257272801E-07
  1.7567687455666431E-01  5.9017339605108014E-02  3.1078695759718482E-07
  1.7742709072777396E-01  5.8872440978260256E-02  3.0896060836482351E-07
  1.7919474377925471E-01  5.8711579960712912E-02  3.0721589605937331E-07
  1.8098000742953169E-01  5.8558179141515183E-02  3.0555777186405784E-07
  1.8278305712773499E-01  5.8396988466451548E-02  3.0399208597538984E-07
  1.8460407007094196E-01  5.8230561671010310E-02  3.0252546197961636E-07
  1.8644322522159093E-01  5.8081334346990338E-02  3.0116515898442905E-07
  1.8830070332507001E-01  5.7930113526330540E-02  2.9991894044481689E-07
  1.9017668692747955E-01  5.7766019737827155E-02  2.9879494262523173E-07
  1.9207136039357178E-01  5.7626246620715131E-02  2.9780153696304691E-07
  1.9398490992487000E-01  5.7479694902436727E-02  2.9694717618285472E-07
  1.9591752357796777E-01  5.7339005693188200E-02  2.9624021426785563E-07
  1.9786939128301004E-01  5.7201961720236796E-02  2.9568872744925755E-07
  1.9984070486235894E-01  5.7067255636811552E-02  2.9530037530607751E-07
  2.0183165804944578E-01  5.6933427520901546E-02  2.9508231813374614E-07
  2.0384244650780986E-01  5.6809936749887005E-02  2.9504120865777515E-07
  2.0587326785032767E-01  5.6687733572766734E-02  2.9518325917638433E-07
  2.0792432165863409E-01  5.6547187162264277E-02  2.9551436824681814E-07
  2.0999580950273597E-01  5.6428289954917790E-02  2.9604028204133384E-07
  2.1208793496082179E-01  5.6298876840315301E-02  2.9676676096620792E-07
  2.1420090363926858E-01  5.6172772098978266E-02  2.9769972852929934E-07
  2.1633492319284861E-01  5.6043262478737893E-02  2.9884537322466247E-07
  2.1849020334513614E-01  5.5911739588214833E-02  3.0021018812068748E-07
  2.2066695590911872E-01  5.5770560977522352E-02  3.0180095352803529E-07
  2.2286539480801368E-01  5.5649503588333024E-02  3.0362467565953197E-07
  2.2508573609629137E-01  5.5514297626594551E-02  3.0568848399288772E-07
  2.2732819798090759E-01  5.5398472195416021E-02  3.0799952790826531E-07
  2.2959300084274950E-01  5.5272530464660109E-02  3.1056490526201080E-07
  2.3188036725829314E-01  5.5142013928557346E-02  3.1339164198488671E-07
  2.3419052202147675E-01  5.5034511118379467E-02  3.1648672677179258E-07
  2.3652369216579400E-01  5.4918970419803100E-02  3.1985719039602234E-07
  2.3888010698660542E-01  5.4816918287486263E-02  3.2351020853967013E-07
  2.4125999806367190E-01  5.4709276699899896E-02  3.2745320209105091E-07
  2.4366359928391501E-01  5.4594109863965949E-02  3.3169389425858748E-07
  2.4609114686440181E-01  5.4488266713988869E-02  3.3624028155089568E-07
  2.4854287937555822E-01  5.4371920100551092E-02  3.4110049342559636E-07
  2.5101903776461792E-01  5.4253506896722689E-02  3.4628253609476831E-07
  2.5351986537929827E-01  5.4130584482653052E-02  3.5179391075086554E-07
  2.5604560799171705E-01  5.4017095037897846E-02  3.5764114971888454E-07
  2.5859651382254784E-01  5.3898478246070157E-02  3.6382934056312305E-07
  2.6117283356541071E-01  5.3774126317307082E-02  3.7036170828908572E-07
  2.6377482041151235E-01  5.3657071937598409E-02  3.7723931061628581E-07
  2.6640273007452769E-01  5.3545662204344556E-02  3.8446086663999814E-07
  2.6905682081572979E-01  5.3417479267351554E-02  3.9202269563925896E-07
  2.7173735346937239E-01  5.3308456028464943E-02  3.9991872530289457E-07
  2.7444459146832290E-01  5.3190758893668838E-02  4.0814054374253657E-07
  2.7717880086995061E-01  5.3070749369368099E-02  4.1667745394681371E-07
  2.7994025038227593E-01  5.2935404536379009E-02  4.2551653566664134E-07
  2.8272921139037682E-01  5.2820075355893760E-02  4.3464276951432700E-07
  2.8554595798305871E-01  5.2696957049152657E-02  4.4403920216579279E-07
  2.8839076697979277E-01  5.2580595919253743E-02  4.5368712806234326E-07
  2.9126391795791978E-01  5.2456631650355405E-02  4.6356630214314666E-07
  2.9416569328012504E-01  5.2338961536822846E-02  4.7365513964850162E-07
  2.9709637812218975E-01  5.2217885933234114E-02  4.8393084998104746E-07
  3.0005626050101625E-01  5.2094952946642382E-02  4.9436946392605070E-07
  3.0304563130293188E-01  5.1976586031937694E-02  5.0494574419525491E-07
  3.0606478431227951E-01  5.1846487838333746E-02  5.1563301032701558E-07
  3.0911401624028595E-01  5.1733594495749789E-02  5.2640292020479727E-07
  3.1219362675422307E-01  5.1609179636610547E-02  5.3722529260309060E-07
  3.1530391850686001E-01  5.1481661458666755E-02  5.4806804274124393E-07
  3.1844519716620301E-01  5.1356063854827563E-02  5.5889727185071268E-07
  3.2161777144553810E-01  5.1228194566471603E-02  5.6967755529278173E-07
  3.2482195313376988E-01  5.1094477820679537E-02  5.8037248477406509E-07
  3.2805805712606134E-01  5.0967041138761826E-02  5.9094540675752167E-07
  3.3132640145478298E-01  5.0839607616392425E-02  6.0136026326577917E-07
  3.3462730732076651E-01  5.0717507935820180E-02  6.1158239935076237E-07
  3.3796109912487077E-01  5.0592584700769695E-02  6.2157919010567849E-07
  3.4132810449986400E-01  5.0464549361352050E-02  6.3132038503347944E-07
  3.4472865434262207E-01  5.0330799630578821E-02  6.4077816354783323E-07
  3.4816308284664627E-01  5.0207778765638714E-02  6.4992694360529189E-07
  3.5163172753490890E-01  5.0082429950517586E-02  6.5874307240776506E-07
  3.5513492929302271E-01  4.9962656836975781E-02  6.6720454552393426E-07
  3.5867303240274079E-01  4.9834573536458746E-02  6.7529081187323997E-07
  3.6224638457579361E-01  4.9708602122294249E-02  6.8298265482808115E-07
  3.6585533698805933E-01  4.9584713220527731E-02  6.9026229852261691E-07
  3.6950024431407530E-01  4.9460852570707974E-02  6.9711368646716562E-07
  3.7318146476189751E-01  4.9330562727338718E-02  7.0352285285640644E-07
  3.7689936010829961E-01  4.9214254096598603E-02  7.0947832280227559E-07
  3.8065429573432902E-01  4.9096670373243986E-02  7.1497145394359029E-07
  3.8444664066121759E-01  4.8975783235640946E-02  7.1999663842144195E-07
  3.8827676758664270E-01  4.8849412584230464E-02  7.2455132570648345E-07
  3.9214505292135865E-01  4.8718230265064270E-02  7.2863587083631924E-07
  3.9605187682618775E-01  4.8588761640956796E-02  7.3225324861336862E-07
  3.9999762324937960E-01  4.8457033699782069E-02  7.3540872633587342E-07
  4.0398267996434661E-01  4.8330564943467616E-02  7.3810954548748766E-07
  4.0800743860777172E-01  4.8203116310431005E-02  7.4036459053932062E-07
  4.1207229471809587E-01  4.8072026222361383E-02  7.4218411423833542E-07
  4.1617764777439248E-01  4.7941338999541706E-02  7.4357953358297471E-07
  4.2032390123562535E-01  4.7816267616733618E-02  7.4456323783890120E-07
  4.2451146258029826E-01  4.7699655874937963E-02  7.4514840415918323E-07
  4.2874074334650264E-01  4.7573756636695559E-02  7.4534882475883825E-07
  4.3301215917236097E-01  4.7447730563839462E-02  7.4517875802002375E-07
  4.3732612983687247E-01  4.7323305326858231E-02  7.4465281775366195E-07
  4.4168307930117073E-01  4.7212503419478406E-02  7.4378590356898864E-07
  4.4608343575018705E-01  4.7090323942519670E-02  7.4259316573846405E-07
  4.5052763163472948E-01  4.6971344309022542E-02  7.4108998017028164E-07
  4.5501610371398737E-01  4.6853670681218394E-02  7.3929191167004355E-07
  4.5954929309844833E-01  4.6728301773023652E-02  7.3721465426159947E-07
  4.6412764529325218E-01  4.6611494724120496E-02  7.3487393794842465E-07
  4.6875161024197581E-01  4.6486389952539828E-02  7.3228539463482581E-07
  4.7342164237084616E-01  4.6367164847373160E-02  7.2946440218155897E-07
  4.7813820063340468E-01  4.6236366204904143E-02  7.2642592556407869E-07
  4.8290174855560980E-01  4.6115683453136783E-02  7.2318437886527845E-07
  4.8771275428138899E-01  4.5988526575898012E-02  7.1975353224601741E-07
  4.9257169061864914E-01  4.5860582146263963E-02  7.1614648056010716E-07
  4.9747903508574082E-01  4.5735529246742262E-02  7.1237567457716254E-07
  5.0243526995838594E-01  4.5606502207896818E-02  7.0845300680512850E-07
  5.0744088231707640E-01  4.5492414056996083E-02  7.0438992047160364E-07
  5.1249636409494170E-01  4.5367518017648933E-02  7.0019750660393210E-07
  5.1760221212609214E-01  4.5260002416972159E-02  6.9588657418509065E-07
  5.2275892819444958E-01  4.5140604807176583E-02  6.9146768952985550E-07
  5.2796701908305887E-01  4.5025070080831044E-02  6.8695115522935715E-07
  5.3322699662389117E-01  4.4917959403013838E-02  6.8234694323754451E-07
  5.3853937774814831E-01  4.4796047563285236E-02  6.7766459613105208E-07
  5.4390468453706298E-01  4.4671308510592637E-02  6.7291310956082248E-07
  5.4932344427320545E-01  4.4549136638011584E-02  6.6810081714465322E-07
  5.5479618949230625E-01  4.4424790398251555E-02  6.6323530444444974E-07
  5.6032345803559014E-01  4.4302698457917830E-02  6.5832337216017519E-07
  5.6590579310263101E-01  4.4172816707957356E-02  6.5337106080696100E-07
  5.7154374330474156E-01  4.4051849271930607E-02  6.4838373588612128E-07
  5.7723786271888167E-01  4.3936352363226509E-02  6.4336620439076729E-07
  5.8298871094211391E-01  4.3820099065721853E-02  6.3832283927392679E-07
  5.8879685314660302E-01  4.3703698065146908E-02  6.3325771863105360E-07
  5.9466286013515068E-01  4.3582266107318780E-02  6.2817472919845261E-07
  6.0058730839729846E-01  4.3477864336850157E-02  6.2307762926518100E-07
  6.0657078016598120E-01  4.3368256528373818E-02  6.1797010221825638E-07
  6.1261386347474422E-01  4.3252739860684196E-02  6.1285580570202151E-07
  6.1871715221553725E-01  4.3132524804636918E-02  6.0773842190269112E-07
  6.2488124619707786E-01  4.3012158470774275E-02  6.0262170915083183E-07
  6.3110675120379656E-01  4.2892984719273122E-02  5.9750954380338851E-07
  6.3739427905537505E-01  4.2765256891371860E-02  5.9240593686462367E-07
  6.4374444766687167E-01  4.2652214092530977E-02  5.8731501240058560E-07
  6.5015788110944539E-01  4.2527282566931647E-02  5.8224095922862249E-07
  6.5663520967169187E-01  4.2409862537984969E-02  5.7718797262423432E-07
  6.6317706992158332E-01  4.2285777596073729E-02  5.7216018210435021E-07
  6.6978410476902661E-01  4.2174195300644819E-02  5.6716157708511348E-07
  6.7645696352904949E-01  4.2054414891302197E-02  5.6219595362445686E-07
  6.8319630198561132E-01  4.1939900292333847E-02  5.5726686174408838E-07
  6.9000278245604829E-01  4.1826331003385182E-02  5.5237754846528745E-07
  6.9687707385617093E-01  4.1713303683870856E-02  5.4753089791567163E-07
  7.0381985176599349E-01  4.1604866071256706E-02  5.4272937658249127E-07
  7.1083179849613243E-01  4.1487073238192250E-02  5.3797500074128239E-07
  7.1791360315486497E-01  4.1373319034726130E-02  5.3326934228680589E-07
  7.2506596171584270E-01  4.1260520794918758E-02  5.2861357311690951E-07
  7.3228957708649778E-01  4.1139025868366208E-02  5.2400852686175723E-07
  7.3958515917711887E-01  4.1022649776704473E-02  5.1945476568792997E-07
  7.4695342497061634E-01  4.0894014807425182E-02  5.1495265397035367E-07
  7.5439509859298914E-01  4.0776855837636870E-02  5.1050243819377475E-07
  7.6191091138448719E-01  4.0666343841646885E-02  5.0610429434849913E-07
  7.6950160197148210E-01  4.0553357212878442E-02  5.0175835444618067E-07
  7.7716791633906146E-01  4.0437573076133847E-02  4.9746472069764474E-07
  7.8491060790433920E-01  4.0310645168479459E-02  4.9322346900150772E-07
  7.9273043759049699E-01  4.0201076008273481E-02  4.8903464132483553E-07
  8.0062817390156804E-01  4.0085608218321418E-02  4.8489822978933776E-07
  8.0860459299796195E-01  3.9974761137964096E-02  4.8081416459297202E-07
  8.1666047877273995E-01  3.9858911081317998E-02  4.7678231638261187E-07
  8.2479662292865774E-01  3.9745383417040703E-02  4.7280250934587420E-07
  8.3301382505596910E-01  3.9620981382830843E-02  4.6887452716814615E-07
  8.4131289271100274E-01  3.9517699420051192E-02  4.6499811283115635E-07
  8.4969464149553586E-01  3.9405132629575991E-02  4.6117297297604403E-07
  8.5815989513693702E-01  3.9292095765188051E-02  4.5739878410987970E-07
  8.6670948556912408E-01  3.9167677653815756E-02  4.5367520111383978E-07
  8.7534425301432917E-01  3.9062630077152223E-02  4.5000187036954045E-07
  8.8406504606566116E-01  3.8937472965440423E-02  4.4637844424933783E-07
  8.9287272177051180E-01  3.8829386773927145E-02  4.4280459306531117E-07
  9.0176814571477981E-01  3.8714301766990998E-02  4.3928001039077990E-07
  9.1075219210793434E-01  3.8593462911304326E-02  4.3580440517952240E-07
  9.1982574386893545E-01  3.8474298385436069E-02  4.3237748783111577E-07
  9.2898969271300014E-01  3.8350279197220373E-02  4.2899897245868287E-07
  9.3824493923923502E-01  3.8242842471793055E-02  4.2566858745950376E-07
  9.4759239301914922E-01  3.8126236065187537E-02  4.2238607373844190E-07
  9.5703297268604060E-01  3.8007626283784512E-02  4.1915117359727328E-07
  9.6656760602527325E-01  3.7888788896233018E-02  4.1596362217595573E-07
  9.7619723006546200E-01  3.7774877373428932E-02  4.1282314448157649E-07
  9.8592279117055781E-01  3.7652181892454797E-02  4.0972945117447886E-07
  9.9574524513284968E-01  3.7546355700211677E-02  4.0668223334864473E-07
  1.0056655572669027E+00  3.7426178718057368E-02  4.0368115962217894E-07
  1.0156847025044213E+00  3.7315133435776804E-02  4.0072587662375468E-07
  1.0258036654900604E+00  3.7195836037641226E-02  3.9781600641401670E-07
  1.0360234406782014E+00  3.7078724211869404E-02  3.9495113217120320E-07
  1.0463450324306711E+00  3.6966585760504746E-02  3.9213078120424757E-07
  1.0567694551154534E+00  3.6851666613006102E-02  3.8935442963352506E-07
  1.0672977332063827E+00  3.6734156562990949E-02  3.8662152549430951E-07
  1.0779309013838132E+00  3.6616505748695641E-02  3.8393149936459269E-07
  1.0886700046363138E+00  3.6490115198809597E-02  3.8128376954054847E-07
  1.0995160983633627E+00  3.6372884030720018E-02  3.7867774424455633E-07
  1.1104702484790634E+00  3.6265865498891686E-02  3.7611282382110587E-07
  1.1215335315169070E+00  3.6138530993012674E-02  3.7358840770547192E-07
  1.1327070347355650E+00  3.6025938147478107E-02  3.7110390565547815E-07
  1.1439918562257396E+00  3.5911188730877133E-02  3.6865874739105772E-07
  1.1553891050180847E+00  3.5794882142388254E-02  3.6625238777964779E-07
  1.1668999011921959E+00  3.5669400203271251E-02  3.6388430909356317E-07
  1.1785253759866825E+00  3.5559858925166804E-02  3.6155400646488898E-07
  1.1902666719103501E+00  3.5438709485355657E-02  3.5926096129647243E-07
  1.2021249428544780E+00  3.5319206966365584E-02  3.5700464079299900E-07
  1.2141013542062145E+00  3.5200289243391407E-02  3.5478450886133531E-07
  1.2261970829631166E+00  3.5081017238448295E-02  3.5260002742055192E-07
  1.2384133178488153E+00  3.4965699605894213E-02  3.5045065720852079E-07
  1.2507512594298344E+00  3.4843481810876799E-02  3.4833586225237503E-07
  1.2632121202335933E+00  3.4726864592316435E-02  3.4625511144856724E-07
  1.2757971248675497E+00  3.4603605593136098E-02  3.4420787463545264E-07
  1.2885075101395611E+00  3.4486178625254528E-02  3.4219362096687193E-07
  1.3013445251794389E+00  3.4364909158633002E-02  3.4021182896066497E-07
  1.3143094315616917E+00  3.4243944622484687E-02  3.3826200257572742E-07
  1.3274035034295237E+00  3.4122836544260203E-02  3.3634367777779023E-07
  1.3406280276200464E+00  3.4002488337164363E-02  3.3445640954582474E-07
  1.3539843037907411E+00  3.3883397692458371E-02  3.3259974867209257E-07
  1.3674736445471918E+00  3.3764609234002776E-02  3.3077324369494961E-07
  1.3810973755720790E+00  3.3633415489988001E-02  3.2897645305239081E-07
  1.3948568357554598E+00  3.3519610577773799E-02  3.2720894042472497E-07
  1.4087533773263565E+00  3.3400910446489650E-02  3.2547026950520649E-07
  1.4227883659856448E+00  3.3266977895862110E-02  3.2376000363910361E-07
  1.4369631810402661E+00  3.3141288951025735E-02  3.2207771101274964E-07
  1.4512792155387881E+00  3.3024356872466985E-02  3.2042297170324422E-07
  1.4657378764083047E+00  3.2899094303814692E-02  3.1879537793468840E-07
  1.4803405845926998E+00  3.2767207142763377E-02  3.1719453038242862E-07
  1.4950887751923010E+00  3.2649548592331698E-02  3.1562004488158857E-07
  1.5099838976049107E+00  3.2522978887064208E-02  3.1407156349965654E-07
  1.5250274156682426E+00  3.2401499134309418E-02  3.1254873551434836E-07
  1.5402208078037982E+00  3.2277984363729244E-02  3.1105119163817876E-07
  1.5555655671621418E+00  3.2151712929386719E-02  3.0957855114917080E-07
  1.5710632017696493E+00  3.2022102391416875E-02  3.0813043029734442E-07
  1.5867152346767222E+00  3.1900366588352873E-02  3.0670644271800721E-07
  1.6025232041074473E+00  3.1775818060213672E-02  3.0530619848865468E-07
  1.6184886636107838E+00  3.1659436606914559E-02  3.0392930252762000E-07
  1.6346131822132346E+00  3.1531639198707800E-02  3.0257535288627723E-07
  1.6508983445730401E+00  3.1410466677331710E-02  3.0124394399059325E-07
  1.6673457511359211E+00  3.1283012960417592E-02  2.9993467705318460E-07
  1.6839570182923613E+00  3.1156069784676461E-02  2.9864717107712817E-07
  1.7007337785364538E+00  3.1031035255532361E-02  2.9738107241419880E-07
  1.7176776806263481E+00  3.0891464363994307E-02  2.9613605844492105E-07
  1.7347903897462773E+00  3.0769942230509825E-02  2.9491181955632893E-07
  1.7520735876702023E+00  3.0637629670839599E-02  2.9370803773646982E-07
  1.7695289729271002E+00  3.0508392218926740E-02  2.9252439181285180E-07
  1.7871582609678847E+00  3.0374920563205950E-02  2.9136056437368374E-07
  1.8049631843339884E+00  3.0246147505315929E-02  2.9021623783304374E-07
  1.8229454928276414E+00  3.0114599072675323E-02  2.8909109135940867E-07
  1.8411069536838307E+00  2.9983913417700507E-02  2.8798480005742111E-07
  1.8594493517439710E+00  2.9853616955459170E-02  2.8689703351371494E-07
  1.8779744896313242E+00  2.9724392944948115E-02  2.8582745233787142E-07
  1.8966841879281486E+00  2.9594655946542783E-02  2.8477570336465331E-07
  1.9155802853546120E+00  2.9461895778140242E-02  2.8374142062604590E-07
  1.9346646389495139E+00  2.9332472455290380E-02  2.8272424290013738E-07
  1.9539391242527655E+00  2.9199342570669435E-02  2.8172382703690827E-07
  1.9734056354897207E+00  2.9066682884823305E-02  2.8073982168165802E-07
  1.9930660857573461E+00  2.8931966130789008E-02  2.7977185983899671E-07
  2.0129224072122076E+00  2.8800167304397106E-02  2.7881957823710168E-07
  2.0329765512603770E+00  2.8663836757267844E-02  2.7788262596197171E-07
  2.0532304887492021E+00  2.8530053202680029E-02  2.7696066981619709E-07
  2.0736862101609859E+00  2.8396202888197136E-02  2.7605340214249084E-07
  2.0943457258086187E+00  2.8260679118981162E-02  2.7516055071832875E-07
  2.1152110660331367E+00  2.8122522924221977E-02  2.7428189121805828E-07
  2.1362842814032503E+00  2.7983622059021909E-02  2.7341726524456499E-07
  2.1575674429168799E+00  2.7849806667059575E-02  2.7256660206081466E-07
  2.1790626422046779E+00  2.7713735718794215E-02  2.7172992825658567E-07
  2.2007719917355812E+00  2.7576558293257440E-02  2.7090737563075017E-07
  2.2226976250244306E+00  2.7440054750805926E-02  2.7009917774751266E-07
  2.2448416968416334E+00  2.7303362985068889E-02  2.6930563160328037E-07
  2.2672063834249343E+00  2.7166237350989664E-02  2.6852705891191223E-07
  2.2897938826932753E+00  2.7027407095309083E-02  2.6776379093629052E-07
  2.3126064144628158E+00  2.6890893898642153E-02  2.6701615571420944E-07
  2.3356462206650797E+00  2.6753740214059164E-02  2.6628446297331827E-07
  2.3589155655672762E+00  2.6619248862409434E-02  2.6556899022224006E-07
  2.3824167359948394E+00  2.6482586103522103E-02  2.6486996882921757E-07
  2.4061520415561621E+00  2.6344216509210309E-02  2.6418756771076959E-07
  2.4301238148695674E+00  2.6204901241024495E-02  2.6352187594653162E-07
  2.4543344117925634E+00  2.6066292429738954E-02  2.6287289665945453E-07
  2.4787862116533610E+00  2.5928451276755991E-02  2.6224055687977586E-07
  2.5034816174847081E+00  2.5789043325731214E-02  2.6162472357842632E-07
  2.5284230562600434E+00  2.5649772160578753E-02  2.6102521180501550E-07
  2.5536129791320210E+00  2.5513670993037061E-02  2.6044178546557085E-07
  2.5790538616733993E+00  2.5376269928723442E-02  2.5987417864929694E-07
  2.6047482041203178E+00  2.5237361862815257E-02  2.5932212280166786E-07
  2.6306985316180302E+00  2.5099338335929894E-02  2.5878535980375322E-07
  2.6569073944690564E+00  2.4966790384684856E-02  2.5826364586174286E-07
  2.6833773683838094E+00  2.4833260605806703E-02  2.5775675497449317E-07
  2.7101110547337441E+00  2.4699531269841413E-02  2.5726448425003166E-07
  2.7371110808069985E+00  2.4561164249461157E-02  2.5678665969211244E-07
  2.7643801000665986E+00  2.4433577386403581E-02  2.5632314045453388E-07
  2.7919207924112213E+00  2.4299048153869771E-02  2.5587381954624256E-07
  2.8197358644385813E+00  2.4167696204165458E-02  2.5543862544237487E-07
  2.8478280497114166E+00  2.4035714338247804E-02  2.5501753119658990E-07
  2.8762001090261253E+00  2.3903954625927627E-02  2.5461052555508708E-07
  2.9048548306841022E+00  2.3771944426083099E-02  2.5421758075553324E-07
  2.9337950307657565E+00  2.3640127563819571E-02  2.5383864557290758E-07
  2.9630235534072544E+00  2.3508256641929990E-02  2.5347363827596865E-07
  2.9925432710800499E+00  2.3377283855700925E-02  2.5312243515080434E-07
  3.0223570848731680E+00  2.3245474608094827E-02  2.5278485517678552E-07
  3.0524679247783193E+00  2.3114953220898651E-02  2.5246063940151369E-07
  3.0828787499778363E+00  2.2984732982486544E-02  2.5214942585849364E-07
  3.1135925491355096E+00  2.2855140354542329E-02  2.5185072461225278E-07
  3.1446123406902946E+00  2.2725755579260640E-02  2.5156390019582996E-07
  3.1759411731529390E+00  2.2596868321927442E-02  2.5128817012060045E-07
  3.2075821254056045E+00  2.2463935250127277E-02  2.5102262231385346E-07
  3.2395383070044330E+00  2.2334795209890165E-02  2.5076625061245730E-07
  3.2718128584851360E+00  2.2205901675494365E-02  2.5051799475171651E-07
  3.3044089516716513E+00  2.2081504888805087E-02  2.5027675907494578E-07
  3.3373297899878489E+00  2.1948651564397764E-02  2.5004143661009539E-07
  3.3705786087723548E+00  2.1823375445252018E-02  2.4981093811528860E-07
  3.4041586755964977E+00  2.1694548461316181E-02  2.4958422374822339E-07
  3.4380732905854505E+00  2.1563463744673241E-02  2.4936034153389617E-07
  3.4723257867425481E+00  2.1434138901116333E-02  2.4913847330791637E-07
  3.5069195302768303E+00  2.1305312819434936E-02  2.4891798477157377E-07
  3.5418579209338805E+00  2.1172514112672521E-02  2.4869847066658502E-07
  3.5771443923299331E+00  2.1041303487749970E-02  2.4847978806938448E-07
  3.6127824122893002E+00  2.0907730152033316E-02  2.4826206915161394E-07
  3.6487754831852044E+00  2.0773722243589036E-02  2.4804570851498433E-07
  3.6851271422839642E+00  2.0639923882877494E-02  2.4783129330559958E-07
  3.7218409620926138E+00  2.0505743999436617E-02  2.4761951655051126E-07
  3.7589205507100178E+00  2.0371482163348220E-02  2.4741111905592620E-07
  3.7963695521814471E+00  2.0239839213313748E-02  2.4720685956029376E-07
  3.8341916468567110E+00  2.0105716385088724E-02  2.4700749200878786E-07
  3.8723905517518298E+00  1.9971483962291904E-02  2.4681373819585009E-07
  3.9109700209143563E+00  1.9835243865661243E-02  2.4662625475276056E-07
  3.9499338457922959E+00  1.9704123894595783E-02  2.4644559605048189E-07
  3.9892858556067057E+00  1.9571267272776374E-02  2.4627217880330430E-07
  4.0290299177280371E+00  1.9439555771944450E-02  2.4610625583619489E-07
  4.0691699380561994E+00  1.9308925996781585E-02  2.4594790622582462E-07
  4.1097098614044008E+00  1.9179143939777644E-02  2.4579705461878102E-07
  4.1506536718868574E+00  1.9049037748998507E-02  2.4565354764070460E-07
  4.1920053933103185E+00  1.8920401208487574E-02  2.4551721515562245E-07
  4.2337690895695230E+00  1.8789833581408965E-02  2.4538790430596759E-07
  4.2759488650465638E+00  1.8667570595208564E-02  2.4526551211185758E-07
  4.3185488650142778E+00  1.8540521033331397E-02  2.4514998740094453E-07
  4.3615732760436172E+00  1.8414532008536724E-02  2.4504130784060651E-07
  4.4050263264150731E+00  1.8289155951800376E-02  2.4493946837873463E-07
  4.4489122865342479E+00  1.8163943066952664E-02  2.4484448888529416E-07
  4.4932354693515144E+00  1.8039360012197664E-02  2.4475641734863167E-07
  4.5380002307858671E+00  1.7915079261676462E-02  2.4467532326817457E-07
  4.5832109701530372E+00  1.7790636118068821E-02  2.4460128667655816E-07
  4.6288721305978129E+00  1.7661299421096319E-02  2.4453437827141406E-07
  4.6749881995307119E+00  1.7543390397721688E-02  2.4447462751316323E-07
  4.7215637090689677E+00  1.7419440011506745E-02  2.4442198023538775E-07
  4.7686032364819573E+00  1.7295627751288963E-02  2.4437625272367888E-07
  4.8161114046410223E+00  1.7166671287373116E-02  2.4433710189776228E-07
  4.8640928824737744E+00  1.7046429626649470E-02  2.4430405658693034E-07
  4.9125523854229716E+00  1.6927897249890207E-02  2.4427660693024688E-07
  4.9614946759099166E+00  1.6804305845062054E-02  2.4425426520624076E-07
  5.0109245638024786E+00  1.6681869438435581E-02  2.4423654826221270E-07
  5.0608469068878144E+00  1.6555906227250915E-02  2.4422295816607667E-07
  5.1112666113497554E+00  1.6437749086438417E-02  2.4421299881621192E-07
  5.1621886322509880E+00  1.6315786699124386E-02  2.4420618928271512E-07
  5.2136179740199831E+00  1.6195285241230789E-02  2.4420208093003059E-07
  5.2655596909428555E+00  1.6075599424284211E-02  2.4420028248048579E-07
  5.3180188876600596E+00  1.5954504102978578E-02  2.4420049471443795E-07
  5.3710007196680429E+00  1.5834037030350280E-02  2.4420255654625878E-07
  5.4245103938259343E+00  1.5714134837669941E-02  2.4420645737335449E-07
  5.4785531688672480E+00  1.5591357870152143E-02  2.4421228515017806E-07
  5.5331343559166690E+00  1.5474775164719061E-02  2.4422011720099817E-07
  5.5882593190120460E+00  1.5355880888781868E-02  2.4422993735712576E-07
  5.6439334756315258E+00  1.5237361139875073E-02  2.4424167659159429E-07
  5.7001622972259796E+00  1.5118821858164530E-02  2.4425528153712082E-07
  5.7569513097566860E+00  1.4999638015930187E-02  2.4427070090413001E-07
  5.8143060942384448E+00  1.4882728304325283E-02  2.4428787866482928E-07
  5.8722322872880346E+00  1.4762556186850040E-02  2.4430675689055634E-07
  5.9307355816781460E+00  1.4645552063130335E-02  2.4432726289972204E-07
  5.9898217268968761E+00  1.4528774772220655E-02  2.4434929703842621E-07
  6.0494965297127576E+00  1.4412623411798334E-02  2.4437272810677486E-07
  6.1097658547454001E+00  1.4300243574632483E-02  2.4439738022025542E-07
  6.1706356250418848E+00  1.4183661219271207E-02  2.4442303048440818E-07
  6.2321118226588297E+00  1.4069511058790733E-02  2.4444947230134503E-07
  6.2942004892503078E+00  1.3954703063892787E-02  2.4447659443878203E-07
  6.3569077266615599E+00  1.3840001523688408E-02  2.4450436846005273E-07
  6.4202396975287082E+00  1.3725502743880803E-02  2.4453278944560274E-07
  6.4842026258843752E+00  1.3614407164257785E-02  2.4456189111970745E-07
  6.5488027977693388E+00  1.3501839835805829E-02  2.4459174339706598E-07
  6.6140465618503450E+00  1.3389054889995535E-02  2.4462241337985774E-07
  6.6799403300440021E+00  1.3278457322261992E-02  2.4465397136225171E-07
  6.7464905781469131E+00  1.3166746579443438E-02  2.4468649089081637E-07
  6.8137038464721202E+00  1.3056781627882600E-02  2.4472005417947910E-07
  6.8815867404918469E+00  1.2946829432433518E-02  2.4475476330925838E-07
  6.9501459314866647E+00  1.2836329431052630E-02  2.4479073617930214E-07
  7.0193881572011012E+00  1.2727718352494175E-02  2.4482808025875530E-07
  7.0893202225058349E+00  1.2618425151137175E-02  2.4486685409350176E-07
  7.1599490000664394E+00  1.2510409342843013E-02  2.4490705002629702E-07
  7.2312814310187790E+00  1.2403146488924030E-02  2.4494860363707126E-07
  7.3033245256511972E+00  1.2295191461879362E-02  2.4499139106938607E-07
  7.3760853640934476E+00  1.2188771192026821E-02  2.4503525775722986E-07
  7.4495710970124760E+00  1.2082135851822018E-02  2.4508008174776815E-07
  7.5237889463152081E+00  1.1976357036565705E-02  2.4512576015046164E-07
  7.5987462058582613E+00  1.1871094536462788E-02  2.4517219203882839E-07
  7.6744502421647702E+00  1.1766319334402172E-02  2.4521927821643608E-07
  7.7509084951483178E+00  1.1662037268945227E-02  2.4526691936440048E-07
  7.8281284788441416E+00  1.1554154738763488E-02  2.4531501673099065E-07
  7.9061177821475681E+00  1.1455379948986944E-02  2.4536347299081585E-07
  7.9848840695597918E+00  1.1352383948185326E-02  2.4541219539547946E-07
  8.0644350819411681E+00  1.1250481105725066E-02  2.4546111191541459E-07
  8.1447786372719264E+00  1.1148445188268095E-02  2.4551019243076653E-07
  8.2259226314204721E+00  1.1047258423443288E-02  2.4555945000578042E-07
  8.3078750389194127E+00  1.0947504392527825E-02  2.4560890705177001E-07
  8.3906439137492317E+00  1.0846401509171551E-02  2.4565855554832613E-07
  8.4742373901298134E+00  1.0743359464849061E-02  2.4570836330905107E-07
  8.5586636833198302E+00  1.0648936304708251E-02  2.4575830032524633E-07
  8.6439310904241307E+00  1.0549205178995958E-02  2.4580834342675825E-07
  8.7300479912091493E+00  1.0451881027705624E-02  2.4585847097235207E-07
  8.8170228489263973E+00  1.0353725118663610E-02  2.4590866697316652E-07
  8.9048642111442557E+00  1.0256849115243841E-02  2.4595893005535513E-07
  8.9935807105879757E+00  1.0161132597782408E-02  2.4600926483509999E-07
  9.0831810659880432E+00  1.0064482539387149E-02  2.4605966235598668E-07
  9.1736740829370689E+00  9.9698553737068638E-03  2.4611008376577931E-07
  9.2650686547551508E+00  9.8751992700453761E-03  2.4616046436920866E-07
  9.3573737633638761E+00  9.7804264804376081E-03  2.4621074491927234E-07
  9.4505984801690079E+00  9.6862081081965888E-03  2.4626088699268044E-07
  9.5447519669520382E+00  9.5936654352735216E-03  2.4631090179560230E-07
  9.6398434767705528E+00  9.5002489936923933E-03  2.4636085285634455E-07
  9.7358823548675471E+00  9.4080994118608697E-03  2.4641080637223382E-07
  9.8328780395899162E+00  9.3167740335851641E-03  2.4646082635245092E-07
  9.9308400633159764E+00  9.2251729989535052E-03  2.4651097759653423E-07
  1.0029778053392251E+01  9.1309869615040038E-03  2.4656133070637880E-07
  1.0129701733079667E+01  9.0456524676922646E-03  2.4661196247067692E-07
  1.0230620922509086E+01  8.9556937328963172E-03  2.4666294971169256E-07
  1.0332545539646407E+01  8.8666821629489537E-03  2.4671436989612082E-07
  1.0435485601267221E+01  8.7792102444827873E-03  2.4676629616607356E-07
  1.0539451223941294E+01  8.6909205628417641E-03  2.4681878294484472E-07
  1.0644452625026755E+01  8.6038213462211501E-03  2.4687187523942129E-07
  1.0750500123674176E+01  8.5147595816377208E-03  2.4692558856869489E-07
  1.0857604141840783E+01  8.4313044858574486E-03  2.4697986402888397E-07
  1.0965775205314641E+01  8.3461203744138839E-03  2.4703464571301267E-07
  1.1075023944749056E+01  8.2608508667095220E-03  2.4708990158850789E-07
  1.1185361096707400E+01  8.1765522338841344E-03  2.4714560378405782E-07
  1.1296797504718189E+01  8.0928033351922238E-03  2.4720173587830184E-07
  1.1409344120340796E+01  8.0097522650892025E-03  2.4725829741098967E-07
  1.1523012004241663E+01  7.9271483944510189E-03  2.4731529492698724E-07
  1.1637812327281383E+01  7.8458293332531806E-03  2.4737273376830974E-07
  1.1753756371612488E+01  7.7639388839046801E-03  2.4743061411380268E-07
  1.1870855531788193E+01  7.6830377741501027E-03  2.4748893192226291E-07
  1.1989121315882270E+01  7.6029166305576533E-03  2.4754767347872777E-07
  1.2108565346619995E+01  7.5231590406123145E-03  2.4760682831235315E-07
  1.2229199362520337E+01  7.4442647040079274E-03  2.4766645441891713E-07
  1.2351035219049658E+01  7.3656437507262900E-03  2.4772664841180860E-07
  1.2474084889786781E+01  7.2883255924536018E-03  2.4778750177324458E-07
  1.2598360467599719E+01  7.2108655906251819E-03  2.4784911433574406E-07
  1.2723874165834076E+01  7.1338677588468546E-03  2.4791159315526215E-07
  1.2850638319513410E+01  7.0578148189778386E-03  2.4797504894305552E-07
  1.2978665386551421E+01  6.9816405533406180E-03  2.4803959617293629E-07
  1.3107967948976251E+01  6.9069338302205786E-03  2.4810535295808774E-07
  1.3238558714167056E+01  6.8317712853236141E-03  2.4817244011035695E-07
  1.3370450516102816E+01  6.7578474336529200E-03  2.4824097608034240E-07
  1.3503656316623561E+01  6.6847505279733323E-03  2.4831107089618653E-07
  1.3638189206704304E+01  6.6113550790992612E-03  2.4838282223254868E-07
  1.3774062407741523E+01  6.5362644784122967E-03  2.4845629583276785E-07
  1.3911289272852477E+01  6.4648650740883390E-03  2.4853153318536529E-07
  1.4049883288187580E+01  6.3967712380133311E-03  2.4860859033748860E-07
  1.4189858074255714E+01  6.3252126370458251E-03  2.4868754437186093E-07
  1.4331227387262837E+01  6.2556324022557579E-03  2.4876848532807511E-07
  1.4474005120463829E+01  6.1854379187850465E-03  2.4885151122854731E-07
  1.4618205305527955E+01  6.1168061975475389E-03  2.4893672676247120E-07
  1.4763842113917807E+01  6.0454473121381537E-03  2.4902424147080989E-07
  1.4910929858281978E+01  5.9780458196134426E-03  2.4911416734234791E-07
  1.5059482993861740E+01  5.9107550710060727E-03  2.4920661648270174E-07
  1.5209516119911621E+01  5.8440246553575059E-03  2.4930169743270313E-07
  1.5361043981134095E+01  5.7778569740087136E-03  2.4939950761491189E-07
  1.5514081469128762E+01  5.7122657597924904E-03  2.4950013125367504E-07
  1.5668643623855745E+01  5.6496348595965768E-03  2.4960365078230789E-07
  1.5824745635113819E+01  5.5835162012753074E-03  2.4971015195312096E-07
  1.5982402844033128E+01  5.5212283758905275E-03  2.4981971714461852E-07
  1.6141630744582962E+01  5.4575815329968164E-03  2.4993242549372536E-07
  1.6302444985094390E+01  5.3925147594871660E-03  2.5004835616635114E-07
  1.6464861369798072E+01  5.3332883211747693E-03  2.5016758834522835E-07
  1.6628895860377551E+01  5.2714519795130791E-03  2.5029020096013925E-07
  1.6794564577537844E+01  5.2100839568569538E-03  2.5041627263555690E-07
  1.6961883802589686E+01  5.1496107150223848E-03  2.5054588072529516E-07
  1.7130869979049681E+01  5.0898368908708826E-03  2.5067909863795205E-07
  1.7301539714256275E+01  5.0305775051226846E-03  2.5081599124904969E-07
  1.7473909781001865E+01  4.9722157223682818E-03  2.5095660757814990E-07
  1.7647997119181110E+01  4.9137609682802074E-03  2.5110097258100007E-07
  1.7823818837455828E+01  4.8565697278501688E-03  2.5124908884904910E-07
  1.8001392214936331E+01  4.7972868355800969E-03  2.5140095142625546E-07
  1.8180734702879473E+01  4.7434751212305512E-03  2.5155655988355290E-07
  1.8361863926403814E+01  4.6870389680622451E-03  2.5171591908732899E-07
  1.8544797686221717E+01  4.6303402549028099E-03  2.5187903474518686E-07
  1.8729553960388646E+01  4.5775675905839683E-03  2.5204591038619183E-07
  1.8916150906070119E+01  4.5226621127488478E-03  2.5221654626871494E-07
  1.9104606861326047E+01  4.4693480903529878E-03  2.5239093876081877E-07
  1.9294940346912973E+01  4.4162385213044331E-03  2.5256907844470843E-07
  1.9487170068104128E+01  4.3637029672992170E-03  2.5275094534745680E-07
  1.9681314916527853E+01  4.3103741466210934E-03  2.5293650044539353E-07
  1.9877393972024141E+01  4.2607553038044839E-03  2.5312567453553337E-07
  2.0075426504519651E+01  4.2096591673639293E-03  2.5331836209965701E-07
  2.0275431975921627E+01  4.1590505647772901E-03  2.5351443029350589E-07
  2.0477430042030477E+01  4.1090414949502482E-03  2.5371373090067829E-07
  2.0681440554471408E+01  4.0596632604156611E-03  2.5391610249113330E-07
  2.0887483562645492E+01  4.0108663596452668E-03  2.5412137050864820E-07
  2.1095579315699975E+01  3.9627187341064411E-03  2.5432934866188033E-07
  2.1305748264518318E+01  3.9149510010924602E-03  2.5453983980372765E-07
  2.1518011063729954E+01  3.8673198880871500E-03  2.5475263766566033E-07
  2.1732388573740284E+01  3.8192794669414110E-03  2.5496753016528503E-07
  2.1948901862780698E+01  3.7747505438846269E-03  2.5518430464598468E-07
  2.2167572208978942E+01  3.7288147654552070E-03  2.5540275246683501E-07
  2.2388421102450550E+01  3.6819845036819934E-03  2.5562266987431720E-07
  2.2611470247410679E+01  3.6389896916427054E-03  2.5584385529585622E-07
  2.2836741564306806E+01  3.5941422944989238E-03  2.5606610592804233E-07
  2.3064257191973574E+01  3.5489541948425752E-03  2.5628921820153010E-07
  2.3294039489808146E+01  3.5055453562383774E-03  2.5651299410703052E-07
  2.3526111039967585E+01  3.4637907379022610E-03  2.5673724219728981E-07
  2.3760494649588242E+01  3.4200010854633484E-03  2.5696177299771197E-07
  2.3997213353027274E+01  3.3792164224845118E-03  2.5718639360868294E-07
  2.4236290414126124E+01  3.3375765509765453E-03  2.5741090314275832E-07
  2.4477749328496920E+01  3.2963076076694534E-03  2.5763508771588142E-07
  2.4721613825831700E+01  3.2555705340381151E-03  2.5785871312101046E-07
  2.4967907872234171E+01  3.2139209125974697E-03  2.5808151523799702E-07
  2.5216655672575175E+01  3.1751302887186900E-03  2.5830318828871028E-07
  2.5467881672871599E+01  3.1355809147393795E-03  2.5852336982913308E-07
  2.5721610562688518E+01  3.0962496362266089E-03  2.5874162983250721E-07
  2.5977867277565775E+01  3.0575153919638024E-03  2.5895748276027174E-07
  2.6236677001468692E+01  3.0191418291183819E-03  2.5917040845611327E-07
  2.6498065169262752E+01  2.9810562259222229E-03  2.5937987158542226E-07
  2.6762057469213389E+01  2.9433898007468289E-03  2.5958533436997359E-07
  2.7028679845510716E+01  2.9060221499988140E-03  2.5978626017306568E-07
  2.7297958500818883E+01  2.8690803089168253E-03  2.5998211515979332E-07
  2.7569919898851357E+01  2.8324196063985994E-03  2.6017237134871945E-07
  2.7844590766971823E+01  2.7963039006658466E-03  2.6035651078703350E-07
  2.8121998098820544E+01  2.7605048137617498E-03  2.6053403199310979E-07
  2.8402169156967339E+01  2.7249570829816993E-03  2.6070445635837934E-07
  2.8685131475591039E+01  2.6898272238994386E-03  2.6086732997514984E-07
  2.8970912863185081E+01  2.6550383809864301E-03  2.6102221608447580E-07
  2.9259541405290616E+01  2.6206461352984273E-03  2.6116867102959718E-07
  2.9551045467256817E+01  2.5866253676701976E-03  2.6130622445590422E-07
  2.9845453697028166E+01  2.5529571928465918E-03  2.6143437582356656E-07
  3.0142795027960066E+01  2.5196418565540538E-03  2.6155259564516223E-07
  3.0443098681662448E+01  2.4866841049800865E-03  2.6166032676598163E-07
  3.0746394170871241E+01  2.4540892734464413E-03  2.6175698425662494E-07
  3.1052711302348918E+01  2.4218487280087218E-03  2.6184195603801772E-07
  3.1362080179813958E+01  2.3899425682868828E-03  2.6191460502815762E-07
  3.1674531206899239E+01  2.3583584451019224E-03  2.6197427218643274E-07
  3.1990095090139558E+01  2.3271289472727975E-03  2.6202028218684930E-07
  3.2308802841990122E+01  2.2961583791334438E-03  2.6205195355560542E-07
  3.2630685783873972E+01  2.2654050508693958E-03  2.6206861190520469E-07
  3.2955775549259705E+01  2.2350162460339734E-03  2.6206960436820587E-07
  3.3284104086771109E+01  2.2048810893540746E-03  2.6205431381763156E-07
  3.3615703663326585E+01  2.1750049694726306E-03  2.6202216859956570E-07
  3.3950606867309745E+01  2.1454258938220037E-03  2.6197265085824797E-07
  3.4288846611772954E+01  2.1160278580619743E-03  2.6190530462950579E-07
  3.4630456137671416E+01  2.0868691388096629E-03  2.6181974188396169E-07
  3.4975469017129889E+01  2.0579609893911985E-03  2.6171564655314949E-07
  3.5323919156742150E+01  2.0286124790963142E-03  2.6159277321933696E-07
  3.5675840800903465E+01  2.0003535439468432E-03  2.6145094100199368E-07
  3.6031268535175556E+01  1.9726465304902604E-03  2.6129002415960971E-07
  3.6390237289685743E+01  1.9447004125346880E-03  2.6110993928125250E-07
  3.6752782342559989E+01  1.9169805634081040E-03  2.6091062764262724E-07
  3.7118939323389448E+01  1.8895032207174457E-03  2.6069203086299258E-07
  3.7488744216732258E+01  1.8617024990799809E-03  2.6045406295611861E-07
  3.7862233365650120E+01  1.8347876682750953E-03  2.6019659213229642E-07
  3.8239443475279643E+01  1.8081641751352940E-03  2.5991943895768053E-07
  3.8620411616439682E+01  1.7817193594327823E-03  2.5962238449337648E-07
  3.9005175229274812E+01  1.7556621159930024E-03  2.5930517777060758E-07
  3.9393772126934365E+01  1.7300994687792547E-03  2.5896754037647975E-07
  3.9786240499288738E+01  1.7039564201029654E-03  2.5860917268979443E-07
  4.0182618916682863E+01  1.6785952333283035E-03  2.5822976024365134E-07
  4.0582946333726206E+01  1.6533535807239522E-03  2.5782897721367578E-07
  4.0987262093121402E+01  1.6290915222322777E-03  2.5740648956210408E-07
  4.1395605929530873E+01  1.6042967162988909E-03  2.5696196054649227E-07
  4.1808017973481377E+01  1.5798971880924206E-03  2.5649505827254621E-07
  4.2224538755308110E+01  1.5557571201007521E-03  2.5600546227808142E-07
  4.2645209209138116E+01  1.5313485924494119E-03  2.5549286279021596E-07
  4.3070070676912678E+01  1.5078629444765603E-03  2.5495695411976539E-07
  4.3499164912450439E+01  1.4847623762659062E-03  2.5439742963944459E-07
  4.3932534085551154E+01  1.4610660429919327E-03  2.5381398356882441E-07
  4.4370220786139392E+01  1.4387041834709596E-03  2.5320631804524751E-07
  4.4812268028450426E+01  1.4154805276519523E-03  2.5257415081046782E-07
  4.5258719255257738E+01  1.3935122140807607E-03  2.5191722335808131E-07
  4.5709618342141923E+01  1.3708735485370798E-03  2.5123530712792870E-07
  4.6165009601802851E+01  1.3491741039319803E-03  2.5052820422101610E-07
  4.6624937788414854E+01  1.3270138206969934E-03  2.4979574439852434E-07
  4.7089448102024448E+01  1.3054156154853572E-03  2.4903778241349058E-07
  4.7558586192992671E+01  1.2844655563691361E-03  2.4825419269146675E-07
  4.8032398166481677E+01  1.2633495453365062E-03  2.4744486013610888E-07
  4.8510930586985666E+01  1.2424382165380277E-03  2.4660967206244722E-07
  4.8994230482906339E+01  1.2217833462043674E-03  2.4574851207771786E-07
  4.9482345351175944E+01  1.2009638878477885E-03  2.4486125656449879E-07
  4.9975323161924436E+01  1.1808307062254591E-03  2.4394777424565108E-07
  5.0473212363193241E+01  1.1607639719239508E-03  2.4300792634861547E-07
  5.0976061885697717E+01  1.1413344326096858E-03  2.4204157218346601E-07
  5.1483921147635350E+01  1.1217559806447432E-03  2.4104857972460025E-07
  5.1996840059541690E+01  1.1020893392397087E-03  2.4002883618501468E-07
  5.2514869029196674E+01  1.0832992882060077E-03  2.3898225402157495E-07
  5.3038058966577779E+01  1.0643794103720587E-03  2.3790877376976955E-07
  5.3566461288863145E+01  1.0456982299400024E-03  2.3680836864953623E-07
  5.4100127925484863E+01  1.0269068473286601E-03  2.3568105025786978E-07
  5.4639111323232804E+01  1.0089555573994089E-03  2.3452686614182967E-07
  5.5183464451408135E+01  9.9058838735974881E-04  2.3334588826500124E-07
  5.5733240807029382E+01  9.7310109938502623E-04  2.3213820036046535E-07
  5.6288494420090174E+01  9.5544194476296297E-04  2.3090389343249727E-07
  5.6849279858868485E+01  9.3775226922385168E-04  2.2964306354168663E-07
  5.7415652235289727E+01  9.2083535392667210E-04  2.2835580803173700E-07
  5.7987667210343282E+01  9.0383592677911631E-04  2.2704222595063047E-07
  5.8565380999551977E+01  8.8705940507615908E-04  2.2570242424934847E-07
  5.9148850378497102E+01  8.7049194542213537E-04  2.2433652156496387E-07
  5.9738132688398423E+01  8.5387005630422382E-04  2.2294464354024398E-07
  6.0333285841748776E+01  8.3797677173701494E-04  2.2152691436793348E-07
  6.0934368328005846E+01  8.2179324019690579E-04  2.2008345009264628E-07
  6.1541439219340688E+01  8.0628306811488762E-04  2.1861435964774558E-07
  6.2154558176442315E+01  7.9074357112585971E-04  2.1711975473524250E-07
  6.2773785454381390E+01  7.7537700412807424E-04  2.1559976049405637E-07
  6.3399181908532178E+01  7.6023707743523398E-04  2.1405451775662649E-07
  6.4030809000552480E+01  7.4523756114816737E-04  2.1248417615096580E-07
  6.4668728804424191E+01  7.3053593591303363E-04  2.1088888680485985E-07
  6.5313004012554131E+01  7.1598728364347054E-04  2.0926880091082502E-07
  6.5963697941934441E+01  7.0160981834638660E-04  2.0762407475301386E-07
  6.6620874540365492E+01  6.8745628203806697E-04  2.0595488365698813E-07
  6.7284598392740889E+01  6.7348573208720025E-04  2.0426143767754068E-07
  6.7954934727393834E+01  6.5949641121427875E-04  2.0254399073984453E-07
  6.8631949422507859E+01  6.4608164427478734E-04  2.0080284701009169E-07
  6.9315709012591611E+01  6.3266056469190267E-04  1.9903836385631638E-07
  7.0006280695016670E+01  6.1942321860011698E-04  1.9725094545841199E-07
  7.0703732336622011E+01  6.0637768809487682E-04  1.9544102995926077E-07
  7.1408132480383841E+01  5.9336543764484137E-04  1.9360908075295696E-07
  7.2119550352151748E+01  5.8069956489596383E-04  1.9175558633199263E-07
  7.2838055867450848E+01  5.6821746861737482E-04  1.8988105846992078E-07
  7.3563719638354627E+01  5.5601228901214564E-04  1.8798602267481307E-07
  7.4296612980423561E+01  5.4393088267271484E-04  1.8607100936540001E-07
  7.5036807919712786E+01  5.3187061552314248E-04  1.8413655355331940E-07
  7.5784377199852429E+01  5.2019589480266511E-04  1.8218320167579658E-07
  7.6539394289195670E+01  5.0859531166287523E-04  1.8021151605253755E-07
  7.7301933388037938E+01  4.9719109313869545E-04  1.7822207252395334E-07
  7.8072069435911004E+01  4.8599543549875742E-04  1.7621545880756525E-07
  7.8849878118946634E+01  4.7496788704138102E-04  1.7419227900365885E-07
  7.9635435877314535E+01  4.6412583274709488E-04  1.7215316252857622E-07
  8.0428819912734980E+01  4.5354251261630474E-04  1.7009876971400698E-07
  8.1230108196066411E+01  4.4303677541877493E-04  1.6802978794777865E-07
  8.2039379474967106E+01  4.3262768085497309E-04  1.6594692452100484E-07
  8.2856713281634697E+01  4.2248732353658303E-04  1.6385090238294830E-07
  8.3682189940622877E+01  4.1249830653714996E-04  1.6174245409464955E-07
  8.4515890576734265E+01  4.0279205080882114E-04  1.5962231328572589E-07
  8.5357897122993720E+01  3.9312288909232318E-04  1.5749121431398106E-07
  8.6208292328700765E+01  3.8358758007662948E-04  1.5534990191033483E-07
  8.7067159767560966E+01  3.7433482003990326E-04  1.5319913750516880E-07
  8.7934583845899709E+01  3.6512294839882091E-04  1.5103969882897388E-07
  8.8810649810957941E+01  3.5622309857080757E-04  1.4887237635051401E-07
  8.9695443759268798E+01  3.4739455692828940E-04  1.4669796785535353E-07
  9.0589052645119438E+01  3.3870826140690058E-04  1.4451727528572437E-07
  9.1491564289097127E+01  3.3024634440343537E-04  1.4233110908016307E-07
  9.2403067386718845E+01  3.2185264529593243E-04  1.4014029698759290E-07
  9.3323651517148491E+01  3.1374276031240493E-04  1.3794568605398920E-07
  9.4253407152000932E+01  3.0570275292289469E-04  1.3574813625290699E-07
  9.5192425664232090E+01  2.9778074001450582E-04  1.3354851240841470E-07
  9.6140799337119404E+01  2.9011699178862002E-04  1.3134767661532648E-07
  9.7098621373331497E+01  2.8254685350351060E-04  1.2914648751813191E-07
  9.8065985904086801E+01  2.7506885305892201E-04  1.2694580607734715E-07
  9.9042987998404882E+01  2.6785845604280112E-04  1.2474649781841451E-07
  1.0002972367245013E+02  2.6068097006247171E-04  1.2254943252639831E-07
  1.0102628989896670E+02  2.5375338875035727E-04  1.2035548674526759E-07
  1.0203278461680917E+02  2.4690682352043872E-04  1.1816554689918881E-07
  1.0304930674056823E+02  2.4020691917122023E-04  1.1598050722077813E-07
  1.0407595617029050E+02  2.3364542320937235E-04  1.1380126224560991E-07
  1.0511283380129683E+02  2.2723137035567378E-04  1.1162870307604219E-07
  1.0616004153409845E+02  2.2089453231846374E-04  1.0946371934605051E-07
  1.0721768228441115E+02  2.1478686394169519E-04  1.0730719771501748E-07
  1.0828585999326783E+02  2.0876395637258309E-04  1.0516001387632208E-07
  1.0936467963723624E+02  2.0282718263987012E-04  1.0302302486917530E-07
  1.1045424723873421E+02  1.9711604964956826E-04  1.0089706960801053E-07
  1.1155466987644792E+02  1.9147772951930413E-04  9.8782974144147501E-08
  1.1266605569585781E+02  1.8597721114485487E-04  9.6681552304485310E-08
  1.1378851391986541E+02  1.8059444188765956E-04  9.4593603583048534E-08
  1.1492215485952599E+02  1.7533091024033278E-04  9.2519911516820189E-08
  1.1606708992489227E+02  1.7018276809458005E-04  9.0461244648676482E-08
  1.1722343163596176E+02  1.6517345967244910E-04  8.8418360532135665E-08
  1.1839129363373461E+02  1.6026891084344375E-04  8.6392008563428555E-08
  1.1957079069138224E+02  1.5548460168460779E-04  8.4382927876672690E-08
  1.2076203872552765E+02  1.5079512872505203E-04  8.2391844620851120E-08
  1.2196515480763567E+02  1.4623548786719460E-04  8.0419470166816890E-08
  1.2318025717551920E+02  1.4179674163613165E-04  7.8466495812011396E-08
  1.2440746524495984E+02  1.3744626855439492E-04  7.6533587430166939E-08
  1.2564689962144215E+02  1.3321173916793007E-04  7.4621386225313730E-08
  1.2689868211200707E+02  1.2907372267573699E-04  7.2730511616379633E-08
  1.2816293573722345E+02  1.2504175712426270E-04  7.0861561539861834E-08
  1.2943978474327653E+02  1.2111364188237207E-04  6.9015111281498726E-08
  1.3072935461417904E+02  1.1728253383947332E-04  6.7191711645153425E-08
  1.3203177208410435E+02  1.1353822066950903E-04  6.5391885777133923E-08
  1.3334716514983958E+02  1.0991212472165317E-04  6.3616127274077815E-08
  1.3467566308336561E+02  1.0635887437726534E-04  6.1864903490646307E-08
  1.3601739644456222E+02  1.0291936042712201E-04  6.0138660496475581E-08
  1.3737249709403747E+02  9.9532972835901051E-05  5.8437823835269972E-08
  1.3874109820608712E+02  9.6264606969793828E-05  5.6762796066864097E-08
  1.4012333428178354E+02  9.3098631263630421E-05  5.5113952180613680E-08
  1.4151934116219221E+02  8.9999879059178331E-05  5.3491637145789571E-08
  1.4292925604172248E+02  8.6981846766811006E-05  5.1896167663347851E-08
  1.4435321748161144E+02  8.4034929348631311E-05  5.0327833614004901E-08
  1.4579136542353962E+02  8.1203186115692236E-05  4.8786898005175404E-08
  1.4724384120338442E+02  7.8425666165497150E-05  4.7273597256023938E-08
  1.4871078756511150E+02  7.5729164946416002E-05  4.5788142664497690E-08
  1.5019234867480077E+02  7.3101598464303644E-05  4.4330722090180189E-08
  1.5168867013481596E+02  7.0552966063080103E-05  4.2901499495190190E-08
  1.5319989899811435E+02  6.8083546939028442E-05  4.1500612937105992E-08
  1.5472618378269703E+02  6.5671647444319364E-05  4.0128174971809976E-08
  1.5626767448620549E+02  6.3333250854706783E-05  3.8784274283820815E-08
  1.5782452260066378E+02  6.1063496140268010E-05  3.7468974938855105E-08
  1.5939688112736479E+02  5.8860676701525390E-05  3.6182313368486176E-08
  1.6098490459190751E+02  5.6723852992671395E-05  3.4924297286251106E-08
  1.6258874905938393E+02  5.4648737595492248E-05  3.3694908005787427E-08
  1.6420857214971622E+02  5.2633093724549662E-05  3.2494101921116476E-08
  1.6584453305314469E+02  5.0678536913061664E-05  3.1321810800324453E-08
  1.6749679254587645E+02  4.8778650480380693E-05  3.0177941755331868E-08
  1.6916551300588387E+02  4.6943722453678554E-05  2.9062377216206900E-08
  1.7085085842886051E+02  4.5159497112970782E-05  2.7974975881026215E-08
  1.7255299444434192E+02  4.3430258508469550E-05  2.6915574844835096E-08
  1.7427208833198134E+02  4.1752193130134331E-05  2.5883991119280281E-08
  1.7600830903798695E+02  4.0131723129575269E-05  2.4880022296656421E-08
  1.7776182719172968E+02  3.8560255929613890E-05  2.3903447426698038E-08
  1.7953281512250953E+02  3.7037256867897115E-05  2.2954026722409261E-08
  1.8132144687649100E+02  3.5560030214621439E-05  2.2031500583908533E-08
  1.8312789823380851E+02  3.4138013740371529E-05  2.1135590048219240E-08
  1.8495234672584249E+02  3.2755141940006881E-05  2.0265998224693989E-08
  1.8679497165266432E+02  3.1418425944261365E-05  1.9422411480088440E-08
  1.8865595410065839E+02  3.0122994251502679E-05  1.8604500269050589E-08
  1.9053547696031973E+02  2.8873074953512343E-05  1.7811919933798901E-08
  1.9243372494422550E+02  2.7663578160546313E-05  1.7044311339638325E-08
  1.9435088460518907E+02  2.6492377251968240E-05  1.6301301143483531E-08
  1.9628714435459489E+02  2.5362428430012711E-05  1.5582502604964386E-08
  1.9824269448091246E+02  2.4270054580757878E-05  1.4887517519594612E-08
  2.0021772716839845E+02  2.3214616722261945E-05  1.4215937929374295E-08
  2.0221243651598496E+02  2.2195830532582707E-05  1.3567347073350672E-08
  2.0422701855635265E+02  2.1214086631867391E-05  1.2941319386488264E-08
  2.0626167127519690E+02  2.0265048937181327E-05  1.2337420313073298E-08
  2.0831659463068686E+02  1.9349178648806425E-05  1.1755207200676106E-08
  2.1039199057311373E+02  1.8465982151072822E-05  1.1194230651331565E-08
  2.1248806306473918E+02  1.7612455703524253E-05  1.0654035471233271E-08
  2.1460501809984103E+02  1.6793588477336918E-05  1.0134161356363680E-08
  2.1674306372495536E+02  1.6003812196259110E-05  9.6341436384101316E-09
  2.1890241005932364E+02  1.5241348008745218E-05  9.1535142535090113E-09
  2.2108326931554373E+02  1.4508539094339816E-05  8.6918027193173517E-09
  2.2328585582042297E+02  1.3802391216684429E-05  8.2485367540074224E-09
  2.2551038603604249E+02  1.3124665419876359E-05  7.8232428650150888E-09
  2.2775707858103181E+02  1.2471425011354947E-05  7.4154472261535270E-09
  2.3002615425205059E+02  1.1845046775388668E-05  7.0246763590645506E-09
  2.3231783604549156E+02  1.1242242206906643E-05  6.6504573035898987E-09
  2.3463234917939232E+02  1.0663977330129309E-05  6.2923179099461187E-09
  2.3696992111557051E+02  1.0108618463595558E-05  5.9497876175120965E-09
  2.3933078158197918E+02  9.5762354969586557E-06  5.6223982324599563E-09
  2.4171516259528099E+02  9.0653952388552809E-06  5.3096845439082387E-09
  2.4412329848365104E+02  8.5763966295742080E-06  5.0111848736493042E-09
  2.4655542590980761E+02  8.1077888614019966E-06  4.7264415878302315E-09
  2.4901178389426732E+02  7.6594263636107776E-06  4.4550015431467595E-09
  2.5149261383883677E+02  7.2307038122536804E-06  4.1964165161774951E-09
  2.5399815955033796E+02  6.8204966827140511E-06  3.9502437835779367E-09
  2.5652866726456602E+02  6.4291436020751974E-06  3.7160468495720280E-09
  2.5908438567048950E+02  6.0549350759786285E-06  3.4933960265507324E-09
  2.6166556593469244E+02  5.6988722140662828E-06  3.2818687456928602E-09
  2.6427246172605487E+02  5.3585838528943737E-06  3.0810496446196158E-09
  2.6690532924068401E+02  5.0351493785795277E-06  2.8905307820866629E-09
  2.6956442722709392E+02  4.7269213580232826E-06  2.7099119968581832E-09
  2.7225001701163109E+02  4.4337949034410039E-06  2.5388012438596476E-09
  2.7496236252415821E+02  4.1552286797520526E-06  2.3768148504397773E-09
  2.7770173032399396E+02  3.8909417661733381E-06  2.2235777220379287E-09
  2.8046838962610565E+02  3.6396893882024308E-06  2.0787235303757363E-09
  2.8326261232757105E+02  3.4019950945204967E-06  1.9418949050431425E-09
  2.8608467303429535E+02  3.1771799750827205E-06  1.8127436015622145E-09
  2.8893484908800048E+02  2.9641885601439282E-06  1.6909305913572084E-09
  2.9181342059348259E+02  2.7629098479414247E-06  1.5761261715301869E-09
  2.9472067044613641E+02  2.5726452399562960E-06  1.4680100762287898E-09
  2.9765688435975909E+02  2.3933673482488053E-06  1.3662714682795419E-09
  3.0062235089463047E+02  2.2242286280420996E-06  1.2706088724463479E-09
  3.0361736148586851E+02  2.0648792794335617E-06  1.1807301582515170E-09
  3.0664221047207201E+02  1.9158261454557946E-06  1.0963525692804369E-09
  3.0969719512424916E+02  1.7750218283607494E-06  1.0172027284236433E-09
  3.1278261567502835E+02  1.6431959000167917E-06  9.4301659970842924E-10
  3.1589877534816583E+02  1.5194102922842156E-06  8.7353942784544980E-10
  3.1904598038834769E+02  1.4036337821690421E-06  8.0852565732050671E-10
  3.2222454009128188E+02  1.2953621925824878E-06  7.4773883003911541E-10
  3.2543476683409733E+02  1.1940410788035114E-06  6.9095147666951386E-10
  3.2867697610604472E+02  1.0997574068633272E-06  6.3794502059734010E-10
  3.3195148653949792E+02  1.0116146672597432E-06  5.8850968498508315E-10
  3.3525861994126973E+02  9.2966073633270295E-07  5.4244436399827368E-10
  3.3859870132424015E+02  8.5329969236742404E-07  4.9955643699660288E-10
  3.4197205893929248E+02  7.8246558144633576E-07  4.5966156532271494E-10
  3.4537902430757828E+02  7.1669970879536950E-07  4.2258351433893493E-10
  3.4881993225309299E+02  6.5579194210097821E-07  3.8815398231869856E-10
  3.5229512093558355E+02  5.9946729306903941E-07  3.5621241431858739E-10
  3.5580493188378341E+02  5.4724631988241237E-07  3.2660580438873565E-10
  3.5934971002897254E+02  4.9908695763653015E-07  2.9918849164780667E-10
  3.6292980373887804E+02  4.5462458361893389E-07  2.7382195159414795E-10
  3.6654556485191273E+02  4.1371620361736157E-07  2.5037458505972439E-10
  3.7019734871174819E+02  3.7604723239173320E-07  2.2872150582052447E-10
  3.7388551420223871E+02  3.4143438449643439E-07  2.0874432614029572E-10
  3.7761042378269326E+02  3.0964992843122185E-07  1.9033094302833713E-10
  3.8137244352349245E+02  2.8054147771364771E-07  1.7337531862541371E-10
  3.8517194314206637E+02  2.5387433982102136E-07  1.5777724928003133E-10
  3.8900929603923186E+02  2.2947383071031103E-07  1.4344214015669674E-10
  3.9288487933588414E+02  2.0718868166161968E-07  1.3028078992127765E-10
  3.9679907391006077E+02  1.8684162522672453E-07  1.1820917830553457E-10
  4.0075226443437617E+02  1.6830922119429677E-07  1.0714825346285963E-10
  4.0474483941382039E+02  1.5142481549739586E-07  9.7023720821223587E-11
  4.0877719122394234E+02  1.3609519571289980E-07  8.7765834798814014E-11
  4.1284971614941384E+02  1.2217556255509266E-07  7.9309193676506150E-11
  4.1696281442296925E+02  1.0954522693435934E-07  7.1592537545128418E-11
  4.2111689026474494E+02  9.8146952682273707E-08  6.4558550963473531E-11
  4.2531235192199949E+02  8.7733251833860929E-08  5.8153673835362264E-11
  4.2954961170923650E+02  7.8571069365515265E-08  5.2327916761466348E-11
  4.3382908604872858E+02  6.9906539779480257E-08  4.7034676602385708E-11
  4.3815119551143607E+02  6.2845005919746937E-08  4.2230555351504394E-11