 #p(MeV) \t \delta f_\\nu \t \delta f_\\nubar
  3.8599523263321278E-01  9.9232205528253556E-02  1.9101332399291190E-06
  3.8984078771740210E-01  9.8985065065968519E-02  1.8914421423005866E-06
  3.9372465491701469E-01  9.8751954576196496E-02  1.8729013155402401E-06
  3.9764721592420094E-01  9.8541105699226653E-02  1.8545103497979054E-06
  4.0160885623379527E-01  9.8364908597981943E-02  1.8362688319276296E-06
  4.0560996518120263E-01  9.8146971529729010E-02  1.8181763435954865E-06
  4.0965093598065966E-01  9.7920035010736928E-02  1.8002324589214911E-06
  4.1373216576387883E-01  9.7642850686204222E-02  1.7824367528910905E-06
  4.1785405561907768E-01  9.7403079675768042E-02  1.7647888154269542E-06
  4.2201701063039493E-01  9.7159866465218639E-02  1.7472882211624759E-06
  4.2622143991770234E-01  9.6963056022959543E-02  1.7299344496338562E-06
  4.3046775667680987E-01  9.6749063504582011E-02  1.7127267994964086E-06
  4.3475637822007390E-01  9.6525360794459281E-02  1.6956643365348206E-06
  4.3908772601740959E-01  9.6288684524179824E-02  1.6787458859057288E-06
  4.4346222573770999E-01  9.6046619841815090E-02  1.6619700596144149E-06
  4.4788030729068112E-01  9.5794156507536671E-02  1.6453353514546485E-06
  4.5234240486908983E-01  9.5580581124406996E-02  1.6288402523585006E-06
  4.5684895699143596E-01  9.5347103740461070E-02  1.6124832675275531E-06
  4.6140040654504849E-01  9.5119030028016180E-02  1.5962629214810833E-06
  4.6599720082960977E-01  9.4905269903087855E-02  1.5801777602808026E-06
  4.7063979160111591E-01  9.4703978880977271E-02  1.5642263249641871E-06
  4.7532863511627221E-01  9.4471743441570513E-02  1.5484071341705352E-06
  4.8006419217733309E-01  9.4285891381339179E-02  1.5327187171340601E-06
  4.8484692817738900E-01  9.4069096891027715E-02  1.5171596830640406E-06
  4.8967731314610119E-01  9.3837193827048027E-02  1.5017287877839915E-06
  4.9455582179589724E-01  9.3604014546239386E-02  1.4864249708873401E-06
  4.9948293356862183E-01  9.3397468731230851E-02  1.4712473594835759E-06
  5.0445913268265530E-01  9.3170996293238342E-02  1.4561952243321159E-06
  5.0948490818050163E-01  9.2941807986442249E-02  1.4412678757518566E-06
  5.1456075397684842E-01  9.2731522545468889E-02  1.4264646290470316E-06
  5.1968716890710820E-01  9.2517465133958879E-02  1.4117848012963895E-06
  5.2486465677644079E-01  9.2297807116486913E-02  1.3972277033207728E-06
  5.3009372640926655E-01  9.2077243543779788E-02  1.3827926541270229E-06
  5.3537489169927188E-01  9.1852592129000571E-02  1.3684790146254330E-06
  5.4070867165991110E-01  9.1627345620478931E-02  1.3542862019411444E-06
  5.4609559047541600E-01  9.1393917108236286E-02  1.3402136695845972E-06
  5.5153617755230788E-01  9.1214345572385405E-02  1.3262608680022273E-06
  5.5703096757142700E-01  9.0988653016963308E-02  1.3124272074082363E-06
  5.6258050054047970E-01  9.0803281501610045E-02  1.2987120356320559E-06
  5.6818532184710713E-01  9.0599884630495175E-02  1.2851146366128854E-06
  5.7384598231248407E-01  9.0372529013490924E-02  1.2716342667986547E-06
  5.7956303824545297E-01  9.0141142161172666E-02  1.2582701812920140E-06
  5.8533705149719362E-01  8.9897758712303225E-02  1.2450216353077925E-06
  5.9116858951644258E-01  8.9678729979341079E-02  1.2318878858193932E-06
  5.9705822540525721E-01  8.9459994497014195E-02  1.2188681912659789E-06
  6.0300653797534021E-01  8.9244838169429158E-02  1.2059618139234167E-06
  6.0901411180492160E-01  8.9033149435448669E-02  1.1931680396975990E-06
  6.1508153729620951E-01  8.8847165521446461E-02  1.1804862147869312E-06
  6.2120941073341340E-01  8.8648040409527756E-02  1.1679157827904744E-06
  6.2739833434134351E-01  8.8461894983863198E-02  1.1554563063388433E-06
  6.3364891634459541E-01  8.8249153786066445E-02  1.1431074680912747E-06
  6.3996177102732543E-01  8.8033945397193461E-02  1.1308690539199668E-06
  6.4633751879361800E-01  8.7815006629264961E-02  1.1187408988608321E-06
  6.5277678622845958E-01  8.7599914016370850E-02  1.1067228287764492E-06
  6.5928020615931371E-01  8.7386287465095330E-02  1.0948146527848343E-06
  6.6584841771831627E-01  8.7168080405589182E-02  1.0830161644635994E-06
  6.7248206640508446E-01  8.6967558286778934E-02  1.0713271402203541E-06
  6.7918180415015528E-01  8.6763433871250559E-02  1.0597473188797093E-06
  6.8594828937905539E-01  8.6552266693720542E-02  1.0482763541374383E-06
  6.9278218707700756E-01  8.6341855122125000E-02  1.0369137528275998E-06
  6.9968416885428308E-01  8.6141427840167636E-02  1.0256588238090835E-06
  7.0665491301220684E-01  8.5952918673105158E-02  1.0145106562635614E-06
  7.1369510460981544E-01  8.5769719788216639E-02  1.0034681303553638E-06
  7.2080543553118548E-01  8.5576548940751368E-02  9.9252995094721856E-07
  7.2798660455342590E-01  8.5352391045452572E-02  9.8169471608710183E-07
  7.3523931741535486E-01  8.5115300273899172E-02  9.7096102189192173E-07
  7.4256428688685416E-01  8.4865092731311681E-02  9.6032749150411169E-07
  7.4996223283891850E-01  8.4646815974820738E-02  9.4979277561286777E-07
  7.5743388231440367E-01  8.4435328219916589E-02  9.3935555618865561E-07
  7.6497996959947445E-01  8.4248400500386261E-02  9.2901456751841278E-07
  7.7260123629576927E-01  8.4095814119186652E-02  9.1876863744087635E-07
  7.8029843139328336E-01  8.3915663865141515E-02  9.0861673222161166E-07
  7.8807231134397349E-01  8.3722797266857052E-02  8.9855798593549020E-07
  7.9592364013610251E-01  8.3516730951556664E-02  8.8859170447871542E-07
  8.0385318936931838E-01  8.3316693832467620E-02  8.7871734657138299E-07
  8.1186173833048769E-01  8.3098674300009986E-02  8.6893449163754097E-07
  8.1995007407027731E-01  8.2898765745322622E-02  8.5924279923766971E-07
  8.2811899148050461E-01  8.2676756588089373E-02  8.4964194700913610E-07
  8.3636929337225818E-01  8.2500182694370386E-02  8.4013160074173444E-07
  8.4470179055479155E-01  8.2293938548569895E-02  8.3071141268344213E-07
  8.5311730191520863E-01  8.2099304528763531E-02  8.2138101810319990E-07
  8.6161665449894220E-01  8.1896491014800940E-02  8.1214001868284422E-07
  8.7020068359102931E-01  8.1701818453151429E-02  8.0298795211363635E-07
  8.7887023279820420E-01  8.1506645137222708E-02  7.9392426799743368E-07
  8.8762615413180057E-01  8.1303826715438843E-02  7.8494832697065843E-07
  8.9646930809148828E-01  8.1097462336081033E-02  7.7605942408597464E-07
  9.0540056374983680E-01  8.0899131598988150E-02  7.6725682510397777E-07
  9.1442079883772553E-01  8.0697464498511326E-02  7.5853980160922229E-07
  9.2353089983060588E-01  8.0506381599640298E-02  7.4990765493339911E-07
  9.3273176203561747E-01  8.0307283667146970E-02  7.4135971324792176E-07
  9.4202428967957708E-01  8.0105875320639855E-02  7.3289531496245934E-07
  9.5140939599784469E-01  7.9916459070639975E-02  7.2451380668244217E-07
  9.6088800332406910E-01  7.9735824805388142E-02  7.1621454510536947E-07
  9.7046104318083515E-01  7.9556340988245197E-02  7.0799690645883239E-07
  9.8012945637120685E-01  7.9365264246737691E-02  6.9986030477693733E-07
  9.8989419307119009E-01  7.9172939490580879E-02  6.9180420133497366E-07
  9.9975621292310790E-01  7.8964849161799702E-02  6.8382808850505298E-07
  1.0097164851299139E+00  7.8757093574871082E-02  6.7593144906617435E-07
  1.0197759885504414E+00  7.8546375047635147E-02  6.6811370636485972E-07
  1.0299357117956007E+00  7.8361659378378676E-02  6.6037418342258009E-07
  1.0401966533255371E+00  7.8165781531935458E-02  6.5271208226952886E-07
  1.0505598215477567E+00  7.7995527874662546E-02  6.4512651247757624E-07
  1.0610262349162263E+00  7.7804846068077096E-02  6.3761657267904791E-07
  1.0715969220314674E+00  7.7616889200750327E-02  6.3018137248665229E-07
  1.0822729217416385E+00  7.7456776902531707E-02  6.2282003177110801E-07
  1.0930552832446336E+00  7.7279622926883285E-02  6.1553167622991873E-07
  1.1039450661911905E+00  7.7082378121888132E-02  6.0831542795662685E-07
  1.1149433407890301E+00  7.6885245022120310E-02  6.0117040356936788E-07
  1.1260511879080346E+00  7.6686324397132993E-02  5.9409573566756333E-07
  1.1372696991864679E+00  7.6483778527633536E-02  5.8709061859448554E-07
  1.1485999771382596E+00  7.6270864070672600E-02  5.8015436436451175E-07
  1.1600431352613574E+00  7.6091260546161207E-02  5.7328644941985830E-07
  1.1716002981471547E+00  7.5909281114419941E-02  5.6648653873615896E-07
  1.1832726015910127E+00  7.5727277841827839E-02  5.5975446570502058E-07
  1.1950611927038826E+00  7.5540694665850741E-02  5.5309011634159492E-07
  1.2069672300250396E+00  7.5348681508912344E-02  5.4649336726311994E-07
  1.2189918836359386E+00  7.5154218368710696E-02  5.3996408381092993E-07
  1.2311363352752052E+00  7.4950652899781589E-02  5.3350212221773832E-07
  1.2434017784547757E+00  7.4772148973459240E-02  5.2710733639955480E-07
  1.2557894185771876E+00  7.4586810294898845E-02  5.2077958442510033E-07
  1.2683004730540426E+00  7.4420512877240705E-02  5.1451872221616900E-07
  1.2809361714256524E+00  7.4269790078232312E-02  5.0832457836928728E-07
  1.2936977554818700E+00  7.4101986273489878E-02  5.0219691536974933E-07
  1.3065864793841282E+00  7.3918404957113479E-02  4.9613538989968912E-07
  1.3196036097886970E+00  7.3722328504379125E-02  4.9013952479987258E-07
  1.3327504259711642E+00  7.3523686460466239E-02  4.8420870387584464E-07
  1.3460282199521565E+00  7.3329695159005642E-02  4.7834223767136133E-07
  1.3594382966243150E+00  7.3132642683276960E-02  4.7253943564412714E-07
  1.3729819738805391E+00  7.2952156928424092E-02  4.6679961350015606E-07
  1.3866605827434983E+00  7.2769994247031414E-02  4.6112209244625328E-07
  1.4004754674964430E+00  7.2590054604305482E-02  4.5550619436245735E-07
  1.4144279858153181E+00  7.2411375645928353E-02  4.4995123104553241E-07
  1.4285195089021863E+00  7.2226339825278124E-02  4.4445649412701655E-07
  1.4427514216199844E+00  7.2050784752315480E-02  4.3902125402189741E-07
  1.4571251226286286E+00  7.1877000389858517E-02  4.3364477111082289E-07
  1.4716420245224642E+00  7.1709295666071080E-02  4.2832631615679157E-07
  1.4863035539690901E+00  7.1527050564229908E-02  4.2306519306952793E-07
  1.5011111518495681E+00  7.1339860901546481E-02  4.1786075679177501E-07
  1.5160662734000301E+00  7.1171071343278713E-02  4.1271240859169237E-07
  1.5311703883546868E+00  7.0989260135413595E-02  4.0761956619589771E-07
  1.5464249810902719E+00  7.0788432690161412E-02  4.0258165610475671E-07
  1.5618315507719240E+00  7.0604412943095399E-02  3.9759811352456194E-07
  1.5773916115005124E+00  7.0434297068574736E-02  3.9266838409517542E-07
  1.5931066924614403E+00  7.0258165817095000E-02  3.8779193062359563E-07
  1.6089783380749301E+00  7.0084242036516087E-02  3.8296824256659947E-07
  1.6250081081478005E+00  6.9896846082017697E-02  3.7819684176816991E-07
  1.6411975780267583E+00  6.9734685003269750E-02  3.7347727990511962E-07
  1.6575483387532177E+00  6.9576018526047029E-02  3.6880912725021246E-07
  1.6740619972196658E+00  6.9395468834688653E-02  3.6419195619946560E-07
  1.6907401763275762E+00  6.9225538283689617E-02  3.5962532475597302E-07
  1.7075845151469047E+00  6.9044650733562585E-02  3.5510876883897273E-07
  1.7245966690771737E+00  6.8855909124353590E-02  3.5064181753453999E-07
  1.7417783100101532E+00  6.8662987890469429E-02  3.4622400245382008E-07
  1.7591311264941709E+00  6.8489318927810378E-02  3.4185485806214660E-07
  1.7766568239000589E+00  6.8308498918592406E-02  3.3753392164532985E-07
  1.7943571245887489E+00  6.8126178960368447E-02  3.3326073179880502E-07
  1.8122337680805365E+00  6.7965915526049747E-02  3.2903482624733279E-07
  1.8302885112260396E+00  6.7806172723335001E-02  3.2485574298994352E-07
  1.8485231283788552E+00  6.7640540109512162E-02  3.2072302760958097E-07
  1.8669394115699323E+00  6.7461246455358004E-02  3.1663624643755371E-07
  1.8855391706836879E+00  6.7277710360085660E-02  3.1259500235738846E-07
  1.9043242336358799E+00  6.7108761433378974E-02  3.0859894873050588E-07
  1.9232964465532405E+00  6.6940874837195838E-02  3.0464779491984634E-07
  1.9424576739549111E+00  6.6756945932149606E-02  3.0074127829825222E-07
  1.9618097989356815E+00  6.6589517355523237E-02  2.9687913489033817E-07
  1.9813547233510533E+00  6.6413704889423844E-02  2.9306109691265334E-07
  2.0010943680041393E+00  6.6240368984671796E-02  2.8928689264200314E-07
  2.0210306728344452E+00  6.6066889656138314E-02  2.8555624635335998E-07
  2.0411655971085136E+00  6.5890167514364439E-02  2.8186887919457028E-07
  2.0615011196124713E+00  6.5724742684191220E-02  2.7822451096163160E-07
  2.0820392388464990E+00  6.5555544682332781E-02  2.7462286214163837E-07
  2.1027819732212425E+00  6.5397798001822841E-02  2.7106365554505397E-07
  2.1237313612561630E+00  6.5234795333760420E-02  2.6754661704061522E-07
  2.1448894617798842E+00  6.5071831329493207E-02  2.6407147525415447E-07
  2.1662583541325242E+00  6.4911133154015477E-02  2.6063796040995171E-07
  2.1878401383700465E+00  6.4753646119615108E-02  2.5724580188614683E-07
  2.2096369354706389E+00  6.4578318485554190E-02  2.5389472557242168E-07
  2.2316508875431653E+00  6.4402999569007233E-02  2.5058445356231835E-07
  2.2538841580376801E+00  6.4227445586530332E-02  2.4731470436289827E-07
  2.2763389319580405E+00  6.4039150017529231E-02  2.4408519297818201E-07
  2.2990174160766434E+00  6.3834225158467067E-02  2.4089563367147365E-07
  2.3219218391513050E+00  6.3667648258633497E-02  2.3774575534420240E-07
  2.3450544521442827E+00  6.3497820267268454E-02  2.3463533916440446E-07
  2.3684175284435001E+00  6.3330888428609566E-02  2.3156427929385135E-07
  2.3920133640859658E+00  6.3194292964618981E-02  2.2853265724351877E-07
  2.4158442779834206E+00  6.3034004835398200E-02  2.2554081304444372E-07
  2.4399126121502217E+00  6.2883308032428475E-02  2.2258939512073582E-07
  2.4642207319335236E+00  6.2715597850326765E-02  2.1967932058584135E-07
  2.4887710262457245E+00  6.2555955250565273E-02  2.1681154346501029E-07
  2.5135659077992405E+00  6.2378672211177828E-02  2.1398695686096023E-07
  2.5386078133436203E+00  6.2210725916179196E-02  2.1120639288283580E-07
  2.5638992039050241E+00  6.2039177574033787E-02  2.0847062495734655E-07
  2.5894425650280741E+00  6.1869896918388741E-02  2.0578036939840774E-07
  2.6152404070201327E+00  6.1704998594014189E-02  2.0313628139676377E-07
  2.6412952651980048E+00  6.1545886057127706E-02  2.0053893864770932E-07
  2.6676097001371009E+00  6.1373666868542953E-02  1.9798880973357829E-07
  2.6941862979230704E+00  6.1220031294278138E-02  1.9548621044827456E-07
  2.7210276704059684E+00  6.1057628953667890E-02  1.9303125672570525E-07
  2.7481364554569292E+00  6.0895821642355852E-02  1.9062382551832053E-07
  2.7755153172274083E+00  6.0735391334608320E-02  1.8826354809678426E-07
  2.8031669464110025E+00  6.0579728785603158E-02  1.8594993795149909E-07
  2.8310940605078896E+00  6.0414347408997794E-02  1.8368250358559510E-07
  2.8592994040918862E+00  6.0259638088422919E-02  1.8146075711080105E-07
  2.8877857490801748E+00  6.0108570571566280E-02  1.7928421427888463E-07
  2.9165558950057253E+00  5.9935318716519116E-02  1.7715239519738885E-07
  2.9456126692924167E+00  5.9784469671899237E-02  1.7506483860963040E-07
  2.9749589275328998E+00  5.9624400769274506E-02  1.7302115456372642E-07
  3.0045975537692478E+00  5.9469153084989214E-02  1.7102113353943379E-07
  3.0345314607763831E+00  5.9315683291429826E-02  1.6906491158221819E-07
  3.0647635903483303E+00  5.9154484212545641E-02  1.6715317016614400E-07
  3.0952969135873274E+00  5.8990641737006196E-02  1.6528733320864402E-07
  3.1261344311958212E+00  5.8131648525143333E-02  1.6346970350484996E-07
  3.1572791737713546E+00  3.2735532560955883E-05  1.6170317373844557E-07
  3.1887342021044072E+00  1.5963680883893300E-05  1.5999063229444235E-07
  3.2205026074792027E+00  1.0511100991842960E-05  1.5833486730382425E-07
  3.2525875119775067E+00  7.8101101805530169E-06  1.5673857856756281E-07
  3.2849920687854426E+00  6.1982595970728138E-06  1.5520439046416792E-07
  3.3177194625033923E+00  5.1281037109201956E-06  1.5373486001377409E-07
  3.3507729094589602E+00  4.3665883298033279E-06  1.5233246276001572E-07
  3.3841556580230550E+00  3.7976733246677282E-06  1.5099953785269502E-07
  3.4178709889291348E+00  3.3570722784228012E-06  1.4973818391913966E-07
  3.4519222155956291E+00  3.0062877428412178E-06  1.4855011198671114E-07
  3.4863126844515593E+00  2.7208527023912638E-06  1.4743647698235446E-07
  3.5210457752654176E+00  2.4844612047080119E-06  1.4639772156359021E-07
  3.5561249014773257E+00  2.2857965678642240E-06  1.4543363500041492E-07
  3.5915535105344834E+00  2.1167624304546721E-06  1.4454389379889615E-07
  3.6273350842299732E+00  1.9714262951923117E-06  1.4372827531227402E-07
  3.6634731390449491E+00  1.8453427325540226E-06  1.4298666359569501E-07
  3.6999712264942115E+00  1.7351153899159998E-06  1.4231905257687459E-07
  3.7368329334752390E+00  1.6381052315371263E-06  1.4172554765460427E-07
  3.7740618826206975E+00  1.5522310353771213E-06  1.4120635562884268E-07
  3.8116617326544628E+00  1.4758297795249417E-06  1.4076174883402912E-07
  3.8496361787511790E+00  1.4075568710023711E-06  1.4039199206147911E-07
  3.8879889528994087E+00  1.3463134023937501E-06  1.4009722793453901E-07
  3.9267238242684059E+00  1.2911918792261526E-06  1.3987732670016534E-07
  3.9658445995785319E+00  1.2414337688102399E-06  1.3973171769836535E-07
  4.0053551234753524E+00  1.1963915626501005E-06  1.3965928742855203E-07
  4.0452592789074995E+00  1.1555085145256159E-06  1.3965871049982549E-07
  4.0855609875082637E+00  1.1183108670692095E-06  1.3972874362097885E-07
  4.1262642099809792E+00  1.0843937064324414E-06  1.3986823654171331E-07
  4.1673729464882978E+00  1.0534089821992314E-06  1.4007612467138165E-07
  4.2088912370452967E+00  1.0250559310227891E-06  1.4035142155569639E-07
  4.2508231619165011E+00  9.9907334736411435E-07  1.4069320062708611E-07
  4.2931728420169026E+00  9.7523325777164727E-07  1.4110054114334788E-07
  4.3359444393169424E+00  9.5333562164450936E-07  1.4157240754131720E-07
  4.3791421572515041E+00  9.3320368204699692E-07  1.4210743411186203E-07
  4.4227702411330725E+00  9.1467943906031389E-07  1.4270359889524874E-07
  4.4668329785688821E+00  8.9761800234746961E-07  1.4335779343290104E-07
  4.5113346998823163E+00  8.8187665006108937E-07  1.4406536461097898E-07
  4.5562797785385039E+00  8.6730921965827560E-07  1.4482041198512341E-07
  4.6016726315740666E+00  8.5377997419595914E-07  1.4561669314527496E-07
  4.6475177200312574E+00  8.4116520161545971E-07  1.4644775061846977E-07
  4.6938195493963626E+00  8.2935156607239041E-07  1.4730689033664094E-07
  4.7405826700424658E+00  8.1823472016784457E-07  1.4818716317803509E-07
  4.7878116776766708E+00  8.0771814207022186E-07  1.4908135261687368E-07
  4.8355112137917384E+00  7.9771217753357117E-07  1.4998197950662277E-07
  4.8836859661222167E+00  7.8813328913141173E-07  1.5088134197187552E-07
  4.9323406691051686E+00  7.7890355134963141E-07  1.5177161224790980E-07
  4.9814801043454375E+00  7.6995051266502197E-07  1.5264501168155676E-07
  5.0311091010855504E+00  7.6120778761645575E-07  1.5349407622047121E-07
  5.0812325366803481E+00  7.5261767094374774E-07  1.5431200160641528E-07
  5.1318553370763009E+00  7.4413459585932660E-07  1.5509273299074141E-07
  5.1829824772955941E+00  7.3571891549156626E-07  1.5583033392954246E-07
  5.2346189819250881E+00  7.2733342461685187E-07  1.5651875516620492E-07
  5.2867699256100984E+00  7.1894319219553490E-07  1.5715184969364694E-07
  5.3394404335530936E+00  7.1051547314455891E-07  1.5772339323227643E-07
  5.3926356820174410E+00  7.0201964619540131E-07  1.5822710938800187E-07
  5.4463608988360379E+00  6.9342718822980030E-07  1.5865671082206951E-07
  5.5006213639251182E+00  6.8471171507506599E-07  1.5900597905055722E-07
  5.5554224098031746E+00  6.7584915619164392E-07  1.5926891656233907E-07
  5.6107694221149504E+00  6.6681821660831304E-07  1.5944001304924138E-07
  5.6666678401607760E+00  6.5760150900931867E-07  1.5951466537326117E-07
  5.7231231574311083E+00  6.4818851195605004E-07  1.5948976970956701E-07
  5.7801409221463871E+00  6.3858139495689753E-07  1.5936421560998157E-07
  5.8377267378023330E+00  6.2879041545531640E-07  1.5913798145205631E-07
  5.8958862637206142E+00  6.1882669248544036E-07  1.5881131441927462E-07
  5.9546252156050201E+00  6.0870171230965212E-07  1.5838468572870773E-07
  6.0139493661031942E+00  5.9842727917710656E-07  1.5785878826296936E-07
  6.0738645453739526E+00  5.8801546701695836E-07  1.5723453346170741E-07
  6.1343766416602135E+00  5.7747857484068356E-07  1.5651304986554232E-07
  6.1954916018677251E+00  5.6682909453255079E-07  1.5569569002165890E-07
  6.2572154321494722E+00  5.5607971044926209E-07  1.5478405745562351E-07
  6.3195541984959318E+00  5.4524337366243375E-07  1.5378007074384380E-07
  6.3825140273312480E+00  5.3433355110133369E-07  1.5268608513827171E-07
  6.4461011061152940E+00  5.2336491672588208E-07  1.5150508959671754E-07
  6.5103216839517364E+00  5.1235506661696071E-07  1.5024095157569702E-07
  6.5751820722022298E+00  5.0132434138289380E-07  1.4889821022311124E-07
  6.6406886451066063E+00  4.9029269169458104E-07  1.4748154876339694E-07
  6.7068478404093383E+00  4.7927913558923066E-07  1.4599570129324954E-07
  6.7736661599922643E+00  4.6830173327539393E-07  1.4444543119835640E-07
  6.8411501705134787E+00  4.5737756874610257E-07  1.4283551055630481E-07
  6.9093065040527541E+00  4.4652273856426400E-07  1.4117070133231208E-07
  6.9781418587632924E+00  4.3575234706348767E-07  1.3945573802235662E-07
  7.0476629995299707E+00  4.2508050583107900E-07  1.3769531029093846E-07
  7.1178767586342140E+00  4.1452033292154630E-07  1.3589404297056405E-07
  7.1887900364254200E+00  4.0408394147229748E-07  1.3405646939373315E-07
  7.2604098019990877E+00  3.9378239247353299E-07  1.3218699320130693E-07
  7.3327430938817502E+00  3.8362554520518287E-07  1.3028983549300125E-07
  7.4057970207226758E+00  3.7362194203216558E-07  1.2836901335528805E-07
  7.4795787619924576E+00  3.6377917945152259E-07  1.2642840865467510E-07
  7.5540955686886297E+00  3.5410407481466309E-07  1.2447178667528661E-07
  7.6293547640482489E+00  3.4460269252858945E-07  1.2250278952636827E-07
  7.7053637442675651E+00  3.3528037099849000E-07  1.2052493073173378E-07
  7.7821299792289480E+00  3.2614174952384580E-07  1.1854158936480299E-07
  7.8596610132349696E+00  3.1719079203109464E-07  1.1655600125514848E-07
  7.9379644657498005E+00  3.0843080292797548E-07  1.1457124417223537E-07
  8.0170480321481126E+00  2.9986442619979533E-07  1.1259021254991510E-07
  8.0969194844712415E+00  2.9149361071847022E-07  1.1061557654656005E-07
  8.1775866721910511E+00  2.8331950624099742E-07  1.0864972081807141E-07
  8.2590575229813972E+00  2.7534220523800247E-07  1.0669466141238261E-07
  8.3413400434971159E+00  2.6756039162752334E-07  1.0475199741246829E-07
  8.4244423201609866E+00  2.5997198896287643E-07  1.0282310993930840E-07
  8.5083725199584066E+00  2.5257475101269519E-07  1.0090930053372857E-07
  8.5931388912399704E+00  2.4536629915184776E-07  9.9011797422279757E-08
  8.6787497645321618E+00  2.3834413278912968E-07  9.7131755902495775E-08
  8.7652135533559967E+00  2.3150563992829093E-07  9.5270259273376104E-08
  8.8525387550538674E+00  2.2484810845426702E-07  9.3428320856590606E-08
  8.9407339516246704E+00  2.1836873705305739E-07  9.1606886048080705E-08
  9.0298078105671920E+00  2.1206464308427225E-07  8.9806832185635480E-08
  9.1197690857318889E+00  2.0593286143507918E-07  8.8028962479204014E-08
  9.2106266181812408E+00  1.9997032085789604E-07  8.6273988457057660E-08
  9.3023893370585888E+00  1.9417376552074558E-07  8.4542494183702357E-08
  9.3950662604656348E+00  1.8853957407548994E-07  8.2834885045121849E-08
  9.4886664963487526E+00  1.8306383248896261E-07  8.1151428018943800E-08
  9.5831992433940680E+00  1.7774265472921095E-07  7.9492346619880686E-08
  9.6786737919314341E+00  1.7257222454831482E-07  7.7857833164303201E-08
  9.7750995248475121E+00  1.6754879507212259E-07  7.6248049839428710E-08
  9.8724859185078628E+00  1.6266868838384465E-07  7.4663129766096504E-08
  9.9708425436881942E+00  1.5792829480400586E-07  7.3103177776457709E-08
  1.0070179066515067E+01  1.5332407215732163E-07  7.1568271192133383E-08
  1.0170505249415712E+01  1.4885254590125074E-07  7.0058461359494040E-08
  1.0271830952077496E+01  1.4451031193989384E-07  6.8573777209383475E-08
  1.0374166132416969E+01  1.4029404602757172E-07  6.7114232775141260E-08
  1.0477520847558356E+01  1.3620052845449945E-07  6.5679841201408337E-08
  1.0581905254822040E+01  1.3222670266283032E-07  6.4270637186771281E-08
  1.0687329612722753E+01  1.2836970117097469E-07  6.2886679701252449E-08
  1.0793804281977708E+01  1.2462672209845405E-07  6.1528008566469426E-08
  1.0901339726524883E+01  1.2099499118788141E-07  6.0194633055938515E-08
  1.1009946514551332E+01  1.1747176393359263E-07  5.8886533372423324E-08
  1.1119635319531771E+01  1.1405432779745167E-07  5.7603662202205759E-08
  1.1230416921277582E+01  1.1074000413097305E-07  5.6345946135885217E-08
  1.1342302206996191E+01  1.0752614929122740E-07  5.5113286483997912E-08
  1.1455302172360973E+01  1.0441015388153917E-07  5.3905558611109004E-08
  1.1569427922591951E+01  1.0138943814979215E-07  5.2722608470400008E-08
  1.1684690673547127E+01  9.8461439843280791E-08  5.1564244536684075E-08
  1.1801101752824716E+01  9.5623587169914525E-08  5.0430222959854202E-08
  1.1918672600876441E+01  9.2873241078592284E-08  4.9320223846963685E-08
  1.2037414772131813E+01  9.0207632619248316E-08  4.8233836789789866E-08
  1.2157339936133639E+01  8.7623993091077938E-08  4.7170619628577109E-08
  1.2278459878684963E+01  8.5119647443607593E-08  4.6130134904452278E-08
  1.2400786503007188E+01  8.2692013959088740E-08  4.5111951057908633E-08
  1.2524331830909965E+01  8.0338600651017725E-08  4.4115642389547032E-08
  1.2649108003972701E+01  7.8057001857613341E-08  4.3140789059289340E-08
  1.2775127284737648E+01  7.5844895099559225E-08  4.2186977195445522E-08
  1.2902402057915141E+01  7.3700038209000228E-08  4.1253799117114209E-08
  1.3030944831600694E+01  7.1620266722580713E-08  4.0340853648049463E-08
  1.3160768238504188E+01  6.9603491507469323E-08  3.9447746464774465E-08
  1.3291885037191458E+01  6.7647696532168560E-08  3.8574090367601322E-08
  1.3424308113338114E+01  6.5750936566994720E-08  3.7719505300852041E-08
  1.3558050480995863E+01  6.3911334275482990E-08  3.6883617895819777E-08
  1.3693125283871552E+01  6.2127076240420345E-08  3.6066060581239289E-08
  1.3829545796618852E+01  6.0396409754762692E-08  3.5266471154851050E-08
  1.3967325426142800E+01  5.8717640587051961E-08  3.4484492754368004E-08
  1.4106477712917460E+01  5.7089130899929345E-08  3.3719773856820695E-08
  1.4247016332316585E+01  5.5509297254502871E-08  3.2971968278378102E-08
  1.4388955095957554E+01  5.3976608698444418E-08  3.2240735175904003E-08
  1.4532307953058794E+01  5.2489585007194862E-08  3.1525739116619073E-08
  1.4677088991810631E+01  5.1046795212176504E-08  3.0826650329073679E-08
  1.4823312440759755E+01  4.9646856645569173E-08  3.0143145293751645E-08
  1.4970992670207721E+01  4.8288434918216314E-08  2.9474907884880746E-08
  1.5120144193623009E+01  4.6970245633104855E-08  2.8821631320352962E-08
  1.5270781669067443E+01  4.5691059140835080E-08  2.8183021030171286E-08
  1.5422919900636829E+01  4.4449699370228815E-08  2.7558793854011088E-08
  1.5576573839915643E+01  4.3245028747188790E-08  2.6948671256067767E-08
  1.5731758587446594E+01  4.2075943620671330E-08  2.6352377789266724E-08
  1.5888489394214576E+01  4.0941373289008679E-08  2.5769641188126540E-08
  1.6046781663145435E+01  3.9840279061298409E-08  2.5200192455952650E-08
  1.6206650950619824E+01  3.8771653263290169E-08  2.4643765867055549E-08
  1.6368112968001949E+01  3.7734518091580711E-08  2.4100098798268151E-08
  1.6531183583183601E+01  3.6727924193284877E-08  2.3568931294731412E-08
  1.6695878822143673E+01  3.5750948781593243E-08  2.3050005251059725E-08
  1.6862214870523101E+01  3.4802692977841197E-08  2.2543063067807296E-08
  1.7030208075215473E+01  3.3882277836436106E-08  2.2047845632387936E-08
  1.7199874945973630E+01  3.2988838043926361E-08  2.1564089505193325E-08
  1.7371232157032154E+01  3.2121517370472514E-08  2.1091525968407043E-08
  1.7544296548745979E+01  3.1279481570455285E-08  2.0629888749754490E-08
  1.7719085129245531E+01  3.0461925129786588E-08  2.0178917861966494E-08
  1.7895615076108129E+01  2.9668070378539931E-08  1.9738359546225634E-08
  1.8073903738046102E+01  2.8897166439277051E-08  1.9307966115875099E-08
  1.8253968636611940E+01  2.8148488248418976E-08  1.8887495832898281E-08
  1.8435827467920003E+01  2.7421335686367237E-08  1.8476712851899805E-08
  1.8619498104385748E+01  2.6715032838821477E-08  1.8075387249562947E-08
  1.8804998596482285E+01  2.6028927419577391E-08  1.7683295156639402E-08
  1.8992347174514048E+01  2.5362390402090836E-08  1.7300219009007077E-08
  1.9181562250408625E+01  2.4714815938063893E-08  1.6925947930061031E-08
  1.9372662419526129E+01  2.4085621703830877E-08  1.6560278247233211E-08
  1.9565666462486629E+01  2.3474249427011883E-08  1.6203013871783489E-08
  1.9760593347015956E+01  2.2880161778974613E-08  1.5853964600191237E-08
  1.9957462229809718E+01  2.2302838693522442E-08  1.5512944320897694E-08
  2.0156292458415901E+01  2.1741776552795782E-08  1.5179770815397409E-08
  2.0357103573136378E+01  2.1196487645305400E-08  1.4854265695636960E-08
  2.0559915308947208E+01  2.0666499623065275E-08  1.4536254322769760E-08
  2.0764747597438060E+01  2.0151354922744226E-08  1.4225565674965543E-08
  2.0971620568771129E+01  1.9650610150302803E-08  1.3922032166886862E-08
  2.1180554553659402E+01  1.9163835440207700E-08  1.3625489437316012E-08
  2.1391570085364606E+01  1.8690613804590079E-08  1.3335776128255946E-08
  2.1604687901715280E+01  1.8230540498665487E-08  1.3052733690455398E-08
  2.1819928947144767E+01  1.7783222450586091E-08  1.2776206265322614E-08
  2.2037314374749421E+01  1.7348277863694184E-08  1.2506040716984008E-08
  2.2256865548367752E+01  1.6925336355694786E-08  1.2242086979242193E-08
  2.2478604044679642E+01  1.6514039259219466E-08  1.1984198420441817E-08
  2.2702551655327014E+01  1.6114039332623254E-08  1.1732231830799440E-08
  2.2928730389055520E+01  1.5725000373582436E-08  1.1486047345785279E-08
  2.3157162473877197E+01  1.5346596869556889E-08  1.1245508393148881E-08
  2.3387870359255238E+01  1.4978513748889303E-08  1.1010481724563509E-08
  2.3620876718310100E+01  1.4620446258103930E-08  1.0780837553860506E-08
  2.3856204450047702E+01  1.4272099966962190E-08  1.0556449795349614E-08
  2.4093876681609984E+01  1.3933190907400720E-08  1.0337196391512798E-08
  2.4333916770547674E+01  1.3603445858866799E-08  1.0122959711736016E-08
  2.4576348307115733E+01  1.3282602803112010E-08  9.9136269916737510E-09
  2.4821195116591849E+01  1.2970411577977259E-08  9.7090907581299424E-09
  2.5068481261617819E+01  1.2666633533929416E-08  9.5092484577877697E-09
  2.5318231044564286E+01  1.2371037914127544E-08  9.3140001543289363E-09
  2.5570469009919204E+01  1.2083400249286493E-08  9.1232476256599578E-09
  2.5825219946699931E+01  1.1803502170955476E-08  8.9368943407942800E-09
  2.6082508890889315E+01  1.1531131246575196E-08  8.7548454436205887E-09
  2.6342361127896289E+01  1.1266080773701201E-08  8.5770076932642919E-09
  2.6604802195040762E+01  1.1008149511751746E-08  8.4032893414353319E-09
  2.6869857884063205E+01  1.0757141355943871E-08  8.2335999546614342E-09
  2.7137554243659689E+01  1.0512864959030506E-08  8.0678501936713686E-09
  2.7407917582041492E+01  1.0275133305086867E-08  7.9059515656477923E-09
  2.7680974469520724E+01  1.0043763239635245E-08  7.7478161716432265E-09
  2.7956751741121739E+01  9.8185749624285437E-09  7.5933564813313161E-09
  2.8235276499218024E+01  9.5993917148625575E-09  7.4424853129471970E-09
  2.8516576116196017E+01  9.3860409564083596E-09  7.2951167768105798E-09
  2.8800678237145060E+01  9.1783553325199179E-09  7.1511669870004539E-09
  2.9087610782574171E+01  8.9761725811189565E-09  7.0105540632135609E-09
  2.9377401951156127E+01  8.7793353700324489E-09  6.8731980844894727E-09
  2.9670080222498665E+01  8.5876911413738352E-09  6.7390210453859602E-09
  2.9965674359943229E+01  8.4010919613458332E-09  6.6079468132977108E-09
  3.0264213413391946E+01  8.2193943473054143E-09  6.4799010606129281E-09
  3.0565726722162413E+01  8.0424590336450892E-09  6.3548111374815378E-09
  3.0870243917871001E+01  7.8701506261539905E-09  6.2326058454986142E-09
  3.1177794927345079E+01  7.7023370692598972E-09  6.1132150629795249E-09
  3.1488409975564085E+01  7.5388888019335841E-09  5.9965691599688530E-09
  3.1802119588629768E+01  7.3796775033418993E-09  5.8825982061834023E-09
  3.2118954596766407E+01  7.2245764632098345E-09  5.7712323915629733E-09
  3.2438946137350577E+01  7.0734628300592581E-09  5.6624036522869097E-09
  3.2762125657971147E+01  6.9262178715105136E-09  5.5560458911258451E-09
  3.3088524919519990E+01  6.7827268215531794E-09  5.4520949151486750E-09
  3.3418175999313256E+01  6.6428787477591195E-09  5.3504883886020477E-09
  3.3751111294243678E+01  6.5065664856469588E-09  5.2511658461587156E-09
  3.4087363523964754E+01  6.3736867645451347E-09  5.1540688832975085E-09
  3.4426965734105941E+01  6.2441406931366564E-09  5.0591416740738192E-09
  3.4769951299520386E+01  6.1178348186698246E-09  4.9663319869992159E-09
  3.5116353927565150E+01  5.9946830701068300E-09  4.8755929073948965E-09
  3.5466207661413350E+01  5.8746100785304084E-09  4.7868855278914797E-09
  3.5819546883400207E+01  5.7575566226295898E-09  4.7001828670124684E-09
  3.6176406318401874E+01  5.6434813105815153E-09  4.6154704896508279E-09
  3.6536821037247947E+01  5.5323469722673556E-09  4.5327364015370772E-09
  3.6900826460168311E+01  5.4241153359705394E-09  4.4519672580217571E-09
  3.7268458360274032E+01  5.3187471191586246E-09  4.3731484396510894E-09
  3.7639752867072851E+01  5.2162021817561959E-09  4.2962641715081285E-09
  3.8014746470020114E+01  5.1164396432790786E-09  4.2212976109948243E-09
  3.8393476022104700E+01  5.0194178531899072E-09  4.1482307992817145E-09
  3.8775978743470681E+01  4.9250940411572677E-09  4.0770443164245594E-09
  3.9162292225075412E+01  4.8334234384335437E-09  4.0077164620366426E-09
  3.9552454432383669E+01  4.7443575849377987E-09  3.9402217490404602E-09
  3.9946503709098856E+01  4.6578413865011678E-09  3.8745284421111282E-09
  4.0344478780931098E+01  4.5738082085945863E-09  3.8105948002117029E-09
  4.0746418759403312E+01  4.4921748701129166E-09  3.7483657794254141E-09
  4.1152363145694828E+01  4.4128519256460693E-09  3.6877812031064737E-09
  4.1562351834523291E+01  4.3357532279472497E-09  3.6287829186683928E-09
  4.1976425118065592E+01  4.2607962702896623E-09  3.5713150732271056E-09
  4.2394623689917552E+01  4.1879020089703347E-09  3.5153240073737720E-09
  4.2816988649093020E+01  4.1169947062420361E-09  3.4607581644957837E-09
  4.3243561504063088E+01  4.0480018263178098E-09  3.4075680468755497E-09
  4.3674384176835368E+01  3.9808540405734018E-09  3.3557062711697545E-09
  4.4109499007073879E+01  3.9154854094102820E-09  3.3051277829134780E-09
  4.4548948756259968E+01  3.8518338296868598E-09  3.2557903004280706E-09
  4.4992776611894925E+01  3.7898418798205249E-09  3.2076550778176424E-09
  4.5441026191744243E+01  3.7294582734619866E-09  3.1606881037573219E-09
  4.5893741548124005E+01  3.6706399547808794E-09  3.1148616489598645E-09
  4.6350967172230497E+01  3.6133503522466290E-09  3.0701527378298689E-09
  4.6812747998512492E+01  3.5575545674174233E-09  3.0265394244652703E-09
  4.7279129409087084E+01  3.5032186714545192E-09  2.9840002645092725E-09
  4.7750157238199982E+01  3.4503096903733169E-09  2.9425143157617137E-09
  4.8225877776729739E+01  3.3987955618304245E-09  2.9020611341169946E-09
  4.8706337776737136E+01  3.3486449481699759E-09  2.8626206840017607E-09
  4.9191584456059587E+01  3.2998267174483530E-09  2.8241729907851463E-09
  4.9681665502951887E+01  3.2523089804546693E-09  2.7866973221941966E-09
  5.0176629080772621E+01  3.2060575824324433E-09  2.7501706472338617E-09
  5.0676523832717372E+01  3.1610335011905462E-09  2.7145650481463178E-09
  5.1181398886599510E+01  3.1171881288107143E-09  2.6798436523948343E-09
  5.1691303859678079E+01  3.0744555224429787E-09  2.6459546533309837E-09
  5.2206288863533921E+01  3.0327507148380631E-09  2.6128306823665866E-09
  5.2726404508994712E+01  2.9919869590024870E-09  2.5804027677334788E-09
  5.3251701911108611E+01  2.9520814832642565E-09  2.5486048823672332E-09
  5.3782232694167796E+01  2.9129553305752548E-09  2.5173738344552021E-09
  5.4318048996781648E+01  2.8745331581333698E-09  2.4866491223162179E-09
  5.4859203477001081E+01  2.8367431331536959E-09  2.4563728747918701E-09
  5.5405749317493473E+01  2.7995171776880932E-09  2.4264901183854635E-09
  5.5957740230768970E+01  2.7627919228740432E-09  2.3969497089772696E-09
  5.6515230464459620E+01  2.7265108210369278E-09  2.3677063255079774E-09
  5.7078274806650413E+01  2.6906280418966145E-09  2.3387240343555389E-09
  5.7646928591263439E+01  2.6551151028287967E-09  2.3099821051055996E-09
  5.8221247703496289E+01  2.6199717392923717E-09  2.2814839836200929E-09
  5.8801288585314040E+01  2.5852358010389715E-09  2.2532646448589571E-09
  5.9387108240996220E+01  2.5509607633219868E-09  2.2253717275471053E-09
  5.9978764242738777E+01  2.5171978303963486E-09  2.1978510625880033E-09
  6.0576314736312412E+01  2.4839952546506681E-09  2.1707461179152156E-09
  6.1179818446776757E+01  2.4513984624148245E-09  2.1440980886396552E-09
  6.1789334684251472E+01  2.4194501691398253E-09  2.1179459765684929E-09
  6.2404923349745367E+01  2.3881903381864459E-09  2.0923265235384853E-09
  6.3026644941043138E+01  2.3576557451505600E-09  2.0672737747815292E-09
  6.3654560558650580E+01  2.3278788535707250E-09  2.0428180032121015E-09
  6.4288731911799786E+01  2.2988856018956700E-09  2.0189836511266977E-09
  6.4929221324513449E+01  2.2706915046203445E-09  1.9957858240163806E-09
  6.5576091741729684E+01  2.2432951271718384E-09  1.9732246978678082E-09
  6.6229406735488396E+01  2.2166691012109892E-09  1.9512783252039949E-09
  6.6889230511178667E+01  2.1907679508744718E-09  1.9299096365141315E-09
  6.7555627913848710E+01  2.1655459979782078E-09  1.9090812946853060E-09
  6.8228664434578363E+01  2.1409594307490883E-09  1.8887573950562773E-09
  6.8908406216915736E+01  2.1169661956401188E-09  1.8689033830947980E-09
  6.9594920063377302E+01  2.0935258966681767E-09  1.8494859780731002E-09
  7.0288273442012880E+01  2.0705997250091058E-09  1.8304731246404547E-09
  7.0988534493036411E+01  2.0481504690040944E-09  1.8118340191543930E-09
  7.1695772035522509E+01  2.0261426708381758E-09  1.7935392708628506E-09
  7.2410055574169363E+01  2.0045430157832169E-09  1.7755612744239831E-09
  7.3131455306129965E+01  1.9833210774517212E-09  1.7578748981655175E-09
  7.3860042127910418E+01  1.9624506127372908E-09  1.7404586329054761E-09
  7.4595887642337630E+01  1.9419116404212883E-09  1.7232963376654433E-09
  7.5339064165595843E+01  1.9216905695834282E-09  1.7063772407506885E-09
  7.6089644734334016E+01  1.9017755497643411E-09  1.6896919917554077E-09
  7.6847703112843419E+01  1.8821551022600400E-09  1.6732315187108042E-09
  7.7613313800306670E+01  1.8628181015533159E-09  1.6569870136527849E-09
  7.8386552038119717E+01  1.8437537622929545E-09  1.6409499246383775E-09
  7.9167493817285987E+01  1.8249516292567003E-09  1.6251119496797475E-09
  7.9956215885884347E+01  1.8064015835381880E-09  1.6094650431479513E-09
  8.0752795756612102E+01  1.7880938781862203E-09  1.5940014505321324E-09
  8.1557311714402218E+01  1.7700192232211764E-09  1.5787137915772837E-09
  8.2369842824117171E+01  1.7521689542575847E-09  1.5635952192063527E-09
  8.3190468938318801E+01  1.7345353351207201E-09  1.5486396926942348E-09
  8.4019270705116327E+01  1.7171120663980278E-09  1.5338424177865232E-09
  8.4856329576092037E+01  1.6998947040128470E-09  1.5192001847274783E-09
  8.5701727814305642E+01  1.6828796155024960E-09  1.5047104597407381E-09
  8.6555548502379438E+01  1.6660632652507465E-09  1.4903707767485059E-09
  8.7417875550663041E+01  1.6494421872699726E-09  1.4761787156274218E-09
  8.8288793705479506E+01  1.6330129855532129E-09  1.4621319011974982E-09
  8.9168388557454421E+01  1.6167723341901777E-09  1.4482280021728085E-09
  9.0056746549927112E+01  1.6007169700304016E-09  1.4344647272638952E-09
  9.0953954987446153E+01  1.5848436774904057E-09  1.4208398128732487E-09
  9.1860102044348920E+01  1.5691492596770719E-09  1.4073509951731042E-09
  9.2775276773427649E+01  1.5536304807973992E-09  1.3939959566089077E-09
  9.3699569114680898E+01  1.5382839617692736E-09  1.3807722325492929E-09
  9.4633069904152293E+01  1.5231060051163434E-09  1.3676770576039153E-09
  9.5575870882858013E+01  1.5080923637415830E-09  1.3547071687796205E-09
  9.6528064705802635E+01  1.4932384612258712E-09  1.3418590036086474E-09
  9.7489744951084504E+01  1.4785398060149343E-09  1.3291290600435805E-09
  9.8461006129092880E+01  1.4639920308984331E-09  1.3165139310327265E-09
  9.9441943691795643E+01  1.4495908913423735E-09  1.3040103024832272E-09
  1.0043265404212025E+02  1.4353322569719933E-09  1.2916149497302132E-09
  1.0143323454342733E+02  1.4212121053555339E-09  1.2793247338350284E-09
  1.0244378352907991E+02  1.4072265267616513E-09  1.2671366034028721E-09
  1.0346440031210690E+02  1.3933717401181973E-09  1.2550476097631555E-09
  1.0449518519496293E+02  1.3796441348229754E-09  1.2430549461558281E-09
  1.0553623947938623E+02  1.3660403561657539E-09  1.2311560263734094E-09
  1.0658766547635403E+02  1.3525574594494428E-09  1.2193486253873655E-09
  1.0764956651613693E+02  1.3391931652264301E-09  1.2076311033660852E-09
  1.0872204695845436E+02  1.3259458637447377E-09  1.1960024013353445E-09
  1.0980521220273037E+02  1.3128141018953570E-09  1.1844615906718445E-09
  1.1089916869845210E+02  1.2997964518708136E-09  1.1730077602325408E-09
  1.1200402395563071E+02  1.2868915103484922E-09  1.1616400160108934E-09
  1.1311988655536780E+02  1.2740979012318137E-09  1.1503574819137000E-09
  1.1424686616052604E+02  1.2614142806672063E-09  1.1391593013390813E-09
  1.1538507352650605E+02  1.2488393371876686E-09  1.1280446390620642E-09
  1.1653462051213174E+02  1.2363717891531075E-09  1.1170126826628631E-09
  1.1769562009064302E+02  1.2240103866727473E-09  1.1060626424845066E-09
  1.1886818636079811E+02  1.2117539080093637E-09  1.0951937486351329E-09
  1.2005243455808730E+02  1.1996011478102348E-09  1.0844052428277743E-09
  1.2124848106605761E+02  1.1875509015527094E-09  1.0736963618847844E-09
  1.2245644342775056E+02  1.1756019493539564E-09  1.0630663212879507E-09
  1.2367644035725354E+02  1.1637530785334138E-09  1.0525143365455387E-09
  1.2490859175136723E+02  1.1520030994356630E-09  1.0420396378427015E-09
  1.2615301870138831E+02  1.1403508447272792E-09  1.0316414700530418E-09
  1.2740984350500946E+02  1.1287951664204117E-09  1.0213190919584763E-09
  1.2867918967833904E+02  1.1173349343941126E-09  1.0110717757832179E-09
  1.2996118196803954E+02  1.1059690416747112E-09  1.0008988087681957E-09
  1.3125594636358670E+02  1.0946964139013728E-09  9.9079949931253906E-10
  1.3256361010965213E+02  1.0835160187867461E-09  9.8077319125641048E-10
  1.3388430171860799E+02  1.0724268959460482E-09  9.7081929153395217E-10
  1.3521815098315679E+02  1.0614282157405522E-09  9.6093731890341333E-10
  1.3656528898908664E+02  1.0505193657165288E-09  9.5112698505575788E-10
  1.3792584812815451E+02  1.0397000609814853E-09  9.4138829362721927E-10
  1.3929996211109685E+02  1.0289702120865816E-09  9.3172141870418671E-10
  1.4068776598076980E+02  1.0183297265070561E-09  9.2212652796827955E-10
  1.4208939612542153E+02  1.0077784935769239E-09  9.1260376835501133E-10
  1.4350499029209550E+02  9.9731638710850153E-10  9.0315326678222173E-10
  1.4493468760016736E+02  9.8694326427085215E-10  8.9377513077158571E-10
  1.4637862855501800E+02  9.7665896252338346E-10  8.8446944791720779E-10
  1.4783695506184117E+02  9.6646329670915955E-10  8.7523628314560062E-10
  1.4930981043958980E+02  9.5635605287742384E-10  8.6607567229518747E-10
  1.5079733943506028E+02  9.4633697646923151E-10  8.5698760986650634E-10
  1.5229968823711852E+02  9.3640575102444744E-10  8.4797202785956983E-10
  1.5381700449106631E+02  9.2656195995671736E-10  8.3902876130539007E-10
  1.5534943731315104E+02  9.1680502724310633E-10  8.3015749799965506E-10
  1.5689713730522109E+02  9.0713423324371637E-10  8.2135779519201203E-10
  1.5846025656952614E+02  8.9754883708559286E-10  8.1262918912720475E-10
  1.6003894872366450E+02  8.8804810297223837E-10  8.0397121763439561E-10
  1.6163336891568116E+02  8.7863130318237867E-10  7.9538342014185892E-10
  1.6324367383931468E+02  8.6929771825028239E-10  7.8686533767059334E-10
  1.6487002174939644E+02  8.6004663477849256E-10  7.7841651362266298E-10
  1.6651257247740310E+02  8.5087734743444664E-10  7.7003649629114008E-10
  1.6817148744716479E+02  8.4178916454129573E-10  7.6172484433329409E-10
  1.6984692969072924E+02  8.3278141895264532E-10  7.5348113708003670E-10
  1.7153906386438300E+02  8.2385349156997003E-10  7.4530499246513295E-10
  1.7324805626483464E+02  8.1500484605320219E-10  7.3719609669758624E-10
  1.7497407484555706E+02  8.0623507510659699E-10  7.2915425132131786E-10
  1.7671728923329280E+02  7.9754392437642145E-10  7.2117939653554353E-10
  1.7847787074472552E+02  7.8893118062007678E-10  7.1327150629793648E-10
  1.8025599240331562E+02  7.8039661808235127E-10  7.0543053848286984E-10
  1.8205182895630460E+02  7.7193999738248024E-10  6.9765643430710015E-10
  1.8386555689188796E+02  7.6356106573288852E-10  6.8994911871201246E-10
  1.8569735445656084E+02  7.5525955646170964E-10  6.8230850088642208E-10
  1.8754740167263503E+02  7.4703518870292043E-10  6.7473447564208808E-10
  1.8941588035593003E+02  7.3888767126564867E-10  6.6722692692043724E-10
  1.9130297413364275E+02  7.3081671406178850E-10  6.5978573523555661E-10
  1.9320886846239287E+02  7.2282204433315915E-10  6.5241079173422720E-10
  1.9513375064644825E+02  7.1490342970924773E-10  6.4510202290222499E-10
  1.9707780985613388E+02  7.0706072170936857E-10  6.3785943193936936E-10
  1.9904123714642188E+02  6.9929391381243927E-10  6.3068314636614429E-10
  2.0102422547570816E+02  6.9160306881849254E-10  6.2357335003614012E-10
  2.0302696972477477E+02  6.8398822805720059E-10  6.1653020206074059E-10
  2.0504966671594340E+02  6.7644940386097707E-10  6.0955383204763601E-10
  2.0709251523241755E+02  6.6898657604368348E-10  6.0264434116421297E-10
  2.0915571603781794E+02  6.6159969389201427E-10  5.9580180339613746E-10
  2.1123947189591360E+02  6.5428868226854721E-10  5.8902626693332178E-10
  2.1334398759054849E+02  6.4705344823805496E-10  5.8231775584565242E-10
  2.1546946994576615E+02  6.3989388122898366E-10  5.7567627230209426E-10
  2.1761612784613675E+02  6.3280985115662697E-10  5.6910179972717586E-10
  2.1978417225728489E+02  6.2580121201216933E-10  5.6259430755260065E-10
  2.2197381624662279E+02  6.1886781204177408E-10  5.5615375866050217E-10
  2.2418527500428885E+02  6.1200950813917628E-10  5.4978012025701448E-10
  2.2641876586429723E+02  6.0522616432631440E-10  5.4347335947501655E-10
  2.2867450832589583E+02  5.9851762843663651E-10  5.3723342185306619E-10
  2.3095272407513730E+02  5.9188371775867684E-10  5.3106022824710483E-10
  2.3325363700666674E+02  5.8532421902044319E-10  5.2495367550105707E-10
  2.3557747324572478E+02  5.7883890293951100E-10  5.1891363693268008E-10
  2.3792446117036937E+02  5.7242752276854195E-10  5.1293996266300047E-10
  2.4029483143392156E+02  5.6608980517111132E-10  5.0703247932969775E-10
  2.4268881698763244E+02  5.5982544842322833E-10  5.0119098843960884E-10
  2.4510665310357604E+02  5.5363412240324209E-10  4.9541526233323291E-10
  2.4754857739777250E+02  5.4751546101465151E-10  4.8970503622790419E-10
  2.5001482985353891E+02  5.4146904355731479E-10  4.8405999403984634E-10
  2.5250565284507485E+02  5.3549436684700713E-10  4.7847974492968002E-10
  2.5502129116128063E+02  5.2959083744339777E-10  4.7296381491034574E-10
  2.5756199202981611E+02  5.2375783392426043E-10  4.6751170143359302E-10
  2.6012800514139622E+02  5.1799473153720553E-10  4.6212289590195575E-10
  2.6271958267432922E+02  5.1230090249936991E-10  4.5679688441711575E-10
  2.6533697931930107E+02  5.0667571258211291E-10  4.5153314841743507E-10
  2.6798045230440511E+02  5.0111852480991324E-10  4.4633116538159291E-10
  2.7065026142042018E+02  4.9562870810513758E-10  4.4119040892259329E-10
  2.7334666904634395E+02  4.9020563025438231E-10  4.3611034715965432E-10
  2.7606994017517729E+02  4.8484864179928335E-10  4.3109043777198778E-10
  2.7882034243996736E+02  4.7955706670580690E-10  4.2613011734399566E-10
  2.8159814614010850E+02  4.7433018673765485E-10  4.2122878140370900E-10
  2.8440362426790796E+02  4.6916720318516222E-10  4.1638574979673932E-10
  2.8723705253541368E+02  4.6406719459228376E-10  4.1160022915930320E-10
  2.9009870940150944E+02  4.5902918258463603E-10  4.0687137379231686E-10
  2.9298887609928249E+02  4.5405219762237963E-10  4.0219834665259885E-10
  2.9590783666366133E+02  4.4913528186485390E-10  3.9758032262990740E-10
  2.9885587795932850E+02  4.4427749623251167E-10  3.9301648852905530E-10
  3.0183328970891444E+02  4.3947792441936871E-10  3.8850604277734087E-10
  3.0484036452146950E+02  4.3473565342558218E-10  3.8404819237091267E-10
  3.0787739792122051E+02  4.3004975622711605E-10  3.7964214211029699E-10
  3.1094468837661304E+02  4.2541927930902368E-10  3.7528706882968494E-10
  3.1404253732964548E+02  4.2084318536803963E-10  3.7098206962520024E-10
  3.1717124922549260E+02  4.1632023762820440E-10  3.6672606728001715E-10
  3.2033113154242449E+02  4.1184881730964468E-10  3.6251764735524253E-10
  3.2352249482202643E+02  4.0742666206774046E-10  3.5835482008877077E-10
  3.2674565269971646E+02  4.0305101909134242E-10  3.5423515751237596E-10
  3.3000092193556759E+02  3.9871915914825908E-10  3.5015625534028243E-10
  3.3328862244543967E+02  3.9442845044607221E-10  3.4611579919915578E-10
  3.3660907733241845E+02  3.9017635463973062E-10  3.4211156239366562E-10
  3.3996261291856928E+02  3.8596042051710068E-10  3.3814140376085928E-10
  3.4334955877700560E+02  3.8177828851877195E-10  3.3420326850348865E-10
  3.4677024776428044E+02  3.7762771573076116E-10  3.3029519931901173E-10
  3.5022501605309702E+02  3.7350661052596691E-10  3.2641536919017560E-10
  3.5371420316534568E+02  3.6941310076275666E-10  3.2256215295769531E-10
  3.5723815200547278E+02  3.6534569268378591E-10  3.1873426403635694E-10
  3.6079720889417928E+02  3.6130355252051314E-10  3.1493099663574749E-10
  3.6439172360245470E+02  3.5728695183593939E-10  3.1115262525570486E-10
  3.6802204938595327E+02  3.5329738452884231E-10  3.0740051223792731E-10
  3.7168854301970930E+02  3.4933660028681067E-10  3.0367624571483041E-10
  3.7539156483320062E+02  3.4540626893047928E-10  2.9998133825399549E-10
  3.7913147874575873E+02  3.4150798183426540E-10  2.9631722556984794E-10
  3.8290865230233555E+02  3.3764325270215632E-10  2.9268526867504921E-10
  3.8672345670962414E+02  3.3381351274936175E-10  2.8908675347394504E-10
  3.9057626687253594E+02  3.3002009160842970E-10  2.8552287618481473E-10
  3.9446746143105105E+02  3.2626416394937160E-10  2.8199469450977296E-10
  3.9839742279742711E+02  3.2254661913841191E-10  2.7850301400038631E-10
  4.0236653719377546E+02  3.1886779066517867E-10  2.7504816194404264E-10
  4.0637519469002825E+02  3.1522698021488177E-10  2.7162957464642924E-10
  4.1042378924226642E+02  3.1162166095470757E-10  2.6824508482464490E-10
  4.1451271873143634E+02  3.0804670509466854E-10  2.6489022698999216E-10
  4.1864238500245295E+02  3.0449592631115564E-10  2.6155960730272759E-10
  4.2281319390369453E+02  3.0096335279308638E-10  2.5824803842199248E-10
  4.2702555532688291E+02  2.9744328239820840E-10  2.5495058615318547E-10
  4.3127988324736850E+02  2.9393028128426872E-10  2.5166256605872717E-10
  4.3557659576481711E+02  2.9041918029673867E-10  2.4837954185185395E-10
  4.3991611514429360E+02  2.8690508759428166E-10  2.4509733353406755E-10
  4.4429886785776358E+02  2.8338343249962275E-10  2.4181205159209918E-10
  4.4872528462600809E+02  2.7985006739423934E-10  2.3852018260275734E-10
  4.5319580046094762E+02  2.7630148165086974E-10  2.3521876599772532E-10
  4.5771085470839648E+02  2.7273519052913478E-10  2.3190572428379400E-10
  4.6227089109124262E+02  2.6915039012101645E-10  2.2858044314136370E-10
  4.6687635775304977E+02  2.6554888898186903E-10  2.2524460037315749E-10
  4.7152770730210193E+02  2.6193438151573497E-10  2.2190152740689827E-10
  4.7622539685588691E+02  2.5831065774908026E-10  2.1855463063755195E-10
  4.8096988808601446E+02  2.5468138093936842E-10  2.1520719480063708E-10
  4.8576164726359070E+02  2.5105008649238369E-10  2.1186238128967710E-10
  4.9060114530504416E+02  2.4742018013025312E-10  2.0852322694386130E-10
  4.9548885781839988E+02  2.4379493370716954E-10  2.0519264144792144E-10
  5.0042526515002373E+02  2.4017747391487486E-10  2.0187339856479270E-10
  5.0541085243183153E+02  2.3657075072323614E-10  1.9856811347845203E-10
  5.1044610962896030E+02  2.3297747402071672E-10  1.9527919417192014E-10
  5.1553153158792350E+02  2.2940000749404734E-10  1.9200874780560156E-10
  5.2066761808524507E+02  2.2584018157285937E-10  1.8875841241736198E-10
  5.2585487387657031E+02  2.2229897018407696E-10  1.8552907836209914E-10
  5.3109380874627391E+02  2.1877645588100538E-10  1.8232086335099694E-10
  5.3638493755756292E+02  2.1527254356209613E-10  1.7913373208392713E-10
  5.4172878030306970E+02  2.1178717563992125E-10  1.7596767905366114E-10
  5.4712586215595729E+02  2.0832033268688168E-10  1.7282272878082404E-10
  5.5257671352153443E+02  2.0487203024725114E-10  1.6969893487955879E-10
  5.5808187008938035E+02  2.0144231750096146E-10  1.6659637952674663E-10
  5.6364187288598259E+02  1.9803128077329931E-10  1.6351517507075750E-10
  5.6925726832792054E+02  1.9463905417542652E-10  1.6045547083118759E-10
  5.7492860827555899E+02  1.9126584134351464E-10  1.5741746983794845E-10
  5.8065645008727529E+02  1.8791195426286045E-10  1.5440146300086151E-10
  5.8644135667424837E+02  1.8457788496690358E-10  1.5140789242710607E-10
  5.9228389655577359E+02  1.8126443806811382E-10  1.4843746170888671E-10
  5.9818464391512634E+02  1.7797284103435153E-10  1.4549122699270271E-10
  6.0414417865600569E+02  1.7470445804457914E-10  1.4257035482209623E-10
  6.1016308645951676E+02  1.7146059253668042E-10  1.3967595732583956E-10
  6.1624195884172798E+02  1.6824248271096130E-10  1.3680908706061038E-10
  6.2238139321180506E+02  1.6505130462629850E-10  1.3397073770575782E-10
  6.2858199293072676E+02  1.6188817370068484E-10  1.3116184469700414E-10
  6.3484436737057297E+02  1.5875414493622177E-10  1.2838328477995856E-10
  6.4116913197441556E+02  1.5565020606229265E-10  1.2563587244519330E-10
  6.4755690831680511E+02  1.5257726281686439E-10  1.2292035009459587E-10
  6.5400832416485025E+02  1.4953611262799460E-10  1.2023736703567312E-10
  6.6052401353991513E+02  1.4652739588179915E-10  1.1758743968423525E-10
  6.6710461677993328E+02  1.4355151149225545E-10  1.1497088126143117E-10
  6.7375078060232977E+02  1.4060850638044931E-10  1.1238770721290705E-10
  6.8046315816758192E+02  1.3769820672316688E-10  1.0983774283488682E-10
  6.8724240914341340E+02  1.3482044909887755E-10  1.0732081375505974E-10
  6.9408919976961647E+02  1.3197509874510343E-10  1.0483676424753495E-10
  7.0100420292353078E+02  1.2916203458948948E-10  1.0238545608596835E-10
  7.0798809818617622E+02  1.2638114905941438E-10  9.9966767416153732E-11
  7.1504157190903084E+02  1.2363235879685462E-10  9.7580592642198348E-11
  7.2216531728148732E+02  1.2091561387276080E-10  9.5226845783654858E-11
  7.2936003439898116E+02  1.1823091077337276E-10  9.2905471210676448E-11
  7.3662643033178506E+02  1.1557831752240287E-10  9.0616467779779870E-11
  7.4396521919450140E+02  1.1295802951958748E-10  8.8359935728986778E-11
  7.5137712221624713E+02  1.1037047814056859E-10  8.6136160763083711E-11
  7.5886286781152523E+02  1.0781649538606519E-10  8.3945749842448131E-11
  7.6642319165181391E+02  1.0529727769064672E-10  8.1789607489275144E-11
  7.7405883673787150E+02  1.0281399639341085E-10  7.9668613752839915E-11
  7.8177055347274552E+02  1.0036770626924286E-10  7.7583547610026564E-11
  7.8955909973552525E+02  9.7959354843707351E-11  7.5535090338938963E-11
  7.9742524095582689E+02  9.5589788564591891E-11  7.3523829302804665E-11
  8.0536975018900887E+02  9.3259747920714796E-11  7.1550261392911983E-11
  8.1339340819214840E+02  9.0969865460652957E-11  6.9614794587130971E-11
  8.2149700350077705E+02  8.8720662171200550E-11  6.7717745025700783E-11
  8.2968133250636572E+02  8.6512531845942944E-11  6.5859325679885127E-11
  8.3794719953459446E+02  8.4345712904242559E-11  6.4039620576816195E-11
  8.4629541692440341E+02  8.2220226473911369E-11  6.2258535311004996E-11
  8.5472680510782482E+02  8.0135764906003549E-11  6.0515710189163236E-11
  8.6324219269059870E+02  7.8091627306834881E-11  5.8810466674415009E-11
  8.7184241653362744E+02  7.6086992636667257E-11  5.7142030377134439E-11
  8.8052832183520809E+02  7.4121070666107204E-11  5.5509654685381355E-11
  8.8930076221408501E+02  7.2193106271843920E-11  5.3912622512073550E-11
  8.9816059979336148E+02  7.0302380772988168E-11  5.2350244764268910E-11
  9.0710870528521582E+02  6.8448209950731476E-11  5.0821858922689056E-11
  9.1614595807645992E+02  6.6629937509308121E-11  4.9326828117915556E-11
  9.2527324631498504E+02  6.4846934371281041E-11  4.7864541440122423E-11
  9.3449146699703238E+02  6.3098607340949371E-11  4.6434416595471404E-11
  9.4380152605534477E+02  6.1384410988540969E-11  4.5035906608548533E-11
  9.5320433844820150E+02  5.9703864615078455E-11  4.3668513177570582E-11
  9.6270082824934423E+02  5.8056581491465026E-11  4.2331810666252626E-11
  9.7229192873877855E+02  5.6442304159628487E-11  4.1025475848107970E-11
  9.8197858249450019E+02  5.4860842511575517E-11  3.9749239565300173E-11
  9.9176174148513280E+02  5.3311992536414925E-11  3.8502821857097954E-11
  1.0016423671634735E+03  5.1795530212913940E-11  3.7285927407290566E-11
  1.0116214305609859E+03  5.0311212418853799E-11  3.6098246446555443E-11
  1.0216999123832358E+03  4.8858778918703080E-11  3.4939455640192215E-11
  1.0318788031062588E+03  4.7437955700257188E-11  3.3809218847075882E-11
  1.0421591030739078E+03  4.6048455448442352E-11  3.2707187489660609E-11
  1.0525418225961682E+03  4.4689971766317276E-11  3.1633000135418531E-11
  1.0630279820484354E+03  4.3362174120507395E-11  3.0586280689582574E-11
  1.0736186119717995E+03  4.2064706206564955E-11  2.9566634284379069E-11
  1.0843147531743307E+03  4.0797178522094802E-11  2.8573639470263053E-11
  1.0951174568333513E+03  3.9559150824979663E-11  2.7606835674190221E-11
  1.1060277845987491E+03  3.8350138577425897E-11  2.6665729930849776E-11
  1.1170468086973194E+03  3.7169655585970087E-11  2.5749830217441921E-11
  1.1281756120381256E+03  3.6017224350482392E-11  2.4858652039016790E-11
  1.1394152883189295E+03  3.4892376202591799E-11  2.3991718149857810E-11
  1.1507669421336848E+03  3.3794648994859120E-11  2.3148558276407588E-11
  1.1622316890810766E+03  3.2723584092120202E-11  2.2328708869649089E-11
  1.1738106558741667E+03  3.1678727803459550E-11  2.1531712935070027E-11
  1.1855049804511289E+03  3.0659638505715904E-11  2.0757120018607133E-11
  1.1973158120870676E+03  2.9665888097639848E-11  2.0004486464782631E-11
  1.2092443115069716E+03  2.8697053728145600E-11  1.9273376122699370E-11
  1.2212916509997931E+03  2.7752716111932677E-11  1.8563361766398722E-11
  1.2334590145336410E+03  2.6832468151831679E-11  1.7874027605526055E-11
  1.2457475978721445E+03  2.5935918596658865E-11  1.7204970234775845E-11
  1.2581586086919733E+03  2.5062681390900673E-11  1.6555791359342192E-11
  1.2706932667015215E+03  2.4212370274696339E-11  1.5926094509831101E-11
  1.2833528037607571E+03  2.3384599685432794E-11  1.5315485115786050E-11
  1.2961384640023166E+03  2.2578986542688928E-11  1.4723570648586846E-11
  1.3090515039537586E+03  2.1795149993338844E-11  1.4149960765803737E-11
  1.3220931926610328E+03  2.1032709795492843E-11  1.3594267451515464E-11
  1.3352648118132315E+03  2.0291284794634610E-11  1.3056105142629530E-11
  1.3485676558685316E+03  1.9570493262999963E-11  1.2535090826286575E-11
  1.3620030321813929E+03  1.8869956346191590E-11  1.2030844085684782E-11
  1.3755722611310746E+03  1.8189299140274012E-11  1.1542987059511115E-11
  1.3892766762513756E+03  1.7528145440209904E-11  1.1071144261368680E-11
  1.4031176243616885E+03  1.6886114458494622E-11  1.0614942347966447E-11
  1.4170964656993644E+03  1.6262824841148703E-11  1.0174010902022995E-11
  1.4312145740534008E+03  1.5657899969068095E-11  9.7479832797458956E-12
  1.4454733368994362E+03  1.5070968932230456E-11  9.3364967473978956E-12
  1.4598741555361132E+03  1.4501664113735547E-11  8.9391925647827154E-12
  1.4744184452228035E+03  1.3949619439213320E-11  8.5557160662824812E-12
  1.4891076353186750E+03  1.3414470418890205E-11  8.1857167331016441E-12
  1.5039431694231739E+03  1.2895854819042882E-11  7.8288482424345572E-12
  1.5189265055179053E+03  1.2393412908072983E-11  7.4847684718472481E-12
  1.5340591161098996E+03  1.1906787276024987E-11  7.1531394265631351E-12
  1.5493424883763344E+03  1.1435623380488163E-11  6.8336270406779295E-12
  1.5647781243106988E+03  1.0979570433186528E-11  6.5259007776638297E-12
  1.5803675408703834E+03  1.0538279140088270E-11  6.2296330018091899E-12
  1.5961122701257730E+03  1.0111399637894434E-11  5.9444996292627086E-12
  1.6120138594108198E+03  9.6985850010969321E-12  5.6701820379889691E-12
  1.6280738714750928E+03  9.2994934693821968E-12  5.4063673555709578E-12
  1.6442938846373672E+03  8.9137882855514577E-12  5.1527484191559113E-12
  1.6606754929407466E+03  8.5411379636605224E-12  4.9090237385891777E-12
  1.6772203063092984E+03  8.1812167439612672E-12  4.6748974646931276E-12
  1.6939299507062831E+03  7.8337038965631335E-12  4.4500793681275100E-12
  1.7108060682939565E+03  7.4982829429190859E-12  4.2342848378376367E-12
  1.7278503175949363E+03  7.1746416115101620E-12  4.0272349124449957E-12
  1.7450643736552045E+03  6.8624721883685295E-12  3.8286563647139027E-12
  1.7624499282087359E+03  6.5614722714526008E-12  3.6382818695793392E-12
  1.7800086898437351E+03  6.2713462635847636E-12  3.4558502957660848E-12
  1.7977423841705593E+03  5.9918056824624766E-12  3.2811067073931768E-12
  1.8156527539913166E+03  5.7225657384300239E-12  3.1138013522746185E-12
  1.8337415594711210E+03  5.4633437256465904E-12  2.9536893009802124E-12
  1.8520105783110848E+03  5.2138606718614762E-12  2.8005304752715805E-12
  1.8704616059230325E+03  4.9738422198572564E-12  2.6540896770314420E-12
  1.8890964556059434E+03  4.7430184790835343E-12  2.5141366120881942E-12
  1.9079169587241295E+03  4.5211239938225509E-12  2.3804459085985967E-12
  1.9269249648872610E+03  4.3078974857197805E-12  2.2527971292938762E-12
  1.9461223421321165E+03  4.1030816031611919E-12  2.1309747765507468E-12
  1.9655109771061420E+03  3.9064228996701414E-12  2.0147682886937777E-12
  1.9850927752529128E+03  3.7176719238320062E-12  1.9039720250554138E-12
  2.0048696609993676E+03  3.5365833105064472E-12  1.7983852359425452E-12
  2.0248435779449121E+03  3.3629164041610185E-12  1.6978120302419934E-12
  2.0450164890524757E+03  3.1964365155618160E-12  1.6020614333283561E-12
  2.0653903768413957E+03  3.0369143562320691E-12  1.5109474267618703E-12
  2.0859672435822499E+03  2.8841234715812702E-12  1.4242889215951471E-12
  2.1067491114936379E+03  2.7378399752068690E-12  1.3419097244476549E-12
  2.1277380229409318E+03  2.5978447000416923E-12  1.2636385000446680E-12
  2.1489360406369665E+03  2.4639243266358764E-12  1.1893087304582890E-12
  2.1703452478447680E+03  2.3358713392396139E-12  1.1187586714307171E-12
  2.1919677485823017E+03  2.2134834173127556E-12  1.0518313063074835E-12
  2.2138056678292214E+03  2.0965625724612639E-12  9.8837429831122012E-13
  2.2358611517357190E+03  1.9849148349230523E-12  9.2823994219382877E-13
  2.2581363678334510E+03  1.8783503446937024E-12  8.7128511676845747E-13
  2.2806335052485315E+03  1.7766833872319856E-12  8.1737123798552916E-13
  2.3033547749166819E+03  1.6797325953276140E-12  7.6636417695206493E-13
  2.3263024098005303E+03  1.5873216743027614E-12  7.1813415532234740E-13
  2.3494786651090294E+03  1.4992799901727288E-12  6.7255567601457917E-13
  2.3728858185191039E+03  1.4154416496485777E-12  6.2950745737700910E-13
  2.3965261703995075E+03  1.3356441825445045E-12  5.8887236484141413E-13
  2.4204020440368654E+03  1.2597288739562129E-12  5.5053734023287022E-13
  2.4445157858640123E+03  1.1875416045816083E-12  5.1439332902186340E-13
  2.4688697656906070E+03  1.1189329990794690E-12  4.8033520590609280E-13
  2.4934663769359981E+03  1.0537582250169379E-12  4.4826169921703929E-13
  2.5183080368644551E+03  9.9187665240755733E-13  4.1807531481625828E-13
  2.5433971868227441E+03  9.3315163916491813E-13  3.8968226040899642E-13
  2.5687362924800254E+03  8.7745051550751274E-13  3.6299237139275861E-13
  2.5943278440701797E+03  8.2464454463752775E-13  3.3791902809968232E-13
  2.6201743566365640E+03  7.7460884396623584E-13  3.1437905152680671E-13
  2.6462783702791398E+03  7.2722252725070064E-13  2.9229261417164978E-13
  2.6726424504041288E+03  6.8236895317476953E-13  2.7158315750625773E-13
  2.6992691879761410E+03  6.3993562385182817E-13  2.5217730879936166E-13
  2.7261611997727778E+03  5.9981377860115524E-13  2.3400479739871332E-13
  2.7533211286418118E+03  5.6189818848591651E-13  2.1699837062991784E-13
  2.7807516437609361E+03  5.2608712626261476E-13  2.0109370943412559E-13
  2.8084554409000439E+03  4.9228233706340124E-13  1.8622934383950974E-13
  2.8364352426861797E+03  4.6038910207261089E-13  1.7234656832200598E-13
  2.8646937988711184E+03  4.3031626061056741E-13  1.5938935705169636E-13
  2.8932338866015939E+03  4.0197604126255991E-13  1.4730427893262094E-13
  2.9220583106921899E+03  3.7528388169624684E-13  1.3604041322028706E-13
  2.9511699039010523E+03  3.5015838050967337E-13  1.2554926989082776E-13
  2.9805715272082507E+03  3.2652128952010712E-13  1.1578470972564805E-13
  3.0102660700969077E+03  3.0429744427897757E-13  1.0670286278881707E-13
  3.0402564508372370E+03  2.8341471104557550E-13  9.8262047778341180E-14
  3.0705456167733082E+03  2.6380399726844407E-13  9.0422692457156408E-14
  3.1011365446126588E+03  2.4539908217465814E-13  8.3147255255734733E-14
  3.1320322407189128E+03  2.2813634107986016E-13  7.6400148143797321E-14
  3.1632357414071903E+03  2.1195477094219858E-13  7.0147660872568174E-14
  3.1947501132424964E+03  1.9679607495659810E-13  6.4357886696321594E-14
  3.2265784533411070E+03  1.8260453671996231E-13  5.9000649697069017E-14
  3.2587238896749623E+03  1.6932688390764284E-13  5.4047433862823136E-14
  3.2911895813790288E+03  1.5691222590901432E-13  4.9471313918556069E-14
  3.3239787190617935E+03  1.4531199871835072E-13  4.5246885754720553E-14
  3.3570945251188400E+03  1.3447988678877425E-13  4.1350197744388750E-14
  3.3905402540494952E+03  1.2437172946649941E-13  3.7758685938452805E-14
  3.4243191927766902E+03  1.1494543194069421E-13  3.4451111217701947E-14
  3.4584346609700069E+03  1.0616090155709468E-13  3.1407498141301666E-14
  3.4928900113718814E+03  9.7979993919458593E-14  2.8609075515771851E-14
  3.5276886301271215E+03  9.0366438425110788E-14  2.6038218701956682E-14
  3.5628339371157022E+03  8.3285764274028276E-14  2.3678393670905408E-14
  3.5983293862888213E+03  7.6705256381947875E-14  2.1514102812683420E-14
  3.6341784660083572E+03  7.0593907032406345E-14  1.9530832494353843E-14
  3.6703846993897173E+03  6.4922335839852652E-14  1.7715002354094896E-14
  3.7069516446480334E+03  5.9662702967149289E-14  1.6053916315904272E-14
  3.7438828954478695E+03  5.4788639480637360E-14  1.4535715654015697E-14
  3.7811820812564170E+03  5.0275191609332082E-14  1.3149334287044952E-14
  3.8188528677001427E+03  4.6098767111460248E-14  1.1884455242691054E-14
  3.8568989569250530E+03  4.2237079193724006E-14  1.0731468664773002E-14
  3.8953240879605501E+03  3.8669088757279661E-14  9.6814315344017071E-15
  3.9341320370868466E+03  3.5374955555781856E-14  8.7260290797063872E-15
  3.9733266182061043E+03  3.2336006802498175E-14  7.8575378449088391E-15
  4.0129116832172763E+03  2.9534692496541728E-14  7.0687903873051606E-15
  4.0528911223946006E+03  2.6954490174973489E-14  6.3531415688242551E-15
  4.0932688647699870E+03  2.4579824711107658E-14  5.7044364072402379E-15
  4.1340488785190910E+03  2.2396054462562692E-14  5.1169794508764646E-15
  4.1752351713513153E+03  2.0389449197018810E-14  4.5855056396695113E-15
  4.2168317909036969E+03  1.8547140449604950E-14  4.1051525796373500E-15
  4.2588428251386485E+03  1.6857076480521181E-14  3.6714340920771353E-15
  4.3012724027457252E+03  1.5307979436634442E-14  3.2802152035988572E-15
  4.3441246935474119E+03  1.3889300654870715E-14  2.9276885257408748E-15
  4.3874039089088592E+03  1.2591176894374056E-14  2.6103519010497147E-15
  4.4311143021517892E+03  1.1404390225077382E-14  2.3249872699593808E-15
  4.4752601689725252E+03  1.0320334423628708E-14  2.0686407151305777E-15
  4.5198458478641005E+03  9.3309873773847796E-15  1.8386036396938025E-15
  4.5648757205426564E+03  8.4288815173327851E-15  1.6323950357139378E-15
  4.6103542123780908E+03  7.6070649292951939E-15  1.4477447991553414E-15
  4.6562857928289104E+03  6.8590645818255202E-15  1.2825780476431108E-15
  4.7026749758815004E+03  6.1788649557314297E-15  1.1350003973358264E-15
  4.7495263204937701E+03  5.5608899619917368E-15  1.0032841607539606E-15
  4.7968444310431378E+03  4.9999739464574000E-15  8.8585547256155766E-16
  4.8446339577790523E+03  4.4913298463900703E-15  7.8128225016152690E-16
  4.8928995972800394E+03  4.0305245937580433E-15  6.8826289879611625E-16
  4.9416460929151945E+03  3.6134588343073087E-15  6.0561577231749076E-16
  4.9908782353104170E+03  3.2363465479747484E-15  5.3226935601993531E-16
  5.0406008628191530E+03  2.8956944707237613E-15  4.6725313342636910E-16
  5.0908188619979137E+03  2.5882826148729613E-15  4.0968910002537329E-16
  5.1415371680865464E+03  2.3111463108398947E-15  3.5878388810553518E-16
  5.1927607654931826E+03  2.0615587551476276E-15  3.1382146802390192E-16
  5.2444946882841241E+03  1.8370132759145983E-15  2.7415639247049755E-16
  5.2967440206786005E+03  1.6352071286309784E-15  2.3920755155107034E-16
  5.3495138975483669E+03  1.4540276600337411E-15  2.0845240762011425E-16
  5.4028095049223666E+03  1.2915389761405148E-15  1.8142167488264517E-16
  5.4566360804964352E+03  1.1459687302976208E-15  1.5769441521256128E-16
  5.5109989141479709E+03  1.0156959020226313E-15  1.3689353664766971E-16
  5.5659033484558386E+03  8.9923960858104440E-16  1.1868166113992118E-16
  5.6213547792254540E+03  7.9524865795912750E-16  1.0275733436336924E-16
  5.6773586560189924E+03  7.0249165480429278E-16  8.8851554044602911E-17
  5.7339204826909890E+03  6.1984756712231800E-16  7.6724594460794026E-17
  5.7910458179292709E+03  5.4629688292959579E-16  6.6163105903941889E-17
  5.8487402758011749E+03  4.8091372466030622E-16  5.6977469040270420E-17
  5.9070095263053099E+03  4.2285887245968747E-16  4.8999385198776697E-17
  5.9658592959288244E+03  3.7137234447964973E-16  4.2079684700219802E-17
  6.0252953682100970E+03  3.2576523622753096E-16  3.6086336385493805E-17
  6.0853235843072152E+03  2.8541366872276967E-16  3.0902642576354339E-17
  6.1459498435719452E+03  2.4975472558195896E-16  2.6425604683228708E-17
  6.2071801041295303E+03  2.1828132628293371E-16  2.2564445161423511E-17
  6.2690203834642698E+03  1.9053656444811739E-16  1.9239272949867043E-17
  6.3314767590108222E+03  1.6610902421481608E-16  1.6379880392153810E-17
  6.3945553687515121E+03  1.4462891732692179E-16  1.3924660334423485E-17
  6.4582624118195818E+03  1.2576451821031148E-16  1.1819632887163489E-17
  6.5226041491083506E+03  1.0921864767031795E-16  1.0017572095532614E-17
  6.5875869038865403E+03  9.4725250024197894E-17  8.4772234820542895E-18
  6.6532170624197506E+03  8.2046339522335949E-17  7.1626041069134991E-18
  6.7195010745979971E+03  7.0969457597456933E-17  6.0423774351169306E-18
  6.7864454545696181E+03  6.1305280371797384E-17  5.0892959070745188E-18
  6.8540567813815069E+03  5.2885091415117509E-17  4.2797046837827345E-18
  6.9223416996255928E+03  4.5558641342805768E-17  3.5931005940771845E-18
  6.9913069200918835E+03  3.9192537204009738E-17  3.0117407632648133E-18
  7.0609592204280289E+03  3.3668591420298289E-17  2.5202958849338086E-18
  7.1313054458053111E+03  2.8882148647842188E-17  2.1055435744394315E-18
  7.2023525095914038E+03  2.4740631422562414E-17  1.7560976290811481E-18
  7.2741073940298420E+03  2.1162271040403080E-17  1.4621693968151854E-18
  7.3465771509261085E+03  1.8074965262038783E-17  1.2153578063205835E-18
  7.4197689023407693E+03  1.5415232367081798E-17  1.0084649357130156E-18
  7.4936898412893124E+03  1.3127246649221223E-17  8.3533429653282300E-19
  7.5683472324490804E+03  1.1161982116788123E-17  6.9070928516344589E-19
  7.6437484128732776E+03  9.4764744244153476E-18  5.7010950691729434E-19
  7.7199007927119219E+03  8.0331356749752788E-18  4.6972290997658222E-19