 #p(MeV) \t \delta f_\\nu \t \delta f_\\nubar
  1.1909537222287690E-02  9.9232432098691994E-02  2.1287318935040803E-06
  1.2028188380497797E-02  9.8985292128675212E-02  2.1098349835584887E-06
  1.2148021624718617E-02  9.8752182128036853E-02  2.0910866270637478E-06
  1.2269048731719625E-02  9.8541333732374711E-02  2.0724863188814180E-06
  1.2391281595598705E-02  9.8365137097623623E-02  2.0540336425262612E-06
  1.2514732228951104E-02  9.8147200524496214E-02  2.0357282461669820E-06
  1.2639412764049946E-02  9.7920264510993046E-02  2.0175698196691932E-06
  1.2765335454038566E-02  9.7643080726080675E-02  1.9995580876537506E-06
  1.2892512674134722E-02  9.7403310239846358E-02  1.9816928123011941E-06
  1.3020956922846737E-02  9.7160097561628425E-02  1.9639737551644776E-06
  1.3150680823201861E-02  9.6963287631628411E-02  1.9464005923791744E-06
  1.3281697123986773E-02  9.6749295642081581E-02  1.9289728249655618E-06
  1.3414018701000500E-02  9.6525593473455421E-02  1.9116897235038706E-06
  1.3547658558319828E-02  9.6288917759595388E-02  1.8945503188040909E-06
  1.3682629829577240E-02  9.6046853644586178E-02  1.8775534262817546E-06
  1.3818945779251704E-02  9.5794390891785416E-02  1.8606976862881590E-06
  1.3956619803972201E-02  9.5580816075888336E-02  1.8439816069284561E-06
  1.4095665433834319E-02  9.5347339278875454E-02  1.8274036012324384E-06
  1.4236096333729971E-02  9.5119266158346871E-02  1.8109620235203864E-06
  1.4377926304690269E-02  9.4905506624967897E-02  1.7946551955706522E-06
  1.4521169285241900E-02  9.4704216194895538E-02  1.7784813975376944E-06
  1.4665839352776903E-02  9.4471981373129302E-02  1.7624388633200782E-06
  1.4811950724936164E-02  9.4286129910768790E-02  1.7465258218329617E-06
  1.4959517761006702E-02  9.4069336043524576E-02  1.7307405720717634E-06
  1.5108554963332778E-02  9.3837433618389088E-02  1.7150815546748571E-06
  1.5259076978741211E-02  9.3604254983860019E-02  1.6995473921017081E-06
  1.5411098599980754E-02  9.3397709805854823E-02  1.6841368938476600E-06
  1.5564634767175884E-02  9.3171238022836347E-02  1.6688490380731335E-06
  1.5719700569295104E-02  9.2942050378786306E-02  1.6536829424515699E-06
  1.5876311245633757E-02  9.2731765595546009E-02  1.6386378340699775E-06
  1.6034482187311773E-02  9.2517708850342412E-02  1.6237130193254965E-06
  1.6194228938786172E-02  9.2298051509067447E-02  1.6089078535080694E-06
  1.6355567199378755E-02  9.2077488619901504E-02  1.5942217383099423E-06
  1.6518512824819000E-02  9.1852837898203088E-02  1.5796541428537582E-06
  1.6683081828802238E-02  9.1627592090511523E-02  1.5652046092127488E-06
  1.6849290384563499E-02  9.1394164291740007E-02  1.5508727268120001E-06
  1.7017154826466881E-02  9.1214593444891662E-02  1.5366580883298609E-06
  1.7186691651610877E-02  9.0988901614629442E-02  1.5225602490855774E-06
  1.7357917521449665E-02  9.0803530808676425E-02  1.5085787034435058E-06
  1.7530849263430476E-02  9.0600134666853516E-02  1.4947128782322475E-06
  1.7705503872647372E-02  9.0372779803022885E-02  1.4809621377630533E-06
  1.7881898513511480E-02  9.0141393715915591E-02  1.4673257942503231E-06
  1.8060050521437786E-02  8.9898011049379237E-02  1.4538031196558476E-06
  1.8239977404548871E-02  8.9678983093749665E-02  1.4403933583108749E-06
  1.8421696845395463E-02  8.9460248398602144E-02  1.4270957355404620E-06
  1.8605226702694301E-02  8.9245092866140852E-02  1.4139094669291131E-06
  1.8790585013083148E-02  8.9033404935397700E-02  1.4008337832412822E-06
  1.8977789992893387E-02  8.8847421819058775E-02  1.3878679704455649E-06
  1.9166860039940309E-02  8.8648297523396272E-02  1.3750114092720155E-06
  1.9357813735331096E-02  8.8462152916474954E-02  1.3622635987488050E-06
  1.9550669845290948E-02  8.8249412564738686E-02  1.3496241580488566E-06
  1.9745447323007384E-02  8.8034205034379517E-02  1.3370928116615816E-06
  1.9942165310492824E-02  8.7815267138417641E-02  1.3246693664000827E-06
  2.0140843140465877E-02  8.7600175406486236E-02  1.3123536873126006E-06
  2.0341500338251203E-02  8.7386549747053816E-02  1.3001456765004511E-06
  2.0544156623698469E-02  8.7168343594537304E-02  1.2880452570570550E-06
  2.0748831913120290E-02  8.6967822384185128E-02  1.2760523585660898E-06
  2.0955546321249539E-02  8.6763698892579455E-02  1.2641668875548269E-06
  2.1164320163216187E-02  8.6552532657185627E-02  1.2523886734840268E-06
  2.1375173956543748E-02  8.6342122041498409E-02  1.2407174028140824E-06
  2.1588128423165681E-02  8.6141695723823256E-02  1.2291525653368917E-06
  2.1803204491461902E-02  8.5953187528659172E-02  1.2176934308352601E-06
  2.2020423298315484E-02  8.5769989628078511E-02  1.2063390589427117E-06
  2.2239806191189985E-02  8.5576819787825609E-02  1.1950883323162919E-06
  2.2461374730227305E-02  8.5352662936989551E-02  1.1839399994129310E-06
  2.2685150690366650E-02  8.5115573235908140E-02  1.1728927162802557E-06
  2.2911156063484400E-02  8.4865366790299726E-02  1.1619450819765004E-06
  2.3139413060555409E-02  8.4647091127880519E-02  1.1510956664036673E-06
  2.3369944113835885E-02  8.4435604480752866E-02  1.1403430342134783E-06
  2.3602771879067848E-02  8.4248677871015018E-02  1.1296857798355617E-06
  2.3837919237705705E-02  8.4096092595075750E-02  1.1191225782914172E-06
  2.4075409299164994E-02  8.3915943483110753E-02  1.1086522363606216E-06
  2.4315265403093395E-02  8.3723078054109973E-02  1.0982737258403160E-06
  2.4557511121664568E-02  8.3517012935883303E-02  1.0879861897663681E-06
  2.4802170261894640E-02  8.3316977028903824E-02  1.0777889246207563E-06
  2.5049266867981975E-02  8.3098958740052756E-02  1.0676813485023778E-06
  2.5298825223670062E-02  8.2899051436183882E-02  1.0576629662200496E-06
  2.5550869854634048E-02  8.2677043564663627E-02  1.0477333385377219E-06
  2.5805425530891109E-02  8.2500470945653034E-02  1.0378920584103339E-06
  2.6062517269234638E-02  8.2294228115477430E-02  1.0281387335522466E-06
  2.6322170335692872E-02  8.2099595424299315E-02  1.0184729715151938E-06
  2.6584410248011964E-02  8.1896783266126552E-02  1.0088943554888417E-06
  2.6849262778163695E-02  8.1702112076591157E-02  9.9940240909934984E-07
  2.7116753954878350E-02  8.1506940155625304E-02  9.8999656963108083E-07
  2.7386910066202599E-02  8.1304123157241323E-02  9.8067618547097541E-07
  2.7659757662083138E-02  8.1097760227429844E-02  9.7144053868506311E-07
  2.7935323556975793E-02  8.0899430958401533E-02  9.6228888133511491E-07
  2.8213634832480787E-02  8.0697765353160908E-02  9.5322047102914680E-07
  2.8494718840004284E-02  8.0506683967340814E-02  9.4423459647507339E-07
  2.8778603203446280E-02  8.0307587579698969E-02  9.3533059067100147E-07
  2.9065315821915422E-02  8.0106180806574903E-02  9.2650783383027851E-07
  2.9354884872470892E-02  7.9916766148947868E-02  9.1776575011216885E-07
  2.9647338812891409E-02  7.9736133498208114E-02  9.0910380295901413E-07
  2.9942706384472106E-02  7.9556651324209818E-02  9.0052149795717809E-07
  3.0241016614848983E-02  7.9365576264926102E-02  8.9201839577124247E-07
  3.0542298820851757E-02  7.9173253223584705E-02  8.8359411658499255E-07
  3.0846582611384902E-02  7.8965164654192024E-02  8.7524832014556828E-07
  3.1153897890337560E-02  7.8757410860481519E-02  8.6698066265700128E-07
  3.1464274859522426E-02  7.8546694163986755E-02  8.5879074439969571E-07
  3.1777744021643767E-02  7.8361980342314522E-02  8.5067806672159469E-07
  3.2094336183295200E-02  7.8166104389608415E-02  8.4264200942775991E-07
  3.2414082457987228E-02  7.7995852645395089E-02  8.3468182872238873E-07
  3.2737014269204917E-02  7.7805172807418541E-02  8.2679667016648439E-07
  3.3063163353496197E-02  7.7617217947431441E-02  8.1898558948635715E-07
  3.3392561763590636E-02  7.7457107676424330E-02  8.1124757493867932E-07
  3.3725241871549655E-02  7.7279955783450760E-02  8.0358156399076126E-07
  3.4061236371947780E-02  7.7082713119956223E-02  7.9598645015260416E-07
  3.4400578285085803E-02  7.6885582205478031E-02  7.8846109389674367E-07
  3.4743300960235972E-02  7.6686663811818156E-02  7.8100435383189205E-07
  3.5089438078919281E-02  7.6484120221964796E-02  7.7361513885645413E-07
  3.5439023658215683E-02  7.6271208099265797E-02  7.6629246926519063E-07
  3.5792092054107133E-02  7.6091606929049010E-02  7.5903552778501296E-07
  3.6148677964853951E-02  7.5909629901224615E-02  7.5184368582567725E-07
  3.6508816434404838E-02  7.5727629081241546E-02  7.4471650377966819E-07
  3.6872542855840885E-02  7.5541048411731343E-02  7.3765371170504710E-07
  3.7239892974853903E-02  7.5349037817719539E-02  7.3065517928753411E-07
  3.7610902893259288E-02  7.5154577296592598E-02  7.2372088288150792E-07
  3.7985609072544037E-02  7.4951014510887370E-02  7.1685087644724607E-07
  3.8364048337450080E-02  7.4772513305430541E-02  7.1004527314965949E-07
  3.8746257879593203E-02  7.4587177415001205E-02  7.0330423264612171E-07
  3.9132275261118114E-02  7.4420882833238916E-02  6.9662794040214038E-07
  3.9522138418390022E-02  7.4270162923480973E-02  6.9001657248254296E-07
  3.9915885665722732E-02  7.4102362092817231E-02  6.8347024926606445E-07
  4.0313555699144084E-02  7.3918783837734092E-02  6.7698898937459483E-07
  4.0715187600198932E-02  7.3722710534228228E-02  6.7057267844285336E-07
  4.1120820839789872E-02  7.3524071722290252E-02  6.6422105762807755E-07
  4.1530495282056254E-02  7.3330083732418852E-02  6.5793372968895261E-07
  4.1944251188291926E-02  7.3133034658003082E-02  6.5171017698963063E-07
  4.2362129220902045E-02  7.2952552379202451E-02  6.4554978505408217E-07
  4.2784170447399072E-02  7.2770393268276695E-02  6.3945186617099961E-07
  4.3210416344438819E-02  7.2590457289950255E-02  6.3341567591884180E-07
  4.3640908801896694E-02  7.2411782094015553E-02  6.2744041918217582E-07
  4.4075690126984333E-02  7.2226750144489857E-02  6.2152525283321976E-07
  4.4514803048407457E-02  7.2051199039755764E-02  6.1566929394227416E-07
  4.4958290720565175E-02  7.1877418753611352E-02  6.0987163800062236E-07
  4.5406196727790976E-02  7.1709718213836454E-02  6.0413138544527102E-07
  4.5858565088635936E-02  7.1527477428150174E-02  5.9844766807803966E-07
  4.6315440260194851E-02  7.1340292208900660E-02  5.9281966884477301E-07
  4.6776867142475309E-02  7.1171507202530931E-02  5.8724663263197544E-07
  4.7242891082810157E-02  7.0989700691785063E-02  5.8172786821311651E-07
  4.7713557880314172E-02  7.0788878101082517E-02  5.7626274376380449E-07
  4.8188913790385111E-02  7.0604863335152479E-02  5.7085067894298667E-07
  4.8669005529249333E-02  7.0434752577281351E-02  5.6549113767732138E-07
  4.9153880278552983E-02  7.0258626605585489E-02  5.6018362663803556E-07
  4.9643585689998916E-02  7.0084708266494350E-02  5.5492769776948016E-07
  5.0138169890029630E-02  6.9897317939959028E-02  5.4972294872087695E-07
  5.0637681484556926E-02  6.9735162641489670E-02  5.4456901591845306E-07
  5.1142169563738793E-02  6.9576502128918083E-02  5.3946555929278698E-07
  5.1651683706803855E-02  6.9395958624462323E-02  5.3441224286925619E-07
  5.2166273986923681E-02  6.9226034456035604E-02  5.2940871690157258E-07
  5.2685990976133863E-02  6.9045153519251265E-02  5.2445460491453511E-07
  5.3210885750304172E-02  6.8856418761973584E-02  5.1954949735242748E-07
  5.3741009894157893E-02  6.8663504626191960E-02  5.1469295113040344E-07
  5.4276415506341498E-02  6.8489842991947700E-02  5.0988449307114511E-07
  5.4817155204544735E-02  6.8309030586069824E-02  5.0512362518847063E-07
  5.5363282130671695E-02  6.8126718513462220E-02  5.0040982920548964E-07
  5.5914849956063259E-02  6.7966463232378219E-02  4.9574257024005837E-07
  5.6471912886771884E-02  6.7806728893050103E-02  4.9112130254156516E-07
  5.7034525668888759E-02  6.7641105078426633E-02  4.8654548034875919E-07
  5.7602743593923957E-02  6.7461820588594248E-02  4.8201457433895573E-07
  5.8176622504240313E-02  6.7278294031130600E-02  4.7752809024861425E-07
  5.8756218798541537E-02  6.7109355012039087E-02  4.7308558429586716E-07
  5.9341589437414632E-02  6.6941478734725071E-02  4.6868667236991675E-07
  5.9932791948927928E-02  6.6757560609844252E-02  4.6433103176439817E-07
  6.0529884434284753E-02  6.6590143257474810E-02  4.6001839648257570E-07
  6.1132925573533371E-02  6.6414342526139952E-02  4.5574854866885942E-07
  6.1741974631333664E-02  6.6241018885144887E-02  4.5152130843254118E-07
  6.2357091462781733E-02  6.6067552390359593E-02  4.4733652385401220E-07
  6.2978336519292119E-02  6.5890843697865187E-02  4.4319406273027613E-07
  6.3605770854538654E-02  6.5725432954373900E-02  4.3909380703725906E-07
  6.4239456130454661E-02  6.5556249748880913E-02  4.3503564986122689E-07
  6.4879454623292976E-02  6.5398518603493980E-02  4.3101949305644465E-07
  6.5525829229745994E-02  6.5235532295738155E-02  4.2704524439050343E-07
  6.6178643473127088E-02  6.5072585534024660E-02  4.2311281503006017E-07
  6.6837961509613450E-02  6.4911905552168497E-02  4.1922211727771523E-07
  6.7503848134551112E-02  6.4754437741313342E-02  4.1537306244150405E-07
  6.8176368788822578E-02  6.4579130489616526E-02  4.1156555917021117E-07
  6.8855589565278486E-02  6.4403833183506676E-02  4.0779951223995349E-07
  6.9541577215232769E-02  6.4228302153166300E-02  4.0407482164114662E-07
  7.0234399155022637E-02  6.4040031030566089E-02  4.0039138191919415E-07
  7.0934123472634128E-02  6.3835132266255354E-02  3.9674908480177398E-07
  7.1640818934393669E-02  6.3668583158166855E-02  3.9314783471215357E-07
  7.2354554991725842E-02  6.3498784925449248E-02  3.8958758630250158E-07
  7.3075401787979083E-02  6.3331885010923267E-02  3.8606840510206710E-07
  7.3803430165319067E-02  6.3195323814599719E-02  3.8259054210577191E-07
  7.4538711671690835E-02  6.3035072701598888E-02  3.7915450519717057E-07
  7.5281318567849989E-02  6.2884415910807054E-02  3.7576110956046288E-07
  7.6031323834464634E-02  6.2716749185990198E-02  3.7241149546108848E-07
  7.6788801179287464E-02  6.2557153880218416E-02  3.6910711185823766E-07
  7.7553825044399324E-02  6.2379922583661429E-02  3.6584967345659601E-07
  7.8326470613525309E-02  6.2212033052655706E-02  3.6264110332279288E-07
  7.9106813819423596E-02  6.2040547308679056E-02  3.5948347278622825E-07
  7.9894931351347551E-02  6.1871336007853196E-02  3.5637894647415158E-07
  8.0690900662582721E-02  6.1706514935789027E-02  3.5332973026256415E-07
  8.1494799978058599E-02  6.1547488960731464E-02  3.5033801825465824E-07
  8.2306708302036360E-02  6.1375367487122169E-02  3.4740593568490966E-07
  8.3126705425872693E-02  6.1221842906962858E-02  3.4453547673494464E-07
  8.3954871935861999E-02  6.1059567833961985E-02  3.4172844280753637E-07
  8.4791289221155794E-02  6.0897907803742046E-02  3.3898639722072588E-07
  8.5636039481761295E-02  6.0737649818348061E-02  3.3631064178197623E-07
  8.6489205736619779E-02  6.0582191460811806E-02  3.3370221770044540E-07
  8.7350871831765584E-02  6.0417055800609111E-02  3.3116192841668893E-07
  8.8221122448565850E-02  6.0262647416838191E-02  3.2869037704672795E-07
  8.9100043112042893E-02  6.0111956788290018E-02  3.2628800956200067E-07
  8.9987720199279295E-02  5.9939190467961048E-02  3.2395515745388727E-07
  9.0884240947906772E-02  5.9788989265760394E-02  3.2169208923251015E-07
  9.1789693464679190E-02  5.9629827767227771E-02  3.1949909372584282E-07
  9.2704166734131926E-02  5.9475940048485214E-02  3.1737661180392986E-07
  9.3627750627326617E-02  5.9324730504326212E-02  3.1532541772184270E-07
  9.4560535910683377E-02  5.9168019470812981E-02  3.1334683293273106E-07
  9.5502614254900961E-02  5.9017340184587423E-02  3.1144293163016158E-07
  9.6454078243966068E-02  5.8872441558030168E-02  3.0961669713773854E-07
  9.7415021384251801E-02  5.8711580540795429E-02  3.0787210072883179E-07
  9.8385538113707302E-02  5.8558179721901638E-02  3.0621409365602957E-07
  9.9365723811138895E-02  5.8396989047153375E-02  3.0464852616491114E-07
  1.0035567480558343E-01  5.8230562252035670E-02  3.0318202188679783E-07
  1.0135548838577488E-01  5.8081334928317838E-02  3.0182183997043415E-07
  1.0236526280970608E-01  5.7930114107964115E-02  3.0057574390373172E-07
  1.0338509731428480E-01  5.7766020319785075E-02  2.9945186997727205E-07
  1.0441509212508639E-01  5.7626247202966704E-02  2.9845858965348703E-07
  1.0545534846620358E-01  5.7479695484992266E-02  2.9760435568203653E-07
  1.0650596857019466E-01  5.7339006276041347E-02  2.9689752207120109E-07
  1.0756705568813017E-01  5.7201962303384167E-02  2.9634616507728100E-07
  1.0863871409974019E-01  5.7067256220251487E-02  2.9595794430440592E-07
  1.0972104912366271E-01  5.6933428104634337E-02  2.9574002007335823E-07
  1.1081416712779370E-01  5.6809937333900502E-02  2.9569904513544778E-07
  1.1191817553974061E-01  5.6687734157060708E-02  2.9584123179964124E-07
  1.1303318285738019E-01  5.6547187746864430E-02  2.9617247860658769E-07
  1.1415929865952106E-01  5.6428290539796977E-02  2.9669853169961890E-07
  1.1529663361667265E-01  5.6298877425488850E-02  2.9742515145822875E-07
  1.1644529950192156E-01  5.6172772684443192E-02  2.9835826136917499E-07
  1.1760540920191644E-01  5.6043263064500110E-02  2.9950404990706993E-07
  1.1877707672796163E-01  5.5911740174278364E-02  3.0086901012086522E-07
  1.1996041722722207E-01  5.5770561563901339E-02  3.0245992230175957E-07
  1.2115554699403958E-01  5.5649504175002161E-02  3.0428379264308924E-07
  1.2236258348136174E-01  5.5514298213573961E-02  3.0634775060304837E-07
  1.2358164531228442E-01  5.5398472782681327E-02  3.0865894554220844E-07
  1.2481285229171027E-01  5.5272531052225987E-02  3.1122447529977945E-07
  1.2605632541812237E-01  5.5142014516431186E-02  3.1405136580900081E-07
  1.2731218689547510E-01  5.5034511706532077E-02  3.1714660579623286E-07
  1.2858056014520475E-01  5.4918971008246491E-02  3.2051722608190291E-07
  1.2986156981835836E-01  5.4816918876203984E-02  3.2417040240107185E-07
  1.3115534180784383E-01  5.4709277288900814E-02  3.2811355570141673E-07
  1.3246200326080271E-01  5.4594110453261541E-02  3.3235440925489634E-07
  1.3378168259110562E-01  5.4488267303568344E-02  3.3690095963400669E-07
  1.3511450949197157E-01  5.4371920690430030E-02  3.4176133636030504E-07
  1.3646061494871528E-01  5.4253507486905550E-02  3.4694354570986406E-07
  1.3782013125161821E-01  5.4130585073147545E-02  3.5245508893919155E-07
  1.3919319200893032E-01  5.4017095628693321E-02  3.5830249843737577E-07
  1.4057993216000145E-01  5.3898478837175252E-02  3.6449086182994300E-07
  1.4198048798854082E-01  5.3774126908731318E-02  3.7102340415096108E-07
  1.4339499713601211E-01  5.3657072529333986E-02  3.7790118310999715E-07
  1.4482359861515973E-01  5.3545662796385861E-02  3.8512291778343797E-07
  1.4626643282367005E-01  5.3417479859722720E-02  3.9268492742461706E-07
  1.4772364155797005E-01  5.3308456621142308E-02  4.0058113966501357E-07
  1.4919536802716210E-01  5.3190759486665663E-02  4.0880314252497140E-07
  1.5068175686709764E-01  5.3070749962689096E-02  4.1734023889639799E-07
  1.5218295415459221E-01  5.2935405130046145E-02  4.2617950843335702E-07
  1.5369910742178108E-01  5.2820075949881862E-02  4.3530593165118200E-07
  1.5523036567061757E-01  5.2696957643473513E-02  4.4470255512869481E-07
  1.5677687938751736E-01  5.2580596513899604E-02  4.5435067320998661E-07
  1.5833880055814731E-01  5.2456632245337621E-02  4.6423004073835646E-07
  1.5991628268236149E-01  5.2338962132134209E-02  4.7431907290273971E-07
  1.6150948078928773E-01  5.2217886528880354E-02  4.8459497913317506E-07
  1.6311855145256260E-01  5.2094953542627206E-02  4.9503379023949919E-07
  1.6474365280571834E-01  5.1976586628256209E-02  5.0561026894162488E-07
  1.6638494455772551E-01  5.1846488435002933E-02  5.1629773486445353E-07
  1.6804258800868638E-01  5.1733595092748177E-02  5.2706784612624077E-07
  1.6971674606568785E-01  5.1609180233955290E-02  5.3789042178369791E-07
  1.7140758325881242E-01  5.1481662056364036E-02  5.4873337733946337E-07
  1.7311526575730551E-01  5.1356064452877118E-02  5.5956281430862948E-07
  1.7483996138590763E-01  5.1228195164878990E-02  5.7034330833647933E-07
  1.7658183964134705E-01  5.1094478419455400E-02  5.8103845141400764E-07
  1.7834107170899677E-01  5.0967041737900794E-02  5.9161159028876929E-07
  1.8011783047969893E-01  5.0839608215897808E-02  6.0202666723761898E-07
  1.8191229056675542E-01  5.0717508535688273E-02  6.1224902745959363E-07
  1.8372462832308784E-01  5.0592585301007811E-02  6.2224604618770526E-07
  1.8555502185856959E-01  5.0464549961968079E-02  6.3198747311379403E-07
  1.8740365105752962E-01  5.0330800231584212E-02  6.4144548773821415E-07
  1.8927069759643000E-01  5.0207779367022767E-02  6.5059450779439487E-07
  1.9115634496172174E-01  5.0082430552286616E-02  6.5941088008471416E-07
  1.9306077846787636E-01  4.9962657439125202E-02  6.6787259976796021E-07
  1.9498418527559758E-01  4.9834574139002198E-02  6.7595911535293099E-07
  1.9692675441021579E-01  4.9708602725231081E-02  6.8365120980058203E-07
  1.9888867678026420E-01  4.9584713823856895E-02  6.9093110683278860E-07
  2.0087014519623997E-01  4.9460853174430858E-02  6.9778274954678826E-07
  2.0287135438955481E-01  4.9330563331465009E-02  7.0419217173496281E-07
  2.0489250103167023E-01  4.9214254701110238E-02  7.1014789820540421E-07
  2.0693378375342653E-01  4.9096670978143249E-02  7.1564128635859132E-07
  2.0899540316456508E-01  4.8975783840932569E-02  7.2066672806845143E-07
  2.1107756187344057E-01  4.8849413189921982E-02  7.2522167259973766E-07
  2.1318046450693492E-01  4.8718230871162359E-02  7.2930647506632462E-07
  2.1530431773056669E-01  4.8588762247459671E-02  7.3292411060966658E-07
  2.1744933026880034E-01  4.8457034306693590E-02  7.3607984690250946E-07
  2.1961571292556056E-01  4.8330565550781870E-02  7.3878092580370718E-07
  2.2180367860494840E-01  4.8203116918150872E-02  7.4103623216021926E-07
  2.2401344233216425E-01  4.8072026830493629E-02  7.4285601909549199E-07
  2.2624522127464086E-01  4.7941339608088017E-02  7.4425170398504695E-07
  2.2849923476338524E-01  4.7816268225688949E-02  7.4523567647041574E-07
  2.3077570431453290E-01  4.7699656484293688E-02  7.4582111403730763E-07
  2.3307485365111907E-01  4.7573757246467369E-02  7.4602180916230787E-07
  2.3539690872506477E-01  4.7447731174030845E-02  7.4585202047729020E-07
  2.3774209773938160E-01  4.7323305937470542E-02  7.4532636202272643E-07
  2.4011065117060035E-01  4.7212504030496788E-02  7.4445973352401838E-07
  2.4250280179142050E-01  4.7090324553963142E-02  7.4326728521167105E-07
  2.4491878469358544E-01  4.6971344920890300E-02  7.4176439290928515E-07
  2.4735883731098895E-01  4.6853671293512117E-02  7.3996662133728074E-07
  2.4982319944300621E-01  4.6728302385757182E-02  7.3788966443418882E-07
  2.5231211327806191E-01  4.6611495337285473E-02  7.3554925211802232E-07
  2.5482582341743315E-01  4.6486390566150761E-02  7.3296101620747654E-07
  2.5736457689928455E-01  4.6367165461425219E-02  7.3014033447757104E-07
  2.5992862322294907E-01  4.6236366819416140E-02  7.2710217182977426E-07
  2.6251821437344713E-01  4.6115684068098031E-02  7.2386094232364245E-07
  2.6513360484624954E-01  4.5988527191320426E-02  7.2043041614056504E-07
  2.6777505167229043E-01  4.5860582762151721E-02  7.1682368817443015E-07
  2.7044281444322593E-01  4.5735529863094621E-02  7.1305320925756429E-07
  2.7313715533694582E-01  4.5606502824722499E-02  7.0913087200029729E-07
  2.7585833914334024E-01  4.5492414674278100E-02  7.0506811975245230E-07
  2.7860663329032209E-01  4.5367518635405536E-02  7.0087604366472674E-07
  2.8138230787010765E-01  4.5260003035183224E-02  6.9656545284370926E-07
  2.8418563566576205E-01  4.5140605425862047E-02  6.9214691372804963E-07
  2.8701689217800652E-01  4.5025070699989532E-02  6.8763072903302123E-07
  2.8987635565229281E-01  4.4917960022637711E-02  6.8302687083711231E-07
  2.9276430710614965E-01  4.4796048183398836E-02  6.7834488183442295E-07
  2.9568103035679949E-01  4.4671309131204019E-02  6.7359375771658872E-07
  2.9862681204904995E-01  4.4549137259121241E-02  6.6878183202160263E-07
  3.0160194168346610E-01  4.4424791019866405E-02  6.6391669017326026E-07
  3.0460671164482050E-01  4.4302699080038609E-02  6.5900513273269371E-07
  3.0764141723082666E-01  4.4172817330598454E-02  6.5405320008583861E-07
  3.1070635668116298E-01  4.4051849895083324E-02  6.4906625760556869E-07
  3.1380183120677879E-01  4.3936352986886813E-02  6.4404911215602035E-07
  3.1692814501949801E-01  4.3820099689894074E-02  6.3900613656094128E-07
  3.2008560536191782E-01  4.3703698689834536E-02  6.3394140878618946E-07
  3.2327452253759947E-01  4.3582266732531787E-02  6.2885881543815238E-07
  3.2649520994156694E-01  4.3477864962568051E-02  6.2376211467562076E-07
  3.2974798409110523E-01  4.3368257154606661E-02  6.1865498975690620E-07
  3.3303316465686533E-01  4.3252740487442931E-02  6.1354109825155982E-07
  3.3635107449428236E-01  4.3132525431930892E-02  6.0842412239981524E-07
  3.3970203967530366E-01  4.3012159098606700E-02  6.0330782066341029E-07
  3.4308638952043274E-01  4.2892985347645442E-02  5.9819606953073568E-07
  3.4650445663109603E-01  4.2765257520299096E-02  5.9309288011372009E-07
  3.4995657692232834E-01  4.2652214721996116E-02  5.8800237657558828E-07
  3.5344308965578458E-01  4.2527283196954584E-02  5.8292874783027339E-07
  3.5696433747308304E-01  4.2409863168558708E-02  5.7787618925009011E-07
  3.6052066642947816E-01  4.2285778227211128E-02  5.7284883044901072E-07
  3.6411242602786820E-01  4.2174195932332167E-02  5.6785066094045470E-07
  3.6773996925314545E-01  4.2054415523554628E-02  5.6288547687986816E-07
  3.7140365260688502E-01  4.1939900925147898E-02  5.5795682838708938E-07
  3.7510383614237924E-01  4.1826331636763463E-02  5.5306796261488735E-07
  3.7884088350002637E-01  4.1713304317816814E-02  5.4822176394550398E-07
  3.8261516194306283E-01  4.1604866705768483E-02  5.4342069922901587E-07
  3.8642704239365899E-01  4.1487073873287782E-02  5.3866678515242583E-07
  3.9027689946937405E-01  4.1373319670405084E-02  5.3396159402457911E-07
  3.9416511151996741E-01  4.1260521431185491E-02  5.2930629813777609E-07
  3.9809206066458536E-01  4.1139026505238874E-02  5.2470173150805985E-07
  4.0205813282931308E-01  4.1022650414182314E-02  5.2014845668870260E-07
  4.0606371778510070E-01  4.0894015445532145E-02  5.1564683844252702E-07
  4.1010920918607113E-01  4.0776856476363962E-02  5.1119712364342424E-07
  4.1419500460820546E-01  4.0666344480992274E-02  5.0679948867215305E-07
  4.1832150558841419E-01  4.0553357852853397E-02  5.0245406593239680E-07
  4.2248911766400116E-01  4.0437573716750448E-02  4.9816095797998174E-07
  4.2669825041251724E-01  4.0310645809761556E-02  4.9392024067630180E-07
  4.3094931749201071E-01  4.0201076650204275E-02  4.8973195545679558E-07
  4.3524273668168251E-01  4.0085608860916153E-02  4.8559609368586341E-07
  4.3957892992294273E-01  3.9974761781222536E-02  4.8151258480713884E-07
  4.4395832336087648E-01  3.9858911725252841E-02  4.7748129879968625E-07
  4.4838134738612612E-01  3.9745384061653802E-02  4.7350205923237248E-07
  4.5284843667718727E-01  3.9620982028142064E-02  4.6957464917386888E-07
  4.5736003024312560E-01  3.9517700066034590E-02  4.6569881098700288E-07
  4.6191657146672616E-01  3.9405133276248082E-02  4.6187425069178595E-07
  4.6651850814806134E-01  3.9292096412552317E-02  4.5810064417191393E-07
  4.7116629254850151E-01  3.9167678301890607E-02  4.5437764568281656E-07
  4.7586038143516496E-01  3.9062630725911825E-02  4.5070490099122222E-07
  4.8060123612580063E-01  3.8937473614914696E-02  4.4708206213975167E-07
  4.8538932253413042E-01  3.8829387424093462E-02  4.4350879974214080E-07
  4.9022511121563511E-01  3.8714302417861619E-02  4.3998480808102905E-07
  4.9510907741379750E-01  3.8593463562890513E-02  4.3650979688101912E-07
  5.0004170110681101E-01  3.8474299037739031E-02  4.3308347720565878E-07
  5.0502346705474777E-01  3.8350279850251225E-02  4.2970556373874116E-07
  5.1005486484719842E-01  3.8242843125532784E-02  4.2637578543417373E-07
  5.1513638895138958E-01  3.8126236719654455E-02  4.2309388375527267E-07
  5.2026853876077717E-01  3.8007626938987224E-02  4.1985960156417745E-07
  5.2545181864412316E-01  3.7888789552178066E-02  4.1667267456315181E-07
  5.3068673799506616E-01  3.7774878030116067E-02  4.1353282832358661E-07
  5.3597381128218136E-01  3.7652182549903913E-02  4.1043977407214274E-07
  5.4131355809953907E-01  3.7546356358406259E-02  4.0739320339273765E-07
  5.4670650321777137E-01  3.7426179377026005E-02  4.0439278505949435E-07
  5.5215317663564312E-01  3.7315134095514096E-02  4.0143816552852308E-07
  5.5765411363213668E-01  3.7195836698166583E-02  3.9852896659523379E-07
  5.6320985481906238E-01  3.7078724873187009E-02  3.9566477124159718E-07
  5.6882094619418089E-01  3.6966586422614640E-02  3.9284510667254359E-07
  5.7448793919486563E-01  3.6851667275919486E-02  3.9006944893214309E-07
  5.8021139075229888E-01  3.6734157226718703E-02  3.8733724597978099E-07
  5.8599186334619791E-01  3.6616506413245035E-02  3.8464792831730627E-07
  5.9182992506009935E-01  3.6490115864200326E-02  3.8200091416448050E-07
  5.9772614963718640E-01  3.6372884696945711E-02  3.7939561166698517E-07
  6.0368111653667222E-01  3.6265866165944287E-02  3.7683142109205103E-07
  6.0969541099075053E-01  3.6138531660928605E-02  3.7430774181025703E-07
  6.1576962406210844E-01  3.6025938816242727E-02  3.7182398362431188E-07
  6.2190435270201228E-01  3.5911189400500608E-02  3.6937957645714155E-07
  6.2810019980897680E-01  3.5794882812880131E-02  3.6697397543913759E-07
  6.3435777428801465E-01  3.5669400874652528E-02  3.6460666307217006E-07
  6.4067769111047512E-01  3.5559859597421729E-02  3.6227713465921447E-07
  6.4706057137448492E-01  3.5438710158509093E-02  3.5998487174715353E-07
  6.5350704236598622E-01  3.5319207640423095E-02  3.5772934168358879E-07
  6.6001773762038063E-01  3.5200289918360217E-02  3.5551000851899701E-07
  6.6659329698479619E-01  3.5081017914337140E-02  3.5332633431676596E-07
  6.7323436668096626E-01  3.4965700282705646E-02  3.5117777995980674E-07
  6.7994159936873544E-01  3.4843482488629542E-02  3.4906380962105062E-07
  6.8671565421020830E-01  3.4726865271010855E-02  3.4698389233929338E-07
  6.9355719693451956E-01  3.4603606272790778E-02  3.4493749802526725E-07
  7.0046689990326483E-01  3.4486179305869474E-02  3.4292409577321935E-07
  7.0744544217658134E-01  3.4364909840222516E-02  3.4094316397296840E-07
  7.1449350957987412E-01  3.4243945305056804E-02  3.3899420646233330E-07
  7.2161179477122506E-01  3.4122837227823506E-02  3.3707675912322100E-07
  7.2880099730946091E-01  3.4002489021726062E-02  3.3519037687599191E-07
  7.3606182372290185E-01  3.3883398378024870E-02  3.3333461045755346E-07
  7.4339498757880074E-01  3.3764609920581883E-02  3.3150900835064574E-07
  7.5080120955346741E-01  3.3633416177606533E-02  3.2971312893736575E-07
  7.5828121750309219E-01  3.3519611266413861E-02  3.2794653584183211E-07
  7.6583574653528130E-01  3.3400911136166681E-02  3.2620879270081152E-07
  7.7346553908129778E-01  3.3266978586607106E-02  3.2449946280355240E-07
  7.8117134496902385E-01  3.3141289642834401E-02  3.2281811431267773E-07
  7.8895392149665444E-01  3.3024357565334214E-02  3.2116432737081342E-07
  7.9681403350711988E-01  3.2899094997761315E-02  3.1953769433334920E-07
  8.0475245346324997E-01  3.2767207837807844E-02  3.1793781603670180E-07
  8.1276996152369285E-01  3.2649549288461061E-02  3.1636430847986721E-07
  8.2086734561958397E-01  3.2522979584300699E-02  3.1481681388373117E-07
  8.2904540153197792E-01  3.2401499832654196E-02  3.1329498167578701E-07
  8.3730493297006359E-01  3.2277985063194403E-02  3.1179844271903212E-07
  8.4564675165013969E-01  3.2151713629985652E-02  3.1032681644278451E-07
  8.5407167737539103E-01  3.2022103093164028E-02  3.0887971924918453E-07
  8.6258053811646174E-01  3.1900367291245658E-02  3.0745676492650088E-07
  8.7117417009281428E-01  3.1775818764266044E-02  3.0605756370593365E-07
  8.7985341785491833E-01  3.1659437312123714E-02  3.0468172065519199E-07
  8.8861913436724815E-01  3.1531639905101216E-02  3.0332883395395318E-07
  8.9747218109210480E-01  3.1410467384909137E-02  3.0199849813378158E-07
  9.0641342807428338E-01  3.1283013669198834E-02  3.0069031447998382E-07
  9.1544375402657563E-01  3.1156070494670878E-02  2.9940390203822381E-07
  9.2456404641612255E-01  3.1031035966747191E-02  2.9813890719481917E-07
  9.3377520155163829E-01  3.0891465076462284E-02  2.9689500736773984E-07
  9.4307812467149243E-01  3.0769942944213261E-02  2.9567189298203701E-07
  9.5247373003267122E-01  3.0637630385805564E-02  2.9446924606401015E-07
  9.6196294100063218E-01  3.0508392935160840E-02  2.9328674547965348E-07
  9.7154669014004735E-01  3.0374921280725196E-02  2.9212407385589424E-07
  9.8122591930644854E-01  3.0246148224123467E-02  2.9098091364559470E-07
  9.9100157973879566E-01  3.0114599792786006E-02  2.8985694405792912E-07
  1.0008746321529578E+00  2.9983914139123592E-02  2.8875184028759987E-07
  1.0108460468361260E+00  2.9853617678204884E-02  2.8766527215909834E-07
  1.0209168037421754E+00  2.9724393669025937E-02  2.8659690064181340E-07
  1.0310878925879694E+00  2.9594656671965112E-02  2.8554637296420437E-07
  1.0413603129506193E+00  2.9461896504923764E-02  2.8451332353369548E-07
  1.0517350743657317E+00  2.9332473183442110E-02  2.8349739148424045E-07
  1.0622131964266093E+00  2.9199343300207847E-02  2.8249823402088920E-07
  1.0727957088844569E+00  2.9066683615760629E-02  2.8151550014633815E-07
  1.0834836517495894E+00  2.8931966863141884E-02  2.8054882322497928E-07
  1.0942780753936263E+00  2.8800168038174548E-02  2.7959784034721383E-07
  1.1051800406527292E+00  2.8663837492491139E-02  2.7866220096376083E-07
  1.1161906189318540E+00  2.8530053939359489E-02  2.7774157224488880E-07
  1.1273108923100394E+00  2.8396203626347684E-02  2.7683564692496042E-07
  1.1385419536467583E+00  2.8260679858620692E-02  2.7594415324873038E-07
  1.1498849066893153E+00  2.8122523665370533E-02  2.7506686742602142E-07
  1.1613408661813158E+00  2.7983622801697000E-02  2.7420363162224575E-07
  1.1729109579722266E+00  2.7849807411269856E-02  2.7335437566887437E-07
  1.1845963191280153E+00  2.7713736464560747E-02  2.7251912672905826E-07
  1.1963980980428943E+00  2.7576559040600010E-02  2.7169801718018761E-07
  1.2083174545521882E+00  2.7440055499741996E-02  2.7089128116974254E-07
  1.2203555600463123E+00  2.7303363735617866E-02  2.7009921628231002E-07
  1.2325135975858965E+00  2.7166238103171987E-02  2.6932214482499821E-07
  1.2447927620180450E+00  2.7027407849147825E-02  2.6856039865918579E-07
  1.2571942600937716E+00  2.6890894654154399E-02  2.6781430642747097E-07
  1.2697193105865883E+00  2.6753740971267419E-02  2.6708417843838941E-07
  1.2823691444122802E+00  2.6619249621331064E-02  2.6637029253992349E-07
  1.2951450047498818E+00  2.6482586864182481E-02  2.6567288006742439E-07
  1.3080481471638483E+00  2.6344217271633857E-02  2.6499210972735658E-07
  1.3210798397274455E+00  2.6204902005234190E-02  2.6432807039720649E-07
  1.3342413631473762E+00  2.6066293195754969E-02  2.6368076505325477E-07
  1.3475340108896412E+00  2.5928452044598226E-02  2.6305012060050494E-07
  1.3609590893066565E+00  2.5789044095423409E-02  2.6243600388496924E-07
  1.3745179177656337E+00  2.5649772932141702E-02  2.6183822983061094E-07
  1.3882118287782481E+00  2.5513671766486327E-02  2.6125656221699234E-07
  1.4020421681315922E+00  2.5376270704082021E-02  2.6069073500594861E-07
  1.4160102950204267E+00  2.5237362640106380E-02  2.6014047951548672E-07
  1.4301175821807695E+00  2.5099339115172668E-02  2.5960553749624928E-07
  1.4443654160247954E+00  2.4966791165890310E-02  2.5908566488384767E-07
  1.4587551967770855E+00  2.4833261388996164E-02  2.5858063496064542E-07
  1.4732883386122440E+00  2.4699532055033904E-02  2.5809024380691862E-07
  1.4879662697938723E+00  2.4561165036682334E-02  2.5761431638284071E-07
  1.5027904328149366E+00  2.4433578175651782E-02  2.5715271089106588E-07
  1.5177622845395244E+00  2.4299048945172898E-02  2.5670531943600120E-07
  1.5328832963460297E+00  2.4167696997533142E-02  2.5627206958359590E-07
  1.5481549542717485E+00  2.4035715133695370E-02  2.5585293346818635E-07
  1.5635787591589183E+00  2.3903955423468071E-02  2.5544789890639934E-07
  1.5791562268022230E+00  2.3771945225729330E-02  2.5505693719600815E-07
  1.5948888880977561E+00  2.3640128365582876E-02  2.5467999616186671E-07
  1.6107782891934663E+00  2.3508257445821128E-02  2.5431699311554018E-07
  1.6268259916411170E+00  2.3377284661728136E-02  2.5396780341834249E-07
  1.6430335725497425E+00  2.3245475416268507E-02  2.5363224510739448E-07
  1.6594026247406455E+00  2.3114954031224471E-02  2.5331005818756214E-07
  1.6759347569039251E+00  2.2984733794970850E-02  2.5300087960068095E-07
  1.6926315937565848E+00  2.2855141169189880E-02  2.5270421831860729E-07
  1.7094947762021975E+00  2.2725756396075856E-02  2.5241943778785039E-07
  1.7265259614921618E+00  2.2596869140913210E-02  2.5214575442762881E-07
  1.7437268233885828E+00  2.2463936071293569E-02  2.5188225506435135E-07
  1.7610990523287560E+00  2.2334796033231883E-02  2.5162793242581347E-07
  1.7786443555912941E+00  2.2205902501011655E-02  2.5138172513068461E-07
  1.7963644574639197E+00  2.2081505716489352E-02  2.5114253639877178E-07
  1.8142610994129185E+00  2.1948652394262712E-02  2.5090925812753264E-07
  1.8323360402542845E+00  2.1823376277281474E-02  2.5068080013577388E-07
  1.8505910563265651E+00  2.1694549295514225E-02  2.5045612266187773E-07
  1.8690279416654416E+00  2.1563464581042760E-02  2.5023427495665159E-07
  1.8876485081800380E+00  2.1434139739654568E-02  2.5001444056560192E-07
  1.9064545858309805E+00  2.1305313660143033E-02  2.4979598689764949E-07
  1.9254480228102515E+00  2.1172514955561387E-02  2.4957851028791935E-07
  1.9446306857228184E+00  2.1041304332821822E-02  2.4936186937774891E-07
  1.9640044597700685E+00  2.0907730999299177E-02  2.4914619792162325E-07
  1.9835712489350938E+00  2.0773723093057913E-02  2.4893189212388002E-07
  2.0033329761698000E+00  2.0639924734558779E-02  2.4871954075323616E-07
  2.0232915835838821E+00  2.0505744853342389E-02  2.4850983847958644E-07
  2.0434490326356989E+00  2.0371483019491609E-02  2.4830352777071496E-07
  2.0638073043250302E+00  2.0239840071704557E-02  2.4810136917712946E-07
  2.0843683993877669E+00  2.0105717245749378E-02  2.4790411981091245E-07
  2.1051343384925265E+00  1.9971484825245408E-02  2.4771250668972413E-07
  2.1261071624392502E+00  1.9835244730940182E-02  2.4752719263207602E-07
  2.1472889323597593E+00  1.9704124762225102E-02  2.4734873811883568E-07
  2.1686817299203081E+00  1.9571268142799574E-02  2.4717756560342498E-07
  2.1902876575261754E+00  1.9439556644404953E-02  2.4701393349369735E-07
  2.2121088385282763E+00  1.9308926871728336E-02  2.4685792648791567E-07
  2.2341474174318288E+00  1.9179144817265535E-02  2.4670947491426313E-07
  2.2564055601071220E+00  1.9049038629090263E-02  2.4656843114467348E-07
  2.2788854540023609E+00  1.8920402091248095E-02  2.4643463085965663E-07
  2.3015893083586447E+00  1.8789834466915449E-02  2.4630792709459964E-07
  2.3245193544270748E+00  1.8667571483524156E-02  2.4618822287548051E-07
  2.3476778456880467E+00  1.8540521924551322E-02  2.4607547388896535E-07
  2.3710670580727080E+00  1.8414532902753335E-02  2.4596966652602576E-07
  2.3946892901866188E+00  1.8289156849116663E-02  2.4587080582960733E-07
  2.4185468635356693E+00  1.8163943967482887E-02  2.4577892234702096E-07
  2.4426421227542154E+00  1.8039360916065689E-02  2.4569407492536722E-07
  2.4669774358354983E+00  1.7915080169017505E-02  2.4561634406526524E-07
  2.4915551943643766E+00  1.7790637029029974E-02  2.4554582103246101E-07
  2.5163778137523485E+00  1.7661300335845405E-02  2.4548258803320667E-07
  2.5414477334749379E+00  1.7543391316405210E-02  2.4542668634298433E-07
  2.5667674173114285E+00  1.7419440934318225E-02  2.4537807395066413E-07
  2.5923393535870054E+00  1.7295628678421725E-02  2.4533657967426647E-07
  2.6181660554172947E+00  1.7166672219043978E-02  2.4530187338095685E-07
  2.6442500609553341E+00  1.7046430563059600E-02  2.4527349696850060E-07
  2.6705939336410278E+00  1.6927898191267051E-02  2.4525095284469875E-07
  2.6972002624530678E+00  1.6804306791658577E-02  2.4523376495781943E-07
  2.7240716621633565E+00  1.6681870390503454E-02  2.4522146194045631E-07
  2.7512107735939946E+00  1.6555907185063813E-02  2.4521355821190557E-07
  2.7786202638768023E+00  1.6437750050258864E-02  2.4520957072529858E-07
  2.8063028267154406E+00  1.6315787669252988E-02  2.4520903230176406E-07
  2.8342611826501232E+00  1.6195286217971165E-02  2.4521150878150608E-07
  2.8624980793250026E+00  1.6075600407956355E-02  2.4521662414676530E-07
  2.8910162917581887E+00  1.5954505093923117E-02  2.4522409528676067E-07
  2.9198186226144580E+00  1.5834038028920180E-02  2.4523377814347348E-07
  2.9489079024807059E+00  1.5714135844236015E-02  2.4524568013572216E-07
  2.9782869901441211E+00  1.5591358885111093E-02  2.4525990773113729E-07
  3.0079587728731227E+00  1.5474776188462484E-02  2.4527655370288019E-07
  3.0379261667011326E+00  1.5355881921732371E-02  2.4529561387653968E-07
  3.0681921167131367E+00  1.5237362182460568E-02  2.4531703061940290E-07
  3.0987595973351274E+00  1.5118822910826387E-02  2.4534076318448840E-07
  3.1296316126264032E+00  1.4999639079125420E-02  2.4536677455033782E-07
  3.1608111965748162E+00  1.4882729378519359E-02  2.4539502417783167E-07
  3.1923014133949335E+00  1.4762557272537872E-02  2.4542547053021152E-07
  3.2241053578291656E+00  1.4645553160808568E-02  2.4545805822669182E-07
  3.2562261554519250E+00  1.4528775882411029E-02  2.4549270585765022E-07
  3.2886669629767886E+00  1.4412624535040625E-02  2.4552930144775968E-07
  3.3214309685667174E+00  1.4300244711478517E-02  2.4556768935493722E-07
  3.3545213921473946E+00  1.4183662370313821E-02  2.4560766781579008E-07
  3.3879414857236578E+00  1.4069512224624967E-02  2.4564904936240958E-07
  3.4216945336991014E+00  1.3954704245136510E-02  2.4569173767434916E-07
  3.4557838531988381E+00  1.3840002720970980E-02  2.4573571769408072E-07
  3.4902127943955179E+00  1.3725503957845340E-02  2.4578099846227468E-07
  3.5249847408385588E+00  1.3614408395553747E-02  2.4582762881506116E-07
  3.5601031097866587E+00  1.3501841085111776E-02  2.4587569452417435E-07
  3.5955713525436543E+00  1.3389056158002803E-02  2.4592527877848803E-07
  3.6313929547976889E+00  1.3278458609671261E-02  2.4597646805734560E-07
  3.6675714369637649E+00  1.3166747886981052E-02  2.4602935213146943E-07
  3.7041103545297362E+00  1.3056782956282856E-02  2.4608402941514270E-07
  3.7410132984057167E+00  1.2946830782451901E-02  2.4614061809946541E-07
  3.7782838952769873E+00  1.2836330803462437E-02  2.4619925203518994E-07
  3.8159258079603986E+00  1.2727719748077080E-02  2.4626005447414386E-07
  3.8539427357643614E+00  1.2618426570698831E-02  2.4632309989331421E-07
  3.8923384148523903E+00  1.2510410787199548E-02  2.4638839722118861E-07
  3.9311166186102691E+00  1.2403147958910664E-02  2.4645589947355648E-07
  3.9702811580169053E+00  1.2295192958354243E-02  2.4652550084145752E-07
  4.0098358820188515E+00  1.2188772715858873E-02  2.4659706491654475E-07
  4.0497846779085522E+00  1.2082137403903910E-02  2.4667048748358179E-07
  4.0901314717063944E+00  1.1976358617803641E-02  2.4674568275404558E-07
  4.1308802285465314E+00  1.1871096147780622E-02  2.4682256617411765E-07
  4.1720349530665626E+00  1.1766320976739585E-02  2.4690105409641149E-07
  4.2135996898010841E+00  1.1662038943256691E-02  2.4698106183030059E-07
  4.2555785235791932E+00  1.1554156446033149E-02  2.4706250423523790E-07
  4.2979755799259189E+00  1.1455381690163205E-02  2.4714529721329584E-07
  4.3407950254676484E+00  1.1352385724284793E-02  2.4722936441663755E-07
  4.3840410683416344E+00  1.1250482917763264E-02  2.4731465332341730E-07
  4.4277179586095441E+00  1.1148447037286112E-02  2.4740115428686529E-07
  4.4718299886751227E+00  1.1047260310498698E-02  2.4748890078303091E-07
  4.5163814937060680E+00  1.0947506318695656E-02  2.4757793522273231E-07
  4.5613768520600475E+00  1.0846403475558703E-02  2.4766826909624048E-07
  4.6068204857150050E+00  1.0743361472584858E-02  2.4775988921827850E-07
  4.6527168607037144E+00  1.0648938354891958E-02  2.4785278403879504E-07
  4.6990704875527118E+00  1.0549207272809112E-02  2.4794694827165828E-07
  4.7458859217255602E+00  1.0451883166311330E-02  2.4804237755566545E-07
  4.7931677640705299E+00  1.0353727303257480E-02  2.4813907255609287E-07
  4.8409206612727811E+00  1.0256851347027677E-02  2.4823704818965347E-07
  4.8891493063110092E+00  1.0161134877977894E-02  2.4833632837855737E-07
  4.9378584389186395E+00  1.0064484869249463E-02  2.4843692652886496E-07
  4.9870528460496564E+00  9.9698577544967606E-03  2.4853882485220482E-07
  5.0367373623490321E+00  9.8752017030532355E-03  2.4864197708027893E-07
  5.0869168706278662E+00  9.7804289669711116E-03  2.4874634025868207E-07
  5.1375963023432298E+00  9.6862106495752710E-03  2.4885189117853674E-07
  5.1887806380828403E+00  9.5936680328254191E-03  2.4895865595600937E-07
  5.2404749080545230E+00  9.5002516487757878E-03  2.4906671283310977E-07
  5.2926841925805430E+00  9.4081021258360445E-03  2.4917614253335091E-07
  5.3454136225969133E+00  9.3167768078296371E-03  2.4928702341760538E-07
  5.3986683801576287E+00  9.2251758348664715E-03  2.4939943448094622E-07
  5.4524536989439207E+00  9.1309898605150125E-03  2.4951346042900177E-07
  5.5067748647786399E+00  9.0456554311691990E-03  2.4962919338612577E-07
  5.5616372161457024E+00  8.9556967623146168E-03  2.4974672631378320E-07
  5.6170461447147515E+00  8.8666852597583841E-03  2.4986614832908173E-07
  5.6730070958710028E+00  8.7792134101346460E-03  2.4998753816411189E-07
  5.7295255692504341E+00  8.6909237988059725E-03  2.5011095096324143E-07
  5.7866071192802551E+00  8.6038246539510248E-03  2.5023642934279250E-07
  5.8442573557247517E+00  8.5147629626078532E-03  2.5036398477635686E-07
  5.9024819442366336E+00  8.4313079414776639E-03  2.5049355295243342E-07
  5.9612866069138164E+00  8.3461239061458845E-03  2.5062507111731171E-07
  6.0206771228617413E+00  8.2608544759946480E-03  2.5075849886942972E-07
  6.0806593287613753E+00  8.1765559221456448E-03  2.5089379836208001E-07
  6.1412391194427798E+00  8.0928071038458872E-03  2.5103094151139616E-07
  6.2024224484644579E+00  8.0097561155374145E-03  2.5116991511260869E-07
  6.2642153286984126E+00  7.9271523280870365E-03  2.5131071366261835E-07
  6.3266238329211122E+00  7.8458333514486688E-03  2.5145332813110502E-07
  6.3896540944102824E+00  7.7639429880304112E-03  2.5159773946855783E-07
  6.4533123075476420E+00  7.6830419655388102E-03  2.5174391959478530E-07
  6.5176047284276990E+00  7.6029209105166855E-03  2.5189182674065558E-07
  6.5825376754725653E+00  7.5231634104227065E-03  2.5204141908522923E-07
  6.6481175300528781E+00  7.4442691649119035E-03  2.5219272013230512E-07
  6.7143507371149846E+00  7.3656483039353637E-03  2.5234578870621068E-07
  6.7812438058143005E+00  7.2883302391276803E-03  2.5250067503053912E-07
  6.8488033101550130E+00  7.2108703318960708E-03  2.5265743403504651E-07
  6.9170358896361313E+00  7.1338725957920644E-03  2.5281612405268564E-07
  6.9859482499040233E+00  7.0578197526175680E-03  2.5297680320723950E-07
  7.0555471634114122E+00  6.9816455846538695E-03  2.5313953118968408E-07
  7.1258394700829193E+00  6.9069389601133669E-03  2.5330437139665044E-07
  7.1968320779873078E+00  6.8317765146717327E-03  2.5347138994041295E-07
  7.2685319640163701E+00  6.7578527632562212E-03  2.5364064958795740E-07
  7.3409461745705578E+00  6.6847559585796615E-03  2.5381220266673062E-07
  7.4140818262515307E+00  6.6113606114115110E-03  2.5398608616705195E-07
  7.4879461065615196E+00  6.5362701130896829E-03  2.5416230148005039E-07
  7.5625462746096677E+00  6.4648708116491430E-03  2.5434082188808255E-07
  7.6378896618254792E+00  6.3967770789073869E-03  2.5452163126560875E-07
  7.7139836726792836E+00  6.3252185817438055E-03  2.5470473044815113E-07
  7.7908357854099490E+00  6.2556384510713331E-03  2.5489012905104392E-07
  7.8684535527597728E+00  6.1854440719860447E-03  2.5507784042190545E-07
  7.9468446027167934E+00  6.1168124552821610E-03  2.5526788136641150E-07
  8.0260166392644070E+00  6.0454536745346409E-03  2.5546027421721887E-07
  8.1059774431384763E+00  5.9780522866128127E-03  2.5565504713510227E-07
  8.1867348725920284E+00  5.9107616425288821E-03  2.5585223151011416E-07
  8.2682968641675156E+00  5.8440313312384425E-03  2.5605185656707837E-07
  8.3506714334767640E+00  5.7778637540030547E-03  2.5625393990558185E-07
  8.4338666759887744E+00  5.7122726435738210E-03  2.5645848384995808E-07
  8.5178907678252678E+00  5.6496418467129432E-03  2.5666548650203438E-07
  8.6027519665642380E+00  5.5835232913007456E-03  2.5687494686552150E-07
  8.6884586120514253E+00  5.5212355681818247E-03  2.5708685817930583E-07
  8.7750191272199913E+00  5.4575888269119046E-03  2.5730120808351300E-07
  8.8624420189182604E+00  5.3925221542933371E-03  2.5751798193365199E-07
  8.9507358787457143E+00  5.3332958159081918E-03  2.5773716316221682E-07
  9.0399093838974025E+00  5.2714595732725779E-03  2.5795873533214981E-07
  9.1299712980166703E+00  5.2100916485923483E-03  2.5818268515739979E-07
  9.2209304720563985E+00  5.1496185035877842E-03  2.5840900256679149E-07
  9.3127958451488837E+00  5.0898447750400769E-03  2.5863767700504216E-07
  9.4055764454843249E+00  5.0305854835908685E-03  2.5886869114994310E-07
  9.4992813911980871E+00  4.9722237937407628E-03  2.5910201209059211E-07
  9.5939198912667578E+00  4.9137691311004908E-03  2.5933758263618851E-07
  9.6895012464132400E+00  4.8565779805510717E-03  2.5957532309409337E-07
  9.7860348500207568E+00  4.7972951765835551E-03  2.5981514619377364E-07
  9.8835301890559659E+00  4.7434835487133939E-03  2.6005696927273813E-07
  9.9819968450013707E+00  4.6870474802936483E-03  2.6030071516126927E-07
  1.0081444494796919E+01  4.6303488500198733E-03  2.6054630793826352E-07
  1.0181882911790987E+01  4.5775762665496850E-03  2.6079367142839149E-07
  1.0283321966700928E+01  4.5226708675872359E-03  2.6104273136827173E-07
  1.0385771628583095E+01  4.4693569219358764E-03  2.6129341649333241E-07
  1.0489241965812573E+01  4.4162474274726674E-03  2.6154565528676980E-07
  1.0593743147072630E+01  4.3637119458254303E-03  2.6179936863588146E-07
  1.0699285442354112E+01  4.3103831952525599E-03  2.6205446009681547E-07
  1.0805879223964720E+01  4.2607644201244658E-03  2.6231080490097892E-07
  1.0913534967548316E+01  4.2096683490256996E-03  2.6256824394991810E-07
  1.1022263253114504E+01  4.1590598093349668E-03  2.6282659289259321E-07
  1.1132074766078363E+01  4.1090507999051416E-03  2.6308565416541057E-07
  1.1242980298310533E+01  4.0596726232203870E-03  2.6334521923489241E-07
  1.1354990749197864E+01  4.0108757777081250E-03  2.6360506880294527E-07
  1.1468117126714530E+01  3.9627282047921507E-03  2.6386497556802969E-07
  1.1582370548503874E+01  3.9149605217381591E-03  2.6412470878451460E-07
  1.1697762242970956E+01  3.8673294560107783E-03  2.6438403748297884E-07
  1.1814303550386116E+01  3.8192890794561040E-03  2.6464273120182384E-07
  1.1932005923999425E+01  3.7747601981833363E-03  2.6490056090099404E-07
  1.2050880931166178E+01  3.7288244588427337E-03  2.6515730182817331E-07
  1.2170940254483872E+01  3.6819942334354290E-03  2.6541273606638522E-07
  1.2292195692940240E+01  3.6389994548999536E-03  2.6566665043352204E-07
  1.2414659163072647E+01  3.5941520885402786E-03  2.6591883305726847E-07
  1.2538342700139516E+01  3.5489640169008119E-03  2.6616907381604243E-07
  1.2663258459302920E+01  3.5055552034834736E-03  2.6641717063715071E-07
  1.2789418716823128E+01  3.4638006075044508E-03  2.6666293046988361E-07
  1.2916835871265119E+01  3.4200109746948910E-03  2.6690616496433796E-07
  1.3045522444717143E+01  3.3792263284826742E-03  2.6714668668902594E-07
  1.3175491084021198E+01  3.3375864709961553E-03  2.6738430613740114E-07
  1.3306754562015982E+01  3.2963175389468875E-03  2.6761882595313567E-07
  1.3439325778792250E+01  3.2555804738227763E-03  2.6785003044864795E-07
  1.3573217762960416E+01  3.2139308581969109E-03  2.6807767356960671E-07
  1.3708443672931052E+01  3.1751402373510094E-03  2.6830146819701279E-07
  1.3845016798208119E+01  3.1355908637448779E-03  2.6852107215079346E-07
  1.3982950560694846E+01  3.0962595829388093E-03  2.6873607723060606E-07
  1.4122258516012876E+01  3.0575253337277643E-03  2.6894602119471339E-07
  1.4262954354834537E+01  3.0191517633097686E-03  2.6915040856229562E-07
  1.4405051904228152E+01  2.9810661499439319E-03  2.6934872996289960E-07
  1.4548565129016984E+01  2.9433997120246564E-03  2.6954047514466666E-07
  1.4693508133151745E+01  2.9060320459930755E-03  2.6972513931120569E-07
  1.4839895161096504E+01  2.8690901871205269E-03  2.6990222584438187E-07
  1.4987740599228665E+01  2.8324294643490020E-03  2.7007124759830056E-07
  1.5137058977252899E+01  2.7963137359346170E-03  2.7023172956782498E-07
  1.5287864969628886E+01  2.7605146239706641E-03  2.7038321446506733E-07
  1.5440173397013565E+01  2.7249668657985861E-03  2.7052526856181696E-07
  1.5593999227717736E+01  2.6898369770316944E-03  2.7065748315476779E-07
  1.5749357579176914E+01  2.6550481021884158E-03  2.7077946689365604E-07
  1.5906263719437101E+01  2.6206558223676934E-03  2.7089082164638024E-07
  1.6064733068655375E+01  2.5866350184499355E-03  2.7099112261643258E-07
  1.6224781200615126E+01  2.5529668052254257E-03  2.7107991477884433E-07
  1.6386423844256697E+01  2.5196514284653911E-03  2.7115671405017907E-07
  1.6549676885223256E+01  2.4866936344019363E-03  2.7122100860765071E-07
  1.6714556367421785E+01  2.4540987584014871E-03  2.7127225892351574E-07
  1.6881078494599908E+01  2.4218581665650172E-03  2.7130989857997803E-07
  1.7049259631938423E+01  2.3899519585593213E-03  2.7133333727303166E-07
  1.7219116307659554E+01  2.3583677852544705E-03  2.7134196518367589E-07
  1.7390665214651055E+01  2.3271382355194467E-03  2.7133515848343289E-07
  1.7563923212107142E+01  2.2961676137422575E-03  2.7131228741684614E-07
  1.7738907327185135E+01  2.2654142301605667E-03  2.7127272895764520E-07
  1.7915634756678624E+01  2.2350253683738504E-03  2.7121588120033177E-07
  1.8094122868707931E+01  2.2048901531623957E-03  2.7114117754735440E-07
  1.8274389204426754E+01  2.1750139732186436E-03  2.7104809641357751E-07
  1.8456451479745855E+01  2.1454348360230376E-03  2.7093616953419683E-07
  1.8640327587074523E+01  2.1160367372883232E-03  2.7080499084819779E-07
  1.8826035597078750E+01  2.0868779536821315E-03  2.7065422491169372E-07
  1.9013593760457091E+01  2.0579697385848918E-03  2.7048361062072866E-07
  1.9203020509734340E+01  2.0286211613624928E-03  2.7029295879619758E-07
  1.9394334461073154E+01  2.0003621580497550E-03  2.7008214669819242E-07
  1.9587554416103330E+01  1.9726550752705370E-03  2.6985110943721278E-07
  1.9782699363769687E+01  1.9447088869171500E-03  2.6959982498051145E-07
  1.9979788482198327E+01  1.9169889663642229E-03  2.6932829512813893E-07
  2.0178841140581181E+01  1.8895115512775865E-03  2.6903652110721691E-07
  2.0379876901079648E+01  1.8617107563493221E-03  2.6872447561174670E-07
  2.0582915520747196E+01  1.8347958513813731E-03  2.6839208459688456E-07
  2.0787976953470817E+01  1.8081722832801045E-03  2.6803922543209687E-07
  2.0995081351932086E+01  1.7817273918765615E-03  2.6766573494089722E-07
  2.1204249069587849E+01  1.7556700720443997E-03  2.6727141649888153E-07
  2.1415500662670244E+01  1.7301073477973615E-03  2.6685604527591515E-07
  2.1628856892206986E+01  1.7039642215313391E-03  2.6641937562972710E-07
  2.1844338726061835E+01  1.6786029566273320E-03  2.6596114881805814E-07
  2.2061967340994986E+01  1.6533612254313213E-03  2.6548109757218651E-07
  2.2281764124744356E+01  1.6290990879211131E-03  2.6497894760490326E-07
  2.2503750678127634E+01  1.6043042026436779E-03  2.6445442099625819E-07
  2.2727948817164862E+01  1.5799045947991212E-03  2.6390724352554439E-07
  2.2954380575222565E+01  1.5557644469356301E-03  2.6333715123828314E-07
  2.3183068205179246E+01  1.5313558392486871E-03  2.6274388968878883E-07
  2.3414034181612060E+01  1.5078701110975078E-03  2.6212720732096578E-07
  2.3647301203005629E+01  1.4847694626336772E-03  2.6148685035737797E-07
  2.3882892193982951E+01  1.4610730491089990E-03  2.6082256335660035E-07
  2.4120830307558030E+01  1.4387111093342225E-03  2.6013409586868403E-07
  2.4361138927411446E+01  1.4154873733650776E-03  2.5942121220646722E-07
  2.4603841670188515E+01  1.3935189797372686E-03  2.5868370143893720E-07
  2.4848962387820013E+01  1.3708802343324598E-03  2.5792138454707520E-07
  2.5096525169866336E+01  1.3491807100688205E-03  2.5713411428249276E-07
  2.5346554345885142E+01  1.3270203474653938E-03  2.5632177005662428E-07
  2.5599074487822044E+01  1.3054220631961511E-03  2.5548425481203506E-07
  2.5854110412425584E+01  1.2844719253777832E-03  2.5462148968488039E-07
  2.6111687183686268E+01  1.2633558360655272E-03  2.5373340479778163E-07
  2.6371830115299701E+01  1.2424444294438781E-03  2.5281993118379262E-07
  2.6634564773153937E+01  1.2217894817844611E-03  2.5188099464099097E-07
  2.6899916977842651E+01  1.2009699466501822E-03  2.5091651098666815E-07
  2.7167912807202384E+01  1.1808366888101114E-03  2.4992638306559881E-07
  2.7438578598875029E+01  1.1607698788976010E-03  2.4891050245634217E-07
  2.7711940952896850E+01  1.1413402645935285E-03  2.4786875763865898E-07
  2.7988026734312342E+01  1.1217617383101198E-03  2.4680104611832812E-07
  2.8266863075814051E+01  1.1020950232864919E-03  2.4570728513986191E-07
  2.8548477380409768E+01  1.0833048993385854E-03  2.4458741640216827E-07
  2.8832897324115201E+01  1.0643849493488264E-03  2.4344140830892730E-07
  2.9120150858673824E+01  1.0457036975365086E-03  2.4226926055863869E-07
  2.9410266214303942E+01  1.0269122443546301E-03  2.4107100984027747E-07
  2.9703271902473301E+01  1.0089608846642333E-03  2.3984672741296843E-07
  2.9999196718700656E+01  9.9059364572733500E-04  2.3859650758199011E-07
  3.0298069745385941E+01  9.7310628970706916E-04  2.3732045458022897E-07
  3.0599920354668498E+01  9.5544706793408794E-04  2.3601867548908739E-07
  3.0904778211313346E+01  9.3775732614669234E-04  2.3469127783109215E-07
  3.1212673275626678E+01  9.2084034549270945E-04  2.3333836785191628E-07
  3.1523635806400449E+01  9.0384085390944700E-04  2.3196005250378017E-07
  3.1837696363885716E+01  8.8706426869197960E-04  2.3055644635403454E-07
  3.2154885812796188E+01  8.7049674645224518E-04  2.2912767512508951E-07
  3.2475235325341679E+01  8.5387479569032582E-04  2.2767387061018544E-07
  3.2798776384291209E+01  8.3798145040662184E-04  2.2619516219724507E-07
  3.3125540786067212E+01  8.2179785910738959E-04  2.2469167018844112E-07
  3.3455560643870577E+01  8.0628762820310232E-04  2.2316350685705529E-07
  3.3788868390836200E+01  7.9074807334878080E-04  2.2161078634912043E-07
  3.4125496783220612E+01  7.7538144943928744E-04  2.2003363529053468E-07
  3.4465478903621332E+01  7.6024146678634920E-04  2.1843219371874413E-07
  3.4808848164227697E+01  7.4524189548834754E-04  2.1680660653236880E-07
  3.5155638310104699E+01  7.3054021617913894E-04  2.1515701634805966E-07
  3.5505883422509541E+01  7.1599151076463005E-04  2.1348356290387696E-07
  3.5859617922240574E+01  7.0161399323814279E-04  2.1178638923762037E-07
  3.6216876573020272E+01  6.8746040560085974E-04  2.1006565677894790E-07
  3.6577694484911916E+01  6.7348980520852517E-04  2.0832156151636709E-07
  3.6942107117769602E+01  6.5950043477257529E-04  2.0655434317771869E-07
  3.7310150284723370E+01  6.4608561911943640E-04  2.0476429160828161E-07
  3.7681860155698985E+01  6.3266449167245569E-04  2.0295174974017632E-07
  3.8057273260972138E+01  6.1942709854691594E-04  2.0111710721197738E-07
  3.8436426494758734E+01  6.0638152182349947E-04  1.9926078752818531E-07
  3.8819357118840877E+01  5.9336922595999361E-04  1.9738323913607995E-07
  3.9206102766228732E+01  5.8070330857817550E-04  1.9548493419624753E-07
  3.9596701444858439E+01  5.6822116843241238E-04  1.9356636557957298E-07
  3.9991191541328291E+01  5.5601594570163905E-04  1.9162803700640736E-07
  4.0389611824670801E+01  5.4393449695817864E-04  1.8967045486794199E-07
  4.0792001450162275E+01  5.3187418810380401E-04  1.8769412922693114E-07
  4.1198399963171809E+01  5.2019942634372134E-04  1.8569958184129662E-07
  4.1608847303047199E+01  5.0859880281337228E-04  1.8368735087931022E-07
  4.2023383807039501E+01  4.9719454452089155E-04  1.8165798855148696E-07
  4.2442050214268257E+01  4.8599884771145232E-04  1.7961205945829394E-07
  4.2864887669724602E+01  4.7497126066179074E-04  1.7755014508831353E-07
  4.3291937728314736E+01  4.6412916832983784E-04  1.7547285274596536E-07
  4.3723242358943942E+01  4.5354581069246983E-04  1.7338082122005640E-07
  4.4158843948641454E+01  4.4304003650324082E-04  1.7127471692061296E-07
  4.4598785306725517E+01  4.3263090544063825E-04  1.6915522567565457E-07
  4.5043109669010825E+01  4.2249051208878249E-04  1.6702304755462517E-07
  4.5491860702057828E+01  4.1250145949992180E-04  1.6487889074379149E-07
  4.5945082507463582E+01  4.0279516859728881E-04  1.6272346363565797E-07
  4.6402819626196191E+01  3.9312597210327269E-04  1.6055747561234484E-07
  4.6865117042972365E+01  3.8359062867997359E-04  1.5838164724090523E-07
  4.7332020190677802E+01  3.7433783457797132E-04  1.5619671661514075E-07
  4.7803574954832477E+01  3.6512592919807509E-04  1.5400343894291280E-07
  4.8279827678100375E+01  3.5622604592824039E-04  1.5180258297239244E-07
  4.8760825164843268E+01  3.4739747112666670E-04  1.4959492556035388E-07
  4.9246614685720807E+01  3.3871114270677067E-04  1.4738124853652466E-07
  4.9737243982336381E+01  3.3024919304387333E-04  1.4516234336360460E-07
  5.0232761271928396E+01  3.2185546150251124E-04  1.4293901985070811E-07
  5.0733215252109190E+01  3.1374554428668672E-04  1.4071210748717684E-07
  5.1238655105651169E+01  3.0570550485499410E-04  1.3848244860892020E-07
  5.1749130505319656E+01  2.9778346007511210E-04  1.3625089012898003E-07
  5.2264691618754917E+01  2.9011968012625038E-04  1.3401827635425313E-07
  5.2785389113402694E+01  2.8254951025453675E-04  1.3178544893182703E-07
  5.3311274161493067E+01  2.7507147834356603E-04  1.2955325271118891E-07
  5.3842398445069698E+01  2.6786104996045270E-04  1.2732253798375168E-07
  5.4378814161069343E+01  2.6068353270535818E-04  1.2509416016884280E-07
  5.4920574026450915E+01  2.5375592019021280E-04  1.2286898230508475E-07
  5.5467731283376615E+01  2.4690932382158783E-04  1.2064787817393670E-07
  5.6020339704444702E+01  2.4020938838432098E-04  1.1843173056125237E-07
  5.6578453597973436E+01  2.3364786137557912E-04  1.1622142435154865E-07
  5.7142127813338611E+01  2.2723377750767017E-04  1.1401784259022941E-07
  5.7711417746364170E+01  2.2089690848419528E-04  1.1182186791917247E-07
  5.8286379344766225E+01  2.1478920913733999E-04  1.0963438046554253E-07
  5.8867069113650523E+01  2.0876627061271427E-04  1.0745624954236537E-07
  5.9453544121066997E+01  2.0282946593314094E-04  1.0528832636849618E-07
  6.0045862003617529E+01  1.9711830199457714E-04  1.0313144478123851E-07
  6.0644080972119468E+01  1.9147995091555275E-04  1.0098642649079099E-07
  6.1248259817327892E+01  1.8597940158584996E-04  9.8854081708470952E-08
  6.1858457915712563E+01  1.8059660136463148E-04  9.6735207027692745E-08
  6.2474735235292535E+01  1.7533303874217829E-04  9.4630583789322149E-08
  6.3097152341531050E+01  1.7018486560882226E-04  9.2540979099883063E-08
  6.3725770403286816E+01  1.6517552618529991E-04  9.0467150158277636E-08
  6.4360651198825352E+01  1.6027094634324084E-04  8.8409847274591468E-08
  6.5001857121890538E+01  1.5548660616108466E-04  8.6369811619669321E-08
  6.5649451187836888E+01  1.5079710217166063E-04  8.4347772124018675E-08
  6.6303497039821636E+01  1.4623743027909763E-04  8.2344443279964551E-08
  6.6964058955059755E+01  1.4179865301226685E-04  8.0360519870088274E-08
  6.7631201851141327E+01  1.3744814889896670E-04  7.8396671763508585E-08
  6.8304991292410520E+01  1.3321358848850066E-04  7.6453544664860543E-08
  6.8985493496409489E+01  1.2907554098562509E-04  7.4531762982710028E-08
  6.9672775340386380E+01  1.2504354444183629E-04  7.2631930115613323E-08
  7.0366904367866923E+01  1.2111539823198823E-04  7.0754627266800354E-08
  7.1067948795292821E+01  1.1728425925214648E-04  6.8900411617428980E-08
  7.1775977518726194E+01  1.1353991518375495E-04  6.7069813366741365E-08
  7.2491060120619608E+01  1.0991378838256170E-04  6.5263334050041794E-08
  7.3213266876654799E+01  1.0636050724071553E-04  6.3481449793433747E-08
  7.3942668762649546E+01  1.0292096255662707E-04  6.1724616095346623E-08
  7.4679337461532029E+01  9.9534544307610526E-05  5.9993268351540014E-08
  7.5423345370386002E+01  9.6266147867019183E-05  5.8287819202920736E-08
  7.6174765607566201E+01  9.3100141680654987E-05  5.6608653880927685E-08
  7.6933672019883161E+01  9.0001359102367804E-05  5.4956127736977265E-08
  7.7700139189861147E+01  8.6983296552466330E-05  5.3330567974413289E-08
  7.8474242443068249E+01  8.4036349004189772E-05  5.1732275076616156E-08
  7.9256057855518250E+01  8.1204575777171740E-05  5.0161522733869249E-08
  8.0045662261147427E+01  7.8427025982722606E-05  4.8618558109820454E-08
  8.0843133259366155E+01  7.5730495078801829E-05  4.7103603336156055E-08
  8.1648549222683968E+01  7.3102899082951988E-05  4.5616857267036369E-08
  8.2461989304412356E+01  7.0554237349820654E-05  4.4158495016673215E-08
  8.3283533446444025E+01  6.8084789087034952E-05  4.2728665922394442E-08
  8.4113262387108378E+01  6.5672860659373499E-05  4.1327493907921188E-08
  8.4951257669106624E+01  6.3334435353216897E-05  3.9955079026996063E-08
  8.5797601647526065E+01  6.1064652150238973E-05  3.8611496584174384E-08
  8.6652377497932576E+01  5.8861804462218483E-05  3.7296794072416897E-08
  8.7515669224545320E+01  5.6724952754369811E-05  3.6010990071468598E-08
  8.8387561668492765E+01  5.4649809619481345E-05  3.4754076548928237E-08
  8.9268140516150311E+01  5.2634138282780576E-05  3.3526020323875652E-08
  9.0157492307560020E+01  5.0679554287686280E-05  3.2326763344522991E-08
  9.1055704444937632E+01  4.8779640963975575E-05  3.1156222657531079E-08
  9.1962865201261010E+01  4.6944686348052926E-05  3.0014290419068081E-08
  9.2879063728944189E+01  4.5160434730417634E-05  2.8900834846053852E-08
  9.3804390068601151E+01  4.3431170170453308E-05  2.7815702338597990E-08
  9.4738935157893664E+01  4.1753079167562031E-05  2.6758718995885535E-08
  9.5682790840466978E+01  4.0132583881913774E-05  2.5729691251342591E-08
  9.6636049874978326E+01  3.8561091745473563E-05  2.4728406644435393E-08
  9.7598805944211563E+01  3.7038068104120142E-05  2.3754633464059572E-08
  9.8571153664283628E+01  3.5560817235996471E-05  2.2808119761820857E-08
  9.9553188593943588E+01  3.4138776918401016E-05  2.1888593794319272E-08
  1.0054500724396435E+02  3.2755881654145938E-05  2.0995765451893228E-08
  1.0154670708662616E+02  3.1419142579951946E-05  2.0129327437886817E-08
  1.0255838656529649E+02  3.0123688200515306E-05  1.9288956095354523E-08
  1.0358014510410524E+02  2.8873746612876842E-05  1.8474312209286883E-08
  1.0461208311771456E+02  2.7664227932741750E-05  1.7685041639508653E-08
  1.0565430202118785E+02  2.6493005544280603E-05  1.6920775595122713E-08
  1.0670690423995711E+02  2.5363035653739703E-05  1.6181131459359596E-08
  1.0776999321988764E+02  2.4270641151258088E-05  1.5465714730681076E-08
  1.0884367343744499E+02  2.3215183058290779E-05  1.4774120708826016E-08
  1.0992805040996312E+02  2.2196377055784984E-05  1.4105935414319960E-08
  1.1102323070601300E+02  2.1214613766242746E-05  1.3460735586513881E-08
  1.1212932195587635E+02  2.0265557108966862E-05  1.2838088500785963E-08
  1.1324643286212397E+02  1.9349668285642513E-05  1.2237552867132618E-08
  1.1437467321029710E+02  1.8466453681606198E-05  1.1658680186803550E-08
  1.1551415387969760E+02  1.7612909557146794E-05  1.1101015708653442E-08
  1.1666498685428522E+02  1.6794025083099245E-05  1.0564099128542886E-08
  1.1782728523368183E+02  1.6004231983277892E-05  1.0047465346406335E-08
  1.1900116324428699E+02  1.5241751405476996E-05  9.5506454407181312E-09
  1.2018673625050437E+02  1.4508926527820267E-05  9.0731676580984449E-09
  1.2138412076607806E+02  1.3802763112563906E-05  8.6145580443219133E-09
  1.2259343446554371E+02  1.3125022201617037E-05  8.1743410372140902E-09
  1.2381479619579392E+02  1.2471767100311464E-05  7.7520403399132150E-09
  1.2504832598775633E+02  1.1845374589866235E-05  7.3471796109391498E-09
  1.2629414506819185E+02  1.1242556162270016E-05  6.9592826476062431E-09
  1.2755237587160663E+02  1.0664277838057677E-05  6.5878736917550494E-09
  1.2882314205228511E+02  1.0108905931956592E-05  6.2324782225449187E-09
  1.3010656849644323E+02  9.5765103293121115E-06  5.8926237485407155E-09
  1.3140278133450022E+02  9.0656578342659205E-06  5.5678404413181052E-09
  1.3271190795347479E+02  8.5766473821465006E-06  5.2576617058622219E-09
  1.3403407700950544E+02  8.1080281601519101E-06  4.9616247041119929E-09
  1.3536941844049232E+02  7.6596545920626433E-06  4.6792708137730729E-09
  1.3671806347886817E+02  7.2309213482192058E-06  4.4101460731885540E-09
  1.3808014466449595E+02  6.8207038980957174E-06  4.1538017771956008E-09
  1.3945579585769281E+02  6.4293408624847584E-06  3.9097952167169422E-09
  1.4084515225238624E+02  6.0551227407203106E-06  3.6776902736764002E-09
  1.4224835038940131E+02  5.6990506356568037E-06  3.4570577482989446E-09
  1.4366552816987752E+02  5.3587533772204039E-06  3.2474754635066400E-09
  1.4509682486882230E+02  5.0353103443696758E-06  3.0485284962887784E-09
  1.4654238114879911E+02  4.7270740969780030E-06  2.8598095531437600E-09
  1.4800233907374974E+02  4.4339397399342522E-06  2.6809193239973013E-09
  1.4947684212295633E+02  4.1553659307658177E-06  2.5114667632706410E-09
  1.5096603520514330E+02  3.8910717411740041E-06  2.3510693118381474E-09
  1.5247006467271606E+02  3.6398123891596727E-06  2.1993530917003948E-09
  1.5398907833614655E+02  3.4021114156312073E-06  2.0559531072554852E-09
  1.5552322547849724E+02  3.1772899028398955E-06  1.9205134274977573E-09
  1.5707265687009314E+02  2.9642923733337525E-06  1.7926872921146129E-09
  1.5863752478333996E+02  2.7630078175028914E-06  1.6721372368412391E-09
  1.6021798300768674E+02  2.5727376290322393E-06  1.5585352194635255E-09
  1.6181418686474098E+02  2.3934544121032870E-06  1.4515626255853110E-09
  1.6342629322353375E+02  2.2243106141694076E-06  1.3509102155340949E-09
  1.6505446051593449E+02  2.0649564275233831E-06  1.2562781203198489E-09
  1.6669884875222192E+02  1.9158986873229086E-06  1.1673758837199396E-09
  1.6835961953681033E+02  1.7750899883165390E-06  1.0839224829294438E-09
  1.7003693608412951E+02  1.6432598945908449E-06  1.0056463048902421E-09
  1.7173096323466572E+02  1.5194703305084772E-06  9.3228509224200516E-10
  1.7344186747116279E+02  1.4036900655427673E-06  8.6358586849590039E-10
  1.7516981693498130E+02  1.2954149152226514E-06  7.9930484447782548E-10
  1.7691498144262391E+02  1.1940904275521016E-06  7.3920731943024081E-10
  1.7867753250242535E+02  1.0998035613101914E-06  6.8306759390747260E-10
  1.8045764333140565E+02  1.0116577999925766E-06  6.3066888516512919E-10
  1.8225548887229405E+02  9.2970101293448924E-07  5.8180320613080729E-10
  1.8407124581072313E+02  8.5333727163737825E-07  5.3627118670365391E-10
  1.8590509259259005E+02  7.8250061546552913E-07  4.9388187702029593E-10
  1.8775720944159656E+02  7.1673234312714818E-07  4.5445257534233822E-10
  1.8962777837695819E+02  6.5582231590694696E-07  4.1780866254520089E-10
  1.9151698323129344E+02  5.9949553927529424E-07  3.8378342179409703E-10
  1.9342500966869139E+02  5.4727256537109185E-07  3.5221784446513247E-10
  1.9535204520295579E+02  4.9911132334435469E-07  3.2296042823906404E-10
  1.9729827921603427E+02  4.5464718475038931E-07  2.9586697050413994E-10
  1.9926390297663141E+02  4.1373714977907441E-07  2.7080035963066622E-10
  2.0124910965900355E+02  3.7606662778878535E-07  2.4763036476953681E-10
  2.0325409436194428E+02  3.4145232808399269E-07  2.2623342293261667E-10
  2.0527905412795945E+02  3.0966651409422871E-07  2.0649242618195882E-10
  2.0732418796262917E+02  2.8055679442811225E-07  1.8829650245985723E-10
  2.0938969685416669E+02  2.5388847184058752E-07  1.7154078464684135E-10
  2.1147578379317196E+02  2.2948685772967797E-07  1.5612618471118252E-10
  2.1358265379257836E+02  2.0720067898469227E-07  1.4195917742881726E-10
  2.1571051390780167E+02  1.8685266394144084E-07  1.2895158635675525E-10
  2.1785957325709043E+02  1.6831936833280517E-07  1.1702036987393529E-10
  2.2003004304207423E+02  1.5143413421102975E-07  1.0608740838544767E-10
  2.2222213656852134E+02  1.3610374542491452E-07  9.6079293796440440E-11
  2.2443606926730308E+02  1.2218339913235067E-07  8.6927121752900623E-11
  2.2667205871556229E+02  1.0955240284299119E-07  7.8566286599184751E-11
  2.2893032465809955E+02  9.8153517132776241E-08  7.0936280832738362E-11
  2.3121108902896600E+02  8.7739250968995669E-08  6.3980502635302021E-11
  2.3351457597327507E+02  7.8576546315309507E-08  5.7646067688109923E-11
  2.3584101186923263E+02  6.9911534996710963E-08  5.1883621024012106E-11
  2.3819062535038137E+02  6.2849556972816878E-08  4.6647152036926434E-11