 #p(MeV) \t \delta f_\\nu \t \delta f_\\nubar
  2.2319398333915003E-01  9.9232403090315766E-02  2.0933572282472282E-06
  2.2541759825671026E-01  9.8985263095315884E-02  2.0744576962810405E-06
  2.2766336638479881E-01  9.8752153070581036E-02  2.0557066355457417E-06
  2.2993150842922830E-01  9.8541304652307066E-02  2.0371035519270117E-06
  2.3222224729463681E-01  9.8365107997347406E-02  2.0186480406551891E-06
  2.3453580810639521E-01  9.8147171400886163E-02  2.0003397621441732E-06
  2.3687241823273075E-01  9.7920235363308433E-02  1.9821784189119391E-06
  2.3923230730707232E-01  9.7643051550612175E-02  1.9641637485579279E-06
  2.4161570725061843E-01  9.7403281039227102E-02  1.9462955257312148E-06
  2.4402285229512857E-01  9.7160068335535171E-02  1.9285735173733234E-06
  2.4645397900594374E-01  9.6963258383349127E-02  1.9109973948842334E-06
  2.4890932630523432E-01  9.6749266370292297E-02  1.8935666478351328E-06
  2.5138913549548086E-01  9.6525564177357900E-02  1.8762805319710730E-06
  2.5389365028318872E-01  9.6288888438140527E-02  1.8591380614482283E-06
  2.5642311680283775E-01  9.6046824297254238E-02  1.8421380338208960E-06
  2.5897778364107266E-01  9.5794361517679602E-02  1.8252790706858998E-06
  2.6155790186113204E-01  9.5580786677664759E-02  1.8085596606985673E-06
  2.6416372502752256E-01  9.5347309854912535E-02  1.7919781968980883E-06
  2.6679550923093859E-01  9.5119236708837193E-02  1.7755330131294899E-06
  2.6945351311342902E-01  9.4905477150736814E-02  1.7592224102554876E-06
  2.7213799789381660E-01  9.4704186696610723E-02  1.7430446474848187E-06
  2.7484922739336881E-01  9.4471951848299388E-02  1.7269979443567678E-06
  2.7758746806172535E-01  9.4286100362511477E-02  1.7110805300896281E-06
  2.8035298900308475E-01  9.4069306469354158E-02  1.6952907153140565E-06
  2.8314606200264919E-01  9.3837404016978668E-02  1.6796269587410769E-06
  2.8596696155333651E-01  9.3604225354909726E-02  1.6640879043492360E-06
  2.8881596488275485E-01  9.3397680151113299E-02  1.6486723854262597E-06
  2.9169335198044799E-01  9.3171208340682959E-02  1.6333794056110651E-06
  2.9459940562541242E-01  9.2942020668877370E-02  1.6182081094244250E-06
  2.9753441141388659E-01  9.2731735859136910E-02  1.6031577519402241E-06
  3.0049865778741941E-01  9.2517679087059074E-02  1.5882276685538466E-06
  3.0349243606121629E-01  9.2298021718423509E-02  1.5734172444993182E-06
  3.0651604045276887E-01  9.2077458801787956E-02  1.5587259121629338E-06
  3.0956976811077036E-01  9.1852808052293414E-02  1.5441531686112229E-06
  3.1265391914431651E-01  9.1627562216751030E-02  1.5296985717316467E-06
  3.1576879665240132E-01  9.1394134389520085E-02  1.5153617152242709E-06
  3.1891470675370265E-01  9.1214563518131453E-02  1.5011421890596091E-06
  3.2209195861666745E-01  9.0988871659940934E-02  1.4870395422931738E-06
  3.2530086448989570E-01  9.0803500828977562E-02  1.4730532608961829E-06
  3.2854173973282658E-01  9.0600104660792574E-02  1.4591827617809326E-06
  3.3181490284673082E-01  9.0372749768799984E-02  1.4454273980885954E-06
  3.3512067550601277E-01  9.0141363653175210E-02  1.4317864697809237E-06
  3.3845938258982183E-01  8.9897980957169846E-02  1.4182592356189631E-06
  3.4183135221398214E-01  8.9678952973767642E-02  1.4048449258695667E-06
  3.4523691576323678E-01  8.9460218250767623E-02  1.3915427510655480E-06
  3.4867640792381671E-01  8.9245062690601562E-02  1.3783519120480008E-06
  3.5215016671633120E-01  8.9033374732289242E-02  1.3652716289967584E-06
  3.5565853352898785E-01  8.8847391590134370E-02  1.3523011826508218E-06
  3.5920185315114328E-01  8.8648267267562850E-02  1.3394399516559267E-06
  3.6278047380718703E-01  8.8462122634550569E-02  1.3266874342053287E-06
  3.6639474719076393E-01  8.8249382254636688E-02  1.3140432490469573E-06
  3.7004502849933796E-01  8.8034174695781051E-02  1.3015071204568006E-06
  3.7373167646909872E-01  8.7815236770912172E-02  1.2890788552832198E-06
  3.7745505341021768E-01  8.7600145010220717E-02  1.2767583188941083E-06
  3.8121552524245361E-01  8.7386519321993109E-02  1.2645454139567724E-06
  3.8501346153111510E-01  8.7168313140205747E-02  1.2524400643273767E-06
  3.8884923552337897E-01  8.6967791901744335E-02  1.2404422004750883E-06
  3.9272322418497196E-01  8.6763668381626580E-02  1.2285517297014247E-06
  3.9663580823721806E-01  8.6552502117056812E-02  1.2167684797532601E-06
  4.0058737219445367E-01  8.6342091472102353E-02  1.2050921309898348E-06
  4.0457830440181641E-01  8.6141665125734804E-02  1.1935221645440110E-06
  4.0860899707341092E-01  8.5953156902593780E-02  1.1820578406074491E-06
  4.1267984633085297E-01  8.5769958974248037E-02  1.1706982090798490E-06
  4.1679125224220037E-01  8.5576789105310705E-02  1.1594421428804364E-06
  4.2094361886126841E-01  8.5352632223294658E-02  1.1482883806052191E-06
  4.2513735426734067E-01  8.5115542489871826E-02  1.1372355682128890E-06
  4.2937287060527207E-01  8.4865336010729639E-02  1.1262822944589820E-06
  4.3365058412599317E-01  8.4647060316904180E-02  1.1154271187758193E-06
  4.3797091522741910E-01  8.4435573638628997E-02  1.1046685951899405E-06
  4.4233428849576278E-01  8.4248646999308674E-02  1.0940053073768330E-06
  4.4674113274726268E-01  8.4096061696072158E-02  1.0834359213394640E-06
  4.5119188107032615E-01  8.3915912554499511E-02  1.0729592404657674E-06
  4.5568697086808951E-01  8.3723047094681396E-02  1.0625742373112912E-06
  4.6022684390140700E-01  8.3516981944388780E-02  1.0522800576511213E-06
  4.6481194633226303E-01  8.3316946005529136E-02  1.0420760015000993E-06
  4.6944272876762144E-01  8.3098927683194199E-02  1.0319614910173462E-06
  4.7411964630370795E-01  8.2899020346923022E-02  1.0219360357369484E-06
  4.7884315857073562E-01  8.2677012441099387E-02  1.0119992019578803E-06
  4.8361372977807687E-01  8.2500439790913815E-02  1.0021505889268849E-06
  4.8843182875988234E-01  8.2294196927104518E-02  9.9238981121730208E-07
  4.9329792902115732E-01  8.2099564202908842E-02  9.8271648370672289E-07
  4.9821250878429651E-01  8.1896752010872487E-02  9.7313019758465920E-07
  5.0317605103608032E-01  8.1702080787851614E-02  9.6363048519407824E-07
  5.0818904357514327E-01  8.1506908833132705E-02  9.5421679231096976E-07
  5.1325197905991027E-01  8.1304091800199152E-02  9.4488847597168640E-07
  5.1836535505701642E-01  8.1097728835362926E-02  9.3564482780799528E-07
  5.2352967409020346E-01  8.0899399531702318E-02  9.2648511034139136E-07
  5.2874544368970655E-01  8.0697733891378909E-02  9.1740859210178036E-07
  5.3401317644213420E-01  8.0506652471073609E-02  9.0841457255296861E-07
  5.3933339004084091E-01  8.0307556048168957E-02  8.9950239471538743E-07
  5.4470660733680509E-01  8.0106149239424829E-02  8.9067144792851283E-07
  5.5013335639001437E-01  7.9916734546905024E-02  8.8192116492324684E-07
  5.5561417052135875E-01  7.9736101861765427E-02  8.7325101772487285E-07
  5.6114958836504591E-01  7.9556619653298480E-02  8.6466052051023973E-07
  5.6674015392153398E-01  7.9365544558516021E-02  8.5614924154435943E-07
  5.7238641661099632E-01  7.9173221481428122E-02  8.4771680331224093E-07
  5.7808893132731387E-01  7.8965132874934452E-02  8.3936285896578465E-07
  5.8384825849260991E-01  7.8757379043971856E-02  8.3108705082894266E-07
  5.8966496411232638E-01  7.8546662309802506E-02  8.2288896054636946E-07
  5.9553961983084713E-01  7.8361948452192354E-02  8.1476806818054477E-07
  6.0147280298767858E-01  7.8166072462466291E-02  8.0672373093834124E-07
  6.0746509667418835E-01  7.7995820682901118E-02  7.9875518219984348E-07
  6.1351708979090824E-01  7.7805140807742604E-02  7.9086154509190336E-07
  6.1962937710541088E-01  7.7617185910460879E-02  7.8304185316177837E-07
  6.2580255931075934E-01  7.7457075603935568E-02  7.7529507186716991E-07
  6.3203724308454312E-01  7.7279923673791190E-02  7.6762011453334793E-07
  6.3833404114849834E-01  7.7082680971212500E-02  7.6001584981201198E-07
  6.4469357232872471E-01  7.6885550017246423E-02  7.5248111861315657E-07
  6.5111646161650183E-01  7.6686631583554432E-02  7.4501477612990943E-07
  6.5760334022971001E-01  7.6484087952980381E-02  7.3761574223093037E-07
  6.6415484567486449E-01  7.6271175788379428E-02  7.3028305745777173E-07
  6.7077162180976790E-01  7.6091574578424553E-02  7.2301592982511647E-07
  6.7745431890678520E-01  7.5909597510339724E-02  7.1581375901284899E-07
  6.8420359371675021E-01  7.5727596649774770E-02  7.0867613537903711E-07
  6.9102010953350934E-01  7.5541015939045900E-02  7.0160281975153574E-07
  6.9790453625910776E-01  7.5349005303134736E-02  6.9459371307960251E-07
  7.0485755046962340E-01  7.5154544739683887E-02  6.8764882397404878E-07
  7.1187983548165945E-01  7.4950981910755374E-02  6.8076824060038912E-07
  7.1897208141949909E-01  7.4772480663816032E-02  6.7395211240644882E-07
  7.2613498528292642E-01  7.4587144731243449E-02  6.6720063324146316E-07
  7.3336925101572581E-01  7.4420850108671818E-02  6.6051400452458354E-07
  7.4067558957486412E-01  7.4270130159162576E-02  6.5389239736671280E-07
  7.4805471900035925E-01  7.4102329287280722E-02  6.4733591331864678E-07
  7.5550736448584654E-01  7.3918750989577564E-02  6.4084454464460518E-07
  7.6303425844984962E-01  7.3722677642273735E-02  6.3441814625733251E-07
  7.7063614060775887E-01  7.3524038786075913E-02  6.2805642568735080E-07
  7.7831375804452729E-01  7.3330050752010684E-02  6.2175895010510787E-07
  7.8606786528809158E-01  7.3133001632826378E-02  6.1552516487713490E-07
  7.9389922438352611E-01  7.2952519310160766E-02  6.0935441719065374E-07
  8.0180860496793127E-01  7.2770360154819594E-02  6.0324597921759274E-07
  8.0979678434607139E-01  7.2590424131789080E-02  5.9719906434504233E-07
  8.1786454756676730E-01  7.2411748890736691E-02  5.9121283461905289E-07
  8.2601268750004542E-01  7.2226716895058884E-02  5.8528641517760077E-07
  8.3424200491505851E-01  7.2051165744344975E-02  5.7941891045225884E-07
  8.4255330855878441E-01  7.1877385411795891E-02  5.7360941690618429E-07
  8.5094741523550510E-01  7.1709684825536052E-02  5.6785704345818323E-07
  8.5942514988707830E-01  7.1527443991677542E-02  5.6216093425646183E-07
  8.6798734567401126E-01  7.1340258723338948E-02  5.5652028696035906E-07
  8.7663484405734116E-01  7.1171473668785457E-02  5.5093436273236292E-07
  8.8536849488132852E-01  7.0989667108324897E-02  5.4540248777608814E-07
  8.9418915645697816E-01  7.0788844465918932E-02  5.3992404866024662E-07
  9.0309769564639264E-01  7.0604829649120043E-02  5.3449848433944108E-07
  9.1209498794796051E-01  7.0434718840996696E-02  5.2912527893014324E-07
  9.2118191758239887E-01  7.0258592818132889E-02  5.2380395995596417E-07
  9.3035937757965315E-01  7.0084674427607824E-02  5.1853409639125353E-07
  9.3962826986665804E-01  6.9897284048142064E-02  5.1331529161245512E-07
  9.4898950535597648E-01  6.9735128698286630E-02  5.0814717829146762E-07
  9.5844400403532060E-01  6.9576468134149472E-02  5.0302940714113871E-07
  9.6799269505796637E-01  6.9395924575928386E-02  4.9796163043617536E-07
  9.7763651683406472E-01  6.9226000354084036E-02  4.9294348547411055E-07
  9.8737641712286617E-01  6.9045119362502155E-02  4.8797458228508730E-07
  9.9721335312586479E-01  6.8856384549276534E-02  4.8305449749933533E-07
  1.0071482915808656E+00  6.8663470356664966E-02  4.7818277391726650E-07
  1.0171822088569931E+00  6.8489808666548024E-02  4.7335892409916248E-07
  1.0273160910506463E+00  6.8308996203638381E-02  4.6858243593225248E-07
  1.0375509340824083E+00  6.8126684073271701E-02  4.6385277713988493E-07
  1.0478877437949192E+00  6.7966428735557555E-02  4.5916940043415610E-07
  1.0583275360517301E+00  6.7806694339007725E-02  4.5453175583966852E-07
  1.0688713368371368E+00  6.7641070466053568E-02  4.4993930233237517E-07
  1.0795201823570091E+00  6.7461785916168929E-02  4.4539152112649384E-07
  1.0902751191406264E+00  6.7278259297681442E-02  4.4088793148620680E-07
  1.1011372041435270E+00  6.7109320218122354E-02  4.3642810465981267E-07
  1.1121075048513804E+00  6.6941443879823495E-02  4.3201167225679910E-07
  1.1231870993848962E+00  6.6757525692068637E-02  4.2763832764670892E-07
  1.1343770766057797E+00  6.6590108277573390E-02  4.2330782125510132E-07
  1.1456785362237401E+00  6.6414307482865143E-02  4.1901995192874445E-07
  1.1570925889045620E+00  6.6240983778134033E-02  4.1477455645068020E-07
  1.1686203563792650E+00  6.6067517219052116E-02  4.1057149943884733E-07
  1.1802629715543382E+00  6.5890808461460407E-02  4.0641066465124782E-07
  1.1920215786230792E+00  6.5725397653252485E-02  4.0229194252333199E-07
  1.2038973331780403E+00  6.5556214382195374E-02  3.9821522284587098E-07
  1.2158914023245992E+00  6.5398483171612301E-02  3.9418039567260531E-07
  1.2280049647956532E+00  6.5235496797641762E-02  3.9018735204453509E-07
  1.2402392110674638E+00  6.5072549969106525E-02  3.8623598368025177E-07
  1.2525953434766515E+00  6.4911869919964713E-02  3.8232618184585454E-07
  1.2650745763383588E+00  6.4754402041418593E-02  3.7845783582527299E-07
  1.2776781360655829E+00  6.4579094719857899E-02  3.7463083142100016E-07
  1.2904072612897102E+00  6.4403797343144983E-02  3.7084504977455917E-07
  1.3032632029822411E+00  6.4228266241398754E-02  3.6710036663407928E-07
  1.3162472245777297E+00  6.4039995045533607E-02  3.6339665188466118E-07
  1.3293606020979503E+00  6.3835096205729899E-02  3.5973377205887517E-07
  1.3426046242773033E+00  6.3668547024436542E-02  3.5611160580501675E-07
  1.3559805926894621E+00  6.3498748717321890E-02  3.5253008181252072E-07
  1.3694898218752893E+00  6.3331848727683257E-02  3.4898923960893008E-07
  1.3831336394720268E+00  6.3195287457775542E-02  3.4548930392895063E-07
  1.3969133863437699E+00  6.3035036268190833E-02  3.4203075590057929E-07
  1.4108304167132375E+00  6.2884379400546586E-02  3.3861438330331371E-07
  1.4248860982948692E+00  6.2716712596343052E-02  3.3524129831236275E-07
  1.4390818124292337E+00  6.2557117210703075E-02  3.3191292122860844E-07
  1.4534189542187810E+00  6.2379885831598612E-02  3.2863093770961208E-07
  1.4678989326649501E+00  6.2211996217584900E-02  3.2539724144410741E-07
  1.4825231708066420E+00  6.2040510389007666E-02  3.2221387396381057E-07
  1.4972931058600660E+00  6.1871299002435938E-02  3.1908296956890226E-07
  1.5122101893599884E+00  6.1706477843600664E-02  3.1600668959146462E-07
  1.5272758873023820E+00  6.1547451780727000E-02  3.1298712434395286E-07
  1.5424916802885009E+00  6.1375330216449822E-02  3.1002623513763722E-07
  1.5578590636703820E+00  6.1221805545207626E-02  3.0712581150053614E-07
  1.5733795476978116E+00  6.1059530378103612E-02  3.0428742575556960E-07
  1.5890546576667428E+00  6.0897870251255704E-02  3.0151239574479449E-07
  1.6048859340691950E+00  6.0737612166455714E-02  2.9880176548925385E-07
  1.6208749327446477E+00  6.0582153706699601E-02  2.9615630832832207E-07
  1.6370232250329468E+00  6.0417017939868464E-02  2.9357655068448155E-07
  1.6533323979287258E+00  6.0262609446464471E-02  2.9106280989438647E-07
  1.6698040542373700E+00  6.0111918704303990E-02  2.8861523766451167E-07
  1.6864398127325377E+00  5.9939152263762660E-02  2.8623386292677466E-07
  1.7032413083152458E+00  5.9788950938229286E-02  2.8391864703736303E-07
  1.7202101921745361E+00  5.9629789310140048E-02  2.8166959560212710E-07
  1.7373481319497579E+00  5.9475901456535897E-02  2.7948690270945612E-07
  1.7546568118944526E+00  5.9324691771684777E-02  2.7737111919460940E-07
  1.7721379330418738E+00  5.9167980590639518E-02  2.7532335350562975E-07
  1.7897932133721604E+00  5.9017301150763479E-02  2.7334546975465296E-07
  1.8076243879811773E+00  5.8872402364126629E-02  2.7144024084728136E-07
  1.8256332092510275E+00  5.8711541178139787E-02  2.6961142528375574E-07
  1.8438214470222720E+00  5.8558140183597347E-02  2.6786375801430003E-07
  1.8621908887678680E+00  5.8396949324613499E-02  2.6620286877253970E-07
  1.8807433397688302E+00  5.8230522336563756E-02  2.6463515587832787E-07
  1.8994806232916437E+00  5.8081294812908746E-02  2.6316764774822076E-07
  1.9184045807674581E+00  5.7930073783518818E-02  2.6180786630781948E-07
  1.9375170719730495E+00  5.7765979775683769E-02  2.6056359310147053E-07
  1.9568199752135920E+00  5.7626206431157921E-02  2.5944260353388488E-07
  1.9763151875072529E+00  5.7479654473477235E-02  2.5845255309647270E-07
  1.9960046247716270E+00  5.7338965012714273E-02  2.5760085838642963E-07
  2.0158902220120205E+00  5.7201920774530970E-02  2.5689455997139145E-07
  2.0359739335116180E+00  5.7067214410524661E-02  2.5634019937703942E-07
  2.0562577330235472E+00  5.6933385996918044E-02  2.5594374298964950E-07
  2.0767436139648447E+00  5.6809894910245420E-02  2.5571057443979403E-07
  2.0974335896123644E+00  5.6687691396803609E-02  2.5564555845837444E-07
  2.1183296933006379E+00  5.6547144625447729E-02  2.5575316190047747E-07
  2.1394339786217014E+00  5.6428247034412488E-02  2.5603760769684835E-07
  2.1607485196269112E+00  5.6298833507912982E-02  2.5650303309016135E-07
  2.1822754110307780E+00  5.6172728325431930E-02  2.5715368232776936E-07
  2.2040167684168295E+00  5.6043218231875712E-02  2.5799415199445603E-07
  2.2259747284455167E+00  5.5911694833803337E-02  2.5902942217905057E-07
  2.2481514490641992E+00  5.5770515678325451E-02  2.6026477140653132E-07
  2.2705491097192243E+00  5.5649457707845545E-02  2.6170565754788664E-07
  2.2931699115701112E+00  5.5514251122347209E-02  2.6335758341097786E-07
  2.3160160777058665E+00  5.5398425025816996E-02  2.6522597256137384E-07
  2.3390898533634763E+00  5.5272482582210965E-02  2.6731608124104801E-07
  2.3623935061485497E+00  5.5141965283288651E-02  2.6963296345373857E-07
  2.3859293262581667E+00  5.5034461660097483E-02  2.7218149177227340E-07
  2.4096996267059621E+00  5.4918920091393889E-02  2.7496642276192871E-07
  2.4337067435494344E+00  5.4816867030458682E-02  2.7799248514613540E-07
  2.4579530361195170E+00  5.4709224449512268E-02  2.8126448715520422E-07
  2.4824408872524590E+00  5.4594056551041638E-02  2.8478751114101036E-07
  2.5071727035239961E+00  5.4488212267184553E-02  2.8856694105480405E-07
  2.5321509154858455E+00  5.4371864441811364E-02  2.9260826223484117E-07
  2.5573779779046055E+00  5.4253449944477325E-02  2.9691674342953187E-07
  2.5828563700029625E+00  5.4130526150210169E-02  3.0149701522050472E-07
  2.6085885957033570E+00  5.4017035235300916E-02  3.0635258070279544E-07
  2.6345771838740775E+00  5.3898416876023675E-02  3.1148531933300174E-07
  2.6608246885777507E+00  5.3774063276571138E-02  3.1689505272303207E-07
  2.6873336893223772E+00  5.3657007118560918E-02  3.2257922475011164E-07
  2.7141067913148249E+00  5.3545595492598845E-02  3.2853271434984810E-07
  2.7411466257168495E+00  5.3417410538015068E-02  3.3474775762623954E-07
  2.7684558499036935E+00  5.3308385154577954E-02  3.4121396041678329E-07
  2.7960371477252339E+00  5.3190685736556137E-02  3.4791870432679560E-07
  2.8238932297697334E+00  5.3070673784656013E-02  3.5484764443703963E-07
  2.8520268336302435E+00  5.2935326371337695E-02  3.6198471732566625E-07
  2.8804407241736372E+00  5.2819994458302710E-02  3.6931214138340306E-07
  2.9091376938123195E+00  5.2696873256639160E-02  3.7681050848019657E-07
  2.9381205627786748E+00  5.2580509067154058E-02  3.8445896270899891E-07
  2.9673921794022200E+00  5.2456541566665689E-02  3.9223543656618846E-07
  2.9969554203895168E+00  5.2338868048151480E-02  4.0011689238703684E-07
  3.0268131911069043E+00  5.2217788860645160E-02  4.0807950954460540E-07
  3.0569684258660175E+00  5.2094852108546336E-02  4.1609877233664553E-07
  3.0874240882121486E+00  5.1976481246044988E-02  4.2414944654766080E-07
  3.1181831712155277E+00  5.1846378917246146E-02  4.3220547104503215E-07
  3.1492486977654282E+00  5.1733481258510086E-02  4.4023964358540359E-07
  3.1806237208672670E+00  5.1609061894753346E-02  4.4822308343280407E-07
  3.2123113239426595E+00  5.1481539025487973E-02  4.5612520057359187E-07
  3.2443146211324061E+00  5.1355936545343948E-02  4.6391396328715540E-07
  3.2766367576025739E+00  5.1228062195756173E-02  4.7155634169586164E-07
  3.3092809098535794E+00  5.1094340204869908E-02  4.7901894611473411E-07
  3.3422502860323529E+00  5.0966898101040548E-02  4.8626883696002898E-07
  3.3755481262476432E+00  5.0839458982726501E-02  4.9327442425158591E-07
  3.4091777028884325E+00  5.0717353540017933E-02  5.0000632459044469E-07
  3.4431423209455287E+00  5.0592424381402448E-02  5.0643803103871791E-07
  3.4774453183363816E+00  5.0464382965813549E-02  5.1254629366401249E-07
  3.5120900662331178E+00  5.0330627015817191E-02  5.1831120412370436E-07
  3.5470799693938306E+00  5.0207599806952039E-02  5.2371583890663063E-07
  3.5824184664972125E+00  5.0082244529598544E-02  5.2874489135642502E-07
  3.6181090304804826E+00  4.9962464848922146E-02  5.3338396007754332E-07
  3.6541551688806844E+00  4.9834374880099570E-02  5.3761964996178809E-07
  3.6905604241794157E+00  4.9708396710549045E-02  5.4143976453448684E-07
  3.7273283741509577E+00  4.9584500976383727E-02  5.4483357062428157E-07
  3.7644626322138746E+00  4.9460633426617606E-02  5.4779213977801600E-07
  3.8019668477861628E+00  4.9330336623307151E-02  5.5030874602677959E-07
  3.8398447066438584E+00  4.9214020994173900E-02  5.5237926846867441E-07
  3.8780999312832805E+00  4.9096430238131733E-02  5.5400252378031423E-07
  3.9167362812868900E+00  4.8975536044457875E-02  5.5518045378949943E-07
  3.9557575536927168E+00  4.8849158324672952E-02  5.5591813069178828E-07
  3.9951675833675591E+00  4.8717968937710833E-02  5.5622354904256240E-07
  4.0349702433838486E+00  4.8588493261922480E-02  5.5610681054165120E-07
  4.0751694454002667E+00  4.8456758292850836E-02  5.5557927273417164E-07
  4.1157691400461918E+00  4.8330282545690884E-02  5.5465336358128565E-07
  4.1567733173099430E+00  4.8202826962804868E-02  5.5334247310628546E-07
  4.1981860069308858E+00  4.8071729971096537E-02  5.5166083077213686E-07
  4.2400112787954889E+00  4.7941035899794253E-02  5.4962336543598294E-07
  4.2822532433372817E+00  4.7815957733067016E-02  5.4724554835040152E-07
  4.3249160519407992E+00  4.7699339279380720E-02  5.4454322622215560E-07
  4.3680038973495954E+00  4.7573433393533031E-02  5.4153245877627460E-07
  4.4115210140782732E+00  4.7447400747705440E-02  5.3822937998458511E-07
  4.4554716788286237E+00  4.7322969017130991E-02  5.3465009871837274E-07
  4.4998602109099544E+00  4.7212160707633663E-02  5.3081064249402109E-07
  4.5446909726635596E+00  4.7089974903674885E-02  5.2672699218902265E-07
  4.5899683698914169E+00  4.6970989031603058E-02  5.2241518703825296E-07
  4.6356968522892243E+00  4.6853309254299993E-02  5.1789128034998446E-07
  4.6818809138836377E+00  4.6727934280057323E-02  5.1317123698306810E-07
  4.7285250934739587E+00  4.6611121262949855E-02  5.0827081310689235E-07
  4.7756339750782191E+00  4.6486010607928112E-02  5.0320541711294238E-07
  4.8232121883836134E+00  4.6366779716180972E-02  4.9798995625654100E-07
  4.8712644092015491E+00  4.6235975368930524E-02  4.9263868235058130E-07
  4.9197953599271429E+00  4.6115287012188713E-02  4.8716505852130352E-07
  4.9688098100033073E+00  4.5988124614282554E-02  4.8158167263196173E-07
  5.0183125763895031E+00  4.5860174751649753E-02  4.7590021613425531E-07
  5.0683085240351176E+00  4.5735116508142291E-02  4.7013152941148800E-07
  5.1188025663575605E+00  4.5606084205787129E-02  4.6428574955028292E-07
  5.1697996657251624E+00  4.5491990887476644E-02  4.5837264637098858E-07
  5.2213048339448500E+00  4.5367089751239841E-02  4.5240176544640934E-07
  5.2733231327546637E+00  4.5259569149226506E-02  4.4638240991708803E-07
  5.3258596743212445E+00  4.5140166604023937E-02  4.4032360679314664E-07
  5.3789196217422219E+00  4.5024627021247231E-02  4.3423405662662744E-07
  5.4325081895536051E+00  4.4917511568375097E-02  4.2812206049165218E-07
  5.4866306442422843E+00  4.4795595009487280E-02  4.2199542238187449E-07
  5.5412923047635818E+00  4.4670851302472898E-02  4.1586133363121428E-07
  5.5964985430639675E+00  4.4548674842878062E-02  4.0972625721734376E-07
  5.6522547846090214E+00  4.4424324075396628E-02  4.0359583900109361E-07
  5.7085665089166175E+00  4.4302227667733805E-02  3.9747487013239216E-07
  5.7654392500954037E+00  4.4172341496733075E-02  3.9136733721328413E-07
  5.8228785973887369E+00  4.4051369700497632E-02  3.8527675875453892E-07
  5.8808901957239028E+00  4.3935868487168572E-02  3.7920650466287977E-07
  5.9394797462669064E+00  4.3819610932900502E-02  3.7315982908212514E-07
  5.9986530069828001E+00  4.3703205723208509E-02  3.6713987630850599E-07
  6.0584157932014833E+00  4.3581769597810877E-02  3.6114969343847002E-07
  6.1187739781892665E+00  4.3477363724870599E-02  3.5519225242434880E-07
  6.1797334937260597E+00  4.3367751853977864E-02  3.4927048334607168E-07
  6.2413003306883024E+00  4.3252231162268236E-02  3.4338731824223964E-07
  6.3034805396377660E+00  4.3132012121059229E-02  3.3754574072778067E-07
  6.3662802314161571E+00  4.3011641845170034E-02  3.3174883192002023E-07
  6.4297055777456507E+00  4.2892464195482691E-02  3.2599980106385728E-07
  6.4937628118354684E+00  4.2764732501070830E-02  3.2030198927071140E-07
  6.5584582289944269E+00  4.2651685892942867E-02  3.1465876430062512E-07
  6.6237981872496050E+00  4.2526750582181090E-02  3.0907332254092824E-07
  6.6897891079712224E+00  4.2409326811846483E-02  3.0354864370191735E-07
  6.7564374765036908E+00  4.2285238152176129E-02  2.9808748534709391E-07
  6.8237498428029504E+00  4.2173652181637121E-02  2.9269237122473984E-07
  6.8917328220802139E+00  4.2053868111124250E-02  2.8736557100680436E-07
  6.9603930954520612E+00  4.1939349876805233E-02  2.8210907009229699E-07
  7.0297374105970176E+00  4.1825776968694869E-02  2.7692453029026320E-07
  7.0997725824187565E+00  4.1712746041064001E-02  2.7181324581532084E-07
  7.1705054937157549E+00  4.1604304831547922E-02  2.6677610339857380E-07
  7.2419430958577600E+00  4.1486508390502844E-02  2.6181355813175759E-07
  7.3140924094689748E+00  4.1372750579321424E-02  2.5692563431060736E-07
  7.3869605251179316E+00  4.1259948723076215E-02  2.5211200092704516E-07
  7.4605546040144066E+00  4.1138450154773215E-02  2.4737220179212177E-07
  7.5348818787131675E+00  4.1022070409831579E-02  2.4270575780217138E-07
  7.6099496538247431E+00  4.0893431750216792E-02  2.3811217099243003E-07
  7.6857653067333302E+00  4.0776269080168979E-02  2.3359092566837822E-07
  7.7623362883218032E+00  4.0665753364705522E-02  2.2914148928185956E-07
  7.8396701237039279E+00  4.0552762982093669E-02  2.2476331282425002E-07
  7.9177744129639542E+00  4.0436975053142060E-02  2.2045583050048667E-07
  7.9966568319034961E+00  4.0310043300130778E-02  2.1621845853484138E-07
  8.0763251327958656E+00  4.0200470275327277E-02  2.1205059318488996E-07
  8.1567871451479714E+00  4.0084998566786947E-02  2.0795160840448816E-07
  8.2380507764697661E+00  3.9974147523764068E-02  2.0392085386045311E-07
  8.3201240130513305E+00  3.9858293443093579E-02  1.9995765488360575E-07
  8.4030149207477915E+00  3.9744761698840975E-02  1.9606132045441154E-07
  8.4867316457719806E+00  3.9620355505943859E-02  1.9223115118452072E-07
  8.5712824154949736E+00  3.9517069344971983E-02  1.8846644115943172E-07
  8.6566755392547492E+00  3.9404498269849569E-02  1.8476647972389155E-07
  8.7429194091726803E+00  3.9291457041120831E-02  1.8113055406401182E-07
  8.8300225009783375E+00  3.9167034464582758E-02  1.7755795285255133E-07
  8.9179933748425029E+00  3.9061982359389381E-02  1.7404797115131804E-07
  9.0068406762183155E+00  3.8936820593315200E-02  1.7059991654684134E-07
  9.0965731366910241E+00  3.8828729667908367E-02  1.6721311609198307E-07
  9.1871995748360380E+00  3.8713639805771458E-02  1.6388692307310956E-07
  9.2787288970855766E+00  3.8592795967427831E-02  1.6062072220902996E-07
  9.3711700986040078E+00  3.8473626333966317E-02  1.5741393127608597E-07
  9.4645322641718277E+00  3.8349601894573419E-02  1.5426598453415960E-07
  9.5588245690784621E+00  3.8242159796478728E-02  1.5117630333180029E-07
  9.6540562800240259E+00  3.8125547846549458E-02  1.4814429065348536E-07
  9.7502367560299987E+00  3.8006932350072624E-02  1.4516933091847070E-07
  9.8473754493589603E+00  3.7888089065735292E-02  1.4225078909265185E-07
  9.9454819064435913E+00  3.7774171458797676E-02  1.3938800896280896E-07
  1.0044565768824818E+01  3.7651469670358879E-02  1.3658031050605886E-07
  1.0144636774099334E+01  3.7545636971537885E-02  1.3382698644556726E-07
  1.0245704756876627E+01  3.7425453217392719E-02  1.3112729835643141E-07
  1.0347779649745450E+01  3.7314400916112198E-02  1.2848047305435913E-07
  1.0450871484249936E+01  3.7195096203741874E-02  1.2588570030860467E-07
  1.0554990391875560E+01  3.7077976763022151E-02  1.2334213287910378E-07
  1.0660146605044698E+01  3.6965830376592047E-02  1.2084889602523969E-07
  1.0766350458122286E+01  3.6850902935117426E-02  1.1840511520803510E-07
  1.0873612388431514E+01  3.6733384204045968E-02  1.1600992713906046E-07
  1.0981942937279431E+01  3.6615724294598216E-02  1.1366248038841975E-07
  1.1091352750993012E+01  3.6489324186289876E-02  1.1136193588418276E-07
  1.1201852581965408E+01  3.6372082989621385E-02  1.0910746753904008E-07
  1.1313453289712616E+01  3.6265053919634582E-02  1.0689826298874322E-07
  1.1426165841940774E+01  3.6137708265000602E-02  1.0473352439560229E-07
  1.1540001315623998E+01  3.6025103670851238E-02  1.0261246922487858E-07
  1.1654970898092953E+01  3.5910341817305604E-02  1.0053433084867868E-07
  1.1771085888134365E+01  3.5794022039120327E-02  9.8498358799726463E-08
  1.1888357697101396E+01  3.5668526069076258E-02  9.6503818523036495E-08
  1.2006797850035070E+01  3.5558969883511253E-02  9.4549990116054340E-08
  1.2126417986796989E+01  3.5437804511693261E-02  9.2636163932664675E-08
  1.2247229863213214E+01  3.5318284953410786E-02  9.0761637457955956E-08
  1.2369245352229541E+01  3.5199348957590915E-02  8.8925715075690411E-08
  1.2492476445078424E+01  3.5080057301147001E-02  8.7127708060140514E-08
  1.2616935252457372E+01  3.4964718481765737E-02  8.5366934633829313E-08
  1.2742634005719106E+01  3.4842477747912201E-02  8.3642720158930850E-08
  1.2869585058073744E+01  3.4725835638965002E-02  8.1954397546313915E-08
  1.2997800885802667E+01  3.4602549502769177E-02  8.0301307971031782E-08
  1.3127294089484712E+01  3.4485092861461106E-02  7.8682801958615347E-08
  1.3258077395234604E+01  3.4363790780872837E-02  7.7098240828376177E-08
  1.3390163655953437E+01  3.4242790238441401E-02  7.5546998380695094E-08
  1.3523565852591982E+01  3.4121642197038220E-02  7.4028462467586673E-08
  1.3658297095426333E+01  3.4001249376727709E-02  7.2542033411916942E-08
  1.3794370625346305E+01  3.3882108601575013E-02  7.1087120030709092E-08
  1.3931799815156786E+01  3.3763263393514785E-02  6.9663139341616680E-08
  1.4070598170891911E+01  3.3632004829062735E-02  6.8269517106087274E-08
  1.4210779333142360E+01  3.3518125271292214E-02  6.6905688404521545E-08
  1.4352357078395977E+01  3.3399338142932347E-02  6.5571098194517235E-08
  1.4495345320391637E+01  3.3265302853171190E-02  6.4265201779245471E-08
  1.4639758111486596E+01  3.3139490821667797E-02  6.2987465082666405E-08
  1.4785609644037578E+01  3.3022408553067560E-02  6.1737364601960907E-08
  1.4932914251795520E+01  3.2896958481166798E-02  6.0514386905030186E-08
  1.5081686411314184E+01  3.2764830576666945E-02  5.9318027597733874E-08
  1.5231940743372961E+01  3.2646851622108772E-02  5.8147789798486545E-08
  1.5383692014413690E+01  3.2519833987141124E-02  5.7003182543215288E-08
  1.5536955137991793E+01  3.2397683379208723E-02  5.5883720207532286E-08
  1.5691745176242094E+01  3.2273051839123684E-02  5.4788922445242839E-08
  1.5848077341358874E+01  3.2144547586452119E-02  5.3718314062466634E-08
  1.6005966997090948E+01  3.2008216801558811E-02  5.2671424875433041E-08
  1.6165429660251665E+01  1.4980882620192501E-03  5.1647789586327524E-08
  1.6326481002243639E+01  1.3507256724850569E-05  5.0646947723650624E-08
  1.6489136850599039E+01  6.5821342152868750E-06  4.9668443710992386E-08
  1.6653413190535012E+01  4.2704123814224083E-06  4.8711827144530080E-08
  1.6819326166524586E+01  3.1177658440216648E-06  4.7776653362942914E-08
  1.6986892083883401E+01  2.4291232830608949E-06  4.6862484355972070E-08
  1.7156127410372086E+01  1.9723721220075427E-06  4.5968889987727443E-08
  1.7327048777814582E+01  1.6479848802468670E-06  4.5095449096548305E-08
  1.7499672983732779E+01  1.4062029345914130E-06  4.4241748592134521E-08
  1.7674016992997256E+01  1.2193948818653808E-06  4.3407382249892390E-08
  1.7850097939494464E+01  1.0709929136478004E-06  4.2591950432998305E-08
  1.8027933127810702E+01  9.5046254684300766E-07  4.1795059732331021E-08
  1.8207540034932684E+01  8.5078739949060953E-07  4.1016322391116469E-08
  1.8388936311965065E+01  7.6711500866773561E-07  4.0255355439097998E-08
  1.8572139785865232E+01  6.9598319744956678E-07  3.9511779451855671E-08
  1.8757168461195217E+01  6.3485604460984493E-07  3.8785216858814556E-08
  1.8944040521891065E+01  5.8183397479629639E-07  3.8075289768970528E-08
  1.9132774333049994E+01  5.3546624129688276E-07  3.7381617406560565E-08
  1.9323388442735194E+01  4.9462593679647880E-07  3.6703813403735196E-08
  1.9515901583798588E+01  4.5842434645667240E-07  3.6041483917852085E-08
  1.9710332675722032E+01  4.2615110243101183E-07  3.5394234358799577E-08
  1.9906700826476410E+01  3.9723202554189621E-07  3.4761680629214608E-08
  2.0105025334399606E+01  3.7119817047137899E-07  3.4143451465239164E-08
  2.0305325690093188E+01  3.4766286798078257E-07  3.3539189878706736E-08
  2.0507621578337627E+01  3.2630452015964076E-07  3.2948555575941932E-08
  2.0711932880027049E+01  3.0685353705993715E-07  3.2371228678089141E-08
  2.0918279674122992E+01  2.8908230029089935E-07  3.1806915121793436E-08
  2.1126682239627613E+01  2.7279737159480999E-07  3.1255354119163710E-08
  2.1337161057576768E+01  2.5783339240237109E-07  3.0716327916314786E-08
  2.1549736813052760E+01  2.4404828444774759E-07  3.0189673659677980E-08
  2.1764430397217101E+01  2.3131950213657869E-07  2.9675296462467477E-08
  2.1981262909363775E+01  2.1954131729126075E-07  2.9173181613141985E-08
  2.2200255658992717E+01  2.0862276741684215E-07  2.8683379961143867E-08
  2.2421430167903978E+01  1.9848442948511947E-07  2.8205945651920602E-08
  2.2644808172312928E+01  1.8905619743217095E-07  2.7740916160234159E-08
  2.2870411624986328E+01  1.8027594630741961E-07  2.7288311735277997E-08
  2.3098262697399825E+01  1.7208842539597454E-07  2.6848134107422816E-08
  2.3328383781916759E+01  1.6444432851834826E-07  2.6420363874707298E-08
  2.3560797493988982E+01  1.5729950719869865E-07  2.6004956145741233E-08
  2.3795526674379317E+01  1.5061429811205793E-07  2.5601833963427854E-08
  2.4032594391406203E+01  1.4435293916266507E-07  2.5210879084564515E-08
  2.4272023943210922E+01  1.3848304709678280E-07  2.4831919987464112E-08
  2.4513838860047159E+01  1.3297511701244811E-07  2.4464717671639936E-08
  2.4758062906593420E+01  1.2780194559000091E-07  2.4108950546414209E-08
  2.5004720084288657E+01  1.2293791000229620E-07  2.3764212936074842E-08
  2.5253834633690971E+01  1.1835920674032251E-07  2.3430075473056393E-08
  2.5505431036859900E+01  1.1404423023200411E-07  2.3106125711590029E-08
  2.5759534019762373E+01  1.0997336404907334E-07  2.2791969683251461E-08
  2.6016168554702784E+01  1.0612876576447059E-07  2.2487231847066093E-08
  2.6275359862777144E+01  1.0249417949703965E-07  2.2191555521120707E-08
  2.6537133416351619E+01  9.9054772658278169E-08  2.1904603942203838E-08
  2.6801514941566023E+01  9.5796994299631009E-08  2.1626062130542188E-08
  2.7068530420862004E+01  9.2708453518752333E-08  2.1355639743797005E-08
  2.7338206095536432E+01  8.9777818023525599E-08  2.1093075047412507E-08
  2.7610568468320452E+01  8.6994736301906988E-08  2.0838139937270943E-08
  2.7885644305983959E+01  8.4349796652199129E-08  2.0590645679410581E-08
  2.8163460641966218E+01  8.1834551137604013E-08  2.0350447071087767E-08
  2.8444044779032460E+01  7.9441406299626292E-08  2.0117427008076652E-08
  2.8727424291957309E+01  7.7163351442486283E-08  1.9891473422228300E-08
  2.9013627030234602E+01  7.4993876505653659E-08  1.9672474969803059E-08
  2.9302681120814285E+01  7.2926926826314956E-08  1.9460318465290113E-08
  2.9594614970866775E+01  7.0956860028435730E-08  1.9254884835553390E-08
  2.9889457270574642E+01  6.9078403449308611E-08  1.9056043017715561E-08
  3.0187236995952066E+01  6.7286610003067239E-08  1.8863641059257076E-08
  3.0487983411692689E+01  6.5576808769697063E-08  1.8677493544872602E-08
  3.0791726074045510E+01  6.3944543394681954E-08  1.8497364494415200E-08
  3.1098494833719641E+01  6.2385484424984615E-08  1.8322945308030053E-08
  3.1408319838817771E+01  6.0895283114499238E-08  1.8153828278552191E-08
  3.1721231537799234E+01  5.9469284839627377E-08  1.7989478743430236E-08
  3.2037260682472258E+01  5.8102383954142453E-08  1.7829256145257822E-08
  3.2356438331016030E+01  5.6789638200110817E-08  1.7672514870015644E-08
  3.2678795851033193E+01  5.5526472226946565E-08  1.7518634189843379E-08
  3.3004364922632448E+01  5.4308652699351252E-08  1.7367021038300827E-08
  3.3333177541541836E+01  5.3132267464041347E-08  1.7217115015082816E-08
  3.3665266022253356E+01  5.1993712040633087E-08  1.7068396757290400E-08
  3.4000663001198632E+01  5.0889685622454056E-08  1.6920400871657622E-08
  3.4339401439956291E+01  4.9817200678806771E-08  1.6772734908035051E-08
  3.4681514628491236E+01  4.8773613898456069E-08  1.6625105976808776E-08
  3.5027036188426429E+01  4.7756693662401437E-08  1.6477356200266349E-08
  3.5376000076347005E+01  4.6764756351385832E-08  1.6329506776970646E-08
  3.5728440587137314E+01  4.5796952340207833E-08  1.6181808470986229E-08
  3.6084392357351462E+01  4.4853606571008216E-08  1.6034752946947340E-08
  3.6443890368617225E+01  4.3935539436673793E-08  1.5888912895954496E-08
  3.6806969951073725E+01  4.3043494344136472E-08  1.5744842820460580E-08
  3.7173666786843839E+01  4.2178117501723558E-08  1.5603073480698405E-08
  3.7544016913540752E+01  4.1339961175619413E-08  1.5464108898382695E-08
  3.7918056727809507E+01  4.0529484358778560E-08  1.5328421456437096E-08
  3.8295822988904135E+01  3.9747049287460732E-08  1.5196444217702153E-08
  3.8677352822300108E+01  3.8992911205099643E-08  1.5068559324432584E-08
  3.9062683723342928E+01  3.8267196849326478E-08  1.4945081127202457E-08
  3.9451853560932911E+01  3.7569863428916253E-08  1.4826232729208718E-08
  3.9844900581247003E+01  3.6900622247596055E-08  1.4712115323246384E-08
  4.0241863411497405E+01  3.6258791589964202E-08  1.4602670822619050E-08
  4.0642781063727533E+01  3.5643053235019976E-08  1.4497651173750555E-08
  4.1047692938646257E+01  3.5051649657888160E-08  1.4396698106923012E-08
  4.1456638829499937E+01  3.4482871694453753E-08  1.4299453176834465E-08
  4.1869658925983011E+01  3.3935110462793247E-08  1.4205569189148532E-08
  4.2286793818187967E+01  3.3406850633368358E-08  1.4114710144231794E-08
  4.2708084500594175E+01  3.2896664946272451E-08  1.4026551721724175E-08
  4.3133572376096822E+01  3.2403210224122036E-08  1.3940782501318191E-08
  4.3563299260075617E+01  3.1925225331395300E-08  1.3857106182213513E-08
  4.3997307384504516E+01  3.1461531883144496E-08  1.3775245129301664E-08
  4.4435639402102019E+01  3.1011039148033825E-08  1.3694945600613997E-08
  4.4878338390522750E+01  3.0572755789765688E-08  1.3615984907727761E-08
  4.5325447856591282E+01  3.0145813743842564E-08  1.3538180488009517E-08
  4.5777011740577677E+01  2.9729513454042931E-08  1.3461399823620201E-08
  4.6233074420515592E+01  2.9323325127600483E-08  1.3385552675981016E-08
  4.6693680716563961E+01  2.8926774157603125E-08  1.3310558691004825E-08
  4.7158875895411455E+01  2.8539407329006942E-08  1.3236339305470672E-08
  4.7628705674725303E+01  2.8160791720381536E-08  1.3162817829958141E-08
  4.8103216227644062E+01  2.7790513987590667E-08  1.3089919690732345E-08
  4.8582454187315555E+01  2.7428179921835350E-08  1.3017572843768319E-08
  4.9066466651479764E+01  2.7073414396036117E-08  1.2945708434402836E-08
  4.9555301187097186E+01  2.6725861894648043E-08  1.2874261798208246E-08
  5.0049005835023884E+01  2.6385187956575759E-08  1.2803173915227379E-08
  5.0547629114732622E+01  2.6051082100705143E-08  1.2732393419666159E-08
  5.1051220029080987E+01  2.5723263270413994E-08  1.2661879202353652E-08
  5.1559828069127541E+01  2.5401489864857734E-08  1.2591603527286181E-08
  5.2073503218995413E+01  2.5085567901961483E-08  1.2521552712459248E-08
  5.2592295960784682E+01  2.4775326305454593E-08  1.2451718225207842E-08
  5.3116257279533293E+01  2.4470600530738053E-08  1.2382091798605035E-08
  5.3645438668228074E+01  2.4171231724117187E-08  1.2312665229065702E-08
  5.4179892132865064E+01  2.3877066376563161E-08  1.2243430282831874E-08
  5.4719670197560347E+01  2.3587955918916158E-08  1.2174378542157735E-08
  5.5264825909712201E+01  2.3303756217775483E-08  1.2105501162233624E-08
  5.5815412845214311E+01  2.3024326900655545E-08  1.2036788499244572E-08
  5.6371485113720773E+01  2.2749530393082359E-08  1.1968229559025804E-08
  5.6933097363964173E+01  2.2479230477186631E-08  1.1899811210531999E-08
  5.7500304789126005E+01  2.2213290040192631E-08  1.1831517121544453E-08
  5.8073163132261016E+01  2.1951567363495912E-08  1.1763326400956898E-08
  5.8651728691775119E+01  2.1693911179933949E-08  1.1695212458884627E-08
  5.9236058326958627E+01  2.1440165952686568E-08  1.1627145718305749E-08
  5.9826209463573939E+01  2.1190181069371358E-08  1.1559097002450240E-08
  6.0422240099499000E+01  2.0943811583089287E-08  1.1491037882039832E-08
  6.1024208810427396E+01  2.0700918090701775E-08  1.1422940756775202E-08
  6.1632174755624909E+01  2.0461366690870646E-08  1.1354778999426511E-08
  6.2246197683743155E+01  2.0225029066543497E-08  1.1286527194986879E-08
  6.2866337938691899E+01  1.9991782761087348E-08  1.1218161520538375E-08
  6.3492656465569183E+01  1.9761511757770072E-08  1.1149660326681265E-08
  6.4125214816650910E+01  1.9534107548032996E-08  1.1081004993708949E-08
  6.4764075157439663E+01  1.9309470997520466E-08  1.1012181131189897E-08
  6.5409300272774601E+01  1.9087515551639011E-08  1.0943180160316212E-08
  6.6060953573001427E+01  1.8868172400725718E-08  1.0874001109286428E-08
  6.6719099100203920E+01  1.8651389330886732E-08  1.0804649258584538E-08
  6.7383801534498275E+01  1.8437118479854051E-08  1.0735131033125336E-08
  6.8055126200389267E+01  1.8225313392845553E-08  1.0665452886843301E-08
  6.8733139073190031E+01  1.8015928962733139E-08  1.0595621295251384E-08
  6.9417906785506176E+01  1.7808921372468315E-08  1.0525642745947868E-08
  7.0109496633784019E+01  1.7604248035503928E-08  1.0455523720730865E-08
  7.0807976584924276E+01  1.7401867522169269E-08  1.0385270664673194E-08
  7.1513415282961375E+01  1.7201739458244365E-08  1.0314889935802509E-08
  7.2225882055809947E+01  1.7003824384528614E-08  1.0244387727416486E-08
  7.2945446922077934E+01  1.6808083551937121E-08  1.0173769954718850E-08
  7.3672180597947460E+01  1.6614478611412835E-08  1.0103042100547153E-08
  7.4406154504125084E+01  1.6422971139546532E-08  1.0032209024212877E-08
  7.5147440772860492E+01  1.6233522358022246E-08  9.9612749256827129E-09
  7.5896112255035192E+01  1.6046094111556913E-08  9.8902438429340250E-09
  7.6652242527322457E+01  1.5860649382562907E-08  9.8191199019384815E-09
  7.7415905899417908E+01  1.5677152299260946E-08  9.7479073491777428E-09
  7.8187177421342483E+01  1.5495568160751990E-08  9.6766105996471789E-09
  7.8966132890817818E+01  1.5315863490935018E-08  9.6052343172154939E-09
  7.9752848860715801E+01  1.5138006152808497E-08  9.5337835436917643E-09
  8.0547402646581745E+01  1.4961965560504218E-08  9.4622638995868782E-09
  8.1349872334232344E+01  1.4787713038391698E-08  9.3906818871065892E-09
  8.2160336787430182E+01  1.4615222416422168E-08  9.3190453314831196E-09
  8.2978875655633914E+01  1.4444470999777756E-08  9.2473639935377311E-09
  8.3805569381825720E+01  1.4275441148540118E-08  9.1756503760167600E-09
  8.4640499210417374E+01  1.4108122098452711E-08  9.1039203692664280E-09
  8.5483747195234386E+01  1.3942506983443996E-08  9.0321915062547569E-09
  8.6335396207580033E+01  1.3778589009684745E-08  8.9604810877960850E-09
  8.7195529944379402E+01  1.3616361143529449E-08  8.8888060274674293E-09
  8.8064232936405219E+01  1.3455816092705796E-08  8.8171828288591016E-09
  8.8941590556585084E+01  1.3296946270816958E-08  8.7456275498333899E-09
  8.9827689028391234E+01  1.3139743736820980E-08  8.6741557476135604E-09
  9.0722615434314832E+01  1.2984200101541155E-08  8.6027823962842760E-09
  9.1626457724423943E+01  1.2830306383209878E-08  8.5315217659063131E-09
  9.2539304725006531E+01  1.2678052784101123E-08  8.4603872510258110E-09
  9.3461246147300542E+01  1.2527428350250156E-08  8.3893911386110544E-09
  9.4392372596310167E+01  1.2378420449758822E-08  8.3185443121933489E-09
  9.5332775579710173E+01  1.2231014055214842E-08  8.2478559416472675E-09
  9.6282547516838704E+01  1.2085192206197876E-08  8.1773338650363791E-09
  9.7241781747780351E+01  1.1940937838481386E-08  8.1069855866636100E-09
  9.8210572542539126E+01  1.1798234142034906E-08  8.0368184692165607E-09
  9.9189015110302563E+01  1.1657064578528286E-08  7.9668397523243731E-09
  1.0017720560879920E+02  1.1517412909824018E-08  7.8970565826941997E-09
  1.0117524115374823E+02  1.1379263238784216E-08  7.8274760621339570E-09
  1.0218321982840347E+02  1.1242600084899502E-08  7.7581053222983205E-09
  1.0320124069319307E+02  1.1107408517475953E-08  7.6889516386249618E-09
  1.0422940379545463E+02  1.0973674365093120E-08  7.6200226000778248E-09
  1.0526781017926749E+02  1.0841384545434777E-08  7.5513263540936357E-09
  1.0631656189538263E+02  1.0710527587297976E-08  7.4828719452987484E-09
  1.0737576201125245E+02  1.0581094447332733E-08  7.4146697558931072E-09
  1.0844551462115962E+02  1.0453078791813726E-08  7.3467315330049936E-09
  1.0952592485644659E+02  1.0326474936278997E-08  7.2790691550736321E-09
  1.1061709889584841E+02  1.0201276939397514E-08  7.2116941258796677E-09
  1.1171914397592704E+02  1.0077478611161314E-08  7.1446175828609998E-09
  1.1283216840160983E+02  9.9550735446091315E-09  7.0778503253254398E-09
  1.1395628155683424E+02  9.8340551679494644E-09  7.0114028595256979E-09
  1.1509159391529694E+02  9.7144168329282014E-09  6.9452854694998701E-09
  1.1623821705131120E+02  9.5961519471519278E-09  6.8795083265460571E-09
  1.1739626365077143E+02  9.4792541770626803E-09  6.8140816550824072E-09
  1.1856584752222828E+02  9.3637177642008040E-09  6.7490159771502058E-09
  1.1974708360807290E+02  9.2495380158609203E-09  6.6843224587047366E-09
  1.2094008799583287E+02  9.1367120779724088E-09  6.6200133790456415E-09
  1.2214497792958134E+02  9.0252397065576762E-09  6.5561024873166623E-09
  1.2336187182145919E+02  8.9151217118034619E-09  6.4926039535469895E-09
  1.2459088926331161E+02  8.8063583499387742E-09  6.4295313996028076E-09
  1.2583215103844201E+02  8.6989492393666513E-09  6.3668978506566728E-09
  1.2708577913348159E+02  8.5928933867344205E-09  6.3047157495801169E-09
  1.2835189675037805E+02  8.4881892193367352E-09  6.2429969743038468E-09
  1.2963062831850277E+02  8.3848346226690159E-09  6.1817528599404016E-09
  1.3092209950688024E+02  8.2828269874012285E-09  6.1209942286508122E-09
  1.3222643723653781E+02  8.1821632686213708E-09  6.0607314320928641E-09
  1.3354376969297871E+02  8.0828400597222952E-09  6.0009744140328217E-09
  1.3487422633878037E+02  7.9848537215880340E-09  5.9417328040372779E-09
  1.3621793792631723E+02  7.8882006057786129E-09  5.8830160577735884E-09
  1.3757503651061006E+02  7.7928773624750207E-09  5.8248336400175909E-09
  1.3894565546230476E+02  7.6988808022366699E-09  5.7671949088478180E-09
  1.4032992948077910E+02  7.6062073021962376E-09  5.7101087315425369E-09
  1.4172799460738003E+02  7.5148527254262458E-09  5.6535834290282195E-09
  1.4313998823879425E+02  7.4248124363397012E-09  5.5976267811121257E-09
  1.4456604914055032E+02  7.3360813046556187E-09  5.5422460255947507E-09
  1.4600631746065653E+02  7.2486536992592504E-09  5.4874478477866874E-09
  1.4746093474337334E+02  7.1625234684392005E-09  5.4332383553857089E-09
  1.4893004394312482E+02  7.0776838934581825E-09  5.3796230315530028E-09
  1.5041378943854724E+02  6.9941275990369316E-09  5.3266066566037177E-09
  1.5191231704667757E+02  6.9118464022300169E-09  5.2741931870890550E-09
  1.5342577403728481E+02  6.8308310670905077E-09  5.2223855814750437E-09
  1.5495430914734263E+02  6.7510709414604717E-09  5.1711855699536520E-09
  1.5649807259564616E+02  6.6725539383346652E-09  5.1205936899244276E-09
  1.5805721609757606E+02  6.5952675400795036E-09  5.0706099813112372E-09
  1.5963189288000768E+02  6.5191991659483575E-09  5.0212342364816124E-09
  1.6122225769637018E+02  6.4443361766232953E-09  4.9724660014522887E-09
  1.6282846684185427E+02  6.3706658673968695E-09  4.9243045645948139E-09
  1.6445067816877349E+02  6.2981754383903357E-09  4.8767489305277025E-09
  1.6608905110207675E+02  6.2268519384739157E-09  4.8297977712924257E-09
  1.6774374665501554E+02  6.1566821681823635E-09  4.7834493435175235E-09
  1.6941492744496870E+02  6.0876525213680676E-09  4.7377013562558056E-09
  1.7110275770942349E+02  6.0197487374926615E-09  4.6925507709450073E-09
  1.7280740332211556E+02  5.9529555312983136E-09  4.6479935155848231E-09
  1.7452903180933149E+02  5.8872560329967704E-09  4.6040240985231812E-09
  1.7626781236637206E+02  5.8226313202540320E-09  4.5606353638590082E-09
  1.7802391587418037E+02  5.7590616885692386E-09  4.5178194345975875E-09
  1.7979751491613476E+02  5.6965277093123146E-09  4.4755684316836102E-09
  1.8158878379501058E+02  5.6350102201604765E-09  4.4338744596426221E-09
  1.8339789855010983E+02  5.5744902019338779E-09  4.3927295119098935E-09
  1.8522503697456065E+02  5.5149485887444701E-09  4.3521253077952501E-09
  1.8707037863279166E+02  5.4563659639598369E-09  4.3120530226692060E-09
  1.8893410487817820E+02  5.3987220662803033E-09  4.2725028545980960E-09
  1.9081639887086439E+02  5.3419950027453091E-09  4.2334633465252146E-09
  1.9271744559576473E+02  5.2861600177970968E-09  4.1949203563716415E-09
  1.9463743188074292E+02  5.2311876009856850E-09  4.1568555513691633E-09
  1.9657654641497302E+02  5.1770406212737672E-09  4.1192442958106070E-09
  1.9853497976748227E+02  5.1236707524778586E-09  4.0820533077107885E-09
  2.0051292440588071E+02  5.0710221679255349E-09  4.0452436907681986E-09
  2.0251057471527577E+02  5.0190399588795511E-09  4.0087770376361568E-09
  2.0452812701737483E+02  4.9676712952068636E-09  3.9726162883413710E-09
  2.0656577958978039E+02  4.9168655276837784E-09  3.9367258419368885E-09
  2.0862373268547543E+02  4.8665744181845697E-09  3.9010717768596714E-09
  2.1070218855250297E+02  4.8167525491578548E-09  3.8656222410769844E-09
  2.1280135145384327E+02  4.7673580275481896E-09  3.8303481031551600E-09
  2.1492142768748747E+02  4.7183536498226838E-09  3.7952239962530295E-09
  2.1706262560671220E+02  4.6697087695745307E-09  3.7602299358540162E-09
  2.1922515564055468E+02  4.6214022035823510E-09  3.7253537311149758E-09
  2.2140923031449447E+02  4.5734266326852281E-09  3.6905944213679065E-09
  2.2361506427133909E+02  4.5257948980177322E-09  3.6559667705210721E-09
  2.2584287429231668E+02  4.4785395560257862E-09  3.6215003076995138E-09
  2.2809287931838364E+02  4.4316966146125670E-09  3.5872270630949665E-09
  2.3036530047174003E+02  4.3853002770643560E-09  3.5531776899657603E-09
  2.3266036107755730E+02  4.3393826637782387E-09  3.5193812234322924E-09
  2.3497828668593181E+02  4.2939733750477561E-09  3.4858646869601040E-09
  2.3731930509404745E+02  4.2490987345077250E-09  3.4526524006171801E-09
  2.3968364636856251E+02  4.2047805040796306E-09  3.4197648178368530E-09
  2.4207154286822052E+02  4.1610337537360547E-09  3.3872166341073069E-09
  2.4448322926668718E+02  4.1178634347388390E-09  3.3550138037661078E-09
  2.4691894257561026E+02  4.0752590117794969E-09  3.3231489928823587E-09
  2.4937892216791380E+02  4.0331862607848018E-09  3.2915949414907555E-09
  2.5186340980132405E+02  3.9915750165018939E-09  3.2602952041497167E-09
  2.5437264964212579E+02  3.9503107246481612E-09  3.2291587621059488E-09
  2.5690688828915944E+02  3.9092630754368783E-09  3.1980825537676420E-09
  2.5946637479805759E+02  3.8683064268907173E-09  3.1669669577562047E-09
  2.6205136070571785E+02  3.8273207983014192E-09  3.1357165877543472E-09
  2.6466210005502489E+02  3.7861922398488776E-09  3.1042406458644396E-09
  2.6729884941981823E+02  3.7448135046762182E-09  3.0724535539381382E-09
  2.6996186793010423E+02  3.7030851993978717E-09  3.0402760078905943E-09
  2.7265141729752401E+02  3.6609176752558874E-09  3.0076366728501790E-09
  2.7536776184107515E+02  3.6182340332017049E-09  2.9744748336233503E-09
  2.7811116851308469E+02  3.5749747926715317E-09  2.9407444226853155E-09
  2.8088190692544600E+02  3.5311049661428175E-09  2.9064199147366283E-09
  2.8368024937611659E+02  3.4866245524122687E-09  2.8715046173519903E-09
  2.8650647087587566E+02  3.4415805736985399E-09  2.8360393883328953E-09
  2.8936084917535237E+02  3.3960503092569044E-09  2.8000886886392620E-09
  2.9224366479232418E+02  3.3501119508490905E-09  2.7637177585723495E-09
  2.9515520103928145E+02  3.3038411220402278E-09  2.7269899283876862E-09
  2.9809574405127228E+02  3.2573106857834557E-09  2.6899664371702112E-09
  3.0106558281402437E+02  3.2105904854747026E-09  2.6527061890544075E-09
  3.0406500919234213E+02  3.1637469520415920E-09  2.6152654006788580E-09
  3.0709431795879163E+02  3.1168425053582545E-09  2.5776970702093390E-09
  3.1015380682267181E+02  3.0699346446972534E-09  2.5400501657434198E-09
  3.1324377645926842E+02  3.0230745430059664E-09  2.5023683911213496E-09
  3.1636453053940517E+02  2.9763048943317077E-09  2.4646883534663218E-09
  3.1951637575928862E+02  2.9296566973032222E-09  2.4270369390940850E-09
  3.2269962187064868E+02  2.8831448176851260E-09  2.3894279129736048E-09
  3.2591458171117523E+02  2.8367695276169519E-09  2.3518634582810164E-09
  3.2916157123527023E+02  2.7905287148536308E-09  2.3143439032356457E-09
  3.3244090954509511E+02  2.7444211527115054E-09  2.2768702842666884E-09
  3.3575291892192666E+02  2.6984465413904300E-09  2.2394443835784118E-09
  3.3909792485783765E+02  2.6526055644080307E-09  2.2020687818346340E-09
  3.4247625608768107E+02  2.6069000055453723E-09  2.1647469573530403E-09
  3.4588824462139280E+02  2.5613329515748125E-09  2.1274834593778753E-09
  3.4933422577662856E+02  2.5159091162340229E-09  2.0902841964572297E-09
  3.5281453821171317E+02  2.4706353643122113E-09  2.0531568983197408E-09
  3.5632952395892136E+02  2.4255215440152306E-09  2.0161118269868028E-09
  3.5987952845809320E+02  2.3805817471830958E-09  1.9791628218343025E-09
  3.6346490059058482E+02  2.3358361529117883E-09  1.9423287597806103E-09
  3.6708599271355087E+02  2.2913118667589611E-09  1.9056341026158878E-09
  3.7074316069457484E+02  2.2470377639003291E-09  1.8691046868783669E-09
  3.7443676394664476E+02  2.2030414588726936E-09  1.8327653023623143E-09
  3.7816716546347067E+02  2.1593491878138670E-09  1.7966395938254971E-09
  3.8193473185516029E+02  2.1159857669349739E-09  1.7607500223295197E-09
  3.8573983338425046E+02  2.0729745178187657E-09  1.7251177984397625E-09
  3.8958284400209089E+02  2.0303371409015916E-09  1.6897627693722666E-09
  3.9346414138559663E+02  1.9880935095640179E-09  1.6547032335047523E-09
  3.9738410697436711E+02  1.9462613402446987E-09  1.6199556442901742E-09
  4.0134312600816827E+02  1.9048556617065006E-09  1.5855341533704358E-09
  4.0534158756479457E+02  1.8638880046273758E-09  1.5514499361678840E-09
  4.0937988459830865E+02  1.8233652350485599E-09  1.5177102396256918E-09
  4.1345841397765435E+02  1.7832883946185874E-09  1.4843174920017350E-09
  4.1757757652566244E+02  1.7436553121247767E-09  1.4512714875471691E-09
  4.2173777705844395E+02  1.7044640394577659E-09  1.4185721706398295E-09
  4.2593942442516936E+02  1.6657131731431929E-09  1.3862198979572140E-09
  4.3018293154825113E+02  1.6274018862284155E-09  1.3542154659804845E-09
  4.3446871546392680E+02  1.5895300129024362E-09  1.3225601755584204E-09
  4.3879719736323892E+02  1.5520981980746342E-09  1.2912559555793280E-09
  4.4316880263342995E+02  1.5151081444923242E-09  1.2603055789609742E-09
  4.4758396089975139E+02  1.4785630225446058E-09  1.2297130195158658E-09
  4.5204310606767956E+02  1.4424681272298503E-09  1.1994840168025395E-09
  4.5654667636556178E+02  1.4068318898184348E-09  1.1696269309114618E-09
  4.6109511438768550E+02  1.3716673699824042E-09  1.1401539775766387E-09
  4.6568886713777061E+02  1.3369942050643790E-09  1.1110827824659230E-09
  4.7032838607290074E+02  1.3028370492646128E-09  1.0824350008699067E-09
  4.7501412714789467E+02  1.2692193840141196E-09  1.0542312394523313E-09
  4.7974655086010995E+02  1.2361621925947978E-09  1.0264899804944302E-09
  4.8452612229470122E+02  1.2036840136798310E-09  9.9922762244283539E-10
  4.8935331117032956E+02  1.1718009685848908E-09  9.7245850325215623E-10
  4.9422859188532391E+02  1.1405267410492475E-09  9.4619488849373831E-10
  4.9915244356429548E+02  1.1098724945491775E-09  9.2044690226383949E-10
  5.0412535010523686E+02  1.0798466888547983E-09  8.9522236874773070E-10
  5.0914780022707191E+02  1.0504547404364995E-09  8.7052651926483330E-10
  5.1422028751767868E+02  1.0216984561945284E-09  8.4636150707141364E-10
  5.1934331048240949E+02  9.9357515234454863E-10  8.2272566607769106E-10
  5.2451737259307731E+02  9.6607635894947768E-10  7.9961245926570690E-10
  5.2974298233742695E+02  9.3918764981165202E-10  7.7701040779313791E-10
  5.3502065326912157E+02  9.1289316113604743E-10  7.5490683699307038E-10
  5.4035090405820461E+02  8.8717776582440046E-10  7.3328965298264211E-10
  5.4573425854207210E+02  8.6202710094782964E-10  7.1214736260510762E-10
  5.5117124577695495E+02  8.3742754888743124E-10  6.9146905807223112E-10
  5.5666240008991701E+02  8.1336623218539268E-10  6.7124441334737138E-10
  5.6220826113135911E+02  7.8983102925215272E-10  6.5146369825916674E-10
  5.6780937392805799E+02  7.6681062102100054E-10  6.3211781933237311E-10
  5.7346628893673221E+02  7.4429458402765651E-10  6.1319840034234195E-10
  5.7917956209813292E+02  7.2227355095950875E-10  5.9469792007007260E-10
  5.8494975489168257E+02  7.0073946490219395E-10  5.7660992757418308E-10
  5.9077743439065887E+02  6.7968596217849755E-10  5.5892935820702936E-10
  5.9666317331791720E+02  6.5910870311474364E-10  5.4165279185168300E-10
  6.0260755010217986E+02  6.3900425005158792E-10  5.2477751563174360E-10
  6.0861114893488480E+02  6.1936888093656013E-10  5.0830055321336379E-10
  6.1467455982759122E+02  6.0019851395590932E-10  4.9221860674209756E-10
  6.2079837866996695E+02  5.8148872671059082E-10  4.7652807110996160E-10
  6.2698320728835427E+02  5.6323476916603307E-10  4.6122504417690335E-10
  6.3322965350490711E+02  5.4543156466719152E-10  4.4630533080468540E-10
  6.3953833119733042E+02  5.2807369907997525E-10  4.3176443749743521E-10
  6.4590986035921253E+02  5.1115539638793626E-10  4.1759755297301438E-10
  6.5234486716094898E+02  4.9467047210952784E-10  4.0379950820629387E-10
  6.5884398401128328E+02  4.7861225147166211E-10  3.9036470807125782E-10
  6.6540784961946247E+02  4.6297343924160853E-10  3.7728702563897710E-10
  6.7203710905799880E+02  4.4774595366640624E-10  3.6455967088909390E-10
  6.7873241382606898E+02  4.3292116816290231E-10  3.5217539471341627E-10
  6.8549442191354535E+02  4.1849054889689017E-10  3.4012700934063909E-10
  6.9232379786565230E+02  4.0444576642099604E-10  3.2840747952445924E-10
  6.9922121284827983E+02  3.9077867955401878E-10  3.1700991732133614E-10
  7.0618734471394714E+02  3.7748132604007470E-10  3.0592757773001609E-10
  7.1322287806841109E+02  3.6454592389326407E-10  2.9515385572073277E-10
  7.2032850433795090E+02  3.5196487233408746E-10  2.8468228525320416E-10
  7.2750492183732229E+02  3.3973075247319704E-10  2.7450654116937009E-10
  7.3475283583838313E+02  3.2783633280177066E-10  2.6462044520927492E-10
  7.4207295863939532E+02  3.1627458335380386E-10  2.5501797773300111E-10
  7.4946600963504420E+02  3.0503869964883615E-10  2.4569329688831825E-10
  7.5693271538712952E+02  2.9412213546859804E-10  2.3664076637150714E-10
  7.6447380969595929E+02  2.8351859033489864E-10  2.2785494633190508E-10
  7.7209003367248442E+02  2.7322186188658528E-10  2.1933047374745497E-10
  7.7978213581112232E+02  2.6322578799932844E-10  2.1106201542340599E-10
  7.8755087206330666E+02  2.5352425071717022E-10  2.0304426904183415E-10
  7.9539700591179962E+02  2.4411117885226998E-10  1.9527196495810390E-10
  8.0332130844571145E+02  2.3498054423867154E-10  1.8773986782787715E-10
  8.1132455843627986E+02  2.2612635970998964E-10  1.8044277798015202E-10
  8.1940754241340733E+02  2.1754268256720906E-10  1.7337553240873063E-10
  8.2757105474296350E+02  2.0922361860764578E-10  1.6653300519421920E-10
  8.3581589770484277E+02  2.0116332182224333E-10  1.5991010709715116E-10
  8.4414288157181420E+02  1.9335598942509481E-10  1.5350178400447733E-10
  8.5255282468915721E+02  1.8579585568657429E-10  1.4730301383734863E-10
  8.6104655355507543E+02  1.7847718910452801E-10  1.4130880477270002E-10
  8.6962490290192693E+02  1.7139431243694792E-10  1.3551421159079709E-10
  8.7828871577826408E+02  1.6454161979529171E-10  1.2991434982393537E-10
  8.8703884363167424E+02  1.5791357759197699E-10  1.2450439698203636E-10
  8.9587614639246272E+02  1.5150472519096713E-10  1.1927959280434179E-10
  9.0480149255816889E+02  1.4530967591455450E-10  1.1423523930860259E-10
  9.1381575927890754E+02  1.3932311479894795E-10  1.0936670052143826E-10
  9.2291983244357812E+02  1.3353979415549495E-10  1.0466940171494445E-10
  9.3211460676693173E+02  1.2795453211949856E-10  1.0013882789238901E-10
  9.4140098587748935E+02  1.2256221089242010E-10  9.5770521163792404E-11
  9.5077988240635284E+02  1.1735777122022172E-10  9.1560076566491964E-11
  9.6025221807690048E+02  1.1233620478858734E-10  8.7503135793975090E-11
  9.6981892379535896E+02  1.0749254549754928E-10  8.3595379895054726E-11
  9.7948093974229596E+02  1.0282188659160179E-10  7.9832543923379945E-11
  9.8923921546502208E+02  9.8319416004742151E-11  7.6210446341712033E-11
  9.9909470997089886E+02  9.3980420019579357E-11  7.2724992179753774E-11
  1.0090483918215904E+03  8.9800281492652814E-11  6.9372171523611268E-11
  1.0191012392282578E+03  8.5774478598067046E-11  6.6148058174731528E-11
  1.0292542401476812E+03  8.1898584429240725E-11  6.3048808521403504E-11
  1.0395083923793588E+03  7.8168266213910800E-11  6.0070660686912842E-11
  1.0498647036635728E+03  7.4579282704008871E-11  5.7209934051180601E-11
  1.0603241917804144E+03  7.1127483038259008E-11  5.4463029283526704E-11
  1.0708878846498135E+03  6.7808809123165436E-11  5.1826429059494775E-11
  1.0815568204325630E+03  6.4619298298038772E-11  4.9296699651186539E-11
  1.0923320476323440E+03  6.1555086132217569E-11  4.6870493453800082E-11
  1.1032146251987526E+03  5.8612402359723357E-11  4.4544545883482256E-11
  1.1142056226313966E+03  5.5787550481503518E-11  4.2315659343826349E-11
  1.1253061200849886E+03  5.3076900878479678E-11  4.0180697994230021E-11
  1.1365172084754859E+03  5.0476890935139733E-11  3.8136587926544008E-11
  1.1478399895873295E+03  4.7984025322733843E-11  3.6180317356021205E-11
  1.1592755761817082E+03  4.5594876245309269E-11  3.4308936753752548E-11
  1.1708250921059052E+03  4.3306084150739855E-11  3.2519558914072393E-11
  1.1824896724037715E+03  4.1114358859661865E-11  3.0809358947299515E-11
  1.1942704634272579E+03  3.9016478806526236E-11  2.9175574183569900E-11
  1.2061686229490731E+03  3.7009288259800343E-11  2.7615503967901541E-11
  1.2181853202764682E+03  3.5089696704009520E-11  2.6126509321521539E-11
  1.2303217363661604E+03  3.3254680452733180E-11  2.4706012437065721E-11
  1.2425790639403785E+03  3.1501283431438969E-11  2.3351496310179640E-11
  1.2549585076040858E+03  2.9826618737736056E-11  2.2060505901623607E-11
  1.2674612839633724E+03  2.8227869028795547E-11  2.0830648809721799E-11
  1.2800886217450031E+03  2.6702285293619881E-11  1.9659594857883868E-11
  1.2928417619171807E+03  2.5247186077153285E-11  1.8545075596050165E-11
  1.3057219578115105E+03  2.3859957080830603E-11  1.7484883772843488E-11
  1.3187304752461582E+03  2.2538050683368409E-11  1.6476872780958233E-11
  1.3318685926502567E+03  2.1278985662848093E-11  1.5518956079404751E-11
  1.3451376011895552E+03  2.0080347460154171E-11  1.4609106597635672E-11
  1.3585388048932921E+03  1.8939788239936104E-11  1.3745356128120810E-11
  1.3720735207823598E+03  1.7855025437248765E-11  1.2925794714716724E-11
  1.3857430789987441E+03  1.6823839919081880E-11  1.2148570044830056E-11
  1.3995488229362290E+03  1.5844075763027541E-11  1.1411886810420126E-11
  1.4134921093724297E+03  1.4913639908393555E-11  1.0714005567110276E-11
  1.4275743086021391E+03  1.4030500866692397E-11  1.0053241390447853E-11
  1.4417968045719792E+03  1.3192687750277192E-11  9.4279630442084565E-12
  1.4561609950164179E+03  1.2398289231412179E-11  8.8365921983065392E-12
  1.4706682915951426E+03  1.1645452597041291E-11  8.2776026199680496E-12
  1.4853201200317758E+03  1.0932382974012280E-11  7.7495193410322695E-12
  1.5001179202539965E+03  1.0257342523146805E-11  7.2509178048892432E-12
  1.5150631465350643E+03  9.6186496112596122E-12  6.7804229974607882E-12
  1.5301572676367161E+03  9.0146781660694219E-12  6.3367085677625323E-12
  1.5454017669535258E+03  8.4438571216845404E-12  5.9184959445784894E-12
  1.5607981426586912E+03  7.9046695183418292E-12  5.5245534563667041E-12
  1.5763479078512530E+03  7.3956513028175277E-12  5.1536954560737905E-12
  1.5920525907048052E+03  6.9153900716076718E-12  4.8047812496759104E-12
  1.6079137346176879E+03  6.4625235574419847E-12  4.4767136926868848E-12
  1.6239328983646476E+03  6.0357385437338272E-12  4.1684381100884701E-12
  1.6401116562500376E+03  5.6337700266938116E-12  3.8789413342080994E-12
  1.6564515982625414E+03  5.2554003186751951E-12  3.6072507301824194E-12
  1.6729543302314273E+03  4.8994579439776504E-12  3.3524332097600966E-12
  1.6896214739843410E+03  4.5648165070005644E-12  3.1135942351286160E-12
  1.7064546675067313E+03  4.2503936703724876E-12  2.8898768141959044E-12
  1.7234555651028074E+03  3.9551501618813205E-12  2.6804604884205385E-12
  1.7406258375580956E+03  3.6780887109075467E-12  2.4845603138941720E-12
  1.7579671723036786E+03  3.4182529885147151E-12  2.3014258360516958E-12
  1.7754812735820128E+03  3.1747265978717008E-12  2.1303400580810198E-12
  1.7931698626143886E+03  2.9466319043042398E-12  1.9706184277257017E-12
  1.8110346777701325E+03  2.7331288855872129E-12  1.8216079234664915E-12
  1.8290774747374214E+03  2.5334142230567639E-12  1.6826861019441200E-12
  1.8473000266958206E+03  2.3467203733013593E-12  1.5532600928638622E-12
  1.8657041244905529E+03  2.1723144315218621E-12  1.4327656014784430E-12
  1.8842915768085088E+03  2.0094969911384397E-12  1.3206659224150242E-12
  1.9030642103559728E+03  1.8576010856921264E-12  1.2164509661069716E-12
  1.9220238700381592E+03  1.7159911519282674E-12  1.1196362991002266E-12
  1.9411724191405322E+03  1.5840619825894346E-12  1.0297621995458000E-12
  1.9605117395119003E+03  1.4612376725701745E-12  9.4639272924919402E-13
  1.9800437317493686E+03  1.3469705838003871E-12  8.6911482366717048E-13
  1.9997703153851357E+03  1.2407403519420860E-12  7.9753740128423846E-13
  2.0196934290751126E+03  1.1420529150983686E-12  7.3129048945948907E-13
  2.0398150307894603E+03  1.0504394822732545E-12  6.7002432884349591E-13
  2.0601370980050219E+03  9.6545551149167697E-13  6.1340849108806751E-13
  2.0806616278996412E+03  8.8667979323285106E-13  5.6113105815290321E-13
  2.1013906375484444E+03  8.1371355213369896E-13  5.1289782517584628E-13
  2.1223261641220888E+03  7.4617953323906119E-13  4.6843152233482874E-13
  2.1434702650869408E+03  6.8372109842149995E-13  4.2747105615683070E-13
  2.1648250184072886E+03  6.2600135674685104E-13  3.8977077064926152E-13
  2.1863925227495702E+03  5.7270232574757044E-13  3.5509972854689373E-13
  2.2081748976885974E+03  5.2352411438554369E-13  3.2324101288177553E-13
  2.2301742839158715E+03  4.7818412262171806E-13  2.9399104900244244E-13
  2.2523928434499753E+03  4.3641625820864942E-13  2.6715894709002833E-13
  2.2748327598490255E+03  3.9797018172774540E-13  2.4256586533727810E-13
  2.2974962384252731E+03  3.6261059621050300E-13  2.2004439915943844E-13
  2.3203855064618506E+03  3.3011655228782773E-13  1.9943799765108531E-13
  2.3435028134316271E+03  3.0028070993488416E-13  1.8060039194374797E-13
  2.3668504312183168E+03  2.7290863208806120E-13  1.6339504196030615E-13
  2.3904306543397165E+03  2.4781816550031681E-13  1.4769460422449361E-13
  2.4142458001732193E+03  2.2483883421638659E-13  1.3338042050641955E-13
  2.4382982091835693E+03  2.0381122629122365E-13  1.2034202703627689E-13
  2.4625902451528486E+03  1.8458640597958587E-13  1.0847668398660890E-13
  2.4871242954127902E+03  1.6702534833809301E-13  9.7688924894513806E-14
  2.5119027710794167E+03  1.5099839200121755E-13  8.7890125668264647E-14
  2.5369281072899635E+03  1.3638471285635186E-13  7.8998092797504013E-14
  2.5622027634422084E+03  1.2307182107416928E-13  7.0936670363989249E-14
  2.5877292234361908E+03  1.1095508350189947E-13  6.3635365062965289E-14
  2.6135099959182880E+03  9.9937269410818180E-14  5.7028987971589651E-14
  2.6395476145277694E+03  8.9928114298989706E-14  5.1057314645926134E-14
  2.6658446381458125E+03  8.0843893664794907E-14  4.5664762855042112E-14
  2.6924036511469462E+03  7.2607016653200571E-14  4.0800086702598748E-14
  2.7192272636530492E+03  6.5145652411682770E-14  3.6416086618117524E-14
  2.7463181117898821E+03  5.8393376598954471E-14  3.2469334714515315E-14
  2.7736788579461204E+03  5.2288823279742510E-14  2.8919915000740565E-14
  2.8013121910350219E+03  4.6775349951623005E-14  2.5731177932221419E-14
  2.8292208267587002E+03  4.1800725442225924E-14  2.2869508777590517E-14
  2.8574075078749747E+03  3.7316837128966244E-14  2.0304109278155114E-14
  2.8858750044669641E+03  3.3279412560083717E-14  1.8006792074864895E-14
  2.9146261142152780E+03  2.9647755003375945E-14  1.5951787460498753E-14
  2.9436636626729824E+03  2.6384494599124616E-14  1.4115562519778985E-14
  2.9729905035433021E+03  2.3455353875260743E-14  1.2476651409502791E-14
  3.0026095189600337E+03  2.0828925307401537E-14  1.1015495741822772E-14
  3.0325236197708136E+03  1.8476460639740544E-14  9.7142952149852934E-15
  3.0627357458231991E+03  1.6371673374809626E-14  8.5568680615339819E-15
  3.0932488662535525E+03  1.4490554770016196E-14  7.5285208294343885E-15
  3.1240659797788530E+03  1.2811200997914977E-14  6.6159270230436336E-15
  3.1551901149914193E+03  1.1313650597908359E-14  5.8070141430645090E-15
  3.1866243306565120E+03  9.9797325747069907E-15  5.0908586774729151E-15
  3.2183717160129527E+03  8.7929247408222424E-15  4.4575886087169471E-15
  3.2504353910767481E+03  7.7382215617770956E-15  3.8982930163098262E-15
  3.2828185069476704E+03  6.8020108645639060E-15  3.4049383649053793E-15
  3.3155242461189559E+03  5.9719587748455982E-15  2.9702910177783521E-15
  3.3485558227900906E+03  5.2369026242033648E-15  2.5878456150119434E-15
  3.3819164831826483E+03  4.5867520538854108E-15  2.2517591191591108E-15
  3.4156095058593378E+03  4.0123977028426270E-15  1.9567900792138216E-15
  3.4496382020462274E+03  3.5056256981084663E-15  1.6982427502553711E-15
  3.4840059159581151E+03  3.0590372822744298E-15  1.4719157509123715E-15
  3.5187160251272362E+03  2.6659760738842394E-15  1.2740549552770580E-15
  3.5537719407351510E+03  2.3204625005675651E-15  1.1013103301980235E-15
  3.5891771079480000E+03  2.0171320269519820E-15  9.5069644301542820E-16
  3.6249350062551057E+03  1.7511773929469166E-15  8.1955637873297373E-16
  3.6610491498108818E+03  1.5182960760325550E-15  7.0552881928499784E-16
  3.6975230877802101E+03  1.3146425348146857E-15  6.0651805090405866E-16
  3.7343604046872629E+03  1.1367844390282325E-15  5.2066667849782517E-16
  3.7715647207677348E+03  9.8166237832519981E-16  4.4633083887357678E-16
  3.8091396923246439E+03  8.4655285109738756E-16  3.8205771794852329E-16
  3.8470890120876848E+03  7.2903457660738298E-16  3.2656518794191212E-16
  3.8854164095760925E+03  6.2695805209039195E-16  2.7872339210203811E-16
  3.9241256514651855E+03  5.3841778716321535E-16  2.3753811588384805E-16
  3.9632205419565662E+03  4.6172673546480425E-16  2.0213579417848832E-16
  4.0027049231519372E+03  3.9539326164764152E-16  1.7175001442544588E-16
  4.0425826754307086E+03  3.3810061468514481E-16  1.4570938521195854E-16
  4.0828577178313790E+03  2.8868817608778796E-16  1.2342664928101100E-16
  4.1235340084366280E+03  2.4613435056629467E-16  1.0438892872922447E-16
  4.1646155447623287E+03  2.0954119930975169E-16  8.8148998581105319E-17
  4.2061063641504370E+03  1.7812065134506615E-16  7.4317492920624296E-17
  4.2480105441657051E+03  1.5118211299359869E-16  6.2555955398102022E-17
  4.2903322029964766E+03  1.2812133105334734E-16  5.2570652408480890E-17
  4.3330754998593502E+03  1.0841038989232209E-16  4.4107074227540721E-17
  4.3762446354079539E+03  9.1588772809199282E-17  3.6945055965787182E-17
  4.4198438521457983E+03  7.7255408235518388E-17  3.0894455759884960E-17
  4.4638774348431634E+03  6.5061552972321760E-17  2.5791333043706022E-17