 #p(MeV) \t \delta f_\\nu \t \delta f_\\nubar
  1.2884102279970460E+00  3.3957075832495551E-08  2.8433213612332521E-08
  1.3012462738440260E+00  3.3268839111259938E-08  2.7902660295069124E-08
  1.3142102013776027E+00  3.2594925118170123E-08  2.7381868803060503E-08
  1.3273032846447828E+00  3.1935022749082251E-08  2.6870661575886283E-08
  1.3405268103855188E+00  3.1288828772557173E-08  2.6368864923755947E-08
  1.3538820781591721E+00  3.0656050055832239E-08  2.5876311194514743E-08
  1.3673704004722231E+00  3.0036400897532681E-08  2.5392836463156039E-08
  1.3809931029072615E+00  2.9429601660658857E-08  2.4918279329984142E-08
  1.3947515242532627E+00  2.8835378863928920E-08  2.4452481063884145E-08
  1.4086470166371527E+00  2.8253465040625514E-08  2.3995285565084808E-08
  1.4226809456566976E+00  2.7683598599992426E-08  2.3546539327525721E-08
  1.4368546905147026E+00  2.7125523692058225E-08  2.3106091401587215E-08
  1.4511696441545585E+00  2.6578990075793133E-08  2.2673793357185061E-08
  1.4656272133971369E+00  2.6043752990508062E-08  2.2249499247231047E-08
  1.4802288190790416E+00  2.5519573030408700E-08  2.1833065571461199E-08
  1.4949758961922506E+00  2.5006216021619664E-08  2.1424351240047297E-08
  1.5098698940251347E+00  2.4503452702901185E-08  2.1023217347209428E-08
  1.5249122763048917E+00  2.4011057219736811E-08  2.0629525804023686E-08
  1.5401045213413977E+00  2.3528810226475882E-08  2.0243142038136315E-08
  1.5554481221724863E+00  2.3056499196874315E-08  1.9863935468094121E-08
  1.5709445867106819E+00  2.2593916170549773E-08  1.9491777719477880E-08
  1.5865954378913896E+00  2.2140857588818160E-08  1.9126542539924360E-08
  1.6024022138225633E+00  2.1697124200411584E-08  1.8768105769139152E-08
  1.6183664679358705E+00  2.1262520969269575E-08  1.8416345309209578E-08
  1.6344897691393487E+00  2.0836856984355266E-08  1.8071141095217047E-08
  1.6507737019716022E+00  2.0419945371448461E-08  1.7732375066147231E-08
  1.6672198667575162E+00  2.0011603206870546E-08  1.7399931136098182E-08
  1.6838298797655340E+00  1.9611651433235318E-08  1.7073695165921079E-08
  1.7006053733665010E+00  1.9219914817371139E-08  1.6753554974122392E-08
  1.7175479961940823E+00  1.8836222587033695E-08  1.6439400996742385E-08
  1.7346594133067894E+00  1.8460406509616590E-08  1.6131124715304898E-08
  1.7519413063516125E+00  1.8092298765877069E-08  1.5828616790448406E-08
  1.7693953737292876E+00  1.7731734965546347E-08  1.5531769619377893E-08
  1.7870233307612118E+00  1.7378554407542216E-08  1.5240477590599453E-08
  1.8048269098580123E+00  1.7032599991810044E-08  1.4954637047783733E-08
  1.8228078606898104E+00  1.6693718133436846E-08  1.4674146254262211E-08
  1.8409679503581635E+00  1.6361758678974566E-08  1.4398905358146491E-08
  1.8593089635697344E+00  1.6036574824910442E-08  1.4128816358059388E-08
  1.8778327028116868E+00  1.5718023038224535E-08  1.3863783069468039E-08
  1.8965409885288229E+00  1.5405962978970446E-08  1.3603711091603908E-08
  1.9154356593024915E+00  1.5100257418328200E-08  1.3348507768632669E-08
  1.9345185720312807E+00  1.4800771939403334E-08  1.3098081940763478E-08
  1.9537916021135000E+00  1.4507374664366092E-08  1.2852343709121180E-08
  1.9732566436314960E+00  1.4219937103005242E-08  1.2611205240768207E-08
  1.9929156095377869E+00  1.3938333769112395E-08  1.2374580483727053E-08
  2.0127704318430686E+00  1.3662441945462662E-08  1.2142384993316017E-08
  2.0328230618060794E+00  1.3392141618999585E-08  1.1914535902177338E-08
  2.0530754701253646E+00  1.3127315417816789E-08  1.1690951891006948E-08
  2.0735296471329532E+00  1.2867848549704682E-08  1.1471553159818597E-08
  2.0941876029899538E+00  1.2613628742220705E-08  1.1256261399733084E-08
  2.1150513678841083E+00  1.2364546184242579E-08  1.1044999765283215E-08
  2.1361229922293168E+00  1.2120493468965097E-08  1.0837692847225108E-08
  2.1574045468671343E+00  1.1881365539637414E-08  1.0634266647151231E-08
  2.1788981232702960E+00  1.1647059684873729E-08  1.0434648599585747E-08
  2.2006058337482499E+00  1.1417475586505442E-08  1.0238767638309906E-08
  2.2225298116547560E+00  1.1192515762893995E-08  1.0046554594307423E-08
  2.2446722115975373E+00  1.0972085202771584E-08  9.8579418959263764E-09
  2.2670352096500275E+00  1.0756090897800971E-08  9.6728631814304316E-09
  2.2896210035652338E+00  1.0544441790687571E-08  9.4912532712791477E-09
  2.3124318129917163E+00  1.0337048733148230E-08  9.3130481483373587E-09
  2.3354698796917295E+00  1.0133824444819466E-08  9.1381849383801976E-09
  2.3587374677615385E+00  9.9346834730833668E-09  8.9666018908903714E-09
  2.3822368638539171E+00  9.7395421537894653E-09  8.7982383601442464E-09
  2.4059703774028836E+00  9.5483185728513809E-09  8.6330347865831981E-09
  2.4299403408506497E+00  9.3609325284888682E-09  8.4709326782627344E-09
  2.4541491098768580E+00  9.1773054827254974E-09  8.3118745812507239E-09
  2.4785990636300790E+00  8.9973606715291070E-09  8.1558041990301382E-09
  2.5032926049616280E+00  8.8210234955222588E-09  8.0026667722120819E-09
  2.5282321606617142E+00  8.6482210880204379E-09  7.8524086871819275E-09
  2.5534201816979283E+00  8.4788820591062153E-09  7.7049772561389808E-09
  2.5788591434561172E+00  8.3129364582093492E-09  7.5603206962776947E-09
  2.6045515459836621E+00  8.1503157452734527E-09  7.4183881161399252E-09
  2.6304999142351626E+00  7.9909527624988951E-09  7.2791295021165121E-09
  2.6567067983205916E+00  7.8347817066497747E-09  7.1424957050980014E-09
  2.6831747737558986E+00  7.6817381019139187E-09  7.0084384272747096E-09
  2.7099064417161358E+00  7.5317587733043572E-09  6.8769102090860162E-09
  2.7369044292910800E+00  7.3847818205934947E-09  6.7478644163206979E-09
  2.7641713897434159E+00  7.2407465931479406E-09  6.6212552277349454E-09
  2.7917100027694981E+00  7.0995935655334570E-09  6.4970375274627716E-09
  2.8195229747626884E+00  6.9612635941155173E-09  6.3751662231129484E-09
  2.8476130390793370E+00  6.8256977724768355E-09  6.2555961424085584E-09
  2.8759829563074111E+00  6.6928383373816481E-09  6.1382828679608209E-09
  2.9046355145377833E+00  6.5626288055886561E-09  6.0231828682470467E-09
  2.9335735296382497E+00  6.4350139436256425E-09  5.9102534793165467E-09
  2.9627998455302462E+00  6.3099397382776378E-09  5.7994528868448611E-09
  2.9923173344683569E+00  6.1873533678199656E-09  5.6907401085733782E-09
  3.0221288973225731E+00  6.0672031739762396E-09  5.5840749771257972E-09
  3.0522374638633858E+00  5.9494386345817033E-09  5.4794181231929821E-09
  3.0826459930497205E+00  5.8340103369328818E-09  5.3767309590779931E-09
  3.1133574733197187E+00  5.7208699523083057E-09  5.2759756630847359E-09
  3.1443749228844382E+00  5.6099702624218042E-09  5.1771152139662723E-09
  3.1757013900244764E+00  5.5012656217940455E-09  5.0801138360624597E-09
  3.2073399533895319E+00  5.3947125207735896E-09  4.9849375131055282E-09
  3.2392937223009759E+00  5.2902686998113881E-09  4.8915531735319210E-09
  3.2715658370574126E+00  5.1878927091700932E-09  4.7999282977288725E-09
  3.3041594692433089E+00  5.0875438889102550E-09  4.7100309056910981E-09
  3.3370778220406736E+00  4.9891823547010298E-09  4.6218295497234828E-09
  3.3703241305438607E+00  4.8927689838618596E-09  4.5352933071905981E-09
  3.4039016620775078E+00  4.7982654016322031E-09  4.4503917733146556E-09
  3.4378137165176237E+00  4.7056339676659864E-09  4.3670950540232684E-09
  3.4720636266158968E+00  4.6148377627476166E-09  4.2853737588483634E-09
  3.5066547583272287E+00  4.5258405756579646E-09  4.2051989938111786E-09
  3.5415905111405159E+00  4.4386068746878105E-09  4.1265423391959409E-09
  3.5768743184127549E+00  4.3531015860788153E-09  4.0493756420923181E-09
  3.6125096477064416E+00  4.2692895743352563E-09  3.9736705406705150E-09
  3.6485000011303694E+00  4.1871359349751973E-09  3.8993987495651086E-09
  3.6848489156837885E+00  4.1066064912368505E-09  3.8265325199893266E-09
  3.7215599636040149E+00  4.0276678070952390E-09  3.7550446557609388E-09
  3.7586367527175013E+00  3.9502871702836990E-09  3.6849085019611056E-09
  3.7960829267943934E+00  3.8744325757280503E-09  3.6160979338329122E-09
  3.8339021659066272E+00  3.8000727093827305E-09  3.5485873459142919E-09
  3.8720981867896018E+00  3.7271769324586055E-09  3.4823516414003423E-09
  3.9106747432074331E+00  3.6557152660323828E-09  3.4173662217300084E-09
  3.9496356263218679E+00  3.5856583760348204E-09  3.3536069763991299E-09
  3.9889846650648653E+00  3.5169775607560392E-09  3.2910502750845463E-09
  4.0287257265148906E+00  3.4496447992091078E-09  3.2296730185750597E-09
  4.0688627162769526E+00  3.3836329850072604E-09  3.1694528626106879E-09
  4.1093995788664310E+00  3.3189159616262819E-09  3.1103682480245336E-09
  4.1503402980967437E+00  3.2554681494960373E-09  3.0523980578011190E-09
  4.1916888974708399E+00  3.1932644718553186E-09  2.9955215518369399E-09
  4.2334494405766288E+00  3.1322803450149890E-09  2.9397183607477688E-09
  4.2756260314863344E+00  3.0724916688079597E-09  2.8849684797637693E-09
  4.3182228151598228E+00  3.0138748172200673E-09  2.8312522627094006E-09
  4.3612439778519514E+00  2.9564066291983931E-09  2.7785504160673467E-09
  4.4046937475239893E+00  2.9000643996338379E-09  2.7268439931258021E-09
  4.4485763942591205E+00  2.8448258705146755E-09  2.6761143882083496E-09
  4.4928962306820841E+00  2.7906692222507321E-09  2.6263433309904946E-09
  4.5376576123830121E+00  2.7375730545925359E-09  2.5775128706407423E-09
  4.5828649383454847E+00  2.6855162817385988E-09  2.5296052778316701E-09
  4.6285226513788329E+00  2.6344780382894246E-09  2.4826029607438236E-09
  4.6746352385547683E+00  2.5844378216902431E-09  2.4364886015075951E-09
  4.7212072316483642E+00  2.5353755538339728E-09  2.3912452153464980E-09
  4.7682432075834074E+00  2.4872715726840679E-09  2.3468561448078629E-09
  4.8157477888822040E+00  2.4401066233716386E-09  2.3033050534467794E-09
  4.8637256441198780E+00  2.3938618494901180E-09  2.2605759196311330E-09
  4.9121814883831689E+00  2.3485187845829371E-09  2.2186530304655385E-09
  4.9611200837338076E+00  2.3040593438197219E-09  2.1775209758318621E-09
  5.0105462396765272E+00  2.2604658158566032E-09  2.1371646425441219E-09
  5.0604648136317234E+00  2.2177208548388158E-09  2.0975692085787592E-09
  5.1108807114128094E+00  2.1758074735582806E-09  2.0587201383661573E-09
  5.1617988877083540E+00  2.1347090899602976E-09  2.0206032296328054E-09
  5.2132243465690129E+00  2.0944095679044545E-09  1.9832046537190816E-09
  5.2651621418992951E+00  2.0548931304643778E-09  1.9465108736111948E-09
  5.3176173779542459E+00  2.0161443164658049E-09  1.9105086045587932E-09
  5.3705952098410874E+00  1.9781479725164796E-09  1.8751848080359976E-09
  5.4241008440258307E+00  1.9408892468585815E-09  1.8405266873519564E-09
  5.4781395388449443E+00  1.9043535833443431E-09  1.8065216833341030E-09
  5.5327166050221344E+00  1.8685267155323676E-09  1.7731574700831331E-09
  5.5878374061902658E+00  1.8333946609021934E-09  1.7404219507986215E-09
  5.6435073594184644E+00  1.7989437151847414E-09  1.7083032536742912E-09
  5.6997319357444960E+00  1.7651604468080555E-09  1.6767897278637178E-09
  5.7565166607124505E+00  1.7320316916923575E-09  1.6458699397410194E-09
  5.8138671149157508E+00  1.6995445206488849E-09  1.6155326424886644E-09
  5.8717889345456049E+00  1.6676862203482972E-09  1.5857667582094367E-09
  5.9302878119449121E+00  1.6364443787927529E-09  1.5565614611646192E-09
  5.9893694961676847E+00  1.6058068406330422E-09  1.5279061372076127E-09
  6.0490397935440319E+00  1.5757616926472222E-09  1.4997903711095199E-09
  6.1093045682507965E+00  1.5462972588976872E-09  1.4722039429348438E-09
  6.1701697428878690E+00  1.5174020959853517E-09  1.4451368244799801E-09
  6.2316412990602235E+00  1.4890649883989958E-09  1.4185791757734894E-09
  6.2937252779657760E+00  1.4612749439577790E-09  1.3925213416371716E-09
  6.3564277809890992E+00  1.4340211893451237E-09  1.3669538483069293E-09
  6.4197549703010273E+00  1.4072931657321212E-09  1.3418674001125655E-09
  6.4837130694642591E+00  1.3810805240312233E-09  1.3172528757740124E-09
  6.5483083640449937E+00  1.3553731257317918E-09  1.2931013301229122E-09
  6.6135472022306532E+00  1.3301610459700269E-09  1.2694039983987088E-09
  6.6794359954537308E+00  1.3054344681141789E-09  1.2461521965812178E-09
  6.7459812190219219E+00  1.2811837387649937E-09  1.2233373737971574E-09
  6.8131894127544772E+00  1.2573994024136202E-09  1.2009511457245793E-09
  6.8810671816249016E+00  1.2340721974551542E-09  1.1789852915066187E-09
  6.9496211964100771E+00  1.2111930520815566E-09  1.1574317505303333E-09
  7.0188581943458530E+00  1.1887530802647337E-09  1.1362826192693503E-09
  7.0887849797891302E+00  1.1667435778277009E-09  1.1155301481891017E-09
  7.1594084248865881E+00  1.1451560186018129E-09  1.0951667387133632E-09
  7.2307354702500497E+00  1.1239820506681000E-09  1.0751849402509001E-09
  7.3027731256385868E+00  1.1032134928686909E-09  1.0555774474618490E-09
  7.3755284706473816E+00  1.0828423360190455E-09  1.0363371020461281E-09
  7.4490086554035271E+00  1.0628607535482618E-09  1.0174569035946523E-09
  7.5232209012686919E+00  1.0432611518066356E-09  9.9893005808369657E-10
  7.5981725015488042E+00  1.0240361290577894E-09  9.8074993909823964E-10
  7.6738708222108167E+00  1.0051784281716116E-09  9.6291004328821241E-10
  7.7503233026066223E+00  9.8668093260659785E-10  9.4540398701906405E-10
  7.8275374562041389E+00  9.6853666372065391E-10  9.2822550426668592E-10
  7.9055208713257201E+00  9.5073877813221781E-10  9.1136844454624473E-10
  7.9842812118939115E+00  9.3328056513078205E-10  8.9482677087449471E-10
  8.0638262181846336E+00  9.1615544413592346E-10  8.7859455776511650E-10
  8.1441637075878361E+00  8.9935696220395614E-10  8.6266598925661258E-10
  8.2253015753758145E+00  8.8287879156864251E-10  8.4703535696032705E-10
  8.3072477954790926E+00  8.6671472413449244E-10  8.3169705515967682E-10
  8.3900104212700732E+00  8.5085865160415941E-10  8.1664556192584008E-10
  8.4735975863545026E+00  8.3530453605475386E-10  8.0187541129989340E-10
  8.5580175053708203E+00  8.2004641458429121E-10  7.8738119842515151E-10
  8.6432784747974356E+00  8.0507844170633459E-10  7.7315762041877734E-10
  8.7293888737680998E+00  7.9039489150936501E-10  7.5919947875657040E-10
  8.8163571648953667E+00  7.7599015512442812E-10  7.4550167717890073E-10
  8.9041918951022847E+00  7.6185873824849713E-10  7.3205921963947270E-10
  8.9929016964623028E+00  7.4799525872230217E-10  7.1886720829601518E-10
  9.0824952870476707E+00  7.3439444416132699E-10  7.0592084154200776E-10
  9.1729814717861782E+00  7.2105112963878892E-10  6.9321541207861072E-10
  9.2643691433264692E+00  7.0796025541954311E-10  6.8074630502606739E-10
  9.3566672829119870E+00  6.9511686522361160E-10  6.6850899653122471E-10
  9.4498849612636278E+00  6.8251611122800471E-10  6.5649905889933953E-10
  9.5440313394711627E+00  6.7015325720685980E-10  6.4471216406967334E-10
  9.6391156698935525E+00  6.5802362696308538E-10  6.3314403440849765E-10
  9.7351472970682593E+00  6.4612262265958856E-10  6.2179046025078313E-10
  9.8321356586295767E+00  6.3444574151985635E-10  6.1064731604647394E-10
  9.9300902862361031E+00  6.2298857384011028E-10  5.9971055869060546E-10
  1.0029020806507525E+01  6.1174680096888047E-10  5.8897622581485221E-10
  1.0128936941970665E+01  6.0071619333296221E-10  5.7844043411593345E-10
  1.0229848512014955E+01  5.8989260850859042E-10  5.6809937772003635E-10
  1.0331765433857472E+01  5.7927198933673306E-10  5.5794932658241235E-10
  1.0434697723517580E+01  5.6885036208141173E-10  5.4798662492137674E-10
  1.0538655496801226E+01  5.5862383468058514E-10  5.3820768973562500E-10
  1.0643648970295114E+01  5.4858859764789097E-10  5.2860901187122516E-10
  1.0749688462370750E+01  5.3874091839049524E-10  5.1918715069312510E-10
  1.0856784394198501E+01  5.2907713123128536E-10  5.0993872464856984E-10
  1.0964947290771704E+01  5.1959364502344092E-10  5.0086041878062129E-10
  1.1074187781941088E+01  5.1028694271281535E-10  4.9194898451998685E-10
  1.1184516603459405E+01  5.0115357949691991E-10  4.8320123807874315E-10
  1.1295944598036488E+01  4.9219018126151869E-10  4.7461405910387540E-10
  1.1408482716404846E+01  4.8339344305326699E-10  4.6618438936029527E-10
  1.1522142018395879E+01  4.7476012758748564E-10  4.5790923144263396E-10
  1.1636933674026761E+01  4.6628706379019976E-10  4.4978564751513710E-10
  1.1752868964598209E+01  4.5797114537357958E-10  4.4181075807899640E-10
  1.1869959283803185E+01  4.4980932943973132E-10  4.3398174076243856E-10
  1.1988216138846589E+01  4.4179863189790539E-10  4.2629582604624035E-10
  1.2107651151576155E+01  4.3393611899766197E-10  4.1875028924160729E-10
  1.2228276059624633E+01  4.2621898839085180E-10  4.1134252845208653E-10
  1.2350102717563294E+01  4.1864463285189403E-10  4.0407012605107299E-10
  1.2473143098066947E+01  4.1121050289084639E-10  3.9693071684869880E-10
  1.2597409293090577E+01  4.0391408958449159E-10  3.8992197170224270E-10
  1.2722913515057721E+01  3.9675292409911444E-10  3.8304159714243038E-10
  1.2849668098060626E+01  3.8972457721470881E-10  3.7628733499912450E-10
  1.2977685499072402E+01  3.8282665885068808E-10  3.6965696202649355E-10
  1.3106978299171280E+01  3.7605681759316094E-10  3.6314828952775878E-10
  1.3237559204777012E+01  3.6941274022385464E-10  3.5675916297961877E-10
  1.3369441048899574E+01  3.6289215125079877E-10  3.5048746165649696E-10
  1.3502636792400420E+01  3.5649281326707472E-10  3.4433109904366023E-10
  1.3637159525266194E+01  3.5021252865439601E-10  3.3828802448977987E-10
  1.3773022467895123E+01  3.4404911824559394E-10  3.3235620272213172E-10
  1.3910238972396344E+01  3.3800039120853094E-10  3.2653358487782517E-10
  1.4048822523902073E+01  3.3206418755756746E-10  3.2081814959101607E-10
  1.4188786741892816E+01  3.2623838720002265E-10  3.1520791178450919E-10
  1.4330145381535939E+01  3.2052090924293004E-10  3.0970092206959518E-10
  1.4472912335037424E+01  3.1490971130812974E-10  3.0429526615199813E-10
  1.4617101633007090E+01  3.0940278885855208E-10  2.9898906424671576E-10
  1.4762727445837632E+01  3.0399817453547695E-10  2.9378047050160720E-10
  1.4909804085097040E+01  2.9869393750662256E-10  2.8866767242962277E-10
  1.5058346004935169E+01  2.9348818282484360E-10  2.8364889034951257E-10
  1.5208367803504350E+01  2.8837905072834685E-10  2.7872237677035984E-10
  1.5359884224393825E+01  2.8336472162145234E-10  2.7388642128734227E-10
  1.5512910158078872E+01  2.7844342131426639E-10  2.6913935563585936E-10
  1.5667460643384121E+01  2.7361342687518542E-10  2.6447955932237923E-10
  1.5823550868961469E+01  2.6887306223254037E-10  2.5990545551335108E-10
  1.5981196174782857E+01  2.6422068043676261E-10  2.5541549398568888E-10
  1.6140412053647779E+01  2.5965466289987412E-10  2.5100815044014805E-10
  1.6301214152705811E+01  2.5517341899144028E-10  2.4668192615674975E-10
  1.6463618274994442E+01  2.5077538563862474E-10  2.4243534765293360E-10
  1.6627640380992112E+01  2.4645902693028773E-10  2.3826696634441176E-10
  1.6793296590186682E+01  2.4222283372508144E-10  2.3417535820870220E-10
  1.6960603182659689E+01  2.3806532326348614E-10  2.3015912345131323E-10
  1.7129576600686271E+01  2.3398503878870542E-10  2.2621688617899490E-10
  1.7300233450350969E+01  2.2998054460293008E-10  2.2234728966741214E-10
  1.7472590503179845E+01  2.2605039710704172E-10  2.1854896850202727E-10
  1.7646664697788648E+01  2.2219314048168672E-10  2.1482054451190071E-10
  1.7822473141547434E+01  2.1840729310099051E-10  2.1116061362463707E-10
  1.8000033112261981E+01  2.1469140026587908E-10  2.0756779674797247E-10
  1.8179362059871590E+01  2.1104403952223858E-10  2.0404074493413467E-10
  1.8360477608164068E+01  2.0746381988872904E-10  2.0057813866975265E-10
  1.8543397556507877E+01  2.0394938110545938E-10  1.9717868718466650E-10
  1.8728139881601127E+01  2.0049939290288583E-10  1.9384112777906231E-10
  1.8914722739238474E+01  1.9711255429028667E-10  1.9056422516834838E-10
  1.9103164466095322E+01  1.9378759286322262E-10  1.8734677084524349E-10
  1.9293483581529841E+01  1.9052326412919517E-10  1.8418758245837854E-10
  1.9485698789403081E+01  1.8731835168712546E-10  1.8108550401155807E-10
  1.9679828979917062E+01  1.8417169172742756E-10  1.7803942946928902E-10
  1.9875893231471196E+01  1.8108220244521474E-10  1.7504833123837945E-10
  2.0073910812537317E+01  1.7804885704613597E-10  1.7211123416558283E-10
  2.0273901183553313E+01  1.7507065048419865E-10  1.6922718338522693E-10
  2.0475883998835506E+01  1.7214659464873351E-10  1.6639523969356919E-10
  2.0679879108510377E+01  1.6927571811667828E-10  1.6361447933427433E-10
  2.0885906560465269E+01  1.6645706590862763E-10  1.6088399378673266E-10
  2.1093986602318576E+01  1.6368969924776085E-10  1.5820288955638431E-10
  2.1304139683409726E+01  1.6097269532160658E-10  1.5557028796703481E-10
  2.1516386456808789E+01  1.5830514704661767E-10  1.5298532495515468E-10
  2.1730747781346125E+01  1.5568616283551849E-10  1.5044715086615090E-10
  2.1947244723662518E+01  1.5311486631073730E-10  1.4795493019873240E-10
  2.2165898560279281E+01  1.5059039521452999E-10  1.4550784061825836E-10
  2.2386730779689341E+01  1.4811190959486929E-10  1.4310508090858104E-10
  2.2609763084469183E+01  1.4567851288210691E-10  1.4074579462168418E-10
  2.2835017393411423E+01  1.4328928383161036E-10  1.3842910097388583E-10
  2.3062515843679133E+01  1.4094332184454546E-10  1.3615413866202176E-10
  2.3292280792981337E+01  1.3863974709787394E-10  1.3392006600913945E-10
  2.3524334821770147E+01  1.3637770001616522E-10  1.3172606047373760E-10
  2.3758700735460042E+01  1.3415634076129817E-10  1.2957131817544128E-10
  2.3995401566669024E+01  1.3197484873925469E-10  1.2745505343638009E-10
  2.4234460577482114E+01  1.2983242212323812E-10  1.2537649833755953E-10
  2.4475901261737601E+01  1.2772827739238710E-10  1.2333490228955341E-10
  2.4719747347335854E+01  1.2566164888932690E-10  1.2132953162036670E-10
  2.4966022798571149E+01  1.2363178634849696E-10  1.1935966719941757E-10
  2.5214751818486942E+01  1.2163789198541180E-10  1.1742454382070225E-10
  2.5465958851254367E+01  1.1967916294625514E-10  1.1552339129285844E-10
  2.5719668584574443E+01  1.1775490313119511E-10  1.1365554239677982E-10
  2.5975905952104455E+01  1.1586443825032086E-10  1.1182035080106218E-10
  2.6234696135908269E+01  1.1400710801415775E-10  1.1001718352182752E-10
  2.6496064568931008E+01  1.1218226581348203E-10  1.0824542061804962E-10
  2.6760036937498807E+01  1.1038927841360261E-10  1.0650445490079442E-10
  2.7026639183842828E+01  1.0862752566221392E-10  1.0479369165550130E-10
  2.7295897508648935E+01  1.0689640020995234E-10  1.0311254837646200E-10
  2.7567838373632743E+01  1.0519530724285964E-10  1.0146045451271683E-10
  2.7842488504139837E+01  1.0352366422579506E-10  9.9836851224455187E-11
  2.8119874891772540E+01  1.0188090086266549E-10  9.8241191349631135E-11
  2.8400024797042448E+01  1.0026649029871977E-10  9.6672969377486136E-11
  2.8682965752049380E+01  9.8680000568705117E-11  9.5131770894457680E-11
  2.8968725563187334E+01  9.7120967373540786E-11  9.3617149962517388E-11
  2.9257332313877082E+01  9.5588919504055126E-11  9.2128653758843617E-11
  2.9548814367326056E+01  9.4083393665665908E-11  9.0665836906072481E-11
  2.9843200369315902E+01  9.2603934342718071E-11  8.9228261349996980E-11
  3.0140519251017643E+01  9.1150093666866482E-11  8.7815496240837692E-11
  3.0440800231834810E+01  8.9721431289944092E-11  8.6427117818517914E-11
  3.0744072822275211E+01  8.8317514261042483E-11  8.5062709301691544E-11
  3.1050366826851008E+01  8.6937916907552193E-11  8.3721860780286267E-11
  3.1359712347007726E+01  8.5582220719918919E-11  8.2404169111338734E-11
  3.1672139784082681E+01  8.4250014210045768E-11  8.1109237790234820E-11
  3.1987679842292618E+01  8.2940887280642260E-11  7.9836671590920216E-11
  3.2306363531751117E+01  8.1654398055498368E-11  7.8586044757861366E-11
  3.2628222171516342E+01  8.0390098485777284E-11  7.7356925599570035E-11
  3.2953287392668877E+01  7.9147556003846484E-11  7.6148897294472052E-11
  3.3281591141420172E+01  7.7926347484826171E-11  7.4961552061872757E-11
  3.3613165682252443E+01  7.6726058938906827E-11  7.3794490868373398E-11
  3.3948043601089132E+01  7.5546285295832029E-11  7.2647323223128043E-11
  3.4286257808497446E+01  7.4386630194903509E-11  7.1519666978302585E-11
  3.4627841542922965E+01  7.3246705780359511E-11  7.0411148134595853E-11
  3.4972828373955728E+01  7.2126132501977712E-11  6.9321400651686109E-11
  3.5321252205629669E+01  7.1024538920757578E-11  6.8250066263462773E-11
  3.5673147279754509E+01  6.9941561526176641E-11  6.7196794303703325E-11
  3.6028548179280762E+01  6.8876845249513390E-11  6.6161242174879385E-11
  3.6387489831698637E+01  6.7830052556598206E-11  6.5143084040657818E-11
  3.6750007512470496E+01  6.6800886216834682E-11  6.4142032802368665E-11
  3.7116136848497455E+01  6.5789072463879301E-11  6.3157823918127746E-11
  3.7485913821620926E+01  6.4794341648454006E-11  6.2190196750671218E-11
  3.7859374772158638E+01  6.3816427419066130E-11  6.1238893780081156E-11
  3.8236556402475934E+01  6.2855066716343579E-11  6.0303660601251487E-11
  3.8617495780592940E+01  6.1909999766015390E-11  5.9384245919956073E-11
  3.9002230343827407E+01  6.0980970070592198E-11  5.8480401547571988E-11
  3.9390797902473771E+01  6.0067724399798359E-11  5.7591882394510338E-11
  3.9783236643519231E+01  5.9170012779806384E-11  5.6718446462404664E-11
  4.0179585134396511E+01  5.8287588481170759E-11  5.5859854834982536E-11
  4.0579882326774012E+01  5.7420207822176161E-11  5.5015871504149008E-11
  4.0984167560384208E+01  5.6567628389800597E-11  5.4186261707563674E-11
  4.1392480566889326E+01  5.5729595262582117E-11  5.3370778653928934E-11
  4.1804861473786282E+01  5.4905835166994997E-11  5.2569157874270800E-11
  4.2221350808350479E+01  5.4096077545868096E-11  5.1781137508023415E-11
  4.2641989501618156E+01  5.3300057451246728E-11  5.1006461090891335E-11
  4.3066818892409387E+01  5.2517515419070013E-11  5.0244877435271483E-11
  4.3495880731390564E+01  5.1748197346865009E-11  4.9496140513521943E-11
  4.3929217185177357E+01  5.0991854374377435E-11  4.8760009344003964E-11
  4.4366870840478931E+01  5.0248242767063601E-11  4.8036247879825994E-11
  4.4808884708283124E+01  4.9517123802370869E-11  4.7324624900222171E-11
  4.5255302228083231E+01  4.8798263658733974E-11  4.6624913904497768E-11
  4.5706167272147376E+01  4.8091433351572594E-11  4.5936893047287539E-11
  4.6161524149829958E+01  4.7396408536740937E-11  4.5260344923543993E-11
  4.6621417611926113E+01  4.6712965762459131E-11  4.4595053021047146E-11
  4.7085892855069893E+01  4.6040883931272280E-11  4.3940803128308648E-11
  4.7554995526175880E+01  4.5379946769742067E-11  4.3297385687656121E-11
  4.8028771726925108E+01  4.4729942603474491E-11  4.2664595578393456E-11
  4.8507268018296003E+01  4.4090664247838390E-11  4.2042232011954757E-11
  4.8990531425140091E+01  4.3461908903667794E-11  4.1430098431829223E-11
  4.9478609440803247E+01  4.2843478055590417E-11  4.0828002415988141E-11
  4.9971550031793683E+01  4.2235177372908525E-11  4.0235755581745876E-11
  5.0469401642495320E+01  4.1636816612967060E-11  3.9653173492991958E-11
  5.0972213199928952E+01  4.1048209526939328E-11  3.9080075569728861E-11
  5.1480034118560980E+01  4.0469173763908396E-11  3.8516284996229246E-11
  5.1992914305158983E+01  3.9899530585540243E-11  3.7961628467273333E-11
  5.2510904163696971E+01  3.9339107751218282E-11  3.7415938940161367E-11
  5.3034054600308657E+01  3.8787750990989460E-11  3.6879066584293026E-11
  5.3562417028290191E+01  3.8245316850637252E-11  3.6350871944248953E-11
  5.4096043373153186E+01  3.7711664200208400E-11  3.5831217799061841E-11
  5.4634986077727582E+01  3.7186653928732901E-11  3.5319968869839436E-11
  5.5179298107315404E+01  3.6670148924277544E-11  3.4816991801225059E-11
  5.5729032954896311E+01  3.6162014053930522E-11  3.4322155142760854E-11
  5.6284244646384515E+01  3.5662116143728509E-11  3.3835329330166189E-11
  5.6844987745938084E+01  3.5170323958535290E-11  3.3356386666539885E-11
  5.7411317361321665E+01  3.4686508181882101E-11  3.2885201303497340E-11
  5.7983289149322069E+01  3.4210541395757668E-11  3.2421649222247512E-11
  5.8560959321217858E+01  3.3742298126840689E-11  3.1965608271462594E-11
  5.9144384648303955E+01  3.3281654431897473E-11  3.1516957762891883E-11
  5.9733622467470674E+01  3.2828483596915788E-11  3.1075574394081214E-11
  6.0328730686838426E+01  3.2382655441511533E-11  3.0641331576223045E-11
  6.0929767791449322E+01  3.1944041588351987E-11  3.0214104470110170E-11
  6.1536792849014077E+01  3.1512516024717767E-11  2.9793770523432666E-11
  6.2149865515717359E+01  3.1087955057686201E-11  2.9380209427744986E-11
  6.2769046042080930E+01  3.0670237270185426E-11  2.8973303076257165E-11
  6.3394395278884062E+01  3.0259243477903059E-11  2.8572935522434960E-11
  6.4025974683144383E+01  2.9854856687030837E-11  2.8178992939391133E-11
  6.4663846324157419E+01  2.9456962052830299E-11  2.7791363580054656E-11
  6.5308072889596346E+01  2.9065446839001076E-11  2.7409937738100677E-11
  6.5958717691673030E+01  2.8680200382376708E-11  2.7034607713740442E-11
  6.6615844673360030E+01  2.8301114204918243E-11  2.6665267908788340E-11
  6.7279518414674413E+01  2.7928081723795907E-11  2.6301814556449115E-11
  6.7949804139024792E+01  2.7560999777912525E-11  2.5944147186696686E-11
  6.8626767719621171E+01  2.7199767630978468E-11  2.5592167668330450E-11
  6.9310475685948390E+01  2.6844286312984784E-11  2.5245779580307437E-11
  7.0000995230304881E+01  2.6494458587717171E-11  2.4904888180490131E-11
  7.0698394214405880E+01  2.6150188922577983E-11  2.4569400376591414E-11
  7.1402741176052331E+01  2.5811383458932547E-11  2.4239224697613271E-11
  7.2114105335867038E+01  2.5477949982970870E-11  2.3914271265770657E-11
  7.2832556604097192E+01  2.5149797897076684E-11  2.3594451768892891E-11
  7.3558165587484538E+01  2.4826838191695042E-11  2.3279679433294393E-11
  7.4291003596205258E+01  2.4508983416668231E-11  2.2969868996151883E-11
  7.5031142650876944E+01  2.4196147365971098E-11  2.2664936425736299E-11
  7.5778655489637188E+01  2.3888244408813928E-11  2.2364798320824619E-11
  7.6533615575292274E+01  2.3585187918148424E-11  2.2069370374597422E-11
  7.7296097102535924E+01  2.3286891285030108E-11  2.1778568331872832E-11
  7.8066175005241760E+01  2.2993269551391190E-11  2.1492309539746403E-11
  7.8843924963827149E+01  2.2704239418779560E-11  2.1210512955281113E-11
  7.9629423412690599E+01  2.2419719213840898E-11  2.0933099112054010E-11
  8.0422747547723915E+01  2.2139628854583186E-11  2.0659990087447237E-11
  8.1223975333898466E+01  2.1863889817405986E-11  2.0391109470666034E-11
  8.2033185512927105E+01  2.1592425104877093E-11  2.0126382331466408E-11
  8.2850457611003094E+01  2.1325159214239145E-11  1.9865735189575397E-11
  8.3675871946615288E+01  2.1062018106685088E-11  1.9609095984849071E-11
  8.4509509638441486E+01  2.0802929278420909E-11  1.9356394134437485E-11
  8.5351452613320816E+01  2.0547821889282378E-11  1.9107560616588700E-11
  8.6201783614304986E+01  2.0296625286802974E-11  1.8862526623831666E-11
  8.7060586208789772E+01  2.0049269715299629E-11  1.8621224236512756E-11
  8.7927944796728184E+01  1.9805686794079382E-11  1.8383586868665935E-11
  8.8803944618924689E+01  1.9565809503095873E-11  1.8149549253577346E-11
  8.9688671765412082E+01  1.9329572153817412E-11  1.7919047415349170E-11
  9.0582213183913041E+01  1.9096910360805382E-11  1.7692018641128090E-11
  9.1484656688383851E+01  1.8867761013989086E-11  1.7468401453983019E-11
  9.2396090967644966E+01  1.8642062251621584E-11  1.7248135586414513E-11
  9.3316605594097609E+01  1.8419753433903357E-11  1.7031161954480532E-11
  9.4246291032525434E+01  1.8200775117263871E-11  1.6817422632524223E-11
  9.5185238648986001E+01  1.7985069019768745E-11  1.6606860820595869E-11
  9.6133540719789636E+01  1.7772578176058313E-11  1.6399420992465620E-11
  9.7091290440567619E+01  1.7563248416344875E-11  1.6195050241656255E-11
  9.8058581935431747E+01  1.7357027253039394E-11  1.5993697248761715E-11
  9.9035510266224222E+01  1.7153863094531568E-11  1.5795311560026126E-11
  1.0002217144185961E+02  1.6953705306148973E-11  1.5599843644118777E-11
  1.0101866242776094E+02  1.6756504192306571E-11  1.5407244874115196E-11
  1.0202508115538872E+02  1.6562210978956592E-11  1.5217467509689993E-11
  1.0304152653186500E+02  1.6370777796522537E-11  1.5030464679684233E-11
  1.0406809844969425E+02  1.6182157663322357E-11  1.4846190365039053E-11
  1.0510489779658009E+02  1.5996304469487875E-11  1.4664599382087678E-11
  1.0615202646533982E+02  1.5813172961390138E-11  1.4485647366197319E-11
  1.0720958736391877E+02  1.5632718727174571E-11  1.4309290756313985E-11
  1.0827768442550332E+02  1.5454898048413439E-11  1.4135486657259510E-11
  1.0935642261873481E+02  1.5279665566724064E-11  1.3964190728179161E-11
  1.1044590795802608E+02  1.5106973355506596E-11  1.3795356311681916E-11
  1.1154624751397991E+02  1.4936773889191539E-11  1.3628937148666896E-11
  1.1265754942391095E+02  1.4769020689531035E-11  1.3464887975118219E-11
  1.1377992290247441E+02  1.4603668309959440E-11  1.3303164503676230E-11
  1.1491347825239781E+02  1.4440672315599947E-11  1.3143723400698733E-11
  1.1605832687532171E+02  1.4279989264469416E-11  1.2986522263931986E-11
  1.1721458128274861E+02  1.4121576689970381E-11  1.2831519600773969E-11
  1.1838235510709866E+02  1.3965393084783901E-11  1.2678674807113000E-11
  1.1956176311287831E+02  1.3811397886306254E-11  1.2527948146724280E-11
  1.2075292120795847E+02  1.3659551464004866E-11  1.2379300731288795E-11
  1.2195594645496510E+02  1.3509815141879164E-11  1.2232694528318120E-11
  1.2317095708278454E+02  1.3362152350384081E-11  1.2088093368940502E-11
  1.2439807249818215E+02  1.3216529890188858E-11  1.1945464076340273E-11
  1.2563741329753674E+02  1.3072915861731599E-11  1.1804774594240722E-11
  1.2688910127869329E+02  1.2931279104226509E-11  1.1665993458783770E-11
  1.2815325945293219E+02  1.2791589203839564E-11  1.1529089784304756E-11
  1.2943001205705809E+02  1.2653816509572616E-11  1.1394033251510772E-11
  1.3071948456561014E+02  1.2517932155886398E-11  1.1260794095925326E-11
  1.3202180370319269E+02  1.2383908093859568E-11  1.1129343096593381E-11
  1.3333709745692960E+02  1.2251717133275628E-11  1.0999651565039882E-11
  1.3466549508904168E+02  1.2121332998850461E-11  1.0871691334476002E-11
  1.3600712714955114E+02  1.1992730404934984E-11  1.0745434749240372E-11
  1.3736212548911087E+02  1.1865885151360455E-11  1.0620854653189321E-11
  1.3873062327196206E+02  1.1740774008839177E-11  1.0497924165492012E-11
  1.4011275498902179E+02  1.1617373416232373E-11  1.0376615344388895E-11
  1.4150865647110004E+02  1.1495659821803589E-11  1.0256899248731151E-11
  1.4291846490224799E+02  1.1375611567188675E-11  1.0138747351530314E-11
  1.4434231883324094E+02  1.1257209544370016E-11  1.0022131730874952E-11
  1.4578035819519411E+02  1.1140437798082040E-11  9.9070250560217129E-12
  1.4723272431331455E+02  1.1025284369136920E-11  9.7934005737968967E-12
  1.4869955992078982E+02  1.0911742485629511E-11  9.6812320953518132E-12
  1.5018100917281581E+02  1.0799812256787738E-11  9.5704939832620308E-12
  1.5167721766076372E+02  1.0689503084854174E-11  9.4611611389606579E-12
  1.5318833242648745E+02  1.0580837064619760E-11  9.3532089904961275E-12
  1.5471450197677544E+02  1.0473853609185587E-11  9.2466134813755458E-12
  1.5625587629794487E+02  1.0368615200911956E-11  9.1413511025365540E-12
  1.5781260687058116E+02  1.0265213434409532E-11  9.0373997429108975E-12
  1.5938484668442621E+02  1.0163769367832376E-11  8.9347406810716761E-12
  1.6097275025341256E+02  1.0064405753004634E-11  8.8333566753975168E-12
  1.6257647363084922E+02  9.9671664638842038E-12  8.7332307331982678E-12
  1.6419617442475706E+02  9.8718780151646672E-12  8.6343460905811206E-12
  1.6583201181335906E+02  9.7780723127504587E-12  8.5366862095726481E-12
  1.6748414656072322E+02  9.6851657010155778E-12  8.4402347752727331E-12
  1.6915274103256141E+02  9.5927749959513501E-12  8.3449756930399797E-12
  1.7083795921218697E+02  9.5008166929447948E-12  8.2508930857082730E-12
  1.7253996671663009E+02  9.4093837112825232E-12  8.1579712908342065E-12
  1.7425893081291326E+02  9.3186130683838199E-12  8.0661948578968994E-12
  1.7599502043449090E+02  9.2286247324694783E-12  7.9755485448122530E-12
  1.7774840619785070E+02  9.1395073945346660E-12  7.8860169865979077E-12
  1.7951926041928164E+02  9.0513178667927295E-12  7.7975816330408051E-12
  1.8130775713180770E+02  8.9640875664788577E-12  7.7102210808886754E-12
  1.8311407210229254E+02  8.8778325083314683E-12  7.6239142324366514E-12
  1.8493838284871248E+02  8.7925587229958617E-12  7.5386404957298927E-12
  1.8678086865760167E+02  8.7082655428549288E-12  7.4543797720730584E-12
  1.8864171060167314E+02  8.6249479850531355E-12  7.3711124439178156E-12
  1.9052109155761312E+02  8.5425979106031266E-12  7.2888193631157468E-12
  1.9241919622405300E+02  8.4612039761974944E-12  7.2074818395241370E-12
  1.9433621113972200E+02  8.3807533347996609E-12  7.1270816299526414E-12
  1.9627232470177876E+02  8.3012327541149882E-12  7.0476009274420526E-12
  1.9822772718432662E+02  8.2226290376230071E-12  6.9690223501949091E-12
  2.0020261075711238E+02  8.1449292706811851E-12  6.8913290278783944E-12
  2.0219716950441313E+02  8.0681214182495807E-12  6.8145062291325867E-12
  2.0421159944410954E+02  7.9921957327656554E-12  6.7385427338711862E-12
  2.0624609854694930E+02  7.9171427971146086E-12  6.6634280155133346E-12
  2.0830086675600398E+02  7.8429537486632902E-12  6.5891516850096599E-12
  2.1037610600631828E+02  7.7696200497275876E-12  6.5157034889956845E-12
  2.1247202024475467E+02  7.6971323881568954E-12  6.4430733079981315E-12
  2.1458881545003786E+02  7.6254802060096308E-12  6.3712511546654657E-12
  2.1672669965299704E+02  7.5546535342783407E-12  6.3002271720225752E-12
  2.1888588295700973E+02  7.4846442006145890E-12  6.2299916317492161E-12
  2.2106657755865112E+02  7.4154444866957247E-12  6.1605349324816982E-12
  2.2326899776854731E+02  7.3470463026833563E-12  6.0918475988900443E-12
  2.2549336003243724E+02  7.2794407527903451E-12  6.0239202756322659E-12
  2.2773988295244345E+02  7.2126179276121807E-12  5.9567434367838424E-12
  2.3000878730855661E+02  7.1465670452234211E-12  5.8903066165927417E-12
  2.3230029608033252E+02  7.0812777569315512E-12  5.8245991249950049E-12
  2.3461463446880489E+02  7.0167399263726309E-12  5.7596104623603137E-12
  2.3695202991861871E+02  6.9529424404134669E-12  5.6953303197095268E-12
  2.3931271214038190E+02  6.8898734977211921E-12  5.6317485750401462E-12
  2.4169691313323983E+02  6.8275224467226209E-12  5.5688552897322659E-12
  2.4410486720767673E+02  6.7658804130697135E-12  5.5066407050329183E-12
  2.4653681100854175E+02  6.7049391705312075E-12  5.4450952386171252E-12
  2.4899298353830631E+02  6.6446902194515242E-12  5.3842094812234818E-12
  2.5147362618055112E+02  6.5851246225436031E-12  5.3239741932582930E-12
  2.5397898272369019E+02  6.5262327566021175E-12  5.2643803067500248E-12
  2.5650929938492851E+02  6.4680051112033334E-12  5.2054190353791385E-12
  2.5906482483445870E+02  6.4104335899831839E-12  5.1470821638609140E-12
  2.6164581021990102E+02  6.3535098660181906E-12  5.0893618325705624E-12
  2.6425250919098426E+02  6.2972245132285622E-12  5.0322503109772508E-12
  2.6688517792447288E+02  6.2415691059711667E-12  4.9757399873528777E-12
  2.6954407514934468E+02  6.1865374068310664E-12  4.9198233667993127E-12
  2.7222946217221653E+02  6.1321237376973739E-12  4.8644930693129448E-12
  2.7494160290302528E+02  6.0783212160032963E-12  4.8097418278855237E-12
  2.7768076388096290E+02  6.0251223038243413E-12  4.7555624866407462E-12
  2.8044721430067221E+02  5.9725199129459958E-12  4.7019479990056124E-12
  2.8324122603870211E+02  5.9205071749542209E-12  4.6488914259180513E-12
  2.8606307368022493E+02  5.8690771868307082E-12  4.5963859316907449E-12
  2.8891303454602422E+02  5.8182227717907224E-12  4.5444247587517264E-12
  2.9179138871974754E+02  5.7679354052545545E-12  4.4930011383237384E-12
  2.9469841907543099E+02  5.7182072336878268E-12  4.4421082705351078E-12
  2.9763441130530117E+02  5.6690330345078214E-12  4.3917394509914678E-12
  3.0059965394785041E+02  5.6204076521650307E-12  4.3418880856921446E-12
  3.0359443841619446E+02  5.5723245391232463E-12  4.2925476891168463E-12
  3.0661905902670946E+02  5.5247773273177180E-12  4.2437118823496477E-12
  3.0967381302795872E+02  5.4777604995034765E-12  4.1953743912394346E-12
  3.1275900062990416E+02  5.4312679681080759E-12  4.1475290445960735E-12
  3.1587492503340872E+02  5.3852920286970926E-12  4.1001697724213979E-12
  3.1902189246003582E+02  5.3398247571637622E-12  4.0532906041743075E-12
  3.2220021218214293E+02  5.2948597407030709E-12  4.0068856680189030E-12
  3.2541019655327443E+02  5.2503914894541979E-12  3.9609492023986852E-12
  3.2865216103886058E+02  5.2064154067123632E-12  3.9154756219226168E-12
  3.3192642424721913E+02  5.1629291964670632E-12  3.8704595722569461E-12
  3.3523330796086771E+02  5.1199288588118421E-12  3.8258958065208276E-12
  3.3857313716814571E+02  5.0774072026719479E-12  3.7817791556630546E-12
  3.4194624009515525E+02  5.0353573149320598E-12  3.7381045271913398E-12
  3.4535294823801712E+02  4.9937728694448025E-12  3.6948669039757901E-12
  3.4879359639544765E+02  4.9526484189032348E-12  3.6520613430735757E-12
  3.5226852270166364E+02  4.9119799779398716E-12  3.6096829745742380E-12
  3.5577806865961225E+02  4.8717638482256116E-12  3.5677270004653457E-12
  3.5932257917453109E+02  4.8319960532162072E-12  3.5261886935180427E-12
  3.6290240258784672E+02  4.7926730441696972E-12  3.4850633960757704E-12
  3.6651789071140666E+02  4.7537912333512785E-12  3.4443465150178198E-12
  3.7016939886205529E+02  4.7153454952039583E-12  3.4040335621817071E-12
  3.7385728589655105E+02  4.6773290867702596E-12  3.3641203266813898E-12
  3.7758191424683639E+02  4.6397355395700914E-12  3.3246027849361280E-12
  3.8134364995565460E+02  4.6025619415153246E-12  3.2854769655995448E-12
  3.8514286271252229E+02  4.5658072178418503E-12  3.2467389439549933E-12
  3.8897992589006338E+02  4.5294682283315962E-12  3.2083848413632138E-12
  3.9285521658070155E+02  4.4935419120104878E-12  3.1704108247172336E-12
  3.9676911563371840E+02  4.4580250645808965E-12  3.1328131059043522E-12
  4.0072200769268420E+02  4.4229115595834656E-12  3.0955879412750845E-12
  4.0471428123325768E+02  4.3881952042721906E-12  3.0587316311190055E-12
  4.0874632860136489E+02  4.3538724401797288E-12  3.0222405191484530E-12
  4.1281854605175573E+02  4.3199410566537109E-12  2.9861109937521666E-12
  4.1693133378694881E+02  4.2863994991880468E-12  2.9503394844357880E-12
  4.2108509599656105E+02  4.2532461503386227E-12  2.9149223447739880E-12
  4.2528024089702825E+02  4.2204773354306105E-12  2.8798558061922101E-12
  4.2951718077172569E+02  4.1880866747012201E-12  2.8451361354838558E-12
  4.3379633201148465E+02  4.1560687438475394E-12  2.8107596537104736E-12
  4.3811811515551256E+02  4.1244219557087646E-12  2.7767227353888148E-12
  4.4248295493272457E+02  4.0931426913382941E-12  2.7430218076913139E-12
  4.4689128030348246E+02  4.0622253364199573E-12  2.7096533496597507E-12
  4.5134352450175226E+02  4.0316680950735809E-12  2.6766138914317858E-12
  4.5584012507767926E+02  4.0014695253848297E-12  2.6439000134801106E-12
  4.6038152394059114E+02  3.9716259277773391E-12  2.6115083458638937E-12
  4.6496816740242633E+02  3.9421328442078139E-12  2.5794355672631229E-12
  4.6960050622159406E+02  3.9129854145356204E-12  2.5476784074428272E-12
  4.7427899564727636E+02  3.8841795765266720E-12  2.5162336982702852E-12
  4.7900409546416660E+02  3.8557139670791303E-12  2.4850984858593821E-12
  4.8377627003765417E+02  3.8275879320487613E-12  2.4542698987015556E-12
  4.8859598835946355E+02  3.7997990269216135E-12  2.4237450977753026E-12
  4.9346372409374288E+02  3.7723431465240238E-12  2.3935212760555035E-12
  4.9837995562361516E+02  3.7452153391806244E-12  2.3635956581644387E-12
  5.0334516609819002E+02  3.7184112664865336E-12  2.3339655000266497E-12
  5.0835984348004831E+02  3.6919289251194018E-12  2.3046280885275830E-12
  5.1342448059319668E+02  3.6657683587818683E-12  2.2755807411759114E-12
  5.1853957517149809E+02  3.6399288754555414E-12  2.2468208057695577E-12
  5.2370562990759083E+02  3.6144077450285238E-12  2.2183456601231269E-12
  5.2892315250228967E+02  3.5892004704764275E-12  2.1901527077918304E-12
  5.3419265571447920E+02  3.5643018142363417E-12  2.1622393750386411E-12
  5.3951465741150878E+02  3.5397088382186889E-12  2.1346031007139845E-12
  5.4488968062008530E+02  3.5154211570158005E-12  2.1072413319088473E-12
  5.5031825357767445E+02  3.4914379302659921E-12  2.0801515458252504E-12
  5.5580090978441240E+02  3.4677571105829868E-12  2.0533312501815342E-12
  5.6133818805553915E+02  3.4443750829489669E-12  2.0267779828411100E-12
  5.6693063257434994E+02  3.4212863753906108E-12  2.0004893114455904E-12
  5.7257879294567385E+02  3.3984877338126682E-12  1.9744628330522176E-12
  5.7828322424989005E+02  3.3759804037913445E-12  1.9486961737754736E-12
  5.8404448709747771E+02  3.3537641777608300E-12  1.9231869884328044E-12
  5.8986314768410875E+02  3.3318342597827719E-12  1.8979329601878099E-12
  5.9573977784629506E+02  3.3101856117926729E-12  1.8729318003751559E-12
  6.0167495511758398E+02  3.2888149677913476E-12  1.8481812576433636E-12
  6.0766926278531776E+02  3.2677203802265661E-12  1.8236791074562501E-12
  6.1372328994795396E+02  3.2469010361516003E-12  1.7994231449469134E-12
  6.1983763157296391E+02  3.2263562281649120E-12  1.7754111911762393E-12
  6.2601288855530197E+02  3.2060835147029593E-12  1.7516410933413062E-12
  6.3224966777645704E+02  3.1860787059985819E-12  1.7281107244578895E-12
  6.3854858216409923E+02  3.1663391298253831E-12  1.7048179830462520E-12
  6.4491025075231369E+02  3.1468645173056911E-12  1.6817607928201631E-12
  6.5133529874243436E+02  3.1276530647471533E-12  1.6589371023790467E-12
  6.5782435756449229E+02  3.1086993320820359E-12  1.6363448849031534E-12
  6.6437806493926553E+02  3.0899989319695687E-12  1.6139821378518534E-12
  6.7099706494095460E+02  3.0715506044207849E-12  1.5918468832539324E-12
  6.7768200806047662E+02  3.0533555250838212E-12  1.5699371703143668E-12
  6.8443355126939719E+02  3.0354151344726826E-12  1.5482511030242473E-12
  6.9125235808449315E+02  3.0177264867810551E-12  1.5267869032651850E-12
  6.9813909863295885E+02  3.0002827114014058E-12  1.5055428315921255E-12
  7.0509444971826701E+02  2.9830775660765493E-12  1.4845171628829505E-12
  7.1211909488668152E+02  2.9661102435617054E-12  1.4637081862349963E-12
  7.1921372449443083E+02  2.9493831265171650E-12  1.4431142048901430E-12
  7.2637903577555824E+02  2.9328964857358578E-12  1.4227335361588167E-12
  7.3361573291044078E+02  2.9166468975382054E-12  1.4025645113428444E-12
  7.4092452709499480E+02  2.9006292640935347E-12  1.3826054756572159E-12
  7.4830613661056645E+02  2.8848391401662834E-12  1.3628547881507005E-12
  7.5576128689452639E+02  2.8692759616001961E-12  1.3433108214998231E-12
  7.6329071061156117E+02  2.8539436104418986E-12  1.3239719565691465E-12
  7.7089514772567418E+02  2.8388395091487470E-12  1.3048365599045431E-12
  7.7857534557291081E+02  2.8239538472537657E-12  1.2859029128407454E-12
  7.8633205893480249E+02  2.8092837744322557E-12  1.2671692682128885E-12
  7.9416605011254080E+02  2.7948317143569683E-12  1.2486339016034346E-12
  8.0207808900189866E+02  2.7805966277808578E-12  1.2302951120056501E-12
  8.1006895316889018E+02  2.7665741155074917E-12  1.2121512214613162E-12
  8.1813942792618468E+02  2.7527609297808735E-12  1.1942005747017731E-12
  8.2629030641028976E+02  2.7391562068192067E-12  1.1764415387921568E-12
  8.3452238965949323E+02  2.7257584955958895E-12  1.1588725027787902E-12
  8.4283648669258946E+02  2.7125639148963900E-12  1.1414918773395649E-12
  8.5123341458838217E+02  2.6995680189723083E-12  1.1242980944416838E-12
  8.5971399856598964E+02  2.6867677002557331E-12  1.1072896081685632E-12
  8.6827907206594114E+02  2.6741608931558835E-12  1.0904648997470037E-12
  8.7692947683208251E+02  2.6617461175452624E-12  1.0738225037597152E-12
  8.8566606299430441E+02  2.6495183468752635E-12  1.0573610116438525E-12
  8.9448968915208729E+02  2.6374718820918438E-12  1.0410790328118376E-12
  9.0340122245887869E+02  2.6256089981533290E-12  1.0249751910521003E-12
  9.1240153870731956E+02  2.6139349075480792E-12  1.0090481243341985E-12
  9.2149152241531021E+02  2.6024473467383838E-12  9.9329648461400724E-13
  9.3067206691293893E+02  2.5911392175392592E-12  9.7771893763893241E-13
  9.3994407443027194E+02  2.5800051528791064E-12  9.6231416275311338E-13
  9.4930845618602677E+02  2.5690416832541864E-12  9.4708085270255792E-13
  9.5876613247712044E+02  2.5582469045587997E-12  9.3201771344017780E-13
  9.6831803276911000E+02  2.5476189694607331E-12  9.1712346387708731E-13
  9.7796509578754285E+02  2.5371540771323261E-12  9.0239683622247232E-13
  9.8770826961020873E+02  2.5268457537849069E-12  8.8783659222199045E-13
  9.9754851176030934E+02  2.5166919607913330E-12  8.7344154033462986E-13
  1.0074867893005669E+03  2.5066994523389573E-12  8.5921050527906770E-13
  1.0175240789282597E+03  2.4968681345966988E-12  8.4514232013364021E-13
  1.0276613670712095E+03  2.4871866044741287E-12  8.3123582623830575E-13
  1.0378996499847210E+03  2.4776494727005261E-12  8.1748987309827230E-13
  1.0482399338494949E+03  2.4682586596185606E-12  8.0390331828586861E-13
  1.0586832348705102E+03  2.4590134632394914E-12  7.9047502734067035E-13
  1.0692305793768883E+03  2.4499093414397191E-12  7.7720387366786912E-13
  1.0798830039227648E+03  2.4409418877183399E-12  7.6408873843486879E-13
  1.0906415553891534E+03  2.4321082048460776E-12  7.5112851043936890E-13
  1.1015072910868275E+03  2.4234060821303064E-12  7.3832208462836255E-13
  1.1124812788602346E+03  2.4148339127900823E-12  7.2566834403148650E-13
  1.1235645971924366E+03  2.4063891763738013E-12  7.1316610809756359E-13
  1.1347583353111002E+03  2.3980646604074829E-12  7.0081417639016881E-13
  1.1460635932955381E+03  2.3898515726552859E-12  6.8861136341365230E-13
  1.1574814821848283E+03  2.3817505376600477E-12  6.7655649880922766E-13
  1.1690131240869987E+03  2.3737672257215304E-12  6.6464842699175438E-13
  1.1806596522893001E+03  2.3658979645903568E-12  6.5288600678831563E-13
  1.1924222113695891E+03  2.3581337362969198E-12  6.4126811107851766E-13
  1.2043019573088095E+03  2.3504700232663702E-12  6.2979362643647260E-13
  1.2163000576045938E+03  2.3429051765764182E-12  6.1846145277443648E-13
  1.2284176913860076E+03  2.3354364738873524E-12  6.0727050298970375E-13
  1.2406560495294259E+03  2.3280588138990300E-12  5.9621970262652532E-13
  1.2530163347755704E+03  2.3207668124680455E-12  5.8530798868076075E-13
  1.2654997618477048E+03  2.3135577605576531E-12  5.7453434915968998E-13
  1.2781075575710215E+03  2.3064298297227318E-12  5.6389783997318078E-13
  1.2908409609932062E+03  2.2993782082535080E-12  5.5339752611673596E-13
  1.3037012235061984E+03  2.2923952296973809E-12  5.4303247651889321E-13
  1.3166896089691900E+03  2.2854770879843728E-12  5.3280176390900223E-13
  1.3298073938328273E+03  2.2786278619297587E-12  5.2270446468397001E-13
  1.3430558672646350E+03  2.2718496942357423E-12  5.1273965877398523E-13
  1.3564363312757459E+03  2.2651355739491592E-12  5.0290642950722131E-13
  1.3699501008488369E+03  2.2584756362322962E-12  4.9320386347362194E-13
  1.3835985040673588E+03  2.2518656032408121E-12  4.8363105038775447E-13
  1.3973828822460607E+03  2.2453046571700019E-12  4.7418708292203479E-13
  1.4113045900628176E+03  2.2387890562636372E-12  4.6487105750723902E-13
  1.4253649956917475E+03  2.2323142574391614E-12  4.5568206554913871E-13
  1.4395654809376770E+03  2.2258770479268597E-12  4.4661915127919466E-13
  1.4539074413719504E+03  2.2194732214553169E-12  4.3768135372450554E-13
  1.4683922864695628E+03  2.2130983020462063E-12  4.2886771927973528E-13
  1.4830214397476871E+03  2.2067470959638332E-12  4.2017730139935770E-13
  1.4977963389055819E+03  2.2004107982392608E-12  4.1160916029075671E-13
  1.5127184359658636E+03  2.1940819547558731E-12  4.0316236260923128E-13
  1.5277891974172164E+03  2.1877616013953132E-12  3.9483598115496785E-13
  1.5430101043585219E+03  2.1814526497380839E-12  3.8662909457207174E-13
  1.5583826526443972E+03  2.1751524512445812E-12  3.7854078704977663E-13
  1.5739083530322121E+03  2.1688546219949011E-12  3.7057014802168946E-13
  1.5895887313305702E+03  2.1625521566168959E-12  3.6271627121179942E-13
  1.6054253285492391E+03  2.1562384846775520E-12  3.5497824432112658E-13
  1.6214197010506075E+03  2.1499084969600434E-12  3.4735515030976119E-13
  1.6375734207026460E+03  2.1435583047893265E-12  3.3984607953667244E-13
  1.6538880750333660E+03  2.1371848199433911E-12  3.3245012790541312E-13
  1.6703652673868460E+03  2.1307864177298773E-12  3.2516639645740961E-13
  1.6870066170808122E+03  2.1243602902602098E-12  3.1799399102654446E-13
  1.7038137595657588E+03  2.1178983416626200E-12  3.1093202189826322E-13
  1.7207883465856844E+03  2.1113917184248711E-12  3.0397960347335679E-13
  1.7379320463404292E+03  2.1048387277221486E-12  2.9713585393660228E-13
  1.7552465436495995E+03  2.0982405053326052E-12  2.9039989493046322E-13
  1.7727335401181556E+03  2.0915923934095513E-12  2.8377085123424712E-13
  1.7903947543036495E+03  2.0848864108766936E-12  2.7724785039009657E-13
  1.8082319218850978E+03  2.0781167549574842E-12  2.7083002711375104E-13
  1.8262467958335676E+03  2.0712800105559184E-12  2.6451653664879559E-13
  1.8444411465844605E+03  2.0643728508308961E-12  2.5830654183661064E-13
  1.8628167622115004E+03  2.0573909602674461E-12  2.5219920448852416E-13
  1.8813754486024320E+03  2.0503298097288445E-12  2.4619368502709397E-13
  1.9001190296365426E+03  2.0431859528511845E-12  2.4028914232467025E-13
  1.9190493473638835E+03  2.0359574839259657E-12  2.3448473354703465E-13
  1.9381682621862769E+03  2.0286413022368398E-12  2.2877961400232194E-13
  1.9574776530401948E+03  2.0212299383767988E-12  2.2317293699544366E-13
  1.9769794175813925E+03  2.0137159911132208E-12  2.1766385368829349E-13
  1.9966754723713773E+03  2.0060982537824161E-12  2.1225151296589155E-13
  2.0165677530658099E+03  1.9983774710942926E-12  2.0693506131888779E-13
  2.0366582146047062E+03  1.9905501318735271E-12  2.0171364062173236E-13
  2.0569488314045566E+03  1.9826101358793874E-12  1.9658637292837124E-13
  2.0774415975523716E+03  1.9745512996566977E-12  1.9155236376021191E-13
  2.0981385270016681E+03  1.9663684281507985E-12  1.8661071795487348E-13
  2.1190416537703663E+03  1.9580587488142656E-12  1.8176054090286931E-13
  2.1401530321406990E+03  1.9496204786479115E-12  1.7700093829509804E-13
  2.1614747368611115E+03  1.9410513377660061E-12  1.7233101588146955E-13
  2.1830088633501350E+03  1.9323487711039911E-12  1.6774987924091438E-13
  2.2047575279023276E+03  1.9235095772826403E-12  1.6325663356299940E-13
  2.2267228678962711E+03  1.9145287579928960E-12  1.5885038344138925E-13
  2.2489070420045987E+03  1.9053991332517901E-12  1.5453023267939050E-13
  2.2713122304061526E+03  1.8961145896849317E-12  1.5029528410338341E-13
  2.2939406350002582E+03  1.8866771721493229E-12  1.4614463949251686E-13
  2.3167944796230927E+03  1.8770937188107731E-12  1.4207740278113745E-13
  2.3398760102662472E+03  1.8673621408628784E-12  1.3809267672026744E-13
  2.3631874952974699E+03  1.8574724662919397E-12  1.3418956042053207E-13
  2.3867312256835648E+03  1.8474170653103919E-12  1.3036715099757545E-13
  2.4105095152155527E+03  1.8371943212893561E-12  1.2662454350615667E-13
  2.4345247007360767E+03  1.8268064491973872E-12  1.2296083086764484E-13
  2.4587791423690305E+03  1.8162529996591462E-12  1.1937510381067451E-13
  2.4832752237515156E+03  1.8055280945060087E-12  1.1586645082506597E-13
  2.5080153522681126E+03  1.7946272382036230E-12  1.1243395812911632E-13
  2.5330019592874410E+03  1.7835511200994135E-12  1.0907670965035134E-13
  2.5582375004011155E+03  1.7723012362985088E-12  1.0579378701989991E-13
  2.5837244556650944E+03  1.7608761407713312E-12  1.0258426960998279E-13
  2.6094653298433750E+03  1.7492719278663692E-12  9.9447234381168250E-14
  2.6354626526541701E+03  1.7374881562567904E-12  9.6381760470069668E-14
  2.6617189790185330E+03  1.7255300482083501E-12  9.3386929397333837E-14
  2.6882368893114176E+03  1.7134003414992544E-12  9.0461819716388577E-14
  2.7150189896152797E+03  1.7010970979334496E-12  8.7605506869273908E-14
  2.7420679119762131E+03  1.6886160854498392E-12  8.4817063336915567E-14
  2.7693863146625831E+03  1.6759518614873122E-12  8.2095558801222056E-14
  2.7969768824262874E+03  1.6631038696408992E-12  7.9440060318841500E-14
  2.8248423267666153E+03  1.6500768336909550E-12  7.6849632506412576E-14
  2.8529853861967199E+03  1.6368749886231331E-12  7.4323337737112252E-14
  2.8814088265127052E+03  1.6235000771804608E-12  7.1860236348268223E-14
  2.9101154410655108E+03  1.6099517608465353E-12  6.9459386845755294E-14
  2.9391080510353972E+03  1.5962283156453539E-12  6.7119845768015292E-14
  2.9683895057091640E+03  1.5823286531996770E-12  6.4840664358659080E-14
  2.9979626827602374E+03  1.5682554096997115E-12  6.2620887604117747E-14
  3.0278304885314469E+03  1.5540145387607022E-12  6.0459560298876822E-14
  3.0579958583206071E+03  1.5396094490581586E-12  5.8355728001816604E-14
  3.0884617566690654E+03  1.5250391392436618E-12  5.6308437222190347E-14
  3.1192311776530014E+03  1.5103025693544968E-12  5.4316735616976681E-14
  3.1503071451776691E+03  1.4954011737174386E-12  5.2379672199158262E-14
  3.1816927132745832E+03  1.4803384061387559E-12  5.0496297556467522E-14
  3.2133909664016846E+03  1.4651189899615830E-12  4.8665664080115900E-14
  3.2454050197464239E+03  1.4497482287167890E-12  4.6886826203003301E-14
  3.2777380195319342E+03  1.4342312009793856E-12  4.5158840650007578E-14
  3.3103931433262474E+03  1.4185721998029833E-12  4.3480766875125441E-14
  3.3433736003545373E+03  1.4027744475853869E-12  4.1851669255771969E-14
  3.3766826318145277E+03  1.3868400535100911E-12  4.0270619759105227E-14
  3.4103235111950457E+03  1.3707710460613062E-12  3.8736693906496477E-14
  3.4442995445976890E+03  1.3545720421922779E-12  3.7248969693756335E-14
  3.4786140710617578E+03  1.3382507021160642E-12  3.5806527966027814E-14
  3.5132704628924216E+03  1.3218130509097298E-12  3.4408452798103354E-14
  3.5482721259920982E+03  1.3052613386069070E-12  3.3053831875178602E-14
  3.5836225001951912E+03  1.2885981862839859E-12  3.1741756873395566E-14
  3.6193250596061698E+03  1.2718294007172537E-12  3.0471323839532209E-14
  3.6553833129409427E+03  1.2549621889836470E-12  2.9241633569192066E-14
  3.6918008038717085E+03  1.2380024963774447E-12  2.8051791982700129E-14
  3.7285811113752329E+03  1.2209551901040911E-12  2.6900910473064065E-14
  3.7657278500845346E+03  1.2038260682008941E-12  2.5788105857872688E-14
  3.8032446706441410E+03  1.1866223581038460E-12  2.4712499533641425E-14
  3.8411352600688815E+03  1.1693507819913444E-12  2.3673218948219485E-14
  3.8794033421061904E+03  1.1520148586197358E-12  2.2669398958645782E-14
  3.9180526776020806E+03  1.1346165000767015E-12  2.1700182166953983E-14
  3.9570870648707764E+03  1.1171630632961587E-12  2.0764719222689372E-14
  3.9965103400679454E+03  1.0996683597269818E-12  1.9862169120345033E-14
  4.0363263775677278E+03  1.0821433625543110E-12  1.8991699491105145E-14
  4.0765390903435186E+03  1.0645926172146293E-12  1.8152486888305248E-14
  4.1171524303524729E+03  1.0470196469181572E-12  1.7343717066034071E-14
  4.1581703889239116E+03  1.0294295735967129E-12  1.6564585250324954E-14
  4.1995969971515942E+03  1.0118280923547788E-12  1.5814296409026683E-14
  4.2414363262898714E+03  9.9422040506784481E-13  1.5092065673532349E-14
  4.2836924881537307E+03  9.7661207863978513E-13  1.4397119409720803E-14
  4.3263696355229940E+03  9.5901068046853461E-13  1.3728695220088502E-14
  4.3694719625503885E+03  9.4142537371892898E-13  1.3086041104228778E-14
  4.4130037051736781E+03  9.2386517236017528E-13  1.2468415614869350E-14
  4.4569691415320603E+03  9.0633731259811129E-13  1.1875088100679196E-14
  4.5013725923865559E+03  8.8884752905399045E-13  1.1305338935777935E-14
  4.5462184215445777E+03  8.7140350661548984E-13  1.0758459735679268E-14
  4.5915110362889054E+03  8.5401607217804061E-13  1.0233753559432667E-14
  4.6372548878107491E+03  8.3669422967629753E-13  9.7305350977670596E-15
  4.6834544716471873E+03  8.1944220613698327E-13  9.2481308470645891E-15
  4.7301143281229888E+03  8.0226242257062642E-13  8.7858792688078466E-15
  4.7772390427968512E+03  7.8515967881571002E-13  8.3431309236367326E-15
  4.8248332469119914E+03  7.6814196509102727E-13  7.9192484748048923E-15
  4.8729016178513184E+03  7.5121795438578676E-13  7.5136067010474985E-15
  4.9214488795971401E+03  7.3439516445043111E-13  7.1255928689359199E-15
  4.9704798031953533E+03  7.1767992695218167E-13  6.7546068776213999E-15
  5.0199992072243622E+03  7.0107802729473387E-13  6.4000613219008281E-15
  5.0700119582686566E+03  6.8459498751893697E-13  6.0613815415741905E-15
  5.1205229713970202E+03  6.6823602938016824E-13  5.7380056572689497E-15
  5.1715372106455970E+03  6.5200692864138477E-13  5.4293845928559792E-15
  5.2230596895057743E+03  6.3591546280679039E-13  5.1349820846126741E-15
  5.2750954714168174E+03  6.1996998107726952E-13  4.8542746773167589E-15
  5.3276496702635277E+03  6.0417635695890163E-13  4.5867517075194304E-15
  5.3807274508788414E+03  5.8853880452582385E-13  4.3319152796473102E-15
  5.4343340295513490E+03  5.7306168452767323E-13  4.0892803082027303E-15
  5.4884746745379662E+03  5.5774937188354309E-13  3.8583746559754498E-15
  5.5431547065817067E+03  5.4260654167769817E-13  3.6387388300116300E-15
  5.5983794994345244E+03  5.2763863530097748E-13  3.4299257570244089E-15
  5.6541544803854576E+03  5.1285115391817032E-13  3.2315007059630958E-15
  5.7104851307940362E+03  4.9824883427556148E-13  3.0430412017844002E-15
  5.7673769866289012E+03  4.8383550769042933E-13  2.8641369277943589E-15
  5.8248356390118934E+03  4.6961427892207889E-13  2.6943896170148234E-15
  5.8828667347675646E+03  4.5558799776390234E-13  2.5334129330421633E-15
  5.9414759769780558E+03  4.4176031246115503E-13  2.3808323408771467E-15
  6.0006691255436099E+03  4.2813598528962683E-13  2.2362849682135381E-15
  6.0604519977486689E+03  4.1471891962464369E-13  2.0994194576768703E-15
  6.1208304688335056E+03  4.0151103665255782E-13  1.9698958094614726E-15
  6.1818104725716521E+03  3.8851384530151232E-13  1.8473851962091395E-15
  6.2433980018530792E+03  3.7572924113192507E-13  1.7315697937869056E-15
  6.3055991092731410E+03  3.6315927880571035E-13  1.6221426309458070E-15
  6.3684199077273097E+03  3.5080606534061435E-13  1.5188074047405174E-15
  6.4318665710120895E+03  3.3867143410097540E-13  1.4212782876950735E-15
  6.4959453344316698E+03  3.2675663311237659E-13  1.3292797296350761E-15
  6.5606624954106328E+03  3.1506225166964974E-13  1.2425462546825406E-15
  6.6260244141129988E+03  3.0358827060146107E-13  1.1608222539050202E-15
  6.6920375140672004E+03  2.9233413038761583E-13  1.0838617741055212E-15
  6.7587082827972818E+03  2.8129932714802143E-13  1.0114283032314999E-15
  6.8260432724606326E+03  2.7048450088854283E-13  9.4329455288925963E-16
  6.8940491004918103E+03  2.5989072689698311E-13  8.7924223964044958E-16
  6.9627324502528700E+03  2.4951690040196657E-13  8.1906187345014223E-16
  7.0321000716902026E+03  2.3935942568700063E-13  7.6255253727479330E-16
  7.1021587819979404E+03  2.2941431949471534E-13  7.0952164256090681E-16
  7.1729154662878373E+03  2.1967828792693253E-13  6.5978470127057515E-16
  7.2443770782659585E+03  2.1014862387481130E-13  6.1316510149497716E-16
  7.3165506409161071E+03  2.0082252962097355E-13  5.6949388299890828E-16
  7.3894432471899299E+03  1.9169617070983060E-13  5.2860951307911829E-16
  7.4630620607040282E+03  1.8276426004626866E-13  4.9035766310485089E-16
  7.5374143164440202E+03  1.7402002056415989E-13  4.5459098609324099E-16
  7.6125073214754775E+03  1.6545506156427009E-13  4.2116889565579008E-16
  7.6883484556620797E+03  1.5705943845760622E-13  3.8995734663809586E-16
  7.7649451723909287E+03  1.4882222181203576E-13  3.6082861790409660E-16
  7.8423049993049453E+03  1.4073181526337315E-13  3.3366109866763955E-16
  7.9204355390427072E+03  1.3277469383537018E-13  3.0833907905455890E-16
  7.9993444699856555E+03  1.2493367980565731E-13  2.8475253563226593E-16
  8.0790395470125986E+03  1.1718781483108489E-13  2.6279692246989230E-16
  8.1595286022618866E+03  1.0951273052572074E-13  2.4237296806469542E-16
  8.2408195459011695E+03  1.0188043664895472E-13  2.2338647570092329E-16
  8.3229203669046819E+03  9.4259141714854333E-14  2.0574812739597672E-16
  8.4058391338384226E+03  8.6613886162743245E-14  1.8937329160580596E-16
  8.4895839956531490E+03  7.8909358818535786E-14  1.7418183484513898E-16
  8.5741631824851302E+03  7.1116900617030548E-14  1.6009793736197607E-16
  8.6595850064650167E+03  6.3228272213178030E-14  1.4704991298980663E-16
  8.7458578625347891E+03  5.5278523451337875E-14  1.3497003325384208E-16
  8.8329902292726656E+03  4.7375429886533117E-14  1.2379435552326033E-16
  8.9209906697264123E+03  3.9719511621728265E-14  1.1346255457867420E-16
  9.0098678322549276E+03  3.2584323474385415E-14  1.0391776120412734E-16
  9.0996304513780706E+03  2.6240589413322979E-14  9.5106406022732711E-17
  9.1902873486351091E+03  2.0861401298465311E-14  8.6978066062468695E-17
  9.2818474334517268E+03  1.6476683843393790E-14  7.9485315879883933E-17
  9.3743197040154919E+03  1.2999086666777189E-14  7.2583583365378647E-17
  9.4677132481602275E+03  1.0283072605377558E-14  6.6231010229312962E-17
  9.5620372442591652E+03  8.1745763126122098E-15  6.0388317157718677E-17
  9.6573009621269448E+03  6.5372488546530050E-15  5.5018673616424842E-17
  9.7535137639304776E+03  5.2606674372168561E-15  5.0087572273011484E-17
  9.8506851051092672E+03  4.2593563235768355E-15  4.5562708000447757E-17
  9.9488245353045277E+03  3.4685573658039583E-15  4.1413861496475213E-17
  1.0047941699297580E+04  2.8396028029305162E-15  3.7612787849106702E-17
  1.0148046337957931E+04  2.3359322926034694E-15  3.4133108965403617E-17
  1.0249148289200464E+04  1.9299733521006430E-15  3.0950209234156190E-17
  1.0351257488952140E+04  1.6008016296602437E-15  2.8041136504546864E-17
  1.0454383972128713E+04  1.3324200518805478E-15  2.5384507423924871E-17
  1.0558537873620786E+04  1.1125021758580987E-15  2.2960416859100234E-17
  1.0663729429289799E+04  9.3147476503918692E-16  2.0750351313594813E-17
  1.0769968976974022E+04  7.8184555087037054E-16  1.8737106249136743E-17
  1.0877266957504578E+04  6.5770773264005348E-16  1.6904707216007437E-17
  1.0985633915731409E+04  5.5437213532325595E-16  1.5238334693659352E-17
  1.1095080501559634E+04  4.6809201728417634E-16  1.3724252540081965E-17
  1.1205617470996272E+04  3.9585554993111050E-16  1.2349739931162700E-17
  1.1317255687207145E+04  3.3522808158591825E-16  1.1103026528766893E-17
  1.1430006121584554E+04  2.8423130607835442E-16  9.9732308886194936E-18
  1.1543879854825567E+04  2.4125003691179239E-16  8.9503028570267071E-18
  1.1658888078020855E+04  2.0495973710942703E-16  8.0249686457343185E-18
  1.1775042093754579E+04  1.7426979638677315E-16  7.1886786380183797E-18
  1.1892353317215237E+04  1.4827885282335095E-16  6.4335580654553691E-18
  1.2010833277317370E+04  1.2623938608870104E-16  5.7523604471862843E-18
  1.2130493617834634E+04  1.0752949619601498E-16  5.1384236822033955E-18
  1.2251346098544207E+04  9.1630287274953534E-17  4.5856286863177196E-18
  1.2373402596382333E+04  7.8107650534589815E-17  4.0883604668252394E-18
  1.2496675106611618E+04  6.6597520283853049E-17  3.6414715294681505E-18
  1.2621175743999956E+04  5.6793887130816163E-17  3.2402475151818741E-18
  1.2746916744010981E+04  4.8439011767904259E-17  2.8803749850481557E-18
  1.2873910464006593E+04  4.1315404721602186E-17  2.5579112842317199E-18
  1.3002169384461460E+04  3.5239225833764808E-17  2.2692561761031004E-18
  1.3131706110189421E+04  3.0054834535701044E-17  2.0111253164013625E-18
  1.3262533371582304E+04  2.5630277925013646E-17  1.7805255679131703E-18
  1.3394664025861099E+04  2.1853542506827027E-17  1.5747319686608750E-18
  1.3528111058339338E+04  1.8629431435779681E-17  1.3912662625016692E-18
  1.3662887583699463E+04  1.5876955993700042E-17  1.2278769083844875E-18
  1.3799006847281491E+04  1.3527151247168993E-17  1.0825204872365963E-18
  1.3936482226384795E+04  1.1521242705684209E-17  9.5334442822072271E-19
  1.4075327231582869E+04  9.8091042902966478E-18  8.3867097891129660E-19
  1.4215555508050935E+04  8.3479587502649482E-18  7.3698234669667523E-19
  1.4357180836907000E+04  7.1012803807387484E-18  6.4690693899346650E-19
  1.4500217136566329E+04  6.0378668287447131E-18  5.6720662361596983E-19
  1.4644678464109102E+04  5.1310529696857119E-18  4.9676498343500613E-19
  1.4790579016661986E+04  4.3580443935184804E-18  4.3457650480532579E-19
  1.4937933132793463E+04  3.6993508819532423E-18  3.7973658325160111E-19
  1.5086755293922804E+04  3.1383045417057520E-18  3.3143232066900519E-19
  1.5237060125743321E+04  2.6606495389713203E-18  2.8893406554222975E-19
  1.5388862399659833E+04  2.2541924421888880E-18  2.5158764549960035E-19
  1.5542177034240149E+04  1.9085039468599827E-18  2.1880724414554816E-19
  1.5697019096681313E+04  1.6146642228128346E-18  1.9006887667410115E-19
  1.5853403804290443E+04  1.3650453449801706E-18  1.6490442125478184E-19
  1.6011346525980043E+04  1.1531252872339000E-18  1.4289616559696697E-19
  1.6170862783778488E+04  9.7332881088502584E-19  1.2367183053210642E-19
  1.6331968254355586E+04  8.2089130031463730E-19  1.0690003573800090E-19
  1.6494678770562990E+04  6.9174218680683909E-19  9.2286172214942469E-20
  1.6659010322990445E+04  5.8240506359424658E-19  7.9568645185916774E-20
  1.6824979061537058E+04  4.8991213673998307E-19  6.8515466030133670E-20
  1.6992601296998564E+04  4.1173093184400006E-19  5.8921163299712745E-20
  1.7161893502670373E+04  3.4570148158617432E-19  5.0603985387073748E-20
  1.7332872315966302E+04  2.8998249145174816E-19  4.3403370658990779E-20
  1.7505554540053759E+04  2.4300519981862921E-19  3.7177662542692865E-20
  1.7679957145505185E+04  2.0343383454375818E-19  3.1802048629386325E-20
  1.7856097271965649E+04  1.7013172647664009E-19  2.7166704359796730E-20
  1.8033992229837386E+04  1.4213227523571387E-19  2.3175123276242296E-20
  1.8213659501981096E+04  1.1861407768745717E-19  1.9742617165139766E-20
  1.8395116745433887E+04  9.8879627481250768E-20  1.6794970587316420E-20
  1.8578381793144639E+04  8.2337077147562256E-20  1.4267235439987564E-20
  1.8763472655726695E+04  6.8484634366045566E-20  1.2102653550647211E-20
  1.8950407523227626E+04  5.6897213023901714E-20  1.0251694226436263E-20
  1.9139204766917021E+04  4.7215015767780426E-20  8.6711954144755197E-21
  1.9329882941092037E+04  3.9133775991947655E-20  7.3235988358101569E-21
  1.9522460784900642E+04  3.2396422667379501E-20  6.1762698233469246E-21
  1.9716957224183327E+04  2.6785964676405160E-20  5.2008933778819489E-21
  1.9913391373333183E+04  2.2119420005681349E-20  4.3729387015939835E-21
  2.0111782537174135E+04  1.8242639800218769E-20  3.6711851596606017E-21
  2.0312150212858451E+04  1.5025898467693968E-20  3.0773032606886686E-21
  2.0514514091782585E+04  1.2360139236279509E-20  2.5754848381660921E-21
  2.0718894061522471E+04  1.0153780236213390E-20  2.1521171625811952E-21
  2.0925310207788149E+04  8.3299997359362379E-21  1.7954962349798531E-21
  2.1133782816397459E+04  6.8244303875054891E-21  1.4955748968584400E-21
  2.1344332375269772E+04  5.5832025121549119E-21  1.2437418729883742E-21
  2.1556979576439600E+04  4.5612855340520138E-21  1.0326283388571068E-21
  2.1771745318089888E+04  3.7210832834866359E-21  8.5593881913919480E-22
  2.1988650706605924E+04  3.0312454617417133E-21  7.0830359339901007E-22
  2.2207717058649723E+04  2.4656630336957750E-21  5.8515008636860971E-22
  2.2428965903254717E+04  2.0026199825884635E-21  4.8259098765135984E-22
  2.2652418983941639E+04  1.6240778700811645E-21  3.9732708840363404E-22
  2.2878098260855571E+04  1.3150730854448593E-21  3.2656304232636694E-22
  2.3106025912923811E+04  1.0632096193881352E-21  2.6793445693766276E-22
  2.3336224340035667E+04  8.5823272879461906E-22  2.1944490028651981E-22
  2.3568716165244005E+04  6.9167102717634141E-22  1.7941156959975707E-22
  2.3803524236988247E+04  5.5653639257463531E-22  1.4641851332578998E-22
  2.4040671631339988E+04  4.4707267359897967E-22  1.1927642805552205E-22
  2.4280181654270968E+04  3.5854553292149999E-22  9.6988168177045958E-23
  2.4522077843943167E+04  2.8706692828226488E-22  7.8719210081800582E-23
  2.4766383973022424E+04  2.2944872188027297E-22  6.3772405425951455E-23
  2.5013124051014394E+04  1.8308075403546224E-22  5.1566440420382065E-23
  2.5262322326624249E+04  1.4582943697535581E-22  4.1617491353807454E-23
  2.5514003290139928E+04  1.1595353741959751E-22  3.3523631450469938E-23
  2.5768191675838618E+04  9.2034337706674387E-23  2.6951601557722787E-23