 #p(MeV) \t \delta f_\\nu \t \delta f_\\nubar
  1.9026725130996197E-01  9.9232411314014127E-02  2.1031141291055540E-06
  1.9216282704191676E-01  9.8985271327431623E-02  2.0842144906321616E-06
  1.9407728782808248E-01  9.8752161310891401E-02  2.0654633512741724E-06
  1.9601082181460752E-01  9.8541312900412431E-02  2.0468602074656212E-06
  1.9796361902208373E-01  9.8365116252585053E-02  2.0284046449837278E-06
  1.9993587136422158E-01  9.8147179664151207E-02  2.0100963147876606E-06
  2.0192777266671022E-01  9.7920243634819479E-02  1.9919349099389647E-06
  2.0393951868626622E-01  9.7643059831423434E-02  1.9739201585791587E-06
  2.0597130712987205E-01  9.7403289328591214E-02  1.9560518267685445E-06
  2.0802333767420531E-01  9.7160076633541426E-02  1.9383296802783077E-06
  2.1009581198526300E-01  9.6963266689072236E-02  1.9207533990740137E-06
  2.1218893373817996E-01  9.6749274684120451E-02  1.9033224851577783E-06
  2.1430290863724538E-01  9.6525572499537970E-02  1.8860362069441117E-06
  2.1643794443611916E-01  9.6288896769000917E-02  1.8688935912556703E-06
  2.1859425095824833E-01  9.6046832636974624E-02  1.8518934483105235E-06
  2.2077204011748866E-01  9.5794369866557288E-02  1.8350344123667101E-06
  2.2297152593892991E-01  9.5580795034994212E-02  1.8183149847387524E-06
  2.2519292457992982E-01  9.5347318221208510E-02  1.8017335711235749E-06
  2.2743645435135762E-01  9.5119245084104617E-02  1.7852885180233257E-06
  2.2970233573904802E-01  9.4905485534810805E-02  1.7689781389580479E-06
  2.3199079142547055E-01  9.4704195089372764E-02  1.7528007054685529E-06
  2.3430204631161333E-01  9.4471960250533574E-02  1.7367544424891047E-06
  2.3663632753908570E-01  9.4286108773397562E-02  1.7208375701232861E-06
  2.3899386451244142E-01  9.4069314889658112E-02  1.7050483815643237E-06
  2.4137488892172254E-01  9.3837412447118254E-02  1.6893853169854099E-06
  2.4377963476523037E-01  9.3604233795005654E-02  1.6738470018199307E-06
  2.4620833837252099E-01  9.3397688600693432E-02  1.6584322508035549E-06
  2.4866123842763102E-01  9.3171216800223694E-02  1.6431400490154919E-06
  2.5113857599253520E-01  9.2942029138480819E-02  1.6279695224087795E-06
  2.5364059453083626E-01  9.2731744338443653E-02  1.6129199074815437E-06
  2.5616753993169233E-01  9.2517687576164243E-02  1.5979905210456676E-06
  2.5871966053398143E-01  9.2298030217443677E-02  1.5831807297446322E-06
  2.6129720715070753E-01  9.2077467310726871E-02  1.5684899474078770E-06
  2.6390043309364997E-01  9.1852816571207335E-02  1.5539176559854174E-06
  2.6652959419825706E-01  9.1627570745623457E-02  1.5394634108525167E-06
  2.6918494884878968E-01  9.1394142928499816E-02  1.5251268135086860E-06
  2.7186675800371352E-01  9.1214572066082800E-02  1.5109074641283121E-06
  2.7457528522134539E-01  9.0988880217821796E-02  1.4968049220102547E-06
  2.7731079668575520E-01  9.0803509395951595E-02  1.4828186833686255E-06
  2.8007356123292476E-01  9.0600113237250521E-02  1.4689481753574811E-06
  2.8286385037716838E-01  9.0372758355267424E-02  1.4551927613580465E-06
  2.8568193833781669E-01  9.0141372249771645E-02  1.4415517515698570E-06
  2.8852810206616492E-01  8.9897989564190012E-02  1.4280244149890577E-06
  2.9140262127269201E-01  8.9678961590755640E-02  1.4146099921146684E-06
  2.9430577845454786E-01  8.9460226877781962E-02  1.4013077037083014E-06
  2.9723785892331789E-01  8.9245071327639661E-02  1.3881167601764930E-06
  3.0019915083306098E-01  8.9033383379355568E-02  1.3750363865034502E-06
  3.0318994520862863E-01  8.8847400246767766E-02  1.3620658626510597E-06
  3.0621053597426651E-01  8.8648275934115256E-02  1.3492045645107843E-06
  3.0926121998249917E-01  8.8462131310823158E-02  1.3364519874178170E-06
  3.1234229704330407E-01  8.8249390941259442E-02  1.3238077472594286E-06
  3.1545406995357628E-01  8.8034183392877108E-02  1.3112715654483232E-06
  3.1859684452688525E-01  8.7815245478630316E-02  1.2988432459668532E-06
  3.2177092962353016E-01  8.7600153728546085E-02  1.2865226513142848E-06
  3.2497663718089226E-01  8.7386528050961587E-02  1.2743096812865054E-06
  3.2821428224409244E-01  8.7168321879976987E-02  1.2622042568656096E-06
  3.3148418299695143E-01  8.6967800652008223E-02  1.2502063056439375E-06
  3.3478666079326019E-01  8.6763677142517828E-02  1.2383157322005075E-06
  3.3812204018836184E-01  8.6552510888787057E-02  1.2265323641822407E-06
  3.4149064897104697E-01  8.6342100254720999E-02  1.2148558864348990E-06
  3.4489281819576778E-01  8.6141673919103920E-02  1.2032857867216863E-06
  3.4832888221517355E-01  8.5953165706539214E-02  1.1918213320869224E-06
  3.5179917871296817E-01  8.5769967788744364E-02  1.1804615792793562E-06
  3.5530404873709842E-01  8.5576797930662932E-02  1.1692054080635259E-06
  3.5884383673326853E-01  8.5352641060262233E-02  1.1580515638770862E-06
  3.6241889057879334E-01  8.5115551338838163E-02  1.1469986995168352E-06
  3.6602956161678490E-01  8.4865344872091297E-02  1.1360454105729614E-06
  3.6967620469068135E-01  8.4647069190105825E-02  1.1251902633092864E-06
  3.7335917817912062E-01  8.4435582523658334E-02  1.1144318185809152E-06
  3.7707884403115927E-01  8.4248655895778984E-02  1.1037686668561855E-06
  3.8083556780184402E-01  8.4096070603393677E-02  1.0931994789688284E-06
  3.8462971868813789E-01  8.3915921473402891E-02  1.0827230571035018E-06
  3.8846166956520206E-01  8.3723056025577364E-02  1.0723383684765002E-06
  3.9233179702304211E-01  8.3516990887696652E-02  1.0620445527242426E-06
  3.9624048140351648E-01  8.3316954961249079E-02  1.0518409037106736E-06
  4.0018810683771677E-01  8.3098936651840205E-02  1.0417268374403631E-06
  4.0417506128371705E-01  8.2899029328229637E-02  1.0317018572888836E-06
  4.0820173656470160E-01  8.2677021435657749E-02  1.0217655233925825E-06
  4.1226852840747286E-01  8.2500448797862475E-02  1.0119174288311813E-06
  4.1637583648133997E-01  8.2294205947189211E-02  1.0021571820064593E-06
  4.2052406443739826E-01  8.2099573235985684E-02  9.9248439161979523E-07
  4.2471361994819878E-01  8.1896761057217327E-02  9.8289864268006527E-07
  4.2894491474781138E-01  8.1702089847383780E-02  9.7339946155090295E-07
  4.3321836467229036E-01  8.1506917905955489E-02  9.6398628917949235E-07
  4.3753438970053904E-01  8.1304100886568642E-02  9.5465847873415933E-07
  4.4189341399558629E-01  8.1097737935443573E-02  9.4541531819314073E-07
  4.4629586594626952E-01  8.0899408645404944E-02  9.3625606642696339E-07
  4.5074217820933604E-01  8.0697743018860582E-02  9.2717998831018699E-07
  4.5523278775196369E-01  8.0506661612185657E-02  9.1818637964689048E-07
  4.5976813589470300E-01  8.0307565203163622E-02  9.0927457979350049E-07
  4.6434866835484900E-01  8.0106158408428343E-02  9.0044397442128449E-07
  4.6897483529024575E-01  7.9916743729731898E-02  8.9169399258880012E-07
  4.7364709134352423E-01  7.9736111058296477E-02  8.8302410264502240E-07
  4.7836589568678511E-01  7.9556628863575521E-02  8.7443381508660838E-07
  4.8313171206672223E-01  7.9365553782861920E-02  8.6592269480786000E-07
  4.8794500885020031E-01  7.9173230719939772E-02  8.5749036545784009E-07
  4.9280625907028203E-01  7.8965142128037485E-02  8.4913648934655396E-07
  4.9771594047271728E-01  7.8757388311753967E-02  8.4086072205070159E-07
  5.0267453556289465E-01  7.8546671592437362E-02  8.3266265888145928E-07
  5.0768253165325905E-01  7.8361957749232575E-02  8.2454179356391419E-07
  5.1274042091120331E-01  7.8166081774293517E-02  8.1649749696344837E-07
  5.1784870040743769E-01  7.7995830009104580E-02  8.0852901611462069E-07
  5.2300787216483835E-01  7.7805150148937449E-02  8.0063548779497080E-07
  5.2821844320778621E-01  7.7617195266768690E-02  7.9281595919912933E-07
  5.3348092561199356E-01  7.7457084974937349E-02  7.8506940942940791E-07
  5.3879583655483065E-01  7.7279933060073733E-02  7.7739476545385680E-07
  5.4416369836615086E-01  7.7082690373447699E-02  7.6979090944173285E-07
  5.4958503857962349E-01  7.6885559435669368E-02  7.6225669020221907E-07
  5.5506038998457863E-01  7.6686641018432991E-02  7.5479095438358752E-07
  5.6059029067836674E-01  7.6484097404609624E-02  7.4739260141875783E-07
  5.6617528411924112E-01  7.6271185257182961E-02  7.4006064912683153E-07
  5.7181591917976793E-01  7.6091584063834872E-02  7.3279428277149212E-07
  5.7751275020076576E-01  7.5909607012560512E-02  7.2559287927058424E-07
  5.8326633704578512E-01  7.5727606168937978E-02  7.1845600620868441E-07
  5.8907724515613002E-01  7.5541025475367035E-02  7.1138340162877872E-07
  5.9494604560642728E-01  7.5349014856824575E-02  7.0437494368450473E-07
  6.0087331516074893E-01  7.5154554310869093E-02  6.9743061818150337E-07
  6.0685963632929485E-01  7.4950991499690700E-02  6.9055049047218813E-07
  6.1290559742564077E-01  7.4772490269968281E-02  6.8373468719405255E-07
  6.1901179262455397E-01  7.4587154354774199E-02  6.7698338288676494E-07
  6.2517882202038688E-01  7.4420859749163501E-02  6.7029677891530288E-07
  6.3140729168605370E-01  7.4270139816296737E-02  6.6367506645777098E-07
  6.3769781373259105E-01  7.4102338961503936E-02  6.5711837345852442E-07
  6.4405100636931456E-01  7.3918760681335072E-02  6.5062671879617074E-07
  6.5046749396457493E-01  7.3722687351965743E-02  6.4419998399191534E-07
  6.5694790710711826E-01  7.3524048513908855E-02  6.3783790317698840E-07
  6.6349288266805728E-01  7.3330060498052629E-02  6.3154007011378320E-07
  6.7010306386346075E-01  7.3133011397351594E-02  6.2530595675171048E-07
  6.7677910031756816E-01  7.2952529093022508E-02  6.1913493685214693E-07
  6.8352164812662997E-01  7.2770369956319331E-02  6.1302630915365351E-07
  6.9033136992338695E-01  7.2590433952166578E-02  6.0697931360421337E-07
  6.9720893494219349E-01  7.2411758730280634E-02  6.0099313780571387E-07
  7.0415501908478439E-01  7.2226726754252360E-02  5.9506692035262087E-07
  7.1117030498670086E-01  7.2051175623302766E-02  5.8919975980065311E-07
  7.1825548208437950E-01  7.1877395310798703E-02  5.8339073758791960E-07
  7.2541124668290535E-01  7.1709694744750321E-02  5.7763894680376991E-07
  7.3263830202444202E-01  7.1527453931734694E-02  5.7194351576202013E-07
  7.3993735835734487E-01  7.1340268684636901E-02  5.6630362628096211E-07
  7.4730913300596247E-01  7.1171483651166753E-02  5.6071852367393260E-07
  7.5475435044112971E-01  7.0989677112348756E-02  5.5518751828612935E-07
  7.6227374235136791E-01  7.0788854492272818E-02  5.4970998081758849E-07
  7.6986804771479411E-01  7.0604839697642696E-02  5.4428533434332741E-07
  7.7753801287174173E-01  7.0434728911580521E-02  5.3891304708887338E-07
  7.8528439159810925E-01  7.0258602911121862E-02  5.3359263079871481E-07
  7.9310794517944094E-01  7.0084684543144954E-02  5.2832364293830052E-07
  8.0100944248574035E-01  6.9897294186741038E-02  5.2310568675060915E-07
  8.0898966004703277E-01  6.9735138859561910E-02  5.1793840261258822E-07
  8.1704938212967959E-01  6.9576478318238474E-02  5.1282145030087910E-07
  8.2518940081345493E-01  6.9395934783580651E-02  5.0775449115845066E-07
  8.3341051606938554E-01  6.9226010585294304E-02  5.0273717154830997E-07
  8.4171353583836994E-01  6.9045129617789483E-02  4.9776911056333799E-07
  8.5009927611058211E-01  6.8856394829099735E-02  4.9284989389383703E-07
  8.5856856100566048E-01  6.8663480661410509E-02  4.8797907339776321E-07
  8.6712222285370111E-01  6.8489818996055371E-02  4.8315617069067821E-07
  8.7576110227705672E-01  6.8309006558390561E-02  4.7838068271313606E-07
  8.8448604827294952E-01  6.8126694453631009E-02  4.7365208623291014E-07
  8.9329791829690564E-01  6.7966439141329757E-02  4.6896984133645626E-07
  9.0219757834702474E-01  6.7806704770520074E-02  4.6433339729459056E-07
  9.1118590304908786E-01  6.7641080923780503E-02  4.5974220423983316E-07
  9.2026377574250984E-01  6.7461796400768548E-02  4.5519573215710966E-07
  9.2943208856715165E-01  6.7278269809575866E-02  4.5069348900204206E-07
  9.3869174255099885E-01  6.7109330757270172E-02  4.4623503470244272E-07
  9.4804364769870764E-01  6.6941454446501250E-02  4.4181998953497302E-07
  9.5748872308103838E-01  6.6757536286962946E-02  4.3744803552373128E-07
  9.6702789692517976E-01  6.6590118900567763E-02  4.3311891173608267E-07
  9.7666210670597120E-01  6.6414318134444511E-02  4.2883240564783864E-07
  9.8639229923803029E-01  6.6240994458508326E-02  4.2458834265843909E-07
  9.9621943076880826E-01  6.6067527928488787E-02  4.2038657598983210E-07
  1.0061444670725639E+00  6.5890819200292300E-02  4.1622697875328791E-07
  1.0161683835452746E+00  6.5725408421459366E-02  4.1210943851838255E-07
  1.0262921653004964E+00  6.5556225180138483E-02  4.0803385368747373E-07
  1.0365168072661792E+00  6.5398493999295829E-02  4.0400012800953405E-07
  1.0468433142824403E+00  6.5235507655505134E-02  4.0000816660338578E-07
  1.0572727012003187E+00  6.5072560857476563E-02  3.9605787526500276E-07
  1.0678059929815122E+00  6.4911880839135211E-02  3.9214915933721773E-07
  1.0784442247991057E+00  6.4754412991677737E-02  3.8828192218002835E-07
  1.0891884421393017E+00  6.4579105702045919E-02  3.8445606367153805E-07
  1.1000397009041707E+00  6.4403808357674439E-02  3.8067147902879658E-07
  1.1109990675154209E+00  6.4228277288713553E-02  3.7692805807597311E-07
  1.1220676190191989E+00  6.4040006126414181E-02  3.7322568477554027E-07
  1.1332464431919409E+00  6.3835107321080706E-02  3.6956423973427842E-07
  1.1445366386472753E+00  6.3668558173784875E-02  3.6594361552185662E-07
  1.1559393149439885E+00  6.3498759901275084E-02  3.6236375434502313E-07
  1.1674555926950689E+00  6.3331859946712810E-02  3.5882470895996611E-07
  1.1790866036778385E+00  6.3195298711668069E-02  3.5532671728926699E-07
  1.1908334909451785E+00  6.3035047558144028E-02  3.5187027365792365E-07
  1.2026974089378615E+00  6.2884390726925365E-02  3.4845617905372692E-07
  1.2146795235980106E+00  6.2716723960223819E-02  3.4508555887367474E-07
  1.2267810124836822E+00  6.2557128612537066E-02  3.4175984665629381E-07
  1.2390030648845896E+00  6.2379897272530668E-02  3.3848074131519767E-07
  1.2513468819389841E+00  6.2212007698082127E-02  3.3525014981631053E-07
  1.2638136767517005E+00  6.2040521909899830E-02  3.3207012699257959E-07
  1.2764046745133717E+00  6.1871310564424263E-02  3.2894282057565078E-07
  1.2891211126208391E+00  6.1706489447374849E-02  3.2587041931206370E-07
  1.3019642407987595E+00  6.1547463427051592E-02  3.2285509998041822E-07
  1.3149353212224244E+00  6.1375341906770763E-02  3.1989896387509133E-07
  1.3280356286417958E+00  6.1221817280326628E-02  3.1700395486340630E-07
  1.3412664505067919E+00  6.1059542159749639E-02  3.1417180036092744E-07
  1.3546290870938096E+00  6.0897882081114942E-02  3.1140397386274663E-07
  1.3681248516335094E+00  6.0737624046399992E-02  3.0870167574364839E-07
  1.3817550704398751E+00  6.0582165638720382E-02  3.0606583656251143E-07
  1.3955210830405635E+00  6.0417029926568340E-02  3.0349714101723351E-07
  1.4094242423085421E+00  6.0262621490111551E-02  3.0099606599135744E-07
  1.4234659145950477E+00  6.0111930807582876E-02  2.9856292425125709E-07
  1.4376474798638670E+00  5.9939164430302685E-02  2.9619790756955485E-07
  1.4519703318269539E+00  5.9788963170661180E-02  2.9390113844870893E-07
  1.4664358780813938E+00  5.9629801612165342E-02  2.9167275334752369E-07
  1.4810455402477447E+00  5.9475913831611792E-02  2.8951303602396966E-07
  1.4958007541097451E+00  5.9324704223474745E-02  2.8742261166077835E-07
  1.5107029697554160E+00  5.9167993123179455E-02  2.8540266419744431E-07
  1.5257536517195709E+00  5.9017313767907628E-02  2.8345513564339501E-07
  1.5409542791277495E+00  5.8872415069885539E-02  2.8158287937490094E-07
  1.5563063458415733E+00  5.8711553977308928E-02  2.7978973711191671E-07
  1.5718113606055613E+00  5.8558153080461556E-02  2.7808052995774558E-07
  1.5874708471954038E+00  5.8396962324074840E-02  2.7646097692599147E-07
  1.6032863445677143E+00  5.8230535443632749E-02  2.7493756894673637E-07
  1.6192594070112656E+00  5.8081308032115558E-02  2.7351743059075887E-07
  1.6353916042997496E+00  5.7930087120162649E-02  2.7220818861102476E-07
  1.6516845218460436E+00  5.7765993235756249E-02  2.7101784045889757E-07
  1.6681397608580173E+00  5.7626220020191167E-02  2.6995461476277769E-07
  1.6847589384958961E+00  5.7479668198821610E-02  2.6902677010332606E-07
  1.7015436880311907E+00  5.7338978882261221E-02  2.6824236270070585E-07
  1.7184956590072065E+00  5.7201934797214991E-02  2.6760909388278911E-07
  1.7356165174011542E+00  5.7067228596343250E-02  2.6713419016043295E-07
  1.7529079457878807E+00  5.6933400356995248E-02  2.6682433068492978E-07
  1.7703716435052201E+00  5.6809909456537036E-02  2.6668564366190864E-07
  1.7880093268210009E+00  5.6687706142766435E-02  2.6672377475437440E-07
  1.8058227291017175E+00  5.6547159586488871E-02  2.6694401321923889E-07
  1.8238136009828749E+00  5.6428262225977285E-02  2.6735145159436042E-07
  1.8419837105410362E+00  5.6298848948009003E-02  2.6795114975112362E-07
  1.8603348434675810E+00  5.6172744033103308E-02  2.6874828035088104E-07
  1.8788688032442018E+00  5.6043234227737521E-02  2.6974822663204658E-07
  1.8975874113201370E+00  5.5911711139641641E-02  2.7095664155162690E-07
  1.9164925072911787E+00  5.5770532317484217E-02  2.7237949170861243E-07
  1.9355859490804643E+00  5.5649474703927372E-02  2.7402298194256447E-07
  1.9548696131210648E+00  5.5514268501741272E-02  2.7589342658976162E-07
  1.9743453945403862E+00  5.5398442815229418E-02  2.7799713080235158E-07
  1.9940152073464288E+00  5.5272500811267680E-02  2.8034030851962362E-07
  2.0138809846158825E+00  5.5141983983331595E-02  2.8292905422060985E-07
  2.0339446786840956E+00  5.5034480863380600E-02  2.8576937108101779E-07
  2.0542082613369557E+00  5.4918939833741645E-02  2.8886724450420740E-07
  2.0746737240046644E+00  5.4816887349215936E-02  2.9222873923051959E-07
  2.0953430779574398E+00  5.4709245385525712E-02  2.9586009350419824E-07
  2.1162183545031903E+00  5.4594078147907281E-02  2.9976776979414082E-07
  2.1373016051871390E+00  5.4488234570232844E-02  3.0395842931679498E-07
  2.1585949019934292E+00  5.4371887499995955E-02  3.0843885283408964E-07
  2.1801003375487809E+00  5.4253473809194215E-02  3.1321569844395099E-07
  2.2018200253281131E+00  5.4130550876063305E-02  3.1829508911073840E-07
  2.2237560998622641E+00  5.4017060879412250E-02  3.2368212873785393E-07
  2.2459107169477783E+00  5.3898443499866992E-02  3.2938041179648823E-07
  2.2682860538587408E+00  5.3774090945497698E-02  3.3539159529977635E-07
  2.2908843095607758E+00  5.3657035901210293E-02  3.4171508550507773E-07
  2.3137077049271451E+00  5.3545625462058245E-02  3.4834785772355119E-07
  2.3367584829569994E+00  5.3417441773605502E-02  3.5528438588376359E-07
  2.3600389089958269E+00  5.3308417738161050E-02  3.6251664172771129E-07
  2.3835512709580744E+00  5.3190719756668503E-02  3.7003413753167571E-07
  2.4072978795519901E+00  5.3070709333184266E-02  3.7782398026899349E-07
  2.4312810685067241E+00  5.2935363544479454E-02  3.8587109579136557E-07
  2.4555031948016728E+00  5.2820033352385588E-02  3.9415852680825703E-07
  2.4799666388981061E+00  5.2696913973169911E-02  4.0266753917104402E-07
  2.5046738049731245E+00  5.2580551709010784E-02  4.1137776715613038E-07
  2.5296271211559267E+00  5.2456586240456099E-02  4.2026741382834886E-07
  2.5548290397664286E+00  5.2338914861168477E-02  4.2931345443600990E-07
  2.5802820375562838E+00  5.2217837922768282E-02  4.3849178352449753E-07
  2.6059886159522829E+00  5.2094903530634465E-02  4.4777726095317101E-07
  2.6319513013021716E+00  5.1976535138729386E-02  4.5714364515370653E-07
  2.6581726451229630E+00  5.1846435392976759E-02  4.6656344306074376E-07
  2.6846552243516544E+00  5.1733540425488202E-02  4.7600771854580905E-07
  2.7114016415984956E+00  5.1609123864398365E-02  4.8544594299629608E-07
  2.7384145254027805E+00  5.1481603907745831E-02  4.9484589101887966E-07
  2.7656965304911356E+00  5.1356004448457844E-02  5.0417359263278105E-07
  2.7932503380384452E+00  5.1228133226872509E-02  5.1339366764182284E-07
  2.8210786559313372E+00  5.1094414469263619E-02  5.2246993700341765E-07
  2.8491842190342966E+00  5.0966975698641392E-02  5.3136620852325199E-07
  2.8775697894584535E+00  5.0839540010157079E-02  5.4004715444959203E-07
  2.9062381568330249E+00  5.0717438087600097E-02  5.4847914945090452E-07
  2.9351921385794619E+00  5.0592512534580511E-02  5.5663092504088146E-07
  2.9644345801883509E+00  5.0464474802687009E-02  5.6447393887782552E-07
  2.9939683554990513E+00  5.0330722606482477E-02  5.7198245317770812E-07
  3.0237963669821131E+00  5.0207699208545870E-02  5.7913336458341946E-07
  3.0539215460245455E+00  5.0082347793769383E-02  5.8590591391555678E-07
  3.0843468532178866E+00  4.9962572018945474E-02  5.9228133762198920E-07
  3.1150752786491553E+00  4.9834485996322342E-02  5.9824221714365508E-07
  3.1461098421947220E+00  4.9708511804320850E-02  6.0377226220116081E-07
  3.1774535938170820E+00  4.9584620072127231E-02  6.0885657034087487E-07
  3.2091096138645843E+00  4.9460756542064423E-02  6.1348198416545508E-07
  3.2410810133741870E+00  4.9330463770514262E-02  6.1763750572472914E-07
  3.2733709343771618E+00  4.9214152171622186E-02  6.2131471644887146E-07
  3.3059825502078972E+00  4.9096565440475498E-02  6.2450812764455677E-07
  3.3389190658157846E+00  4.8975675258733017E-02  6.2721538658734336E-07
  3.3721837180801435E+00  4.8849301530207376E-02  6.2943730068703547E-07
  3.4057797761283668E+00  4.8718116105167478E-02  6.3117768468132242E-07
  3.4397105416571883E+00  4.8588644352370140E-02  6.3244307169841100E-07
  3.4739793492571467E+00  4.8456913263147001E-02  6.3324236441424503E-07
  3.5085895667403211E+00  4.8330441345708165E-02  6.3358626372059750E-07
  3.5435445954712943E+00  4.8202989540586397E-02  6.3348673219623487E-07
  3.5788478707014169E+00  4.8071896272107964E-02  6.3295682125308781E-07
  3.6145028619064332E+00  4.7941205864856368E-02  6.3201053015282118E-07
  3.6505130731274358E+00  4.7816131298163804E-02  6.3066264658908068E-07
  3.6868820433152196E+00  4.7699516376828434E-02  6.2892857592905054E-07
  3.7236133466781012E+00  4.7573613960563421E-02  6.2682417366133558E-07
  3.7607105930331644E+00  4.7447584716419376E-02  6.2436560031524263E-07
  3.7981774281610088E+00  4.7323156317725622E-02  6.2156921472284069E-07
  3.8360175341640699E+00  4.7212351264403665E-02  6.1845150815405925E-07
  3.8742346298284676E+00  4.7090168650862033E-02  6.1502907274538967E-07
  3.9128324709894597E+00  4.6971185896788267E-02  6.1131858020606494E-07
  3.9518148509005968E+00  4.6853509165427562E-02  6.0733677161702694E-07
  3.9911856006064541E+00  4.6728137168993246E-02  6.0310044379472497E-07
  4.0309485893191610E+00  4.6611327054523179E-02  5.9862634291324384E-07
  4.0711077247986731E+00  4.6486219235182126E-02  5.9393101618530604E-07
  4.1116669537367621E+00  4.6366991106572782E-02  5.8903064877819532E-07
  4.1526302621449247E+00  4.6236189459326810E-02  5.8394089955950312E-07
  4.1940016757461009E+00  4.6115503730786919E-02  5.7867675776317524E-07
  4.2357852603702897E+00  4.5988343899028783E-02  5.7325244625863829E-07
  4.2779851223541518E+00  4.5860396539962364E-02  5.6768139025544007E-07
  4.3206054089445534E+00  4.5735340738078140E-02  5.6197625246909660E-07
  4.3636503087061271E+00  4.5606310821397350E-02  5.5614902462674320E-07
  4.4071240519329349E+00  4.5492219825417297E-02  5.5021114161351095E-07
  4.4510309110641968E+00  4.5367320962852252E-02  5.4417360329063265E-07
  4.4953752011041486E+00  4.5259802573190976E-02  5.3804713645232212E-07
  4.5401612800461413E+00  4.5140402195969105E-02  5.3184223699337275E-07
  4.5853935493009086E+00  4.5024864730802645E-02  5.2556911654505785E-07
  4.6310764541291087E+00  4.4917751344991652E-02  5.1923762353614500E-07
  4.6772144840782195E+00  4.4795836817402825E-02  5.1285713982921736E-07
  4.7238121734237337E+00  4.4671095102298039E-02  5.0643645955925683E-07
  4.7708741016147638E+00  4.4548920595126704E-02  4.9998366805240299E-07
  4.8184048937241171E+00  4.4424571746108560E-02  4.9350604789452655E-07
  4.8664092209028214E+00  4.4302477223646539E-02  4.8701003639421532E-07
  4.9148918008391611E+00  4.4172592913329076E-02  4.8050124998265984E-07
  4.9638573982223759E+00  4.4051622946429447E-02  4.7398457197960109E-07
  5.0133108252108514E+00  4.3936123534156393E-02  4.6746428292867581E-07
  5.0632569419050641E+00  4.3819867756895933E-02  4.6094432368594846E-07
  5.1137006568252508E+00  4.3703464300600958E-02  4.5442851595720312E-07
  5.1646469273937328E+00  4.3582029908639477E-02  4.4792059522580045E-07
  5.2161007604221670E+00  4.3477625737361067E-02  4.4142423154187132E-07
  5.2680672126035777E+00  4.3368015550087111E-02  4.3494306154303938E-07
  5.3205513910092943E+00  4.3252496525450192E-02  4.2848073105274886E-07
  5.3735584535908885E+00  4.3132279135209957E-02  4.2204094348571502E-07
  5.4270936096870583E+00  4.3011910492693081E-02  4.1562750458441972E-07
  5.4811621205355685E+00  4.2892734459201394E-02  4.0924435187946577E-07
  5.5357692997903438E+00  4.2765004370941002E-02  4.0289555954372916E-07
  5.5909205140436509E+00  4.2651959346696078E-02  3.9658531169941524E-07
  5.6466211833534929E+00  4.2527025616169264E-02  3.9031785253631263E-07
  5.7028767817763084E+00  4.2409603413948962E-02  3.8409737570857669E-07
  5.7596928379049226E+00  4.2285516322334515E-02  3.7792786592057900E-07
  5.8170749354118625E+00  4.2173931911582807E-02  3.7181305190629089E-07
  5.8750287135981321E+00  4.2054149408971453E-02  3.6575638440223760E-07
  5.9335598679474009E+00  4.1939632746133639E-02  3.5976100452555300E-07
  5.9926741506857217E+00  4.1826061419641090E-02  3.5382970318412222E-07
  6.0523773713468936E+00  4.1713032088032259E-02  3.4796487594822078E-07
  6.1126753973433257E+00  4.1604592490520967E-02  3.4216848218242173E-07
  6.1735741545427087E+00  4.1486797690593907E-02  3.3644202005126734E-07
  6.2350796278504124E+00  4.1373041545573780E-02  3.3078652648209649E-07
  6.2971978617975877E+00  4.1260241386809504E-02  3.2520261007268958E-07
  6.3599349611352682E+00  4.1138744557002373E-02  3.1969050930195006E-07
  6.4232970914342937E+00  4.1022366585372186E-02  3.1425018714000982E-07
  6.4872904796912270E+00  4.0893729747859035E-02  3.0888150475122288E-07
  6.5519214149403533E+00  4.0776568935904443E-02  3.0358429578217869E-07
  6.6171962488717258E+00  4.0666055120461356E-02  2.9835836934247601E-07
  6.6831213964553653E+00  4.0553066688814907E-02  2.9320351029448072E-07
  6.7497033365717449E+00  4.0437280765165742E-02  2.8811947883630292E-07
  6.8169486126484804E+00  4.0310351080787898E-02  2.8310600922855773E-07
  6.8848638333033874E+00  4.0200780172115362E-02  2.7816280774113288E-07
  6.9534556729939787E+00  4.0085310646588546E-02  2.7328955026042133E-07
  7.0227308726733950E+00  3.9974461850100458E-02  2.6848588026140366E-07
  7.0926962404528568E+00  3.9858610090160083E-02  2.6375140803133248E-07
  7.1633586522707784E+00  3.9745080739969081E-02  2.5908571175604925E-07
  7.2347250525684981E+00  3.9620677028146534E-02  2.5448834076858521E-07
  7.3068024549727122E+00  3.9517393417225953E-02  2.4995882435330381E-07
  7.3795979429848382E+00  3.9404824987514166E-02  2.4549667968690178E-07
  7.4531186706770551E+00  3.9291786498492090E-02  2.4110141495214820E-07
  7.5273718633954205E+00  3.9167366769432062E-02  2.3677253299163920E-07
  7.6023648184700034E+00  3.9062317602852205E-02  2.3250953622535851E-07
  7.6781049059319342E+00  3.8937158901741709E-02  2.2831193280790077E-07
  7.7545995692377927E+00  3.8829071146735360E-02  2.2417924359781809E-07
  7.8318563260010903E+00  3.8713984585387350E-02  2.2011100895848679E-07
  7.9098827687310482E+00  3.8593144184953722E-02  2.1610679399642977E-07
  7.9886865655788153E+00  3.8473978128975239E-02  2.1216619074631546E-07
  8.0682754610910301E+00  3.8349957420493290E-02  2.0828881587425382E-07
  8.1486572769709174E+00  3.8242519199626811E-02  2.0447430450380183E-07
  8.2298399128470123E+00  3.8125911303954707E-02  2.0072229217969229E-07
  8.3118313470494876E+00  3.8007300044579126E-02  1.9703238971680896E-07
  8.3946396373942065E+00  3.7888461191023903E-02  1.9340417758603746E-07
  8.4782729219746749E+00  3.7774548217476341E-02  1.8983720433753348E-07
  8.5627394199617815E+00  3.7651851290629125E-02  1.8633098414357028E-07
  8.6480474324115377E+00  3.7546023675490502E-02  1.8288499353573933E-07
  8.7342053430809194E+00  3.7425845270154551E-02  1.7949866769970437E-07
  8.8212216192517623E+00  3.7314798580940757E-02  1.7617139705950884E-07
  8.9091048125628660E+00  3.7195499778724751E-02  1.7290252519225771E-07
  8.9978635598505150E+00  3.7078386558717112E-02  1.6969134902982332E-07
  9.0875065839971558E+00  3.6966246724375790E-02  1.6653712249853453E-07
  9.1780426947887008E+00  3.6851326198718927E-02  1.6343906304317796E-07
  9.2694807897803866E+00  3.6733814774786058E-02  1.6039636377179416E-07
  9.3618298551710630E+00  3.6616162591975997E-02  1.5740821625970315E-07
  9.4550989666864282E+00  3.6489770671839561E-02  1.5447381969063336E-07
  9.5492972904709266E+00  3.6372538144658732E-02  1.5159238179857388E-07
  9.6444340839885285E+00  3.6265518265169834E-02  1.4876311972036690E-07
  9.7405186969325754E+00  3.6138182399179548E-02  1.4598526091343176E-07
  9.8375605721446089E+00  3.6025588207191095E-02  1.4325804404625700E-07
  9.9355692465423520E+00  3.5910837444240958E-02  1.4058071971619520E-07
  1.0034554352057011E+01  3.5794529509259758E-02  1.3795255081678556E-07
  1.0134525616579849E+01  3.5669046216853316E-02  1.3537281240255192E-07
  1.0235492864918164E+01  3.5559503597411772E-02  1.3284079091563679E-07
  1.0337466019760909E+01  3.5438352806047312E-02  1.3035578287628265E-07
  1.0440455102653816E+01  3.5318848934843446E-02  1.2791709316364138E-07
  1.0544470234984246E+01  3.5199929857390969E-02  1.2552403185700262E-07
  1.0649521638975953E+01  3.5080656494159902E-02  1.2317591224505263E-07
  1.0755619638693650E+01  3.4965337502091250E-02  1.2087205086549800E-07
  1.0862774661057570E+01  3.4843118336839590E-02  1.1861176782437176E-07
  1.0970997236868319E+01  3.4726499746366254E-02  1.1639438733169844E-07
  1.1080298001841648E+01  3.4603239362869166E-02  1.1421923854219549E-07
  1.1190687697653768E+01  3.4485811007300644E-02  1.1208565676529306E-07
  1.1302177172997064E+01  3.4364540140832171E-02  1.0999298503059510E-07
  1.1414777384646115E+01  3.4243574194944365E-02  1.0794057589567660E-07
  1.1528499398534628E+01  3.4122464695595975E-02  1.0592779326049617E-07
  1.1643354390842882E+01  3.4002115055547212E-02  1.0395401376357265E-07
  1.1759353649096077E+01  3.3883022965259031E-02  1.0201862744211235E-07
  1.1876508573273679E+01  3.3764233046548117E-02  1.0012103512404630E-07
  1.1994830676929743E+01  3.3633037815731771E-02  9.8260643893654353E-08
  1.2114331588324383E+01  3.3519231413396064E-02  9.6436866889352284E-08
  1.2235023051566630E+01  3.3400529768751019E-02  9.4649124005242964E-08
  1.2356916927768561E+01  3.3266595671253840E-02  9.2896842501814622E-08
  1.2480025196210928E+01  3.3140905164008305E-02  9.1179457420892699E-08
  1.2604359955520513E+01  3.3023971506301701E-02  8.9496411675164130E-08
  1.2729933424859098E+01  3.2898707325552723E-02  8.7847155680043934E-08
  1.2856757945124285E+01  3.2766818518923810E-02  8.6231146452515017E-08
  1.2984845980162383E+01  3.2649158305198780E-02  8.4647846212905704E-08
  1.3114210117993279E+01  3.2522586897064241E-02  8.3096720701064312E-08
  1.3244863072047481E+01  3.2401105411614166E-02  8.1577237610811449E-08
  1.3376817682415703E+01  3.2277588870049549E-02  8.0088866028001123E-08
  1.3510086917110558E+01  3.2151315623345465E-02  7.8631077909028744E-08
  1.3644683873341091E+01  3.2021703228535120E-02  7.7203348743818024E-08
  1.3780621778800006E+01  3.1899965531283152E-02  7.5805157546705977E-08
  1.3917913992963463E+01  3.1775415059433841E-02  7.4435986895250504E-08
  1.4056574008404137E+01  3.1659031619625501E-02  7.3095323094637166E-08
  1.4196615452117175E+01  3.1531232161588818E-02  7.1782656548048883E-08
  1.4338052086859358E+01  3.1410057539751894E-02  7.0497482416687218E-08
  1.4480897812501738E+01  3.1282601656651220E-02  6.9239301615697988E-08
  1.4625166667395630E+01  3.1155656251280250E-02  6.8007622122193252E-08
  1.4770872829752200E+01  3.1030619426290672E-02  6.6801960422667858E-08
  1.4918030619035937E+01  3.0891046153302213E-02  6.5621842792457238E-08
  1.5066654497371870E+01  3.0769521577951053E-02  6.4466805767127576E-08
  1.5216759070966816E+01  3.0637206484560371E-02  6.3336393627753602E-08
  1.5368359091544900E+01  3.0507966414504525E-02  6.2230156079053842E-08
  1.5521469457797274E+01  3.0374492043667878E-02  6.1147647633888266E-08
  1.5676105216846238E+01  3.0245716175899686E-02  6.0088426836467692E-08
  1.5832281565724131E+01  3.0114164824960252E-02  5.9052055107755766E-08
  1.5990013852866767E+01  2.9983476139560931E-02  5.8038095136652183E-08
  1.6149317579621801E+01  2.9853176526623726E-02  5.7046108786016388E-08
  1.6310208401772218E+01  2.9723949237489822E-02  5.6075654605814264E-08
  1.6472702131074897E+01  2.9594208821988609E-02  5.5126285200484779E-08
  1.6636814736814454E+01  2.9461445085741177E-02  5.4197544993754545E-08
  1.6802562347372820E+01  2.9332018039913674E-02  5.3288969261957381E-08
  1.6969961251814087E+01  2.9198884258555848E-02  5.2400085148352027E-08
  1.7139027901485409E+01  2.9066220493778012E-02  5.1530421177621073E-08
  1.7309778911633902E+01  2.8931499462467904E-02  5.0679520641456880E-08
  1.7482231063039297E+01  2.8799696150745038E-02  4.9846945761921974E-08
  1.7656401303663291E+01  2.8663360886320044E-02  4.9032281360365931E-08
  1.7832306750315045E+01  2.8529572371958082E-02  4.8235140206837134E-08
  1.8009964690333327E+01  2.8395716832828537E-02  4.7455170430061436E-08
  1.8189392583285546E+01  2.8260187550560662E-02  4.6692065227241420E-08
  1.8370608062683555E+01  2.8122025529028403E-02  4.5945574682840365E-08
  1.8553628937716557E+01  2.7983118498341824E-02  4.5215518788700307E-08
  1.8738473195001450E+01  2.7849296578515904E-02  4.4501799942205764E-08
  1.8925159000350401E+01  2.7713218698058976E-02  4.3804410861663156E-08
  1.9113704700556088E+01  2.7576033899108413E-02  4.3123435829068799E-08
  1.9304128825194848E+01  2.7439522500368980E-02  4.2459024423709595E-08
  1.9496450088447624E+01  2.7302822343360966E-02  4.1811321996040478E-08
  1.9690687390939186E+01  2.7165687723623724E-02  4.1180446582647851E-08
  1.9886859821595497E+01  2.7026847818271905E-02  4.0566486561814888E-08
  2.0084986659519849E+01  2.6890324234367106E-02  3.9969496865521842E-08
  2.0285087375887482E+01  2.6753159330508727E-02  3.9389492974866036E-08
  2.0487181635859056E+01  2.6618655826084765E-02  3.8826442272725056E-08
  2.0691289300513425E+01  2.6481979850995676E-02  3.8280252624749443E-08
  2.0897430428799417E+01  2.6343595831808092E-02  3.7750758751882964E-08
  2.1105625279507130E+01  2.6204264758192201E-02  3.7237707681040670E-08
  2.1315894313258958E+01  2.6065638556714003E-02  3.6740747050871270E-08
  2.1528258194520376E+01  2.5927778180107573E-02  3.6259419569916290E-08
  2.1742737793630738E+01  2.5788348866575744E-02  3.5793174891787717E-08
  2.1959354188854306E+01  2.5649053835019461E-02  3.5341440634244407E-08
  2.2178128668451834E+01  2.5512925848047454E-02  3.4903667861946824E-08
  2.2399082732772673E+01  2.5375494433729051E-02  3.4479333466503823E-08
  2.2622238096367635E+01  2.5236551758844369E-02  3.4067940874181086E-08
  2.2847616690123196E+01  2.5098488424269389E-02  3.3669021577471427E-08
  2.3075240663416690E+01  2.4965894228905765E-02  3.3282137673602092E-08
  2.3305132386292996E+01  2.4832310074795715E-02  3.2906885536048187E-08
  2.3537314451663143E+01  2.4698515905442003E-02  3.2542900554035936E-08
  2.3771809677524551E+01  2.4560070265406842E-02  3.2189862603910802E-08
  2.4008641109203548E+01  2.4432386139198965E-02  3.1847501190785527E-08
  2.4247832021620081E+01  2.4297733417680711E-02  3.1515598485726822E-08
  2.4489405921575244E+01  2.4166219528649099E-02  3.1193988228176022E-08
  2.4733386550061361E+01  2.4034015921907150E-02  3.0882534423733721E-08
  2.4979797884595079E+01  2.3901933881012062E-02  3.0581103587837885E-08
  2.5228664141573965E+01  2.3769411800113618E-02  3.0289557496587064E-08
  2.5480009778656303E+01  2.3636655280755519E-02  3.0007747134626479E-08
  2.5733859497164641E+01  2.3502489065841469E-02  2.9735503846017146E-08
  2.5990238244513492E+01  2.3357169047878650E-02  2.9472626812230212E-08
  2.6249171216660972E+01  1.2484654013449874E-05  2.9218866001738193E-08
  2.6510683860585029E+01  4.6827333292751825E-06  2.8973900167458026E-08
  2.6774801876784153E+01  2.8435869261980926E-06  2.8737310412264985E-08
  2.7041551221803303E+01  2.0241719852107417E-06  2.8508551490689260E-08
  2.7310958110784739E+01  1.5616789838992355E-06  2.8286927637634091E-08
  2.7583049020044243E+01  1.2652542104043597E-06  2.8071578110434785E-08
  2.7857850689673317E+01  1.0594300599316812E-06  2.7861519762041252E-08
  2.8135390126166989E+01  9.0839022052553985E-07  2.7655771116589631E-08
  2.8415694605077846E+01  7.9296447920943840E-07  2.7453391845923271E-08
  2.8698791673696721E+01  7.0196949055711219E-07  2.7253490809824497E-08
  2.8984709153759852E+01  6.2844440264192076E-07  2.7055238469205129E-08
  2.9273475144183134E+01  5.6783160866900682E-07  2.6857885472942935E-08
  2.9565118023823491E+01  5.1702319879319740E-07  2.6660789016326039E-08
  2.9859666454267973E+01  4.7382795014082243E-07  2.6463448156722814E-08
  3.0157149382650477E+01  4.3665741422766275E-07  2.6265547861330803E-08
  3.0457596044496437E+01  4.0433294932749361E-07  2.6067009667960435E-08
  3.0761035966596175E+01  3.7596299735875303E-07  2.5868039170669965E-08
  3.1067498969906605E+01  3.5086384367457007E-07  2.5669160453128402E-08
  3.1377015172481812E+01  3.2851004840055218E-07  2.5471194198660976E-08
  3.1689614992433150E+01  3.0849061397954636E-07  2.5275053582665011E-08
  3.2005329150918520E+01  2.9047451161386832E-07  2.5081621757135773E-08
  3.2324188675161444E+01  2.7419176736474260E-07  2.4891741908158265E-08
  3.2646224901500474E+01  2.5941993468007090E-07  2.4706209609590349E-08
  3.2971469478468720E+01  2.4597400273498969E-07  2.4525761397342941E-08
  3.3299954369904178E+01  2.3369875584276749E-07  2.4351058207432763E-08
  3.3631711858090924E+01  2.2246290188333787E-07  2.4182662358609319E-08
  3.3966774546931852E+01  2.1215448281554358E-07  2.4021007452039226E-08
  3.4305175365152827E+01  2.0267719741362046E-07  2.3866361685044212E-08
  3.4646947569538632E+01  1.9394731419791180E-07  2.3718789108192631E-08
  3.4992124748201562E+01  1.8589074952871688E-07  2.3578117278527765E-08
  3.5340740823882243E+01  1.7843948241075963E-07  2.3443925865683373E-08
  3.5692830057283295E+01  1.7153062683925917E-07  2.3315659193528581E-08
  3.6048427050436615E+01  1.6510877916055210E-07  2.3192762758541223E-08
  3.6407566750103726E+01  1.5912535356068308E-07  2.3074698351429999E-08
  3.6770284451210337E+01  1.5353757986877445E-07  2.2960944780438550E-08
  3.7136615800314850E+01  1.4830767401360871E-07  2.2850999643867301E-08
  3.7506596799111755E+01  1.4340214905851207E-07  2.2744382478126274E-08
  3.7880263807969683E+01  1.3879124239766944E-07  2.2640639634146275E-08
  3.8257653549504610E+01  1.3444844128016147E-07  2.2539351132356396E-08
  3.8638803112189095E+01  1.3035009563809255E-07  2.2440139473836023E-08
  3.9023749953997040E+01  1.2647511651707338E-07  2.2342679793028443E-08
  3.9412531906084823E+01  1.2280477513114195E-07  2.2246709166735938E-08
  3.9805187176509456E+01  1.1932267121131022E-07  2.2152033044344728E-08
  4.0201754353983340E+01  1.1601461918350930E-07  2.2058510279832017E-08
  4.0602272411666711E+01  1.1286791346560663E-07  2.1966012426611029E-08
  4.1006780710997674E+01  1.0987099334142348E-07  2.1874413681353452E-08
  4.1415319005560633E+01  1.0701331783580689E-07  2.1783591219318400E-08
  4.1827927444993115E+01  1.0428525808261220E-07  2.1693425839420226E-08
  4.2244646578931317E+01  1.0167800373994193E-07  2.1603802953434383E-08
  4.2665517360995487E+01  9.9183481868056656E-08  2.1514614031430551E-08
  4.3090581152814543E+01  9.6794287229231238E-08  2.1425758605493063E-08
  4.3519879728090828E+01  9.4503623686504195E-08  2.1337146868992853E-08
  4.3953455276705668E+01  9.2305257653446887E-08  2.1248702802064701E-08
  4.4391350408865577E+01  9.0193486409778958E-08  2.1160367288349725E-08
  4.4833608159289838E+01  8.8163130701979205E-08  2.1072100640757396E-08
  4.5280271991439626E+01  8.6209537772476568E-08  2.0983881474479617E-08
  4.5731385801789742E+01  8.4328457277450952E-08  2.0895694906623812E-08
  4.6186993924142428E+01  8.2515941884528019E-08  2.0807526296422477E-08
  4.6647141133984206E+01  8.0768318508305055E-08  2.0719360889598011E-08
  4.7111872652886504E+01  7.9082164735100050E-08  2.0631183576387061E-08
  4.7581234152949783E+01  7.7454287389344778E-08  2.0542978520745530E-08
  4.8055271761291806E+01  7.5881702859535202E-08  2.0454728610199123E-08
  4.8534032064581176E+01  7.4361618762578593E-08  2.0366414670553899E-08
  4.9017562113615490E+01  7.2891416413373136E-08  2.0278014402888779E-08
  4.9505909427945440E+01  7.1468633273830699E-08  2.0189501027171696E-08
  4.9999122000544610E+01  7.0090944136535488E-08  2.0100841762156929E-08
  5.0497248302526408E+01  6.8756138579329542E-08  2.0011996411919891E-08
  5.1000337287907449E+01  6.7462092996478704E-08  1.9922916720383868E-08
  5.1508438398418420E+01  6.6206776957023286E-08  1.9833550487082984E-08
  5.2021601568363323E+01  6.4988278562315132E-08  1.9743846196699429E-08
  5.2539877229526738E+01  6.3804799611184597E-08  1.9653753598844478E-08
  5.3063316316129836E+01  6.2654647846538456E-08  1.9563223956221016E-08
  5.3591970269836395E+01  6.1536230061546264E-08  1.9472210434152893E-08
  5.4125891044808029E+01  6.0448046110740063E-08  1.9380668692316195E-08
  5.4665131112810215E+01  5.9388683954085747E-08  1.9288557751835804E-08
  5.5209743468368735E+01  5.8356815991717062E-08  1.9195841206388254E-08
  5.5759781633978179E+01  5.7351197185253274E-08  1.9102488816648414E-08
  5.6315299665361749E+01  5.6370665860304674E-08  1.9008478426646539E-08
  5.6876352156783462E+01  5.5414148629271169E-08  1.8913797875145360E-08
  5.7442994246413853E+01  5.4480672109586355E-08  1.8818446491343477E-08
  5.8015281621748549E+01  5.3569357988151058E-08  1.8722432369339428E-08
  5.8593270525080889E+01  5.2679381536289365E-08  1.8625765289554463E-08
  5.9177017759029518E+01  5.1809958925929519E-08  1.8528455152330152E-08
  5.9766580692120534E+01  5.0960344703650934E-08  1.8430511953855671E-08
  6.0362017264425582E+01  5.0129829464113652E-08  1.8331945754460982E-08
  6.0963385993255713E+01  4.9317737656242168E-08  1.8232766627488956E-08
  6.1570745978912633E+01  4.8523425497825215E-08  1.8132984580773513E-08
  6.2184156910496704E+01  4.7746278961162483E-08  1.8032609442411957E-08
  6.2803679071772756E+01  4.6985711778208832E-08  1.7931650705600153E-08
  6.3429373347094895E+01  4.6241163393648874E-08  1.7830117335523898E-08
  6.4061301227389890E+01  4.5512096786310077E-08  1.7728017571603899E-08
  6.4699524816199997E+01  4.4797996001745775E-08  1.7625358767022595E-08
  6.5344106835786704E+01  4.4098364205728414E-08  1.7522147483045423E-08
  6.5995110633294587E+01  4.3412725190117473E-08  1.7418390208268418E-08
  6.6652600186976912E+01  4.2740623805622910E-08  1.7314093723973107E-08
  6.7316640112482986E+01  4.2081624982706216E-08  1.7209265192790341E-08
  6.7987295669208677E+01  4.1435312838039370E-08  1.7103912287964021E-08
  6.8664632766709730E+01  4.0801289942010075E-08  1.6998043394259295E-08
  6.9348717971178857E+01  4.0179176792066314E-08  1.6891667911056683E-08
  7.0039618511988081E+01  3.9568611576850646E-08  1.6784796693730005E-08
  7.0737402288295527E+01  3.8969250365356720E-08  1.6677442666211235E-08
  7.1442137875718117E+01  3.8380767953267072E-08  1.6569621627281939E-08
  7.2153894533071380E+01  3.7802859681922260E-08  1.6461353187889011E-08
  7.2872742209175613E+01  3.7235244760616714E-08  1.6352661703270117E-08
  7.3598751549730395E+01  3.6677670431828964E-08  1.6243576706492483E-08
  7.4331993904257061E+01  3.6129903855088865E-08  1.6134130155806535E-08
  7.5072541333111062E+01  3.5591721089558361E-08  1.6024353695956890E-08
  7.5820466614563713E+01  3.5062905757111507E-08  1.5914278402153037E-08
  7.6575843251954183E+01  3.4543248612292940E-08  1.5803934718964017E-08
  7.7338745480913687E+01  3.4032547100064312E-08  1.5693352371874678E-08
  7.8109248276660864E+01  3.3530604882005757E-08  1.5582560240706375E-08
  7.8887427361369745E+01  3.3037231301793681E-08  1.5471586182678175E-08
  7.9673359211612009E+01  3.2552240750808062E-08  1.5360456795143805E-08
  8.0467121065872490E+01  3.2075451868296646E-08  1.5249197114774704E-08
  8.1268790932139993E+01  3.1606686498655773E-08  1.5137830273203206E-08
  8.2078447595573380E+01  3.1145768345232761E-08  1.5026377177801827E-08
  8.2896170626244697E+01  3.0692521290841691E-08  1.4914856306801079E-08
  8.3722040386958867E+01  3.0246770215521855E-08  1.4803284375427108E-08
  8.4556138041151115E+01  2.9808344917542559E-08  1.4691677664036275E-08
  8.5398545560864022E+01  2.9377080756487366E-08  1.4580052288994106E-08
  8.6249345734803043E+01  2.8952818470853492E-08  1.4468424248938925E-08
  8.7108622176472551E+01  2.8535404040247628E-08  1.4356809497425951E-08
  8.7976459332393475E+01  2.8124688615835869E-08  1.4245224054843125E-08
  8.8852942490402143E+01  2.7720528537149387E-08  1.4133684176218554E-08
  8.9738157788032140E+01  2.7322785478770554E-08  1.4022206594308322E-08
  9.0632192220979292E+01  2.6931326798165750E-08  1.3910808856539744E-08
  9.1535133651651776E+01  2.6546026195644471E-08  1.3799509768360681E-08
  9.2447070817804729E+01  2.6166764800666370E-08  1.3688329899356252E-08
  9.3368093341260646E+01  2.5793432895294949E-08  1.3577292097198844E-08
  9.4298291736717829E+01  2.5425930456771162E-08  1.3466421320220442E-08
  9.5237757420645366E+01  2.5064162031799384E-08  1.3355742716778151E-08
  9.6186582720266998E+01  2.4708034294289917E-08  1.3245280847505681E-08
  9.7144860882635371E+01  2.4357455964467644E-08  1.3135059712764488E-08
  9.8112686083795424E+01  2.4012337817202388E-08  1.3025102821775553E-08
  9.9090153438040062E+01  2.3672592738096330E-08  1.2915433300659160E-08
  1.0007735900725712E+02  2.3338135853812649E-08  1.2806074057121233E-08
  1.0107439981037058E+02  2.3008884779084967E-08  1.2697048024042277E-08
  1.0208137383287495E+02  2.2684760041338130E-08  1.2588378505101875E-08
  1.0309838003646465E+02  2.2365685790657305E-08  1.2480089643834953E-08
  1.0412551836876014E+02  2.2051590896271958E-08  1.2372206990470055E-08
  1.0516288977313019E+02  2.1742410570215753E-08  1.2264758104678305E-08
  1.0621059619861180E+02  2.1438087922514003E-08  1.2157772840889704E-08
  1.0726874060993006E+02  2.1138570261254882E-08  1.2051281608955006E-08
  1.0833742699761679E+02  2.0843805173179389E-08  1.1945313853125787E-08
  1.0941676038823041E+02  2.0553740275282204E-08  1.1839897970564805E-08
  1.1050684685467726E+02  2.0268323244835122E-08  1.1735061335920188E-08
  1.1160779352663663E+02  1.9987501859501117E-08  1.1630830334116026E-08
  1.1271970860108877E+02  1.9711224050332490E-08  1.1527230406175463E-08
  1.1384270135294780E+02  1.9439437969961754E-08  1.1424286115633019E-08
  1.1497688214580143E+02  1.9172092116593318E-08  1.1322021246432740E-08
  1.1612236244275680E+02  1.8909135552442066E-08  1.1220458947816326E-08
  1.1727925481739430E+02  1.8650518239283014E-08  1.1119621941104816E-08
  1.1844767296483165E+02  1.8396191572210156E-08  1.1019532789559179E-08
  1.1962773171289697E+02  1.8146109173823497E-08  1.0920214196206262E-08
  1.2081954703341334E+02  1.7900226498226934E-08  1.0821688719768694E-08
  1.2202323605359685E+02  1.7658499081779286E-08  1.0723977998323499E-08
  1.2323891706756682E+02  1.7420882238700111E-08  1.0627102622456327E-08
  1.2446670954797172E+02  1.7187331065210135E-08  1.0531082132734874E-08
  1.2570673415772984E+02  1.6957800430046775E-08  1.0435935002963425E-08
  1.2695911276188849E+02  1.6732244938049604E-08  1.0341678601937566E-08
  1.2822396843959993E+02  1.6510618850382065E-08  1.0248329124086121E-08
  1.2950142549621694E+02  1.6292875942854677E-08  1.0155901477755466E-08
  1.3079160947550960E+02  1.6078969269735344E-08  1.0064409120317801E-08
  1.3209464717200316E+02  1.5868850802608964E-08  9.9738638333657777E-09
  1.3341066664343836E+02  1.5662470919527892E-08  9.8842754629879933E-09
  1.3473979722335733E+02  1.5459777692195066E-08  9.7956516585864883E-09
  1.3608216953381347E+02  1.5260716877157994E-08  9.7079980446358729E-09
  1.3743791549820875E+02  1.5065234048206205E-08  9.6213193117850455E-09
  1.3880716835425821E+02  1.4873275408921803E-08  9.5356196010443036E-09
  1.4019006266708470E+02  1.4684787765570836E-08  9.4509024907174090E-09
  1.4158673434244332E+02  1.4499718461823112E-08  9.3671709551626355E-09
  1.4299732064007696E+02  1.4318015272647451E-08  9.2844272895230209E-09
  1.4442196018720682E+02  1.4139626237113074E-08  9.2026729851087188E-09
  1.4586079299215569E+02  1.3964499401989451E-08  9.1219085368691037E-09
  1.4731396045810689E+02  1.3792582442875430E-08  9.0421331650440259E-09
  1.4878160539700184E+02  1.3623822095723618E-08  8.9633444362051176E-09
  1.5026387204357448E+02  1.3458163350586341E-08  8.8855378123310304E-09
  1.5176090606952650E+02  1.3295548413205256E-08  8.8087061827790297E-09
  1.5327285459784261E+02  1.3135916005577089E-08  8.7328397176878277E-09
  1.5479986621725035E+02  1.2979203912005129E-08  8.6579273481403785E-09
  1.5634209099682241E+02  1.2825351019295421E-08  8.5839578061596955E-09
  1.5789968050072409E+02  1.2674297216556606E-08  8.5109195236473898E-09
  1.5947278780310987E+02  1.2525983060826930E-08  8.4388003642505240E-09
  1.6106156750316612E+02  1.2380349253804472E-08  8.3675871916213354E-09
  1.6266617574030417E+02  1.2237335826455830E-08  8.2972651931716819E-09
  1.6428677020950616E+02  1.2096880880599279E-08  8.2278168516915129E-09
  1.6592351017682208E+02  1.1958918670010832E-08  8.1592204411490239E-09
  1.6757655649502200E+02  1.1823376708976736E-08  8.0914479158560018E-09
  1.6924607161940361E+02  1.1690171617641902E-08  8.0244621904786281E-09
  1.7093221962375861E+02  1.1559203558162417E-08  7.9582140796808720E-09
  1.7263516621649691E+02  1.1430349975835303E-08  7.8926397191291217E-09
  1.7435507875693114E+02  1.1303473698865688E-08  7.8276663022705564E-09
  1.7609212627172528E+02  1.1178440542029572E-08  7.7632220981796694E-09
  1.7784647947150549E+02  1.1055121940728207E-08  7.6992380213335420E-09
  1.7961831076763622E+02  1.0933395237961907E-08  7.6356480023034995E-09
  1.8140779428916539E+02  1.0813144274652979E-08  7.5723896222301928E-09
  1.8321510589993633E+02  1.0694260449916757E-08  7.5094051432072976E-09
  1.8504042321587150E+02  1.0576644492237833E-08  7.4466431152568989E-09
  1.8688392562242709E+02  1.0460209276935079E-08  7.3840607796435406E-09
  1.8874579429222351E+02  1.0344884145808270E-08  7.3216274999368362E-09
  1.9062621220284996E+02  1.0230621298575248E-08  7.2593293738406751E-09
  1.9252536415484545E+02  1.0117404396688975E-08  7.1971746089318021E-09
  1.9444343678986286E+02  1.0005259402664877E-08  7.1351990143093954E-09
  1.9638061860901047E+02  9.8942518859089419E-09  7.0734623343451660E-09
  1.9833709999137412E+02  9.7844539820949321E-09  7.0120279429637445E-09
  2.0031307321273215E+02  9.6759332600191006E-09  6.9509561965134045E-09
  2.0230873246444844E+02  9.5687519221684734E-09  6.8903036884923866E-09
  2.0432427387255666E+02  9.4629655861971290E-09  6.8301220966647356E-09
  2.0635989551703543E+02  9.3586212232915065E-09  6.7704563050109595E-09
  2.0841579745127623E+02  9.2557538017981728E-09  6.7113414365187760E-09
  2.1049218172174147E+02  9.1543809912803727E-09  6.6527983246273716E-09
  2.1258925238782197E+02  9.0544950335207600E-09  6.5948268964252156E-09
  2.1470721554189257E+02  8.9560505485984182E-09  6.5373969248202243E-09
  2.1684627932956343E+02  8.8589477400966736E-09  6.4804365712755256E-09
  2.1900665397013734E+02  8.7630105647025428E-09  6.4238196701923677E-09
  2.2118855177727036E+02  8.6679745567147623E-09  6.3673618150946950E-09
  2.2339218717983468E+02  8.5735450835971939E-09  6.3108592948085483E-09
  2.2561777674299330E+02  8.4794391429914124E-09  6.2541152482008504E-09
  2.2786553918948448E+02  8.3853876961545050E-09  6.1969414044930717E-09
  2.3013569542111438E+02  8.2911366885337929E-09  6.1391591605266275E-09
  2.3242846854046772E+02  8.1964488643419861E-09  6.0806013311906121E-09
  2.3474408387283515E+02  8.1011067442314303E-09  6.0211148854743387E-09
  2.3708276898835413E+02  8.0049173117104717E-09  5.9605650882780135E-09
  2.3944475372437563E+02  7.9077191462669862E-09  5.8988415348483544E-09
  2.4183027020805270E+02  7.8093930119951266E-09  5.8358666050900912E-09
  2.4423955287915035E+02  7.7098766196346369E-09  5.7716063071651565E-09
  2.4667283851308693E+02  7.6091835510657596E-09  5.7060825069845176E-09
  2.4913036624420496E+02  7.5074219310049291E-09  5.6393825761881689E-09
  2.5161237758926933E+02  7.4047592026377327E-09  5.5716332846232848E-09
  2.5411911647120439E+02  7.3013639556512828E-09  5.5029624819044341E-09
  2.5665082924306705E+02  7.1973986491050414E-09  5.4334943052755844E-09
  2.5920776471225452E+02  7.0930191206954937E-09  5.3633487105756093E-09
  2.6179017416495782E+02  6.9883739082814415E-09  5.2926408371927215E-09
  2.6439831139085862E+02  6.8836032774940748E-09  5.2214801044737328E-09
  2.6703243270806774E+02  6.7788377694124990E-09  5.1499688972946014E-09
  2.6969279698831673E+02  6.6741960167972063E-09  5.0782006647555301E-09
  2.7237966568239983E+02  6.5697815109270378E-09  5.0062572382406701E-09
  2.7509330284586798E+02  6.4656779742790601E-09  4.9342052401439244E-09
  2.7783397516497524E+02  6.3619433618293564E-09  4.8620918809626015E-09
  2.8060195198289438E+02  6.2586027517456116E-09  4.7899406890480124E-09
  2.8339750532618382E+02  6.1556527581648095E-09  4.7177556420181681E-09
  2.8622090993151761E+02  6.0530855156691670E-09  4.6455377956908007E-09
  2.8907244327269279E+02  5.9508953093539870E-09  4.5732897605570005E-09
  2.9195238558789481E+02  5.8490787104963093E-09  4.5010158232415411E-09
  2.9486101990723478E+02  5.7476347557081184E-09  4.4287221135071780E-09
  2.9779863208057168E+02  5.6465652468300094E-09  4.3564168854382231E-09
  3.0076551080560080E+02  5.5458752503421281E-09  4.2841109711377439E-09
  3.0376194765622478E+02  5.4455739043733728E-09  4.2118184826168102E-09
  3.0678823711121004E+02  5.3456756528042262E-09  4.1395578465351826E-09
  3.0984467658312866E+02  5.2462020677940365E-09  4.0673532575095114E-09
  3.1293156644758341E+02  5.1471842763145266E-09  3.9952364649026055E-09
  3.1604921007272935E+02  5.0486659655666843E-09  3.9232487333096299E-09
  3.1919791384908967E+02  4.9507041443965999E-09  3.8514409082063074E-09
  3.2237798721966277E+02  4.8533590205950684E-09  3.7798660087119482E-09
  3.2558974271033532E+02  4.7566880244420471E-09  3.7085750189489543E-09
  3.2883349596059742E+02  4.6607455348598778E-09  3.6376166668261456E-09
  3.3210956575455970E+02  4.5655827623908507E-09  3.5670373012039276E-09
  3.3541827405228310E+02  4.4712475557024370E-09  3.4968806991308613E-09
  3.3875994602142242E+02  4.3777840868604852E-09  3.4271877650837404E-09
  3.4213491006917883E+02  4.2852323383248631E-09  3.3579960718975460E-09
  3.4554349787457596E+02  4.1936273126680805E-09  3.2893391865499906E-09
  3.4898604442105858E+02  4.1029978883755479E-09  3.2212457203570730E-09
  3.5246288802940916E+02  4.0133652827195434E-09  3.1537381259049246E-09
  3.5597437039099918E+02  3.9247411711521727E-09  3.0868313741223099E-09
  3.5952083660137095E+02  3.8371262009436613E-09  3.0205321292984118E-09
  3.6310263519414849E+02  3.7505151502369725E-09  2.9548427467200235E-09
  3.6672011817529204E+02  3.6649034051406747E-09  2.8897659798806125E-09
  3.7037364105769416E+02  3.5802876450618599E-09  2.8253054774138444E-09
  3.7406356289611398E+02  3.4966659605482126E-09  2.7614658873572593E-09
  3.7779024632246552E+02  3.4140380687412141E-09  2.6982530533984885E-09
  3.8155405758145872E+02  3.3324056915744652E-09  2.6356743516626525E-09
  3.8535536656658752E+02  3.2517731811838430E-09  2.5737392351581477E-09
  3.8919454685648435E+02  3.1721485000581822E-09  2.5124600678386647E-09
  3.9307197575163599E+02  3.0935446816999581E-09  2.4518533386841202E-09
  3.9698803431145893E+02  3.0159818828612110E-09  2.3919413023909717E-09
  4.0094310739175057E+02  2.9394899563701962E-09  2.3327538815500291E-09
  4.0493758368251400E+02  2.8641112586669626E-09  2.2743304943503118E-09
  4.0897185574615230E+02  2.7898970095707406E-09  2.2167169379264118E-09
  4.1304632005605015E+02  2.7168955831261411E-09  2.1599565973995156E-09
  4.1716137703553966E+02  2.6451499191676340E-09  2.1040885291490319E-09
  4.2131743109725204E+02  2.5746975990445575E-09  2.0491475033401596E-09
  4.2551489068285514E+02  2.5055708733599340E-09  1.9951640013978997E-09
  4.2975416830320432E+02  2.4377965925722160E-09  1.9421641283338670E-09
  4.3403568057887742E+02  2.3713959842253872E-09  1.8901693940814269E-09
  4.3835984828111299E+02  2.3063842054928967E-09  1.8391963054788143E-09
  4.4272709637317291E+02  2.2427695821338649E-09  1.7892557044553279E-09
  4.4713785405210132E+02  2.1805524242984708E-09  1.7403517900499718E-09
  4.5159255479089836E+02  2.1197234559801958E-09  1.6924809070865599E-09
  4.5609163638113165E+02  2.0602619377577810E-09  1.6456302334061027E-09
  4.6063554097595454E+02  2.0021360793758771E-09  1.5997783573917990E-09
  4.6522471513355811E+02  1.9453115691066713E-09  1.5549018655546269E-09
  4.6985960986105880E+02  1.8897556882940156E-09  1.5109784472231495E-09
  4.7454068065882564E+02  1.8354373691100969E-09  1.4679869436621563E-09
  4.7926838756523802E+02  1.7823271647329727E-09  1.4259073336409620E-09
  4.8404319520190074E+02  1.7303972523168999E-09  1.3847207467118956E-09
  4.8886557281930720E+02  1.6796214841317912E-09  1.3444095171539677E-09
  4.9373599434295056E+02  1.6299755078232145E-09  1.3049572960099092E-09
  4.9865493841990173E+02  1.5814369819342325E-09  1.2663492414896392E-09
  5.0362288846585233E+02  1.5339859215091253E-09  1.2285723109308030E-09
  5.0864033271261690E+02  1.4876051790144036E-09  1.1916156465160182E-09
  5.1370776425611768E+02  1.4422810319718850E-09  1.1554710142589136E-09
  5.1882568110484715E+02  1.3980035372030432E-09  1.1201330161691061E-09
  5.2399458622880434E+02  1.3547643482660164E-09  1.0855973561309081E-09
  5.2921498760892791E+02  1.3125544984684926E-09  1.0518591348928806E-09
  5.3448739828702219E+02  1.2713642594086895E-09  1.0189127430690859E-09
  5.3981233641617007E+02  1.2311831690713973E-09  9.8675188627706549E-10
  5.4519032531165874E+02  1.1920000474869544E-09  9.5536960062967269E-10
  5.5062189350241272E+02  1.1538029982519066E-09  9.2475825386861514E-10
  5.5610757478292828E+02  1.1165793872487458E-09  8.9490952564763612E-10
  5.6164790826573710E+02  1.0803157854770930E-09  8.6581435906156278E-10
  5.6724343843439101E+02  1.0449978628768603E-09  8.3746287445040291E-10
  5.7289471519696531E+02  1.0106102265279752E-09  8.0984424170289691E-10
  5.7860229394010491E+02  9.7713622046255890E-10  7.8294652722007315E-10
  5.8436673558360951E+02  9.4455772899142996E-10  7.5675655577054897E-10
  5.9018860663555120E+02  9.1285569001074096E-10  7.3126033830233937E-10
  5.9606847924795272E+02  8.8201125683684269E-10  7.0644399022735140E-10
  6.0200693127302031E+02  8.5200600667340781E-10  6.8229389768723344E-10
  6.0800454631992466E+02  8.2282193261314056E-10  6.5879670950652490E-10
  6.1406191381216047E+02  7.9444143524363890E-10  6.3593933106768595E-10
  6.2017962904547517E+02  7.6684731442201130E-10  6.1370892131207212E-10
  6.2635829324637052E+02  7.4002276626449726E-10  5.9209289410949720E-10
  6.3259851363118082E+02  7.1395138920393377E-10  5.7107892557342520E-10
  6.3890090346576267E+02  6.8861720021148504E-10  5.5065496905571757E-10
  6.4526608212575729E+02  6.6400466073516748E-10  5.3080927937914599E-10
  6.5169467515745202E+02  6.4009871062297012E-10  5.1153044337468771E-10
  6.5818731433927292E+02  6.1688480810136589E-10  4.9280741248091796E-10
  6.6474463774386572E+02  5.9434888885602900E-10  4.7462946739107375E-10
  6.7136728980079465E+02  5.7247710179474740E-10  4.5698600788139736E-10
  6.7805592135989161E+02  5.5125570293684902E-10  4.3986647101035541E-10
  6.8481118975520917E+02  5.3067105155644890E-10  4.2326033409520021E-10
  6.9163375886961967E+02  5.1070961019157607E-10  4.0715711908166699E-10
  6.9852429920006205E+02  4.9135795010832221E-10  3.9154639648590763E-10
  7.0548348792344007E+02  4.7260275728865911E-10  3.7641778871832232E-10
  7.1251200896316425E+02  4.5443083404682587E-10  3.6176097252747588E-10
  7.1961055305636933E+02  4.3682909593568715E-10  3.4756568024383745E-10
  7.2677981782180223E+02  4.1978456741151013E-10  3.3382169942844592E-10
  7.3402050782837227E+02  4.0328437732931122E-10  3.2051887097279348E-10
  7.4133333466439819E+02  3.8731575337630973E-10  3.0764708605687058E-10
  7.4871901700754483E+02  3.7186602068449711E-10  2.9519628713323880E-10
  7.5617828069544305E+02  3.5692264009724425E-10  2.8315650031653788E-10
  7.6371185879702716E+02  3.4247324151271876E-10  2.7151786260503395E-10
  7.7132049168458286E+02  3.2850562702648563E-10  2.6027062476681335E-10
  7.7900492710649849E+02  3.1500776868366352E-10  2.4940515220300053E-10
  7.8676592026075627E+02  3.0196780405198209E-10  2.3891192530231027E-10
  7.9460423386915465E+02  2.8937403479410853E-10  2.2878153902700856E-10
  8.0252063825225662E+02  2.7721492494151030E-10  2.1900470136841008E-10
  8.1051591140509879E+02  2.6547909540911893E-10  2.0957223022444547E-10
  8.1859083907365425E+02  2.5415531642820870E-10  2.0047504815998906E-10
  8.2674621483204328E+02  2.4323249728444889E-10  1.9170417484180968E-10
  8.3498284016052833E+02  2.3269967275680664E-10  1.8325071797075405E-10
  8.4330152452428445E+02  2.2254599046122585E-10  1.7510586554969020E-10
  8.5170308545294176E+02  2.1276074676363347E-10  1.6726091623330186E-10
  8.6018834862093297E+02  2.0333345406940813E-10  1.5970733338648428E-10
  8.6875814792864389E+02  1.9425384811023999E-10  1.5243675128121084E-10
  8.7741332558435533E+02  1.8551188462388499E-10  1.4544097245097867E-10
  8.8615473218701698E+02  1.7709773578947922E-10  1.3871196540709701E-10
  8.9498322680984711E+02  1.6900178498045078E-10  1.3224186281472692E-10
  9.0389967708474842E+02  1.6121462312474069E-10  1.2602296026061997E-10
  9.1290495928758025E+02  1.5372704871014585E-10  1.2004771577993993E-10
  9.2199995842428052E+02  1.4653006819283242E-10  1.1430875032628538E-10
  9.3118556831783837E+02  1.3961489676042978E-10  1.0879884933079586E-10
  9.4046269169612265E+02  1.3297296015665256E-10  1.0351096493318433E-10
  9.4983224028062148E+02  1.2659589667213803E-10  9.8438218315589957E-11
  9.5929513487603197E+02  1.2047554673345012E-10  9.3573891999287285E-11
  9.6885230546074104E+02  1.1460391640651721E-10  8.8911401547093568E-11
  9.7850469127824397E+02  1.0897316512795325E-10  8.4444286416968771E-11
  9.8825324092943822E+02  1.0357560579728192E-10  8.0166210504150714E-11
  9.9809891246583629E+02  9.8403705469647862E-11  7.6070962703062809E-11
  1.0080426734837439E+03  9.3450086423346187E-11  7.2152457339294735E-11
  1.0180855012193367E+03  8.8707525295282033E-11  6.8404734456779303E-11
  1.0282283826446987E+03  8.4168950150432973E-11  6.4821959939775225E-11
  1.0384723145648213E+03  7.9827439667244025E-11  6.1398425444334158E-11
  1.0488183037155723E+03  7.5676224507146045E-11  5.8128548106409683E-11
  1.0592673668626217E+03  7.1708687430508969E-11  5.5006870032155789E-11
  1.0698205309013717E+03  6.7918362027515175E-11  5.2028057595910384E-11
  1.0804788329578830E+03  6.4298931352077043E-11  4.9186901095259142E-11
  1.0912433204907866E+03  6.0844229846346218E-11  4.6478317157468759E-11
  1.1021150513942300E+03  5.7548244599716722E-11  4.3897350140844276E-11
  1.1130950941018514E+03  5.4405114329612720E-11  4.1439171403221430E-11
  1.1241845276917663E+03  5.1409128106643492E-11  3.9099078388251965E-11
  1.1353844419926236E+03  4.8554724252495470E-11  3.6872493648912898E-11
  1.1466959376907150E+03  4.5836489750487324E-11  3.4754963813566750E-11
  1.1581201264381350E+03  4.3249159424933710E-11  3.2742158501570774E-11
  1.1696581309620340E+03  4.0787613577580537E-11  3.0829869196293779E-11
  1.1813110851749655E+03  3.8446875210558249E-11  2.9014008084186373E-11
  1.1930801342863072E+03  3.6222108881069278E-11  2.7290606858819060E-11
  1.2049664349148154E+03  3.4108620022160541E-11  2.5655815469843932E-11
  1.2169711552023005E+03  3.2101853445420489E-11  2.4105900747878077E-11
  1.2290954749284131E+03  3.0197390457353740E-11  2.2637244198554865E-11
  1.2413405856265954E+03  2.8390945464363529E-11  2.1246339494654615E-11
  1.2537076907011888E+03  2.6678363853457808E-11  1.9929790849500777E-11
  1.2661980055456856E+03  2.5055620194475436E-11  1.8684311471465408E-11
  1.2788127576621780E+03  2.3518816379625202E-11  1.7506721961506518E-11
  1.2915531867820043E+03  2.2064179711001795E-11  1.6393948659877368E-11
  1.3044205449875660E+03  2.0688061142670128E-11  1.5343021949364586E-11
  1.3174160968353885E+03  1.9386933586694953E-11  1.4351074523429043E-11
  1.3305411194804028E+03  1.8157389848529427E-11  1.3415339628247013E-11
  1.3437969028014450E+03  1.6996140245013819E-11  1.2533149286096301E-11
  1.3571847495280281E+03  1.5900010399505790E-11  1.1701932492221531E-11
  1.3707059753683779E+03  1.4865939172234000E-11  1.0919213370850967E-11
  1.3843619091387197E+03  1.3890976133609131E-11  1.0182608967523346E-11
  1.3981538928938776E+03  1.2972278418765497E-11  9.4898264867517357E-12
  1.4120832820591720E+03  1.2107108318495746E-11  8.8386611241305206E-12
  1.4261514455636234E+03  1.1292830968496203E-11  8.2269941155450277E-12
  1.4403597659744657E+03  1.0526911995157926E-11  7.6527907579303899E-12
  1.4547096396330542E+03  9.8069152547939730E-12  7.1140984029619634E-12
  1.4692024767920752E+03  9.1305005875217574E-12  6.6090444271272513E-12
  1.4838397017541236E+03  8.4954214888432737E-12  6.1358341811837011E-12
  1.4986227530117121E+03  7.8995227753773558E-12  5.6927489216292056E-12
  1.5135530833886260E+03  7.3407382936107312E-12  5.2781437264193697E-12
  1.5286321601826794E+03  6.8170884337813977E-12  4.8904453998339287E-12
  1.5438614653099548E+03  6.3266775290044941E-12  4.5281503725787895E-12
  1.5592424954504193E+03  5.8676916047550584E-12  4.1898226423572243E-12
  1.5747767621950077E+03  5.4383964180998115E-12  3.8740918935799116E-12
  1.5904657921941835E+03  5.0371351725053995E-12  3.5796515347741229E-12
  1.6063111273079821E+03  4.6623260755830720E-12  3.3052566297896012E-12
  1.6223143247575194E+03  4.3124599819904322E-12  3.0497218430049774E-12
  1.6384769572780401E+03  3.9860980689041363E-12  2.8119194066139747E-12
  1.6548006132734895E+03  3.6818695139795766E-12  2.5907771126787008E-12
  1.6712868969725964E+03  3.3984691807758978E-12  2.3852763326287600E-12
  1.6879374285865404E+03  3.1346553382707906E-12  2.1944500668369401E-12
  1.7047538444681916E+03  2.8892474387426129E-12  2.0173810268755620E-12
  1.7217377972729034E+03  2.6611239401051073E-12  1.8531997521057745E-12
  1.7388909561209412E+03  2.4492201423578153E-12  1.7010827608422919E-12
  1.7562150067615260E+03  2.2525260516870725E-12  1.5602507304059054E-12
  1.7737116517384845E+03  2.0700842188727194E-12  1.4299666442311015E-12
  1.7913826105575777E+03  1.9009876045554385E-12  1.3095339708633358E-12
  1.8092296198554993E+03  1.7443775605509863E-12  1.1982949620841588E-12
  1.8272544335705250E+03  1.5994418557188989E-12  1.0956289984363084E-12
  1.8454588231148921E+03  1.4654127573729640E-12  1.0009509731441820E-12
  1.8638445775488997E+03  1.3415651659713852E-12  9.1370971543451611E-13
  1.8824135037567089E+03  1.2272147945636449E-12  8.3338645409810430E-13
  1.9011674266239272E+03  1.1217163885265498E-12  7.5949332197626059E-13
  1.9201081892169627E+03  1.0244619867429050E-12  6.9157190190245749E-13
  1.9392376529641319E+03  9.3487923550572198E-13  6.2919181453471568E-13
  1.9585576978386055E+03  8.5242976466630544E-13  5.7194934869715472E-13
  1.9780702225431755E+03  7.7660759628145094E-13  5.1946613488900298E-13
  1.9977771446968270E+03  7.0693756101555757E-13  4.7138787105579600E-13
  2.0176804010232254E+03  6.4297379035415995E-13  4.2738310231763408E-13
  2.0377819475410226E+03  5.8429829768385882E-13  3.8714202654116417E-13
  2.0580837597560994E+03  5.3051959083215675E-13  3.5037533802134588E-13
  2.0785878328557237E+03  4.8127130435212554E-13  3.1681311455881445E-13
  2.0992961819046059E+03  4.3621088369076989E-13  2.8620374753007749E-13
  2.1202108420429408E+03  3.9501831799704613E-13  2.5831291443881957E-13
  2.1413338686864322E+03  3.5739491709974526E-13  2.3292259336786049E-13
  2.1626673377282618E+03  3.2306213510533026E-13  2.0983011868593972E-13
  2.1842133457431141E+03  2.9176044275779293E-13  1.8884727730563887E-13
  2.2059740101932334E+03  2.6324825070238939E-13  1.6979944469842210E-13
  2.2279514696364945E+03  2.3730088240679221E-13  1.5252475983242443E-13
  2.2501478839365845E+03  2.1370958720635822E-13  1.3687333761675821E-13
  2.2725654344752802E+03  1.9228058342873166E-13  1.2270651661781151E-13
  2.2952063243667994E+03  1.7283414705633555E-13  1.0989614459402991E-13
  2.3180727786743269E+03  1.5520375779601019E-13  9.8323900549247380E-14
  2.3411670446287026E+03  1.3923528751872445E-13  8.7880650931695465E-14
  2.3644913918492393E+03  1.2478621569899672E-13  7.8465838925248705E-14
  2.3880481125667898E+03  1.1172487904425923E-13  6.9986905805502748E-14
  2.4118395218490300E+03  9.9929764479894635E-14  6.2358743315919485E-14
  2.4358679578279462E+03  8.9288841355041344E-14  5.5503176006388549E-14
  2.4601357819296518E+03  7.9698927348855953E-14  4.9348472466214179E-14
  2.4846453791064282E+03  7.1065086889938153E-14  4.3828884391696684E-14
  2.5093991580711236E+03  6.3300062297594363E-14  3.8884212437042364E-14
  2.5343995515338879E+03  5.6323737124396381E-14  3.4459397909165355E-14
  2.5596490164412171E+03  5.0062630949986726E-14  3.0504140212100617E-14
  2.5851500342174331E+03  4.4449421787399593E-14  2.6972537672233524E-14
  2.6109051110085611E+03  3.9422495376569143E-14  2.3822749715602624E-14
  2.6369167779285931E+03  3.4925522848173786E-14  2.1016680574336480E-14
  2.6631875913082540E+03  3.0907063972284567E-14  1.8519683626908203E-14
  2.6897201329462432E+03  2.7320194494105193E-14  1.6300285366830633E-14
  2.7165170103629321E+03  2.4122157295728191E-14  1.4329928017095292E-14
  2.7435808570566369E+03  2.1274036374995501E-14  1.2582729831802032E-14
  2.7709143327624497E+03  1.8740452305320029E-14  1.1035262152003497E-14
  2.7985201237135875E+03  1.6489277958422835E-14  9.6663423087267836E-15
  2.8264009429054081E+03  1.4491373388493358E-14  8.4568414906648268E-15
  2.8545595303620466E+03  1.2720339022262540E-14  7.3895067203089095E-15
  2.8829986534056638E+03  1.1152286408578049E-14  6.4487960066424259E-15
  2.9117211069284217E+03  9.7656256120563183E-15  5.6207259163601856E-15
  2.9407297136671755E+03  8.5408674591925874E-15  4.8927311033937008E-15
  2.9700273244808400E+03  7.4604391947946764E-15  4.2535348801529438E-15
  2.9996168186306090E+03  6.5085154831108268E-15  3.6930300739936138E-15
  3.0295011040628760E+03  5.6708638382640983E-15  3.2021695014856876E-15
  3.0596831176950363E+03  4.9347006679687985E-15  2.7728654229667919E-15
  3.0901658257041317E+03  4.2885577250836919E-15  2.3978973694043882E-15
  3.1209522238183213E+03  3.7221597767304261E-15  2.0708277628344736E-15
  3.1520453376113078E+03  3.2263126614969883E-15  1.7859247804788377E-15
  3.1834482227996987E+03  2.7928005704311664E-15  1.5380919409628950E-15
  3.2151639655432746E+03  2.4142916912505651E-15  1.3228039188469043E-15
  3.2471956827483009E+03  2.0842516803560496E-15  1.1360481214966734E-15
  3.2795465223738697E+03  1.7968646902931136E-15  9.7427159046402205E-16
  3.3122196637412271E+03  1.5469615691216260E-15  8.3433281166553335E-16
  3.3452183178462465E+03  1.3299543766979683E-15  7.1345804504252189E-16
  3.3785457276750144E+03  1.1417764679073321E-15  6.0920180965334078E-16
  3.4122051685224960E+03  9.7882822540774829E-16  5.1941118282540323E-16
  3.4461999483144414E+03  8.3792817215225820E-16  4.4219359437516091E-16
  3.4805334079324971E+03  7.1626850601998509E-16  3.7588781838654962E-16
  3.5152089215424930E+03  6.1137471179061550E-16  3.1903788558630686E-16
  3.5502298969260632E+03  5.2106915178529484E-16  2.7036965895946895E-16
  3.5855997758155754E+03  4.4343828468596880E-16  2.2876983391849995E-16
  3.6213220342323161E+03  3.7680315879033510E-16  1.9326714205789938E-16
  3.6574001828281635E+03  3.1969287454528711E-16  1.6301555431524644E-16
  3.6938377672305483E+03  2.7082074645103745E-16  1.3727929522442022E-16
  3.7306383683909248E+03  2.2906295412132277E-16  1.1541949447696466E-16
  3.7678056029367231E+03  1.9343947401111450E-16  9.6882316509197320E-17
  3.8053431235267230E+03  1.6309702500406132E-16  8.1188422219411452E-17