 #p(MeV) \t \delta f_\\nu \t \delta f_\\nubar
  7.6858847501450611E-01  2.0720387487130558E-06  5.2838987957610958E-07
  7.7624569217125250E-01  2.0073813530486329E-06  5.2021849438934438E-07
  7.8397919589290499E-01  1.9451949263485833E-06  5.1215946117606306E-07
  7.9178974619969977E-01  1.8853616030642603E-06  5.0421151661551929E-07
  7.9967811068372552E-01  1.8277704690577452E-06  4.9637340712355798E-07
  8.0764506458436325E-01  1.7723170697730786E-06  4.8864389104636906E-07
  8.1569139086447084E-01  1.7189029549052481E-06  4.8102173630537264E-07
  8.2381788028733083E-01  1.6674352830343729E-06  4.7350572880463903E-07
  8.3202533149436531E-01  1.6178264898726672E-06  4.6609468692387251E-07
  8.4031455108362052E-01  1.5699939035821738E-06  4.5878744764797464E-07
  8.4868635368903911E-01  1.5238593719246479E-06  4.5158285480209568E-07
  8.5714156206051728E-01  1.4793489612688112E-06  4.4447975843468904E-07
  8.6568100714476226E-01  1.4363926825816309E-06  4.3747701493280212E-07
  8.7430552816695595E-01  1.3949242383075183E-06  4.3057348713368056E-07
  8.8301597271322818E-01  1.3548807883086810E-06  4.2376804443272440E-07
  8.9181319681395821E-01  1.3162027332191061E-06  4.1705956288721265E-07
  9.0069806502789795E-01  1.2788335135269719E-06  4.1044692512605893E-07
  9.0967145052713982E-01  1.2427194220768349E-06  4.0392901913444153E-07
  9.1873423518293018E-01  1.2078094375299440E-06  3.9750474332142497E-07
  9.2788730965233324E-01  1.1740550647881694E-06  3.9117300878389636E-07
  9.3713157346576481E-01  1.1414101207885246E-06  3.8493271296467993E-07
  9.4646793511539196E-01  1.1098305406766105E-06  3.7878272896660033E-07
  9.5589731214441753E-01  1.0792743474939394E-06  3.7272193226995685E-07
  9.6542063123725452E-01  1.0497015682751263E-06  3.6674920869096836E-07
  9.7503882831059330E-01  1.0210741200924001E-06  3.6086345441922699E-07
  9.8475284860538481E-01  9.9335570338046817E-07  3.5506357599385944E-07
  9.9456364677973141E-01  9.6651170230050005E-07  3.4934849027800608E-07
  1.0044721870027082E+00  9.4050909161111848E-07  3.4371712443178522E-07
  1.0144794430491206E+00  9.1531634959973264E-07  3.3816841592261643E-07
  1.0245863983951988E+00  8.9090337726492743E-07  3.3270131318257176E-07
  1.0347940463152547E+00  8.6724141882496174E-07  3.2731477304184633E-07
  1.0451033899792936E+00  8.4430298002120888E-07  3.2200775276546442E-07
  1.0555154425516040E+00  8.2206178982711446E-07  3.1677922455005753E-07
  1.0660312272903285E+00  8.0049281864779766E-07  3.1162820274320797E-07
  1.0766517776480222E+00  7.7957217214998558E-07  3.0655372707163953E-07
  1.0873781373732216E+00  7.5927697063273994E-07  3.0155484554594428E-07
  1.0982113606130157E+00  7.3958529504059479E-07  2.9663061377656751E-07
  1.1091525120166466E+00  7.2047613911406323E-07  2.9178009500265339E-07
  1.1202026668401390E+00  7.0192936432692572E-07  2.8700236011887038E-07
  1.1313629110519712E+00  6.8392565742395993E-07  2.8229648770021985E-07
  1.1426343414397997E+00  6.6644649038031648E-07  2.7766156401851156E-07
  1.1540180657182511E+00  6.4947408241049026E-07  2.7309668284620827E-07
  1.1655152026377786E+00  6.3299136417563210E-07  2.6860094531398823E-07
  1.1771268820946146E+00  6.1698194595082754E-07  2.6417346147707042E-07
  1.1888542452418069E+00  6.0143008531161977E-07  2.5981334994175677E-07
  1.2006984446013726E+00  5.8632066308457412E-07  2.5551973916729373E-07
  1.2126606441775591E+00  5.7163916268190846E-07  2.5129176990711546E-07
  1.2247420195712402E+00  5.5737162839019816E-07  2.4712859093188663E-07
  1.2369437580954514E+00  5.4350463736288676E-07  2.4302935829910144E-07
  1.2492670588920709E+00  5.3002527570542969E-07  2.3899323537717020E-07
  1.2617131330496696E+00  5.1692111581111379E-07  2.3501939286726665E-07
  1.2742832037225325E+00  5.0418019487248345E-07  2.3110700882295522E-07
  1.2869785062508632E+00  4.9179099449973042E-07  2.2725526866892765E-07
  1.2998002882821929E+00  4.7974242142764520E-07  2.2346336526456565E-07
  1.3127498098939892E+00  4.6802378926197306E-07  2.1973049901641201E-07
  1.3258283437174971E+00  4.5662480215797204E-07  2.1605587882368744E-07
  1.3390371750628056E+00  4.4553553488004468E-07  2.1243872017997412E-07
  1.3523776020451621E+00  4.3474637465782614E-07  2.0887822522138624E-07
  1.3658509357125506E+00  4.2424795611618698E-07  2.0537356661970808E-07
  1.3794585001745325E+00  4.1403122717436778E-07  2.0192391822270836E-07
  1.3932016327323768E+00  4.0408746587460803E-07  1.9852846545203886E-07
  1.4070816840104865E+00  3.9440826651740124E-07  1.9518640520838879E-07
  1.4211000180891296E+00  3.8498552628931181E-07  1.9189694571819114E-07
  1.4352580126385008E+00  3.7581143254224438E-07  1.8865930638222202E-07
  1.4495570590541074E+00  3.6687845068789155E-07  1.8547271762586864E-07
  1.4639985625935177E+00  3.5817931266214004E-07  1.8233642073991604E-07
  1.4785839425144589E+00  3.4970700609714723E-07  1.7924966787191997E-07
  1.4933146322142976E+00  3.4145476452444654E-07  1.7621172246628662E-07
  1.5081920793709129E+00  3.3341606327428932E-07  1.7322186324383725E-07
  1.5232177460849630E+00  3.2558464803187666E-07  1.7027940542225821E-07
  1.5383931090235778E+00  3.1795459383699529E-07  1.6738372675866785E-07
  1.5537196595654834E+00  3.1052022825526316E-07  1.6453423391732523E-07
  1.5691989039475618E+00  3.0327605998507332E-07  1.6173033714825651E-07
  1.5848323634128865E+00  2.9621677002837557E-07  1.5897144958036169E-07
  1.6006215743602175E+00  2.8933720548263132E-07  1.5625698736067780E-07
  1.6165680884949998E+00  2.8263237359375026E-07  1.5358636978814317E-07
  1.6326734729818531E+00  2.7609743605727447E-07  1.5095901944194575E-07
  1.6489393105985890E+00  2.6972770355613557E-07  1.4837436230490925E-07
  1.6653671998917650E+00  2.6351863042349977E-07  1.4583182778627854E-07
  1.6819587553337760E+00  2.5746580876667014E-07  1.4333084805135056E-07
  1.6987156074815239E+00  2.5156495878856586E-07  1.4087085428933281E-07
  1.7156394031366631E+00  2.4581189819450651E-07  1.3845125981025397E-07
  1.7327318055074372E+00  2.4020248095697151E-07  1.3607143343592160E-07
  1.7499944943721402E+00  2.3473261808793616E-07  1.3373071799643519E-07
  1.7674291662441903E+00  2.2939834793688537E-07  1.3142846478866628E-07
  1.7850375345388665E+00  2.2419583893086364E-07  1.2916403664252518E-07
  1.8028213297416888E+00  2.1912138467697381E-07  1.2693680769596076E-07
  1.8207822995784864E+00  2.1417139927388721E-07  1.2474616317471299E-07
  1.8389222091871615E+00  2.0934241282235274E-07  1.2259149917671021E-07
  1.8572428412911550E+00  2.0463106712572534E-07  1.2047222246149736E-07
  1.8757459963746472E+00  2.0003411162231191E-07  1.1838775029381741E-07
  1.8944334928595086E+00  1.9554839994389571E-07  1.1633751071839403E-07
  1.9133071672839974E+00  1.9117088864216736E-07  1.1432094449857461E-07
  1.9323688744832583E+00  1.8689864673549393E-07  1.1233751459341844E-07
  1.9516204877715997E+00  1.8272888400736601E-07  1.1038672397783358E-07
  1.9710638991266041E+00  1.7865895053707341E-07  1.0846811234270056E-07
  1.9907010193750581E+00  1.7468628300420907E-07  1.0658122892766039E-07
  2.0105337783807444E+00  1.7080839007534166E-07  1.0472562674227631E-07
  2.0305641252341040E+00  1.6702285009670306E-07  1.0290086260044701E-07
  2.0507940284437804E+00  1.6332730890519001E-07  1.0110649716733116E-07
  2.0712254761300808E+00  1.5971947771852943E-07  9.9342095003093342E-08
  2.0918604762203623E+00  1.5619713110122481E-07  9.7607224603486253E-08
  2.1127010566463582E+00  1.5275810498762594E-07  9.5901458422248439E-08
  2.1337492655434844E+00  1.4940029458098552E-07  9.4224372704904230E-08
  2.1550071714521120E+00  1.4612165152398135E-07  9.2575546620473156E-08
  2.1764768635208660E+00  1.4292017659284174E-07  9.0954557860551822E-08
  2.1981604517119315E+00  1.3979390380890895E-07  8.9360973251326981E-08
  2.2200600670084158E+00  1.3674089367936635E-07  8.7794347827782681E-08
  2.2421778616237771E+00  1.3375925358020885E-07  8.6254238572709154E-08
  2.2645160092133287E+00  1.3084714552844663E-07  8.4740209487848209E-08
  2.2870767050878631E+00  1.2800278459250494E-07  8.3251831581472507E-08
  2.3098621664294003E+00  1.2522443716691055E-07  8.1788682757294455E-08
  2.3328746325090779E+00  1.2251041931008655E-07  8.0350347705167637E-08
  2.3561163649072241E+00  1.1985909514267266E-07  7.8936417793551939E-08
  2.3795896477356155E+00  1.1726887530605671E-07  7.7546490965803684E-08
  2.4032967878619536E+00  1.1473821553711440E-07  7.6180171696759108E-08
  2.4272401151365695E+00  1.1226561557023437E-07  7.4837071202499720E-08
  2.4514219826213965E+00  1.0984962013042643E-07  7.3516809350066016E-08
  2.4758447668212242E+00  1.0748882652236668E-07  7.2219021185602710E-08
  2.5005108679172450E+00  1.0518189355272501E-07  7.0943362444681198E-08
  2.5254227100029394E+00  1.0292752851937624E-07  6.9689500891283030E-08
  2.5505827413223088E+00  1.0072447262383659E-07  6.8457108282744584E-08
  2.5759934345104756E+00  9.8571499074322535E-08  6.7245859841711473E-08
  2.6016572868366854E+00  9.6467412199807090E-08  6.6055434266415835E-08
  2.6275768204497325E+00  9.4411046591671657E-08  6.4885513739111602E-08
  2.6537545826258269E+00  9.2401266271961296E-08  6.3735783932723170E-08
  2.6801931460189268E+00  9.0436963887299731E-08  6.2605934015766814E-08
  2.7068951089135722E+00  8.8517059916974377E-08  6.1495656645337521E-08
  2.7338630954802388E+00  8.6640501810256687E-08  6.0404647868410862E-08
  2.7610997560332251E+00  8.4806262372505102E-08  5.9332606349966074E-08
  2.7886077672911167E+00  8.3013332989432014E-08  5.8279228522305604E-08
  2.8163898326398522E+00  8.1260707554402861E-08  5.7244198288023306E-08
  2.8444486823983910E+00  7.9547380849996642E-08  5.6227188024273613E-08
  2.8727870740870420E+00  7.7872371377850949E-08  5.5227873558375639E-08
  2.9014077926984712E+00  7.6234725433934650E-08  5.4245937000468559E-08
  2.9303136509713914E+00  7.4633516228958442E-08  5.3281066615578012E-08
  2.9595074896669855E+00  7.3067843033234889E-08  5.2332956694644939E-08
  2.9889921778480937E+00  7.1536830351792191E-08  5.1401307428430039E-08
  3.0187706131611756E+00  7.0039627128520303E-08  5.0485824784191735E-08
  3.0488457221210692E+00  6.8575405979236186E-08  4.9586220386057297E-08
  3.0792204603986062E+00  6.7143362504927282E-08  4.8702211449650781E-08
  3.1098978131110888E+00  6.5742714770047423E-08  4.7833520842523644E-08
  3.1408807951156437E+00  6.4372704907045935E-08  4.6979878898821735E-08
  3.1721724513055176E+00  6.3032607694501156E-08  4.6141030189931646E-08
  3.2037758569093233E+00  6.1721738150221284E-08  4.5316738182949677E-08
  3.2356941177932548E+00  6.0439435520606903E-08  4.4506774411127231E-08
  3.2679303707663201E+00  5.9185054763782725E-08  4.3710913283788412E-08
  3.3004877838886166E+00  5.7957966006554497E-08  4.2928931982736911E-08
  3.3333695567826833E+00  5.6757554165689433E-08  4.2160610451985447E-08
  3.3665789209479358E+00  5.5583218579569846E-08  4.1405731386711321E-08
  3.4001191400782522E+00  5.4434372649898670E-08  4.0664080221470566E-08
  3.4339935103827219E+00  5.3310443493382608E-08  3.9935445117924112E-08
  3.4682053609095753E+00  5.2210871575349074E-08  3.9219616925138967E-08
  3.5027580538733543E+00  5.1135110370788748E-08  3.8516389156186278E-08
  3.5376549849853425E+00  5.0082625946151666E-08  3.7825557900665603E-08
  3.5728995837872808E+00  4.9052894734639247E-08  3.7146920261684161E-08
  3.6084953139884028E+00  4.8045400445589371E-08  3.6480272404794214E-08
  3.6444456738058437E+00  4.7059636347137629E-08  3.5825411554400210E-08
  3.6807541963084347E+00  4.6095107858842454E-08  3.5182137962360094E-08
  3.7174244497639104E+00  4.5151332406238184E-08  3.4550254985296031E-08
  3.7544600379895887E+00  4.4227839105445685E-08  3.3929569044386761E-08
  3.7918646007065488E+00  4.3324168456882596E-08  3.3319889585457107E-08
  3.8296418138973167E+00  4.2439872047782922E-08  3.2721029039370679E-08
  3.8677953901671311E+00  4.1574512262786509E-08  3.2132802782286381E-08
  3.9063290791088132E+00  4.0727662008280671E-08  3.1555029101593647E-08
  3.9452466676712579E+00  3.9898904442129766E-08  3.0987529160254846E-08
  3.9845519805315863E+00  3.9087832429677300E-08  3.0430126699067232E-08
  4.0242488804710463E+00  3.8294048070971376E-08  2.9882647808871228E-08
  4.0643412687546183E+00  3.7517163306758680E-08  2.9344921588175493E-08
  4.1048330855144171E+00  3.6756800330809186E-08  2.8816780598117193E-08
  4.1457283101369127E+00  3.6012590462789323E-08  2.8298060194022703E-08
  4.1870309616540213E+00  3.5284173717339239E-08  2.7788598347858547E-08
  4.2287450991380640E+00  3.4571198584638428E-08  2.7288235612671525E-08
  4.2708748221006871E+00  3.3873321817092677E-08  2.6796815087425906E-08
  4.3134242708957480E+00  3.3190208221844952E-08  2.6314182382161078E-08
  4.3563976271262170E+00  3.2521530459122722E-08  2.5840185583651286E-08
  4.3997991140551083E+00  3.1866968850685532E-08  2.5374675225852080E-08
  4.4436329970205577E+00  3.1226211203008058E-08  2.4917504269741916E-08
  4.4879035838549859E+00  3.0598952666416578E-08  2.4468528113177301E-08
  4.5326152253084562E+00  2.9984895472573627E-08  2.4027604475066530E-08
  4.5777723154762535E+00  2.9383751960724836E-08  2.3594595860580197E-08
  4.6233792922307284E+00  2.8795252896058147E-08  2.3169375811096252E-08
  4.6694406376574173E+00  2.8219139393519888E-08  2.2751822952624376E-08
  4.7159608784955376E+00  2.7655157498667472E-08  2.2341817147670576E-08
  4.7629445865828561E+00  2.7103058031388685E-08  2.1939239450157399E-08
  4.8103963793049997E+00  2.6562596514651106E-08  2.1543972119123016E-08
  4.8583209200492101E+00  2.6033533103713431E-08  2.1155898631350901E-08
  4.9067229186626768E+00  2.5515632515800062E-08  2.0774903692940136E-08
  4.9556071319153885E+00  2.5008663957173572E-08  2.0400873246871271E-08
  5.0049783639676004E+00  2.4512401036300702E-08  2.0033694465556411E-08
  5.0548414668419870E+00  2.4026621664276945E-08  1.9673255729987842E-08
  5.1052013409004751E+00  2.3551107966837203E-08  1.9319446620521318E-08
  5.1560629353258269E+00  2.3085645217111427E-08  1.8972157108388304E-08
  5.2074312486080352E+00  2.2630016322560767E-08  1.8631273339677689E-08
  5.2593113290355538E+00  2.2184003526644121E-08  1.8296679091477095E-08
  5.3117082751914326E+00  2.1747393777260169E-08  1.7968259885348796E-08
  5.3646272364543615E+00  2.1319978962121118E-08  1.7645903222180597E-08
  5.4180734135047652E+00  2.0901555788884888E-08  1.7329498551948505E-08
  5.4720520588358932E+00  2.0491925668352765E-08  1.7018937243815292E-08
  5.5265684772700068E+00  2.0090894600647663E-08  1.6714112556564722E-08
  5.5816280264797262E+00  1.9698273064772421E-08  1.6414919609828903E-08
  5.6372361175145675E+00  1.9313875917678691E-08  1.6121255362137708E-08
  5.6933982153327118E+00  1.8937522284795764E-08  1.5833018578755143E-08
  5.7501198393380815E+00  1.8569035032664989E-08  1.5550109405976667E-08
  5.8074065639227754E+00  1.8208241068841058E-08  1.5272429640881080E-08
  5.8652640190148961E+00  1.7854985579879227E-08  1.4999894375087654E-08
  5.9236978906318223E+00  1.7509140517273707E-08  1.4732438532388345E-08
  5.9827139214390366E+00  1.7170582577569808E-08  1.4469999651508803E-08
  6.0423179113144823E+00  1.6839189103636672E-08  1.4212514748105180E-08
  6.1025157179185436E+00  1.6514838167066513E-08  1.3959920393383190E-08
  6.1633132572697233E+00  1.6197408646781293E-08  1.3712152790631635E-08
  6.2247165043260599E+00  1.5886780303412821E-08  1.3469147849261691E-08
  6.2867314935723000E+00  1.5582833849591107E-08  1.3230841256386851E-08
  6.3493643196129570E+00  1.5285451018789470E-08  1.2997168548403537E-08
  6.4126211377712750E+00  1.4994514623907568E-08  1.2768065173932437E-08
  6.4765081646941454E+00  1.4709908691395392E-08  1.2543466628861738E-08
  6.5410316789630345E+00  1.4431518732746339E-08  1.2323308731116099E-08
  6.6061980217110570E+00  1.4159225805732658E-08  1.2107522643433768E-08
  6.6720135972461385E+00  1.3892893917922552E-08  1.1896024723081055E-08
  6.7384848736804024E+00  1.3632383436673908E-08  1.1688727435839872E-08
  6.8056183835658395E+00  1.3377558193046542E-08  1.1485545039174741E-08
  6.8734207245363121E+00  1.3128285463442703E-08  1.1286393603582199E-08
  6.9418985599559271E+00  1.2884435877833482E-08  1.1091190975119869E-08
  7.0110586195738938E+00  1.2645883330556924E-08  1.0899856738664332E-08
  7.0809077001859118E+00  1.2412504893609463E-08  1.0712312181882689E-08
  7.1514526663021138E+00  1.2184180729144036E-08  1.0528480256820038E-08
  7.2227004508216934E+00  1.1960794000413503E-08  1.0348285538414290E-08
  7.2946580557142537E+00  1.1742230960765018E-08  1.0171654351588130E-08
  7.3673325527079268E+00  1.1528381819309694E-08  9.9985156254134586E-09
  7.4407310839843523E+00  1.1319139509707163E-08  9.8287998651828304E-09
  7.5148608628805853E+00  1.1114390071247400E-08  9.6624310627055521E-09
  7.5897291745980171E+00  1.0914015217237740E-08  9.4993288866881280E-09
  7.6653433769183090E+00  1.0717899889983367E-08  9.3394148931112300E-09
  7.7417109009264982E+00  1.0525932539374311E-08  9.1826127841128491E-09
  7.8188392517413137E+00  1.0338004997558105E-08  9.0288483389061528E-09
  7.8967360092527361E+00  1.0154012358945064E-08  8.8780493474499512E-09
  7.9754088288669038E+00  9.9738528652899166E-09  8.7301455467459926E-09
  8.0548654422584995E+00  9.7974277964331450E-09  8.5850685604321785E-09
  8.1351136581305692E+00  9.6246413669887371E-09  8.4427518420090078E-09
  8.2161613629819090E+00  9.4554006077033953E-09  8.3031306013862871E-09
  8.2980165218821664E+00  9.2896154217895361E-09  8.1661418946261309E-09
  8.3806871792545987E+00  9.1271981256876471E-09  8.0317242701577903E-09
  8.4641814596666212E+00  8.9680529606395701E-09  7.8998087861002984E-09
  8.5485075686283096E+00  8.8120711819379895E-09  7.7703149919670660E-09
  8.6336737933987830E+00  8.6591459128737297E-09  7.6431634200496886E-09
  8.7196885038006116E+00  8.5091743578778453E-09  7.5182774543052383E-09
  8.8065601530424633E+00  8.3620576417649009E-09  7.3955832286793800E-09
  8.8942972785497485E+00  8.2177006584757484E-09  7.2750095315933855E-09
  8.9829085028036868E+00  8.0760119287269680E-09  7.1564877162172958E-09
  9.0724025341887629E+00  7.9369034659293000E-09  7.0399516160985593E-09
  9.1627881678484204E+00  7.8002906555789622E-09  6.9253374713671655E-09
  9.2540742865495300E+00  7.6660921423604273E-09  6.8125838599942477E-09
  9.3462698615553084E+00  7.5342297166596908E-09  6.7016316265471990E-09
  9.4393839535069581E+00  7.4046281922640387E-09  6.5924237969375026E-09
  9.5334257133141733E+00  7.2772180868077617E-09  6.4849079540968770E-09
  9.6284043830544181E+00  7.1519409566403325E-09  6.3790408258747085E-09
  9.7243292968811854E+00  7.0287430551947046E-09  6.2747828564790545E-09
  9.8212098819413782E+00  6.9075724461499821E-09  6.1720957721280059E-09
  9.9190556593017440E+00  6.7883789329835599E-09  6.0709425344677270E-09
  1.0017876244884544E+01  6.6711140095566597E-09  5.9712873110804035E-09
  1.0117681350412624E+01  6.5557308125661692E-09  5.8730954470170053E-09
  1.0218480784363823E+01  6.4421840757549010E-09  5.7763334372890103E-09
  1.0320284452934880E+01  6.3304300811988167E-09  5.6809688958391233E-09
  1.0423102361015040E+01  6.2204265880980083E-09  5.5869705021871933E-09
  1.0526944613169272E+01  6.1121327247521760E-09  5.4943079123858666E-09
  1.0631821414631258E+01  6.0055083913380175E-09  5.4029512040391815E-09
  1.0737743072306447E+01  5.9005158450535374E-09  5.3128723083183507E-09
  1.0844719995784844E+01  5.7971287601731488E-09  5.2240529929182128E-09
  1.0952762698364083E+01  5.6953282481263121E-09  5.1364813645063798E-09
  1.1061881798082702E+01  5.5950958363236974E-09  5.0501457981533729E-09
  1.1172088018763512E+01  5.4964131739397429E-09  4.9650346854283669E-09
  1.1283392191067604E+01  5.3992620299151680E-09  4.8811364332268142E-09
  1.1395805253558704E+01  5.3036242911832085E-09  4.7984394628209310E-09
  1.1509338253778152E+01  5.2094819611071516E-09  4.7169322091221148E-09
  1.1624002349330667E+01  5.1168171589537248E-09  4.6366031209491940E-09
  1.1739808808980843E+01  5.0256121438585573E-09  4.5574406848785062E-09
  1.1856769013760587E+01  4.9358493438611249E-09  4.4794334541335216E-09
  1.1974894458087642E+01  4.8475113017632045E-09  4.4025699975323581E-09
  1.2094196750895209E+01  4.7605807470485037E-09  4.3268389614843006E-09
  1.2214687616772776E+01  4.6750426886821865E-09  4.2522309395616058E-09
  1.2336378897118454E+01  4.5908850467683122E-09  4.1787390181206562E-09
  1.2459282551302653E+01  4.5080958231360106E-09  4.1063562862490131E-09
  1.2583410657843388E+01  4.4266627419249236E-09  4.0350755206871505E-09
  1.2708775415593369E+01  4.3465732637684581E-09  3.9648891972227416E-09
  1.2835389144938823E+01  4.2678146000061007E-09  3.8957895022536665E-09
  1.2963264289010263E+01  4.1903737268918616E-09  3.8277683444862806E-09
  1.3092413414905469E+01  4.1142373997109699E-09  3.7608173666830114E-09
  1.3222849214924386E+01  4.0393921660264340E-09  3.6949279567498434E-09
  1.3354584507816545E+01  3.9658243864007388E-09  3.6300912661598644E-09
  1.3487632240040931E+01  3.8935200634061915E-09  3.5662980437108691E-09
  1.3622005487038129E+01  3.8224647094832555E-09  3.5035385077828047E-09
  1.3757717454515481E+01  3.7526440151179892E-09  3.4418029676403536E-09
  1.3894781479744852E+01  3.6840443478983621E-09  3.3810822743790938E-09
  1.4033211032873307E+01  3.6166520866613757E-09  3.3213672225246525E-09
  1.4173019718247009E+01  3.5504534369961225E-09  3.2626483856982168E-09
  1.4314221275748146E+01  3.4854344459406308E-09  3.2049161294085486E-09
  1.4456829582145206E+01  3.4215810170827285E-09  3.1481606243179104E-09
  1.4600858652456814E+01  3.3588789253993673E-09  3.0923718593893465E-09
  1.4746322641329035E+01  3.2973138318172732E-09  3.0375396548943224E-09
  1.4893235844426396E+01  3.2368712954287590E-09  2.9836536732775412E-09
  1.5041612699836900E+01  3.1775367250254279E-09  2.9307033716676546E-09
  1.5191467789490906E+01  3.1192955187770206E-09  2.8786781359014386E-09
  1.5342815840594128E+01  3.0621336476564157E-09  2.8275678404342813E-09
  1.5495671727075090E+01  3.0060367424490763E-09  2.7773619966488885E-09
  1.5650050471046805E+01  2.9509871976784005E-09  2.7280471071565014E-09
  1.5805967244283053E+01  2.8969658622529074E-09  2.6796082049539887E-09
  1.5963437369709562E+01  2.8439538660459128E-09  2.6320304986909989E-09
  1.6122476322909694E+01  2.7919326695268899E-09  2.5852994193457755E-09
  1.6283099733645422E+01  2.7408840584490050E-09  2.5394006177167888E-09
  1.6445323387393469E+01  2.6907901386198518E-09  2.4943199619273275E-09
  1.6609163226896406E+01  2.6416333307534050E-09  2.4500435349427563E-09
  1.6774635353729671E+01  2.5933963656078036E-09  2.4065576323005630E-09
  1.6941756029883877E+01  2.5460623104333793E-09  2.3638487898505815E-09
  1.7110541679362921E+01  2.4996146003931979E-09  2.3219038161837113E-09
  1.7281008889798212E+01  2.4540366889082757E-09  2.2807094583462577E-09
  1.7453174414078756E+01  2.4093120841790285E-09  2.2402524375207231E-09
  1.7627055171997540E+01  2.3654252592003709E-09  2.2005203003420461E-09
  1.7802668251914437E+01  2.3223616019762167E-09  2.1615013732231359E-09
  1.7980030912435542E+01  2.2801067604825916E-09  2.1231841665532524E-09
  1.8159160584109227E+01  2.2386465828488481E-09  2.0855573218238737E-09
  1.8340074871139258E+01  2.1979671163198495E-09  2.0486096119736179E-09
  1.8522791553114821E+01  2.1580546061711729E-09  2.0123299416705644E-09
  1.8707328586757779E+01  2.1188954945784734E-09  1.9767073475326864E-09
  1.8893704107687498E+01  2.0804764194122278E-09  1.9417309982595776E-09
  1.9081936432203104E+01  2.0427842074967684E-09  1.9073901894702402E-09
  1.9272044059083463E+01  2.0058058409633128E-09  1.8736743126851918E-09
  1.9464045671405316E+01  1.9695285128929791E-09  1.8405729100780167E-09
  1.9657960138379305E+01  1.9339396680833324E-09  1.8080757151923901E-09
  1.9853806517204294E+01  1.8990267455031575E-09  1.7761724119811202E-09
  2.0051604054940466E+01  1.8647770755228610E-09  1.7448525419875078E-09
  2.0251372190400588E+01  1.8311781527246423E-09  1.7141057573328414E-09
  2.0453130556060497E+01  1.7982176931184836E-09  1.6839218742924075E-09
  2.0656898979988650E+01  1.7658836308762173E-09  1.6542908714581503E-09
  2.0862697487794474E+01  1.7341641150134956E-09  1.6252028878249031E-09
  2.1070546304596636E+01  1.7030475061062424E-09  1.5966482208795391E-09
  2.1280465857010611E+01  1.6725223730483050E-09  1.5686173246994779E-09
  2.1492476775156078E+01  1.6425774905348834E-09  1.5411008086938327E-09
  2.1706599894684494E+01  1.6132018451846456E-09  1.5140894445968624E-09
  2.1922856258826673E+01  1.5843846682023597E-09  1.4875741991091428E-09
  2.2141267120460778E+01  1.5561154902752683E-09  1.4615462876940988E-09
  2.2361853944201130E+01  1.5283840807641565E-09  1.4359971180605646E-09
  2.2584638408507566E+01  1.5011801221475446E-09  1.4109179869257339E-09
  2.2809642407815861E+01  1.4744933336070651E-09  1.3863001948785641E-09
  2.3036888054689598E+01  1.4483136326174674E-09  1.3621351963321099E-09
  2.3266397681993201E+01  1.4226311350062194E-09  1.3384146005413320E-09
  2.3498193845086686E+01  1.3974361510669618E-09  1.3151301689644587E-09
  2.3732299324042440E+01  1.3727191817486133E-09  1.2922738126639936E-09
  2.3968737125883898E+01  1.3484709149184981E-09  1.2698375897468019E-09
  2.4207530486846501E+01  1.3246822215147011E-09  1.2478137026793300E-09
  2.4448702874661524E+01  1.3013441501883512E-09  1.2261944941537019E-09
  2.4692277990862070E+01  1.2784479063751310E-09  1.2049724278711081E-09
  2.4938279773112562E+01  1.2559847981951770E-09  1.1841400373947682E-09
  2.5186732397561329E+01  1.2339462264340201E-09  1.1636899176194236E-09
  2.5437660281216285E+01  1.2123237750799201E-09  1.1436148116883944E-09
  2.5691088084344781E+01  1.1911092413554092E-09  1.1239076403157724E-09
  2.5947040712897042E+01  1.1702945917619674E-09  1.1045614616800152E-09
  2.6205543320953758E+01  1.1498719548971616E-09  1.0855694654164137E-09
  2.6466621313198271E+01  1.1298336181508634E-09  1.0669249701823851E-09
  2.6730300347413191E+01  1.1101720244689541E-09  1.0486214212656101E-09
  2.6996606337001865E+01  1.0908797691830990E-09  1.0306523882343049E-09
  2.7265565453535206E+01  1.0719495969495855E-09  1.0130115626677614E-09
  2.7537204129323666E+01  1.0533743986164641E-09  9.9569275577498228E-10
  2.7811549060014823E+01  1.0351472046587183E-09  9.7868989277628137E-10
  2.8088627207217087E+01  1.0172611862193565E-09  9.6199701452534932E-10
  2.8368465801149306E+01  9.9970966045435252E-10  9.4560828320399455E-10
  2.8651092343316783E+01  9.8248609877292635E-10  9.2951799051437136E-10
  2.8936534609214174E+01  9.6558413348129971E-10  9.1372056425326917E-10
  2.9224820651055083E+01  9.4899752817739798E-10  8.9821054107870718E-10
  2.9515978800528817E+01  9.3272016893468876E-10  8.8298255873736371E-10
  2.9810037671585032E+01  9.1674606191951623E-10  8.6803135427707722E-10
  3.0107026163245443E+01  9.0106933105729594E-10  8.5335176229154687E-10
  3.0406973462444054E+01  8.8568421574256784E-10  8.3893871319296787E-10
  3.0709909046895771E+01  8.7058506858809839E-10  8.2478723150863585E-10
  3.1015862687992925E+01  8.5576635302464310E-10  8.1089243404072999E-10
  3.1324864453731475E+01  8.4122264414106921E-10  7.9724953108597936E-10
  3.1636944711665809E+01  8.2694864463970668E-10  7.8385384211122133E-10
  3.1952134131893086E+01  8.1293919657910497E-10  7.7070080747840011E-10
  3.2270463690067594E+01  7.9918921240559146E-10  7.5778592317821615E-10
  3.2591964670444767E+01  7.8569355809792149E-10  7.4510463099951862E-10
  3.2916668668955644E+01  7.7244714928406471E-10  7.3265240944152366E-10
  3.3244607596312186E+01  7.5944501017772472E-10  7.2042482934164353E-10
  3.3575813681143202E+01  7.4668227198959150E-10  7.0841755272254015E-10
  3.3910319473161621E+01  7.3415417045510201E-10  6.9662633080113941E-10
  3.4248157846363526E+01  7.2185604342377362E-10  6.8504700204389567E-10
  3.4589362002258788E+01  7.0978332850846840E-10  6.7367549026714456E-10
  3.4933965473133881E+01  6.9793156085943736E-10  6.6250780283828513E-10
  3.5282002125347553E+01  6.8629637053428119E-10  6.5154002847761382E-10
  3.5633506162658918E+01  6.7487347496673022E-10  6.4076833040294269E-10
  3.5988512129588820E+01  6.6365866772976221E-10  6.3018893585598044E-10
  3.6347054914815047E+01  6.5264783810115863E-10  6.1979815505126423E-10
  3.6709169754600651E+01  6.4183703494304919E-10  6.0959244195442851E-10
  3.7074892236257043E+01  6.3122244035738186E-10  5.9956836947267723E-10
  3.7444258301641575E+01  6.2080031470436712E-10  5.8972257785933787E-10
  3.7817304250689340E+01  6.1056699182846571E-10  5.8005177043777717E-10
  3.8194066744980965E+01  6.0051887758963001E-10  5.7055271242543825E-10
  3.8574582811345458E+01  5.9065244842413178E-10  5.6122222977910344E-10
  3.8958889845498916E+01  5.8096424993434185E-10  5.5205720806102282E-10
  3.9347025615719907E+01  5.7145089551144834E-10  5.4305459132964349E-10
  3.9739028266561064E+01  5.6210906513250431E-10  5.3421138117906470E-10
  4.0134936322597667E+01  5.5293550387631711E-10  5.2552463552243500E-10
  4.0534788692213937E+01  5.4392702323018254E-10  5.1699147003604514E-10
  4.0938624671426702E+01  5.3508048253003607E-10  5.0860904059701453E-10
  4.1346483947747124E+01  5.2639272298770213E-10  5.0037448077920186E-10
  4.1758406604081301E+01  5.1786056447440400E-10  4.9228489929308544E-10
  4.2174433122669356E+01  5.0948088543172582E-10  4.8433745579726867E-10
  4.2594604389063704E+01  5.0125063401051728E-10  4.7652937156996853E-10
  4.3018961696147436E+01  4.9316682636559494E-10  4.6885792805257029E-10
  4.3447546748192302E+01  4.8522654499439120E-10  4.6132046542908269E-10
  4.3880401664957041E+01  4.7742693711977157E-10  4.5391438124188679E-10
  4.4317568985827315E+01  4.6976521311470598E-10  4.4663712904182066E-10
  4.4759091673995620E+01  4.6223864468154581E-10  4.3948621682001298E-10
  4.5205013120683958E+01  4.5484456270770139E-10  4.3245920514234222E-10
  4.5655377149408352E+01  4.4758035422616773E-10  4.2555370435266035E-10
  4.6110228020285071E+01  4.4044348271167762E-10  4.1876739410452882E-10
  4.6569610434380913E+01  4.3343159345483581E-10  4.1209812386795859E-10
  4.7033569538105986E+01  4.2654259259009142E-10  4.0554398757225304E-10
  4.7502150927650497E+01  4.1977447887542903E-10  3.9910316391275420E-10
  4.7975400653465975E+01  4.1312527744066727E-10  3.9277385372208711E-10
  4.8453365224790815E+01  4.0659303910132424E-10  3.8655427940537973E-10
  4.8936091614220928E+01  4.0017584028888904E-10  3.8044268495586112E-10
  4.9423627262326299E+01  3.9387178297063535E-10  3.7443733595869816E-10
  4.9916020082313089E+01  3.8767899455949207E-10  3.6853651958358297E-10
  5.0413318464732313E+01  3.8159562791541591E-10  3.6273854465277301E-10
  5.0915571282235682E+01  3.7561986139446877E-10  3.5704174172463749E-10
  5.1422827894378536E+01  3.6974989689419939E-10  3.5144446136485028E-10
  5.1935138152470557E+01  3.6398394977939024E-10  3.4594506460274968E-10
  5.2452552404475270E+01  3.5832019460641821E-10  3.4054187122154393E-10
  5.2975121499957901E+01  3.5275668447422973E-10  3.3523308332412968E-10
  5.3502896795082499E+01  3.4729143187565878E-10  3.3001686247827813E-10
  5.4035930157659564E+01  3.4192248913753669E-10  3.2489140610631773E-10
  5.4574273972242779E+01  3.3664795105279236E-10  3.1985495004766552E-10
  5.5117981145277469E+01  3.3146595387663880E-10  3.1490576767538485E-10
  5.5667105110300362E+01  3.2637467434830004E-10  3.1004216903445523E-10
  5.6221699833190179E+01  3.2137232873760501E-10  3.0526250000120583E-10
  5.6781819817471764E+01  3.1645717190623681E-10  3.0056514145543813E-10
  5.7347520109672274E+01  3.1162749658143046E-10  2.9594850865264074E-10
  5.7918856304730802E+01  3.0688163392622684E-10  2.9141105176609296E-10
  5.8495884551462339E+01  3.0221795065310540E-10  2.8695125322903747E-10
  5.9078661558075780E+01  2.9763484788661540E-10  2.8256762673765186E-10
  5.9667244597746716E+01  2.9313076150278893E-10  2.7825871762943443E-10
  6.0261691514246486E+01  2.8870415815244182E-10  2.7402309915263795E-10
  6.0862060727626591E+01  2.8435353678333945E-10  2.6985937395485641E-10
  6.1468411239959877E+01  2.8007742847266849E-10  2.6576617396928764E-10
  6.2080802641139364E+01  2.7587439568011285E-10  2.6174215974994291E-10
  6.2699295114734390E+01  2.7174303151982489E-10  2.5778601982304079E-10
  6.3323949443904972E+01  2.6768195905080864E-10  2.5389647005416706E-10
  6.3954827017375791E+01  2.6368983058582840E-10  2.5007225303135229E-10
  6.4591989835469036E+01  2.5976532688339925E-10  2.4631213734053298E-10
  6.5235500516197334E+01  2.5590715417012411E-10  2.4261491488036335E-10
  6.5885422301418117E+01  2.5211404295326761E-10  2.3897939978166733E-10
  6.6541819063048464E+01  2.4838476090386282E-10  2.3540444058352646E-10
  6.7204755309342033E+01  2.4471818333742615E-10  2.3188898727264101E-10
  6.7874296191229377E+01  2.4111336916798067E-10  2.2843216333782539E-10
  6.8550507508719917E+01  2.3756943314036409E-10  2.2503314436091878E-10
  6.9233455717368841E+01  2.3408549711115865E-10  2.2169111179798999E-10
  6.9923207934808616E+01  2.3066068996179900E-10  2.1840525291688098E-10
  7.0619831947344096E+01  2.2729414781326988E-10  2.1517476101954444E-10
  7.1323396216615137E+01  2.2398501422989549E-10  2.1199883565271767E-10
  7.2033969886324428E+01  2.2073244041291074E-10  2.0887668280728159E-10
  7.2751622789032453E+01  2.1753558541729156E-10  2.0580751513385675E-10
  7.3476425453020852E+01  2.1439361748649683E-10  2.0279055314686127E-10
  7.4208449109223452E+01  2.1130571547088407E-10  1.9982502652222906E-10
  7.4947765698226348E+01  2.0827106516742558E-10  1.9691017074072452E-10
  7.5694447877338405E+01  2.0528882717293144E-10  1.9404519658733741E-10
  7.6448569027731523E+01  2.0235804007522364E-10  1.9122919828311638E-10
  7.7210203261652069E+01  1.9947768261059734E-10  1.8846121257534353E-10
  7.7979425429704762E+01  1.9664675345954814E-10  1.8574029445531314E-10
  7.8756311128208452E+01  1.9386427390339232E-10  1.8306551965835886E-10
  7.9540936706625601E+01  1.9112928732666567E-10  1.8043598416140275E-10
  8.0333379275065269E+01  1.8844085874833724E-10  1.7785080369384312E-10
  8.1133716711861737E+01  1.8579807438573095E-10  1.7530911326138389E-10
  8.1942027671227848E+01  1.8320004125340910E-10  1.7281006668115772E-10
  8.2758391590984587E+01  1.8064588656501803E-10  1.7035283591624046E-10
  8.3582888700368429E+01  1.7813475589570875E-10  1.6793660924992757E-10
  8.4415600027915758E+01  1.7566581255478304E-10  1.6556059045616691E-10
  8.5256607409425840E+01  1.7323824778081930E-10  1.6322400809398712E-10
  8.6105993496003691E+01  1.7085132436851537E-10  1.6092615642799670E-10
  8.6963841762182582E+01  1.6850437693851349E-10  1.5866639507861760E-10
  8.7830236514127606E+01  1.6619676014994517E-10  1.5644409911434169E-10
  8.8705262897920775E+01  1.6392784354354793E-10  1.5425865303448995E-10
  8.9589006907929246E+01  1.6169701313408783E-10  1.5210945067280212E-10
  9.0481555395256450E+01  1.5950367372032311E-10  1.4999589510049553E-10
  9.1382996076276996E+01  1.5734725218220312E-10  1.4791739852886043E-10
  9.2293417541257881E+01  1.5522720200394068E-10  1.4587338221222366E-10
  9.3212909263064375E+01  1.5314300892199333E-10  1.4386327639340179E-10
  9.4141561605952916E+01  1.5109419691325590E-10  1.4188652111183742E-10
  9.5079465834452265E+01  1.4908033181583075E-10  1.3994257123533270E-10
  9.6026714122332294E+01  1.4710099604616107E-10  1.3803089682059293E-10
  9.6983399561662708E+01  1.4515562588166423E-10  1.3615090432655234E-10
  9.7949616171961353E+01  1.4324327476938380E-10  1.3430184378164670E-10
  9.8925458909434724E+01  1.4136267754026754E-10  1.3248294272269930E-10
  9.9911023676309583E+01  1.3951247708472136E-10  1.3069345127891512E-10
  1.0090640733025764E+02  1.3769153978415174E-10  1.2893264160571438E-10
  1.0191170769391489E+02  1.3589905397101115E-10  1.2719980717987692E-10
  1.0292702356449502E+02  1.3413440595725684E-10  1.2549426212427865E-10
  1.0395245472349852E+02  1.3239704702274308E-10  1.2381534056075795E-10
  1.0498810194651942E+02  1.3068643161083864E-10  1.2216239598914939E-10
  1.0603406701314877E+02  1.2900200246819917E-10  1.2053480036169649E-10
  1.0709045271697734E+02  1.2734318666536099E-10  1.1893193790324473E-10
  1.0815736287569740E+02  1.2570938443239417E-10  1.1735318912868652E-10
  1.0923490234130617E+02  1.2410003169773880E-10  1.1579798341350776E-10
  1.1032317701040999E+02  1.2251481052740857E-10  1.1426599235230108E-10
  1.1142229383463103E+02  1.2095353376983996E-10  1.1275701763814390E-10
  1.1253236083111889E+02  1.1941601002511886E-10  1.1127086128031787E-10
  1.1365348709316571E+02  1.1790204084212481E-10  1.0980732185750609E-10
  1.1478578280092711E+02  1.1641142096696813E-10  1.0836619479319739E-10
  1.1592935923225103E+02  1.1494394033611854E-10  1.0694727262747841E-10
  1.1708432877361322E+02  1.1349938548300212E-10  1.0555034528487667E-10
  1.1825080493116239E+02  1.1207754024245053E-10  1.0417520033727700E-10
  1.1942890234187473E+02  1.1067818627525175E-10  1.0282162335936828E-10
  1.2061873678482065E+02  1.0930110453128700E-10  1.0148940035850113E-10
  1.2182042519254291E+02  1.0794608658806129E-10  1.0017832824638398E-10
  1.2303408566254780E+02  1.0661292527628494E-10  9.8888205003574556E-11
  1.2425983746891210E+02  1.0530128339734107E-10  9.7618705808207794E-11
  1.2549780107400464E+02  1.0401068378828600E-10  9.6369374007596374E-11
  1.2674809814032434E+02  1.0274064710960628E-10  9.5139751887624793E-11
  1.2801085154245766E+02  1.0149070536344862E-10  9.3929393845276634E-11
  1.2928618537915378E+02  1.0026040334164783E-10  9.2737866022125185E-11
  1.3057422498552029E+02  9.9049299461277345E-11  9.1564745951476026E-11
  1.3187509694534126E+02  9.7856964063765677E-11  9.0409622218602241E-11
  1.3318892910351715E+02  9.6682978244459074E-11  8.9272094134289424E-11
  1.3451585057862897E+02  9.5526933086100453E-11  8.8151771415277931E-11
  1.3585599177562716E+02  9.4388429098550428E-11  8.7048273562277615E-11
  1.3720948439864816E+02  9.3267074203249581E-11  8.5961227127710066E-11
  1.3857646146395723E+02  9.2162480474436541E-11  8.4890262257763644E-11
  1.3995705731302061E+02  9.1074280794274687E-11  8.3835028806167036E-11
  1.4135140762570873E+02  9.0002150398145978E-11  8.2795217563537730E-11
  1.4275964943363002E+02  8.8945779161325306E-11  8.1770533982029479E-11
  1.4418192113359743E+02  8.7904864751721945E-11  8.0760690021612625E-11
  1.4561836250123042E+02  8.6879113077202434E-11  7.9765403976838176E-11
  1.4706911470469097E+02  8.5868236996611539E-11  7.8784400322691007E-11
  1.4853432031855743E+02  8.4871955242789463E-11  7.7817409564662689E-11
  1.5001412333783560E+02  8.3889992107221053E-11  7.6864168092814365E-11
  1.5150866919211089E+02  8.2922077044772831E-11  7.5924418045090428E-11
  1.5301810475984021E+02  8.1967945329676231E-11  7.4997907282683649E-11
  1.5454257838278608E+02  8.1027339263591299E-11  7.4084389588708563E-11
  1.5608223988059621E+02  8.0100006361707577E-11  7.3183624292557327E-11
  1.5763724056552664E+02  7.9185699892248816E-11  7.2295377355931034E-11
  1.5920773325731159E+02  7.8284187267102184E-11  7.1419427218890158E-11
  1.6079387229818332E+02  7.7395246736201545E-11  7.0555560601205218E-11
  1.6239581356803913E+02  7.6518661503297042E-11  6.9703568525201057E-11
  1.6401371449976148E+02  7.5654217769681120E-11  6.8863246133244756E-11
  1.6564773409468907E+02  7.4801705190312479E-11  6.8034392598292666E-11
  1.6729803293824384E+02  7.3960917888168705E-11  6.7216811036583164E-11
  1.6896477321571228E+02  7.3131654135822975E-11  6.6410308422423565E-11
  1.7064811872818387E+02  7.2313716014669525E-11  6.5614695502637627E-11
  1.7234823490864991E+02  7.1506909091478317E-11  6.4829786691841679E-11
  1.7406528883826113E+02  7.0711041247386244E-11  6.4055399892670204E-11
  1.7579944926274729E+02  6.9925924490175493E-11  6.3291356288909117E-11
  1.7755088660900179E+02  6.9151376493728076E-11  6.2537480082150813E-11
  1.7931977300183021E+02  6.8387215733247815E-11  6.1793596372719592E-11
  1.8110628228086625E+02  6.7633260222434875E-11  6.1059531337538029E-11
  1.8291059001765527E+02  6.6889331511886243E-11  6.0335114480682905E-11
  1.8473287353291002E+02  6.6155255491212045E-11  5.9620178751767922E-11
  1.8657331191393655E+02  6.5430860889465173E-11  5.8914560469945335E-11
  1.8843208603223357E+02  6.4715978152156877E-11  5.8218099249795816E-11
  1.9030937856126897E+02  6.4010440763915722E-11  5.7530637929055905E-11
  1.9220537399443191E+02  6.3314086906798742E-11  5.6852022499084955E-11
  1.9412025866316338E+02  6.2626758801088813E-11  5.6182102049365640E-11
  1.9605422075526931E+02  6.1948302604324099E-11  5.5520728766157127E-11
  1.9800745033341434E+02  6.1278569494491829E-11  5.4867757697559405E-11
  1.9998013935380087E+02  6.0617409797988598E-11  5.4223044954130839E-11
  2.0197248168503279E+02  5.9964669305033520E-11  5.3586445660381570E-11
  2.0398467312716963E+02  5.9320194557714809E-11  5.2957815591781705E-11
  2.0601691143096838E+02  5.8683835552015604E-11  5.2337013368109459E-11
  2.0806939631731709E+02  5.8055446220525607E-11  5.1723900626131779E-11
  2.1014232949686374E+02  5.7434884945237391E-11  5.1118341951547184E-11
  2.1223591468983940E+02  5.6822013314132988E-11  5.0520204812639797E-11
  2.1435035764607821E+02  5.6216695489230447E-11  4.9929359495662864E-11
  2.1648586616523892E+02  5.5618798847660921E-11  4.9345679041785355E-11
  2.1864265011722594E+02  5.5028193451644576E-11  4.8769039181826820E-11
  2.2082092146281516E+02  5.4444750488800576E-11  4.8199318318613389E-11
  2.2302089427448351E+02  5.3868342328790751E-11  4.7636397809717541E-11
  2.2524278475744865E+02  5.3298845692496278E-11  4.7080162988482813E-11
  2.2748681127091626E+02  5.2736147065568671E-11  4.6530504960730396E-11
  2.2975319434953869E+02  5.2180141577985899E-11  4.5987321183231516E-11
  2.3204215672508994E+02  5.1630725565089934E-11  4.5450512244077644E-11
  2.3435392334835390E+02  5.1087797311533431E-11  4.4919980578498061E-11
  2.3668872141123131E+02  5.0551256773407143E-11  4.4395630416422380E-11
  2.3904678036906850E+02  5.0021002763007846E-11  4.3877367747419095E-11
  2.4142833196320655E+02  4.9496935769151196E-11  4.3365100286422606E-11
  2.4383361024375654E+02  4.8978960622986428E-11  4.2858737440229272E-11
  2.4626285159260007E+02  4.8466985177573750E-11  4.2358190276506392E-11
  2.4871629474662143E+02  4.7960919583028292E-11  4.1863371488712806E-11
  2.5119418082116917E+02  4.7460675483552989E-11  4.1374195205378509E-11
  2.5369675333375122E+02  4.6966163404729356E-11  4.0890576416546724E-11
  2.5622425822796822E+02  4.6477291631144608E-11  4.0412430710774554E-11
  2.5877694389768362E+02  4.5993971235454091E-11  3.9939675500230431E-11
  2.6135506121143368E+02  4.5516119446337460E-11  3.9472230447249457E-11
  2.6395886353708374E+02  4.5043653001355286E-11  3.9010016754239974E-11
  2.6658860676672714E+02  4.4576488094168501E-11  3.8552957080489003E-11
  2.6924454934183393E+02  4.4114546160145602E-11  3.8100975514491862E-11
  2.7192695227864840E+02  4.3657750384331572E-11  3.7653997546890282E-11
  2.7463607919384236E+02  4.3206023062880018E-11  3.7211950044005118E-11
  2.7737219633042201E+02  4.2759287075915656E-11  3.6774761221719813E-11
  2.8013557258389176E+02  4.2317466218163607E-11  3.6342360623347767E-11
  2.8292647952868271E+02  4.1880486384026048E-11  3.5914679154888163E-11
  2.8574519144484066E+02  4.1448277740251449E-11  3.5491649417387434E-11
  2.8859198534498051E+02  4.1020773158653020E-11  3.5073205930592145E-11
  2.9146714100151218E+02  4.0597904824767513E-11  3.4659284310259486E-11
  2.9437094097413387E+02  4.0179603529917033E-11  3.4249820528518836E-11
  2.9730367063760212E+02  3.9765800230877076E-11  3.3844751583558447E-11
  3.0026561820977571E+02  3.9356427656362380E-11  3.3444015630116284E-11
  3.0325707477994280E+02  3.8951422007117881E-11  3.3047551958310001E-11
  3.0627833433742711E+02  3.8550722646601645E-11  3.2655300972901274E-11
  3.0932969380047899E+02  3.8154269297455933E-11  3.2267204173006360E-11
  3.1241145304545768E+02  3.7762000718816054E-11  3.1883204132299796E-11
  3.1552391493630080E+02  3.7373854957627407E-11  3.1503244475636090E-11
  3.1866738535428794E+02  3.6989770355281889E-11  3.1127269857076807E-11
  3.2184217322810321E+02  3.6609688528203681E-11  3.0755225899279654E-11
  3.2504859056419474E+02  3.6233554570179387E-11  3.0387059148218054E-11
  3.2828695247743781E+02  3.5861314860326737E-11  3.0022717799423160E-11
  3.3155757722210200E+02  3.5492917387088217E-11  2.9662152647642805E-11
  3.3486078622312988E+02  3.5128310023118276E-11  2.9305315877310520E-11
  3.3819690410772489E+02  3.4767439585574011E-11  2.8952160482664693E-11
  3.4156625873725295E+02  3.4410255891140892E-11  2.8602640248755572E-11
  3.4496918123946597E+02  3.4056714024888876E-11  2.8256709738589435E-11
  3.4840600604104253E+02  3.3706768374787510E-11  2.7914324280518923E-11
  3.5187707090045313E+02  3.3360369484064118E-11  2.7575439955867153E-11
  3.5538271694115605E+02  3.3017468385293115E-11  2.7240013586964108E-11
  3.5892328868512016E+02  3.2678018602680095E-11  2.6908002734727308E-11
  3.6249913408668419E+02  3.2341975683409434E-11  2.6579365674207034E-11
  3.6611060456675062E+02  3.2009296969561113E-11  2.6254061350376151E-11
  3.6975805504732443E+02  3.1679940677516735E-11  2.5932049476362912E-11
  3.7344184398639266E+02  3.1353864725891178E-11  2.5613291111233235E-11
  3.7716233341315058E+02  3.1031026478995632E-11  2.5297748446583457E-11
  3.8091988896358350E+02  3.0711385441361359E-11  2.4985384303901146E-11
  3.8471487991639873E+02  3.0394904104799271E-11  2.4676162099266692E-11
  3.8854767922931541E+02  3.0081544001602256E-11  2.4370045834559079E-11
  3.9241866357572064E+02  2.9771263594520688E-11  2.4067000088814380E-11
  3.9632821338168492E+02  2.9464022957569102E-11  2.3766990009733525E-11
  4.0027671286335067E+02  2.9159785842519357E-11  2.3469981305925143E-11
  4.0426455006468956E+02  2.8858518979215887E-11  2.3175940241604406E-11
  4.0829211689564050E+02  2.8560189906881896E-11  2.2884833663787947E-11
  4.1235980917062386E+02  2.8264762574610758E-11  2.2596629256102547E-11
  4.1646802664743973E+02  2.7972198462467068E-11  2.2311295992449880E-11
  4.2061717306655663E+02  2.7682461722505550E-11  2.2028804635700468E-11
  4.2480765619078880E+02  2.7395523478584670E-11  2.1749127324389588E-11
  4.2903988784536801E+02  2.7111358497298938E-11  2.1472236640115193E-11
  4.3331428395841920E+02  2.6829939753985293E-11  2.1198105492565679E-11
  4.3763126460183429E+02  2.6551236847307381E-11  2.0926707116603280E-11
  4.4199125403255630E+02  2.6275218016811332E-11  2.0658015069376046E-11
  4.4639468073427196E+02  2.6001852466949857E-11  2.0392003227456312E-11
  4.5084197745952423E+02  2.5731113592887702E-11  2.0128645783879855E-11
  4.5533358127224022E+02  2.5462979542988996E-11  1.9867917239977989E-11
  4.5986993359068299E+02  2.5197422309212145E-11  1.9609792379302271E-11
  4.6445148023083493E+02  2.4934406829223511E-11  1.9354246104980110E-11
  4.6907867145021004E+02  2.4673904664997163E-11  1.9101253100691320E-11
  4.7375196199210166E+02  2.4415891713771392E-11  1.8850787366302359E-11
  4.7847181113027608E+02  2.4160339328024995E-11  1.8602822069578168E-11
  4.8323868271410686E+02  2.3907215591007021E-11  1.8357330531128834E-11
  4.8805304521415860E+02  2.3656490190658289E-11  1.8114286531184924E-11
  4.9291537176822976E+02  2.3408135648254934E-11  1.7873664304670935E-11
  4.9782614022784821E+02  2.3162124341192941E-11  1.7635438534473941E-11
  5.0278583320523489E+02  2.2918426654170827E-11  1.7399584344811209E-11
  5.0779493812072985E+02  2.2677012839090097E-11  1.7166077294699295E-11
  5.1285394725069830E+02  2.2437854912132541E-11  1.6934893372682409E-11
  5.1796335777590718E+02  2.2200926352045968E-11  1.6706008995857088E-11
  5.2312367183038555E+02  2.1966201673984211E-11  1.6479401055081796E-11
  5.2833539655077516E+02  2.1733652642828682E-11  1.6255047168169277E-11
  5.3359904412616834E+02  2.1503251611450409E-11  1.6032926009215724E-11
  5.3891513184844268E+02  2.1274979944646150E-11  1.5813017148230260E-11
  5.4428418216310172E+02  2.1048822377612602E-11  1.5595300562880572E-11
  5.4970672272061677E+02  2.0824756466782722E-11  1.5379756525727964E-11
  5.5518328642828351E+02  2.0602755227443871E-11  1.5166365599902102E-11
  5.6071441150259204E+02  2.0382793696787788E-11  1.4955108635633923E-11
  5.6630064152212412E+02  2.0164849097705642E-11  1.4745966766815371E-11
  5.7194252548097234E+02  1.9948900504008040E-11  1.4538921407585267E-11
  5.7764061784269165E+02  1.9734927329238906E-11  1.4333954248886108E-11
  5.8339547859479296E+02  1.9522907313891977E-11  1.4131047255632211E-11
  5.8920767330377589E+02  1.9312815811588868E-11  1.3930182685136842E-11
  5.9507777317070793E+02  1.9104633061598285E-11  1.3731343214742288E-11
  6.0100635508736354E+02  1.8898348408178274E-11  1.3534511792608564E-11
  6.0699400169291732E+02  1.8693941807889503E-11  1.3339669365964740E-11
  6.1304130143120415E+02  1.8491378719101972E-11  1.3146794354311801E-11
  6.1914884860854681E+02  1.8290630764734762E-11  1.2955865370881666E-11
  6.2531724345216639E+02  1.8091677447735451E-11  1.2766861563691246E-11
  6.3154709216916831E+02  1.7894496210184202E-11  1.2579762605312852E-11
  6.3783900700611605E+02  1.7699061206762824E-11  1.2394548682818755E-11
  6.4419360630920460E+02  1.7505347271998723E-11  1.2211200487890404E-11
  6.5061151458502729E+02  1.7313331285604821E-11  1.2029699207056793E-11
  6.5709336256194752E+02  1.7122991341629874E-11  1.1850026510732462E-11
  6.6363978725208915E+02  1.6934306655373924E-11  1.1672164524252334E-11
  6.7025143201393666E+02  1.6747255841477398E-11  1.1496095640908940E-11
  6.7692894661556318E+02  1.6561812704416842E-11  1.1321802280650676E-11
  6.8367298729848505E+02  1.6377952421667815E-11  1.1149269261177457E-11
  6.9048421684215862E+02  1.6195666946357075E-11  1.0978487240903120E-11
  6.9736330462911371E+02  1.6014955208818229E-11  1.0809448404606196E-11
  7.0431092671073600E+02  1.5835806763562245E-11  1.0642144893109418E-11
  7.1132776587371109E+02  1.5658205782102689E-11  1.0476568799600067E-11
  7.1841451170712446E+02  1.5482140902726732E-11  1.0312712172077331E-11
  7.2557186067022894E+02  1.5307603602373824E-11  1.0150567015744407E-11
  7.3280051616089497E+02  1.5134584258147889E-11  9.9901252953443582E-12
  7.4010118858473481E+02  1.4963070845315359E-11  9.8313789374493173E-12
  7.4747459542492049E+02  1.4793051037030205E-11  9.6743198318915670E-12
  7.5492146131269158E+02  1.4624515301867330E-11  9.5189399553378759E-12
  7.6244251809857462E+02  1.4457456029806052E-11  9.3652319641501857E-12
  7.7003850492430479E+02  1.4291861030011991E-11  9.2131871914088725E-12
  7.7771016829545999E+02  1.4127702606393362E-11  9.0627873045261227E-12
  7.8545826215483623E+02  1.3964950363590305E-11  8.9140090010592909E-12
  7.9328354795653706E+02  1.3803582631240538E-11  8.7668297447932886E-12
  8.0118679474079545E+02  1.3643576857771544E-11  8.6212279258499285E-12
  8.0916877920957268E+02  1.3484902373492111E-11  8.4771828380452870E-12
  8.1723028580287735E+02  1.3327526671668345E-11  8.3346746567780334E-12
  8.2537210677585620E+02  1.3171423831320852E-11  8.1936844174001743E-12
  8.3359504227665695E+02  1.3016572372750032E-11  8.0541939939955282E-12
  8.4189990042506918E+02  1.2862948856530663E-11  7.9161860795190377E-12
  8.5028749739193313E+02  1.2710529954342005E-11  7.7796441372669384E-12
  8.5875865747935529E+02  1.2559293925681954E-11  7.6445519668486639E-12
  8.6731421320172251E+02  1.2409218696729259E-11  7.5108940638451544E-12
  8.7595500536750819E+02  1.2260291923444255E-11  7.3786623613601897E-12
  8.8468188316190970E+02  1.2112511458729781E-11  7.2478568870843038E-12
  8.9349570423030741E+02  1.1965872356431798E-11  7.1184781783518012E-12
  9.0239733476254082E+02  1.1820370773038549E-11  6.9905264815046463E-12
  9.1138764957804017E+02  1.1676011110928427E-11  6.8640017555027682E-12
  9.2046753221180518E+02  1.1532799408238254E-11  6.7389036755908125E-12
  9.2963787500122521E+02  1.1390735907267902E-11  6.6152316370133654E-12
  9.3889957917378024E+02  1.1249816883489431E-11  6.4929847587661677E-12
  9.4825355493561597E+02  1.1110037763780522E-11  6.3721618867245538E-12
  9.5770072156098342E+02  1.0971394188539127E-11  6.2527615881332910E-12
  9.6724200748258886E+02  1.0833883136199183E-11  6.1347822072545334E-12
  9.7687835038284129E+02  1.0697502806140698E-11  6.0182219383753030E-12
  9.8661069728599375E+02  1.0562249943741426E-11  5.9030772764076364E-12
  9.9644000465121826E+02  1.0428118037115104E-11  5.7893412649810838E-12
  1.0063672384666098E+03  1.0295098529155711E-11  5.6770062803821481E-12
  1.0163933743441078E+03  1.0163177828069642E-11  5.5660648403654354E-12
  1.0265193976153819E+03  1.0032341833715573E-11  5.4565095979312184E-12
  1.0367463034286725E+03  9.9025838497554112E-12  5.3483333335600119E-12
  1.0470750968465779E+03  9.7739002453312310E-12  5.2415289474586071E-12
  1.0575067929448351E+03  9.6462818265337029E-12  5.1360894518192713E-12
  1.0680424169120834E+03  9.5197163004263818E-12  5.0320079630356242E-12
  1.0786830041506030E+03  9.3941937701309525E-12  4.9292776987137714E-12
  1.0894296003780776E+03  9.2697069295902243E-12  4.8278919796371792E-12
  1.1002832617303686E+03  9.1462487138307197E-12  4.7278441885244674E-12
  1.1112450548653046E+03  9.0238118080310496E-12  4.6291281409233668E-12
  1.1223160570674938E+03  8.9023911049791671E-12  4.5317392234912260E-12
  1.1334973563542230E+03  8.7819836557755437E-12  4.4356734664138780E-12
  1.1447900515823692E+03  8.6625879987992393E-12  4.3409267553500676E-12
  1.1561952525563786E+03  8.5442013973860599E-12  4.2474948126939578E-12
  1.1677140801373607E+03  8.4268166653882618E-12  4.1553731971371858E-12
  1.1793476663532297E+03  8.3104266032159641E-12  4.0645573032517284E-12
  1.1910971545099408E+03  8.1950301233413503E-12  3.9750423610957682E-12
  1.2029636993038785E+03  8.0806280061460248E-12  3.8868234358550732E-12
  1.2149484669353205E+03  7.9672166916387568E-12  3.7998954254025269E-12
  1.2270526352230443E+03  7.8547899449526213E-12  3.7142530448331088E-12
  1.2392773937200825E+03  7.7433413682123316E-12  3.6298908328430003E-12
  1.2516239438306379E+03  7.6328652340961635E-12  3.5468030222010336E-12
  1.2640934989281357E+03  7.5233565422356344E-12  3.4649826585313651E-12
  1.2766872844744776E+03  7.4148098537160098E-12  3.3844217678096134E-12
  1.2894065381404839E+03  7.3072192711571887E-12  3.3051123289028110E-12
  1.3022525099275115E+03  7.2005787732153745E-12  3.2270463473584270E-12
  1.3152264622903067E+03  7.0948818348038274E-12  3.1502158478082189E-12
  1.3283296702610826E+03  6.9901202677987359E-12  3.0746128665065026E-12
  1.3415634215748100E+03  6.8862838275838378E-12  3.0002294440092641E-12
  1.3549290167957777E+03  6.7833634525926444E-12  2.9270576179959165E-12
  1.3684277694454149E+03  6.6813583471660893E-12  2.8550894163486090E-12
  1.3820610061313650E+03  6.5802726062444612E-12  2.7843168530605951E-12
  1.3958300666778662E+03  6.4801014106164280E-12  2.7147318876250032E-12
  1.4097363042574334E+03  6.3808319993018890E-12  2.6463263977527325E-12
  1.4237810855238256E+03  6.2824553378360954E-12  2.5790930228848032E-12
  1.4379657907463659E+03  6.1849709519539939E-12  2.5130258777973482E-12
  1.4522918139455953E+03  6.0883824488774522E-12  2.4481191103251069E-12
  1.4667605630302564E+03  5.9926904848979009E-12  2.3843665637604341E-12
  1.4813734599356656E+03  5.8978900027274128E-12  2.3217617820564886E-12
  1.4961319407634644E+03  5.8039770451467669E-12  2.2602980153886650E-12
  1.5110374559227371E+03  5.7109525595130418E-12  2.1999682258275754E-12
  1.5260914702725593E+03  5.6188180219335818E-12  2.1407650931207330E-12
  1.5412954632659691E+03  5.5275716907085425E-12  2.0826810206097397E-12
  1.5566509290953434E+03  5.4372090913477060E-12  2.0257081410885599E-12
  1.5721593768392513E+03  5.3477289813460914E-12  1.9698383407766755E-12
  1.5878223306107695E+03  5.2591357215380311E-12  1.9150633299595141E-12
  1.6036413297072486E+03  5.1714305166596932E-12  1.8613743180815076E-12
  1.6196179287615973E+03  5.0846076003341817E-12  1.8087611007049353E-12
  1.6357536978950779E+03  4.9986579831318119E-12  1.7572128697845642E-12
  1.6520502228715916E+03  4.9135714669108167E-12  1.7067187728875313E-12
  1.6685091052535299E+03  4.8293427486816547E-12  1.6572679191324548E-12
  1.6851319625591793E+03  4.7459718065304036E-12  1.6088493760273595E-12
  1.7019204284216812E+03  4.6634581226809944E-12  1.5614521665827707E-12
  1.7188761527495535E+03  4.5817986722458252E-12  1.5150652667025563E-12
  1.7360008018888809E+03  4.5009883265716699E-12  1.4696776028403055E-12
  1.7532960587870562E+03  4.4210205415753759E-12  1.4252780495865992E-12
  1.7707636231581519E+03  4.3418893640593375E-12  1.3818554221903289E-12
  1.7884052116500050E+03  4.2635924320486405E-12  1.3393984473160877E-12
  1.8062225580129027E+03  4.1861306030795639E-12  1.2978957902592677E-12
  1.8242174132699449E+03  4.1095026887732508E-12  1.2573363602580199E-12
  1.8423915458891731E+03  4.0337034797839151E-12  1.2177092500270290E-12
  1.8607467419573441E+03  3.9587275979585690E-12  1.1790034497660415E-12
  1.8792848053554555E+03  3.8845719723108243E-12  1.1412078308711130E-12
  1.8980075579360309E+03  3.8112353825538699E-12  1.1043111497174449E-12
  1.9169168397021785E+03  3.7387177076945693E-12  1.0683020516383160E-12
  1.9360145089883949E+03  3.6670192354206245E-12  1.0331690750963183E-12
  1.9553024426432080E+03  3.5961398558979278E-12  9.9890065604554875E-13
  1.9747825362136377E+03  3.5260785003559205E-12  9.6548513265536166E-13
  1.9944567041314610E+03  3.4568328565229108E-12  9.3291075224040792E-13
  2.0143268799013656E+03  3.3883993618674977E-12  9.0116568818581514E-13
  2.0343950162909803E+03  3.3207742870492595E-12  8.7023805706805126E-13
  2.0546630855227618E+03  3.2539562131908338E-12  8.4011584019094483E-13
  2.0751330794678302E+03  3.1879463369380732E-12  8.1078681960719570E-13
  2.0958070098417329E+03  3.1227440296398644E-12  7.8223870640098890E-13
  2.1166869084021264E+03  3.0583447449339731E-12  7.5445917039880605E-13
  2.1377748271484602E+03  2.9947441641564682E-12  7.2743584463708800E-13
  2.1590728385236557E+03  2.9319410105850267E-12  7.0115632998429604E-13
  2.1805830356177471E+03  2.8699352638984840E-12  6.7560819991311560E-13
  2.2023075323736016E+03  2.8087254982259352E-12  6.5077900541358844E-13
  2.2242484637946795E+03  2.7483090662471895E-12  6.2665628001292035E-13
  2.2464079861548280E+03  2.6886841087443692E-12  6.0322754451587983E-13
  2.2687882772102066E+03  2.6298500469412822E-12  5.8048030957622405E-13
  2.2913915364133222E+03  2.5718056226356529E-12  5.5840207532269627E-13
  2.3142199851291548E+03  2.5145462221780300E-12  5.3698034423963195E-13
  2.3372758668534798E+03  2.4580655428176821E-12  5.1620265386345891E-13
  2.3605614474333643E+03  2.4023626125335624E-12  4.9605656570660870E-13
  2.3840790152898180E+03  2.3474427778641637E-12  4.7652965938303512E-13
  2.4078308816427048E+03  2.2933084136292142E-12  4.5760953837783234E-13
  2.4318193807378952E+03  2.2399553364775141E-12  4.3928383598674973E-13
  2.4560468700766396E+03  2.1873782136841827E-12  4.2154022127457140E-13
  2.4805157306472670E+03  2.1355731876098734E-12  4.0436640504069321E-13
  2.5052283671591931E+03  2.0845368538938531E-12  3.8775014578693516E-13
  2.5301872082792374E+03  2.0342651990187990E-12  3.7167925582970244E-13
  2.5553947068702714E+03  1.9847544649374934E-12  3.5614160838521237E-13
  2.5808533402323364E+03  1.9360028081209715E-12  3.4112514702827217E-13
  2.6065656103460738E+03  1.8880099168600182E-12  3.2661789676141203E-13
  2.6325340441185776E+03  1.8407752634380667E-12  3.1260797038717234E-13
  2.6587611936317944E+03  1.7942964502202588E-12  2.9908356345927047E-13
  2.6852496363933001E+03  1.7485694776244674E-12  2.8603295449161484E-13
  2.7120019755895737E+03  1.7035922016335182E-12  2.7344451078375020E-13
  2.7390208403418969E+03  1.6593655318258113E-12  2.6130669433044263E-13
  2.7663088859646959E+03  1.6158884728237391E-12  2.4960806759033522E-13
  2.7938687942264878E+03  1.5731551768816680E-12  2.3833729910450179E-13
  2.8217032736134479E+03  1.5311579214214665E-12  2.2748316895598990E-13
  2.8498150595956063E+03  1.4898913006197856E-12  2.1703457405131328E-13
  2.8782069148956475E+03  1.4493530436433947E-12  2.0698053309438082E-13
  2.9068816297604335E+03  1.4095415106749531E-12  1.9731019095393922E-13
  2.9358420222352411E+03  1.3704538531780060E-12  1.8801282145547058E-13
  2.9650909384406700E+03  1.3320859702203458E-12  1.7907782427887015E-13
  2.9946312528523704E+03  1.2944331603310405E-12  1.7049473004653144E-13
  3.0244658685835507E+03  1.2574904459213018E-12  1.6225321730548065E-13
  3.0545977176702499E+03  1.2212525474451896E-12  1.5434311781976319E-13
  3.0850297613595048E+03  1.1857147440635714E-12  1.4675441979751068E-13
  3.1157649904003915E+03  1.1508743278122057E-12  1.3947727092837799E-13
  3.1468064253379043E+03  1.1167291800507002E-12  1.3250198122731084E-13
  3.1781571168098253E+03  1.0832747306201959E-12  1.2581902568111231E-13
  3.2098201458465460E+03  1.0505047807089311E-12  1.1941904670022529E-13
  3.2417986241738245E+03  1.0184133156495306E-12  1.1329285644870249E-13
  3.2740956945186131E+03  9.8699438204233151E-13  1.0743143934565308E-13
  3.3067145309179305E+03  9.5624239060900068E-13  1.0182595521871331E-13
  3.3396583390307578E+03  9.2615260086215579E-13  9.6467744961673035E-14
  3.3729303564530996E+03  8.9672042422607256E-13  9.1348334399748909E-14
  3.4065338530361801E+03  8.6794057662952093E-13  8.6459426028803464E-14
  3.4404721312077536E+03  8.3980693593692397E-13  8.1792897212064126E-14
  3.4747485262966738E+03  8.1231272893631046E-13  7.7340801431425154E-14
  3.5093664068607004E+03  7.8545101120238841E-13  7.3095369321036557E-14
  3.5443291750175058E+03  7.5921572891123621E-13  6.9049009465545255E-14
  3.5796402667790426E+03  7.3360204298020988E-13  6.5194308966895684E-14
  3.6153031523892450E+03  7.0860436490962834E-13  6.1524033784051251E-14
  3.6513213366650284E+03  6.8421524253565995E-13  5.8031128849350941E-14
  3.6876983593407508E+03  6.6042693908127811E-13  5.4708717933642199E-14
  3.7244377954160996E+03  6.3723224018117194E-13  5.1550103194021746E-14
  3.7615432555074240E+03  6.1462423545083026E-13  4.8548764349125584E-14
  3.7990183862025169E+03  5.9259622228724054E-13  4.5698357567334819E-14
  3.8368668704190823E+03  5.7114139482796318E-13  4.2992715325385451E-14
  3.8750924277666318E+03  5.5025254701288032E-13  4.0425845870110285E-14
  3.9136988149119870E+03  5.2992201308277982E-13  3.7991931902145904E-14
  3.9526898259485656E+03  5.1014173315497087E-13  3.5685329070226164E-14
  3.9920692927692035E+03  4.9090333848403006E-13  3.3500564305819280E-14
  4.0318410854426902E+03  4.7219876684266322E-13  3.1432334005352940E-14
  4.0720091125942026E+03  4.5402137292247879E-13  2.9475502067436633E-14
  4.1125773217893739E+03  4.3636524528667148E-13  2.7625097793831547E-14
  4.1535496999222350E+03  4.1922262084733043E-13  2.5876313671468050E-14
  4.1949302736070513E+03  4.0258360988647378E-13  2.4224503065355684E-14
  4.2367231095740681E+03  3.8643834193924557E-13  2.2665177877549700E-14
  4.2789323150691207E+03  3.7077809254017668E-13  2.1194006244851148E-14
  4.3215620382573079E+03  3.5559523860808668E-13  1.9806809656704445E-14
  4.3646164686306811E+03  3.4088265087919497E-13  1.8499559704732030E-14
  4.4080998374199262E+03  3.2663283531032131E-13  1.7268375223566113E-14
  4.4520164180102092E+03  3.1283762462498567E-13  1.6109519407975010E-14
  4.4963705263611873E+03  2.9948827315489396E-13  1.5019396857557639E-14
  4.5411665214311033E+03  2.8657549631932744E-13  1.3994550556761739E-14
  4.5864088056051960E+03  2.7408973205955389E-13  1.3031658797853327E-14
  4.6321018251283840E+03  2.6202195897346990E-13  1.2127532054476507E-14
  4.6782500705421635E+03  2.5036432025800935E-13  1.1279109814313822E-14
  4.7248580771259512E+03  2.3910923373386317E-13  1.0483457381060376E-14
  4.7719304253428309E+03  2.2824810806102620E-13  9.7377626337192837E-15
  4.8194717412896352E+03  2.1777171237567478E-13  9.0393327470040566E-15
  4.8674866971516203E+03  2.0767105738613829E-13  8.3855909407461469E-15
  4.9159800116616552E+03  1.9793758694183341E-13  7.7740732217913674E-15
  4.9649564505639037E+03  1.8856302205456558E-13  7.2024251041832306E-15
  5.0144208270822128E+03  1.7953906675342819E-13  6.6683983329498850E-15
  5.0643780023931722E+03  1.7085724000966183E-13  6.1698476173203613E-15
  5.1148328861037880E+03  1.6250890553524570E-13  5.7047273787517826E-15
  5.1657904367340125E+03  1.5448529411494954E-13  5.2710885189056216E-15
  5.2172556622040829E+03  1.4677752279803821E-13  4.8670752124250636E-15
  5.2692336203266123E+03  1.3937680982034804E-13  4.4909217288362208E-15
  5.3217294193036951E+03  1.3227478580544626E-13  4.1409492865792622E-15
  5.3747482182289423E+03  1.2546345708063419E-13  3.8155629472501377E-15
  5.4282952275944426E+03  1.1893486639874064E-13  3.5132485688972796E-15
  5.4823757098028573E+03  1.1268095631956058E-13  3.2325698036933024E-15
  5.5369949796846267E+03  1.0669360968584107E-13  2.9721650964159237E-15
  5.5921584050202227E+03  1.0096469283870499E-13  2.7307447500554169E-15
  5.6478714070677097E+03  9.5486193729350667E-14  2.5070880641804507E-15
  5.7041394610955476E+03  9.0250320239711706E-14  2.3000405304472771E-15
  5.7609680969206711E+03  8.5249409471292656E-14  2.1085110870980673E-15
  5.8183628994518576E+03  8.0475826172617466E-14  1.9314694345340561E-15
  5.8763295092387289E+03  7.5921986482266368E-14  1.7679434138108733E-15
  5.9348736230260201E+03  7.1580424731899211E-14  1.6170164497492679E-15
  5.9940009943133564E+03  6.7443803343300330E-14  1.4778250605441942E-15
  6.0537174339208304E+03  6.3504939629513484E-14  1.3495564354944752E-15
  6.1140288105600011E+03  5.9756896211916393E-14  1.2314460801012306E-15
  6.1749410514105703E+03  5.6192891509220893E-14  1.1227755310025904E-15
  6.2364601427030311E+03  5.2806103663188401E-14  1.0228701336796691E-15
  6.2985921303068944E+03  4.9589775307990157E-14  9.3109688700362293E-16
  6.3613431203248310E+03  4.6537376890804575E-14  8.4686236542927689E-16
  6.4247192796927893E+03  4.3642558828409883E-14  7.6961071156453133E-16
  6.4887268367860925E+03  4.0899092210113885E-14  6.9882169817442674E-16
  6.5533720820314675E+03  3.8300882579558945E-14  6.3400885931486536E-16
  6.6186613685252833E+03  3.5841994137536753E-14  5.7471769014081051E-16
  6.6846011126579451E+03  3.3516651286525826E-14  5.2052391477891553E-16
  6.7511977947443993E+03  3.1319219490144399E-14  4.7103182136968563E-16
  6.8184579596610301E+03  2.9244189124221870E-14  4.2587266284215912E-16
  6.8863882174889122E+03  2.7286183641583959E-14  3.8470312170822016E-16
  6.9549952441633359E+03  2.5439976401098518E-14  3.4720383716489376E-16
  7.0242857821299431E+03  2.3700485826829112E-14  3.1307800283109667E-16
  7.0942666410073844E+03  2.2062769845315433E-14  2.8205003648657082E-16
  7.1649446982564659E+03  2.0522048786052871E-14  2.5386429861236641E-16
  7.2363268998560734E+03  1.9073722660900402E-14  2.2828386765916366E-16
  7.3084202609858512E+03  1.7713355389815805E-14  2.0508937354337875E-16
  7.3812318667155369E+03  1.6436650878313413E-14  1.8407788781576380E-16
  7.4547688727012992E+03  1.5239444094102901E-14  1.6506186890082818E-16
  7.5290385058890115E+03  1.4117703567389941E-14  1.4786816077235016E-16
  7.6040480652244059E+03  1.3067535654041399E-14  1.3233704342174185E-16
  7.6798049223704274E+03  1.2085185123389800E-14  1.1832133354299563E-16
  7.7563165224317390E+03  1.1167032419683617E-14  1.0568553402922056E-16
  7.8335903846863121E+03  1.0309598170059496E-14  9.4305031029494573E-17
  7.9116341033244335E+03  9.5095634458264872E-15  8.4065335178921966E-17
  7.9904553481950852E+03  8.7637750178164968E-15  7.4861361069575110E-17
  8.0700618655595981E+03  8.0691984305126536E-15  6.6596751272763992E-17
  8.1504614788530516E+03  7.4228844774449233E-15  5.9183242346644888E-17
  8.2316620894530224E+03  6.8220003562791237E-15  5.2540068913292715E-17
  8.3136716774561464E+03  6.2638509435186542E-15  4.6593404129830461E-17
  8.3964983024624289E+03  5.7458709340119441E-15  4.1275834943629793E-17
  8.4801501043672106E+03  5.2656202355089231E-15  3.6525870545919606E-17
  8.5646353041611692E+03  4.8207797604859827E-15  3.2287482463347353E-17
  8.6499622047383145E+03  4.4091436141011796E-15  2.8509674742761694E-17
  8.7361391917118490E+03  4.0286106762868693E-15  2.5146082676331498E-17
  8.8231747342383351E+03  3.6771783374546052E-15  2.2154598462612787E-17
  8.9110773858500561E+03  3.3529412714982841E-15  1.9497022459580039E-17
  8.9998557852955364E+03  3.0540948002762203E-15  1.7138740263801627E-17
  9.0895186573885603E+03  2.7789348540665621E-15  1.5048422734597868E-17
  9.1800748138656818E+03  2.5258472074384980E-15  1.3197746631393575E-17
  9.2715331542520962E+03  2.2932974927073545E-15  1.1561135720581210E-17
  9.3639026667363050E+03  2.0798353122000076E-15  1.0115521218759919E-17
  9.4571924290535026E+03  1.8841003598945056E-15  8.8401204025059484E-18
  9.5514116093775883E+03  1.7048162706557570E-15  7.7162322622008223E-18
  9.6465694672222326E+03  1.5407804433440355E-15  6.7270491248800121E-18
  9.7426753543509312E+03  1.3908600892467077E-15  5.8574832193819100E-18
  9.8397387156959321E+03  1.2539914808967045E-15  5.0940072076580388E-18
  9.9377690902865888E+03  1.1291780136357371E-15  4.4245077631578219E-18
  1.0036776112186695E+04  1.0154870206255375E-15  3.8381513236270211E-18
  1.0136769511441342E+04  9.1204667419504861E-16  3.3252610106055409E-18
  1.0237759115033217E+04  8.1804344292923711E-16  2.8772039203716322E-18
  1.0339754847848222E+04  7.3271913699198902E-16  2.4862883349338375E-18
  1.0442766733650946E+04  6.5536678312798724E-16  2.1456699754717554E-18
  1.0546804896069798E+04  5.8532718071821891E-16  1.8492665866246874E-18
  1.0651879559591813E+04  5.2198701595689496E-16  1.5916802178632695E-18
  1.0758001050567527E+04  4.6477672245974495E-16  1.3681266059496011E-18
  1.0865179798225890E+04  4.1316773857240358E-16  1.1743710989475483E-18
  1.0973426335699076E+04  3.6667002954838733E-16  1.0066705972735472E-18
  1.1082751301057695E+04  3.2482997419940094E-16  8.6172102048671892E-19
  1.1193165438356353E+04  2.8722836551826153E-16  7.3660984005741775E-19
  1.1304679598689385E+04  2.5347836951477361E-16  6.2877324951821297E-19
  1.1417304741257336E+04  2.2322338241279817E-16  5.3595758508289773E-19
  1.1531051934444056E+04  1.9613494588515426E-16  4.5618464127796530E-19
  1.1645932356904330E+04  1.7191111549057242E-16  3.8772049712570317E-19
  1.1761957298662530E+04  1.5027526559952254E-16  3.2904754695783700E-19
  1.1879138162222243E+04  1.3097400954720223E-16  2.7883945239601928E-19
  1.1997486463686690E+04  1.1377396937849736E-16  2.3593874430331593E-19
  1.2117013833890680E+04  9.8460282831511659E-17  1.9933682477940999E-19
  1.2237732019543484E+04  8.4836777547525433E-17  1.6815613938922482E-19
  1.2359652884383320E+04  7.2724834744766229E-17  1.4163430867836143E-19
  1.2482788410343359E+04  6.1961589585669283E-17  1.1911002571072164E-19
  1.2607150698729114E+04  5.2399181513326070E-17  1.0001054288258453E-19
  1.2732751971407788E+04  4.3905233116583523E-17  8.3840586489871695E-20
  1.2859604572009461E+04  3.6364554156797943E-17  7.0172551615992279E-20
  1.2987720967140045E+04  2.9682455964975863E-17  5.8637842995334628E-20
  1.3117113747606509E+04  2.3789952971087937E-17  4.8919241387617509E-20
  1.3247795629654345E+04  1.8649400702275056E-17  4.0744185173071750E-20
  1.3379779456217124E+04  1.4254601651976226E-17  3.3878866809759711E-20
  1.3513078198178717E+04  1.0615335544472013E-17  2.8123053989895890E-20
  1.3647704955648118E+04  7.7241880490610937E-18  2.3305554214167065E-20
  1.3783672959246711E+04  5.5259220049964355E-18  1.9280249621190305E-20
  1.3920995571408592E+04  3.9160542166201396E-18  1.5922636338243892E-20
  1.4059686287693890E+04  2.7672903849203555E-18  1.3126809403944065E-20
  1.4199758738114873E+04  1.9589737345735367E-18  1.0802840496722857E-20
  1.4341226688475545E+04  1.3929065355367833E-18  8.8745013265559029E-21
  1.4484104041724588E+04  9.9599635325495822E-19  7.2772906515438136E-21
  1.4628404839321485E+04  7.1641860468294512E-19  5.9567275040146352E-21
  1.4774143262616704E+04  5.1827817555262419E-19  4.8668773894726778E-21
  1.4921333634245177E+04  3.7692286685990070E-19  3.9690819908642193E-21
  1.5069990419533955E+04  2.7542200387470309E-19  3.2308663032348200E-21
  1.5220128227923924E+04  2.0209494260157588E-19  2.6250001711838654E-21
  1.5371761814405358E+04  1.4882827471989050E-19  2.1286939329182936E-21