 #p(MeV) \t \delta f_\\nu \t \delta f_\\nubar
  5.8845763473806920E-02  9.9232427812666738E-02  2.1233947716043432E-06
  5.9432026219504441E-02  9.8985287839786537E-02  2.1044975835024110E-06
  6.0024129725635700E-02  9.8752177836431573E-02  2.0857489454579816E-06
  6.0622132181950492E-02  9.8541329438288472E-02  2.0671483531433527E-06
  6.1226092357925546E-02  9.8365132801425184E-02  2.0486953908878464E-06
  6.1836069608540455E-02  9.8147196225738309E-02  2.0303897076796399E-06
  6.2452123880110615E-02  9.7920260209579085E-02  2.0122309942074489E-06
  6.3074315716178650E-02  9.7643076421473810E-02  1.9942189758970259E-06
  6.3702706263464512E-02  9.7403305932447240E-02  1.9763534156265760E-06
  6.4337357277874471E-02  9.7160093251401639E-02  1.9586340753628382E-06
  6.4978331130570569E-02  9.6963283319071031E-02  1.9410606309258592E-06
  6.5625690814099996E-02  9.6749291327010059E-02  1.9236325825281499E-06
  6.6279499948585854E-02  9.6525589155765520E-02  1.9063491999165351E-06
  6.6939822787979594E-02  9.6288913439147431E-02  1.8892095130741005E-06
  6.7606724226375453E-02  9.6046849321320737E-02  1.8722123365943917E-06
  6.8280269804388255E-02  9.5794386565588821E-02  1.8553563100117888E-06
  6.8960525715594287E-02  9.5580811747173505E-02  1.8386399406077848E-06
  6.9647558813036595E-02  9.5347334947425616E-02  1.8220616405739087E-06
  7.0341436615795241E-02  9.5119261824215567E-02  1.8056197633776671E-06
  7.1042227315622569E-02  9.4905502288302981E-02  1.7893126299393099E-06
  7.1749999783645074E-02  9.4704211855824560E-02  1.7731385195999694E-06
  7.2464823577131576E-02  9.4471977031314922E-02  1.7570956655747696E-06
  7.3186768946329195E-02  9.4286125566700782E-02  1.7411822966528387E-06
  7.3915906841367368E-02  9.4069331696865849E-02  1.7253967123765660E-06
  7.4652308919230276E-02  9.3837429268972317E-02  1.7097373540473547E-06
  7.5396047550799358E-02  9.3604250631666594E-02  1.6942028447339489E-06
  7.6147195827965447E-02  9.3397705451165117E-02  1.6787919944956336E-06
  7.6905827570811963E-02  9.3171233665432993E-02  1.6635037820420001E-06
  7.7672017334869878E-02  9.2942046018636537E-02  1.6483373256226145E-06
  7.8445840418444518E-02  9.2731761232849000E-02  1.6332918529389779E-06
  7.9227372870015772E-02  9.2517704485055099E-02  1.6183666710274008E-06
  8.0016691495711764E-02  9.2298047141127784E-02  1.6035611358257463E-06
  8.0813873866857081E-02  9.2077484249298111E-02  1.5888746496619975E-06
  8.1618998327596309E-02  9.1852833524891042E-02  1.5743066822505852E-06
  8.2432144002593188E-02  9.1627587714483635E-02  1.5598567760001023E-06
  8.3253390804807009E-02  9.1394159912907488E-02  1.5455245201204632E-06
  8.4082819443345794E-02  9.1214589063829996E-02  1.5313095068574989E-06
  8.4920511431398324E-02  9.0988897230842858E-02  1.5172112911412504E-06
  8.5766549094245026E-02  9.0803526422594968E-02  1.5032293670092328E-06
  8.6621015577348359E-02  9.0600130278281787E-02  1.4893631609843110E-06
  8.7483994854524114E-02  9.0372775411701689E-02  1.4756120370300790E-06
  8.8355571736194294E-02  9.0141389321798840E-02  1.4619753069528336E-06
  8.9235831877721550E-02  8.9898006652335077E-02  1.4484522422740837E-06
  9.0124861787827526E-02  8.9678978694035572E-02  1.4350420868860448E-06
  9.1022748837094158E-02  8.9460243996217242E-02  1.4217440656940098E-06
  9.1929581266550597E-02  8.9245088461119143E-02  1.4085573939007815E-06
  9.2845448196344799E-02  8.9033400527771908E-02  1.3954813019633518E-06
  9.3770439634502142E-02  8.8847417409099808E-02  1.3825150758013411E-06
  9.4704646485771177E-02  8.8648293110958884E-02  1.3696580963026697E-06
  9.5648160560557124E-02  8.8462148501694107E-02  1.3569098626650222E-06
  9.6601074583944846E-02  8.8249408147324918E-02  1.3442699941755111E-06
  9.7563482204811605E-02  8.8034200614302241E-02  1.3317382153907800E-06
  9.8535478005030278E-02  8.7815262715632600E-02  1.3193143332017338E-06
  9.9517157508764831E-02  8.7600170981030734E-02  1.3069982127766701E-06
  1.0050861719185769E-01  8.7386545318939579E-02  1.2947897563572368E-06
  1.0150995449131150E-01  8.7168339163711445E-02  1.2826888871607495E-06
  1.0252126781486447E-01  8.6967817950833637E-02  1.2706955348604231E-06
  1.0354265655066164E-01  8.6763694456659879E-02  1.2588096060173208E-06
  1.0457422107702258E-01  8.6552528218618682E-02  1.2470309300987243E-06
  1.0561606277230595E-01  8.6342117600288523E-02  1.2353591935719259E-06
  1.0666828402487263E-01  8.6141691280073832E-02  1.2237938861759352E-06
  1.0773098824314827E-01  8.5953183082494236E-02  1.2123342776035715E-06
  1.0880427986578556E-01  8.5769985179551200E-02  1.2009794274287516E-06
  1.0988826437192849E-01  8.5576815336825054E-02  1.1897282183016745E-06
  1.1098304829157793E-01  8.5352658483179092E-02  1.1785793986945196E-06
  1.1208873921606161E-01  8.5115568779145057E-02  1.1675316246632456E-06
  1.1320544580860727E-01  8.4865362330439106E-02  1.1565834952748919E-06
  1.1433327781502187E-01  8.4647086665261370E-02  1.1457335804654177E-06
  1.1547234607447726E-01  8.4435600015444229E-02  1.1349804449577738E-06
  1.1662276253040259E-01  8.4248673403276922E-02  1.1243226832883474E-06
  1.1778464024148597E-01  8.4096088125273596E-02  1.1137589706005210E-06
  1.1895809339278555E-01  8.3915939010944865E-02  1.1032881136787640E-06
  1.2014323730695085E-01  8.3723073579439908E-02  1.0929090841342658E-06
  1.2134018845555673E-01  8.3517008458563177E-02  1.0826210247547083E-06
  1.2254906447054921E-01  8.3316972548994297E-02  1.0724232317577804E-06
  1.2376998415580653E-01  8.3098954257355875E-02  1.0623151229544215E-06
  1.2500306749881424E-01  8.2899046950889788E-02  1.0522962028543518E-06
  1.2624843568245728E-01  8.2677039076529582E-02  1.0423660319198698E-06
  1.2750621109692975E-01  8.2500466455162250E-02  1.0325242027938969E-06
  1.2877651735176229E-01  8.2294223622305401E-02  1.0227703228526834E-06
  1.3005947928797049E-01  8.2099590928564989E-02  1.0131039992751640E-06
  1.3135522299032379E-01  8.1896778767735740E-02  1.0035248148683257E-06
  1.3266387579973615E-01  8.1702107575625030E-02  9.9403229295147652E-07
  1.3398556632578140E-01  8.1506935652071802E-02  9.8462587054644139E-07
  1.3532042445933165E-01  8.1304118651011364E-02  9.7530489596748958E-07
  1.3666858138532334E-01  8.1097755718478645E-02  9.6606865142887740E-07
  1.3803016959564898E-01  8.0899426446808947E-02  9.5691638917067327E-07
  1.3940532290217808E-01  8.0697760838884650E-02  9.4784736692934701E-07
  1.4079417644990813E-01  8.0506679450488575E-02  9.3886087351071404E-07
  1.4219686673024559E-01  8.0307583060178100E-02  9.2995624199980759E-07
  1.4361353159441989E-01  8.0106176284354361E-02  9.2113285269869219E-07
  1.4504431026703138E-01  7.9916761624150609E-02  9.1239012987225751E-07
  1.4648934335973310E-01  7.9736128970922804E-02  9.0372753709681700E-07
  1.4794877288505029E-01  7.9556646794443006E-02  8.9514458011192730E-07
  1.4942274227033614E-01  7.9365571732547005E-02  8.8664081962555994E-07
  1.5091139637186810E-01  7.9173248688573991E-02  8.7821587586016789E-07
  1.5241488148908303E-01  7.8965160116374208E-02  8.6986940868597526E-07
  1.5393334537895542E-01  7.8757406319854270E-02  8.6160107423150058E-07
  1.5546693727051855E-01  7.8546689620512228E-02  8.5341047263883070E-07
  1.5701580787952965E-01  7.8361975796267053E-02  8.4529710527317698E-07
  1.5858010942328205E-01  7.8166099840861814E-02  8.3726035206396557E-07
  1.6015999563556457E-01  7.7995848094220097E-02  8.2929946937228329E-07
  1.6175562178176961E-01  7.7805168253589213E-02  8.2141360292952886E-07
  1.6336714467415256E-01  7.7617213390971704E-02  8.1360180863245189E-07
  1.6499472268724197E-01  7.7457103117629364E-02  8.0586307489146054E-07
  1.6663851577340494E-01  7.7279951222131479E-02  7.9819633930199932E-07
  1.6829868547856580E-01  7.7082708555890930E-02  7.9060049550067217E-07
  1.6997539495808273E-01  7.6885577638662883E-02  7.8307440401484941E-07
  1.7166880899278214E-01  7.6686659242228450E-02  7.7561692329207995E-07
  1.7337909400515231E-01  7.6484115649556192E-02  7.6822696215403176E-07
  1.7510641807569902E-01  7.6271203523921013E-02  7.6090354086783059E-07
  1.7685095095946410E-01  7.6091602351122195E-02  7.5364584189842098E-07
  1.7861286410270785E-01  7.5909625320684154E-02  7.4645323619903501E-07
  1.8039233065975843E-01  7.5727624498080848E-02  7.3932528364619019E-07
  1.8218952551002890E-01  7.5541043825894119E-02  7.3226171375835250E-07
  1.8400462527520367E-01  7.5349033229139786E-02  7.2526239566434766E-07
  1.8583780833659608E-01  7.5154572705236108E-02  7.1832730515960622E-07
  1.8768925485267896E-01  7.4951009916647382E-02  7.1145649565768798E-07
  1.8955914677679059E-01  7.4772508708569344E-02  7.0465007981686044E-07
  1.9144766787501555E-01  7.4587172815435754E-02  6.9790821688049559E-07
  1.9335500374424508E-01  7.4420878231165583E-02  6.9123109186499986E-07
  1.9528134183041695E-01  7.4270158319058310E-02  6.8461888009660862E-07
  1.9722687144693654E-01  7.4102357485849674E-02  6.7807170105712460E-07
  1.9919178379328201E-01  7.3918779228039452E-02  6.7158957268086025E-07
  2.0117627197379495E-01  7.3722705921659457E-02  6.6517238015336111E-07
  2.0318053101665784E-01  7.3524067106807339E-02  6.5881986426441362E-07
  2.0520475789306039E-01  7.3330079114059449E-02  6.5253162742052905E-07
  2.0724915153655732E-01  7.3133030036721280E-02  6.4630715164414427E-07
  2.0931391286261924E-01  7.2952547755164410E-02  6.4014582212468644E-07
  2.1139924478837724E-01  7.2770388641450856E-02  6.3404695081651249E-07
  2.1350535225256495E-01  7.2590452660346888E-02  6.2800979295580490E-07
  2.1563244223565986E-01  7.2411777461634450E-02  6.2203355312025665E-07
  2.1778072378022359E-01  7.2226745509248194E-02  6.1611738828495458E-07
  2.1995040801144630E-01  7.2051194401742874E-02  6.1026041636502217E-07
  2.2214170815789561E-01  7.1877414112834437E-02  6.0446173416039108E-07
  2.2435483957247157E-01  7.1709713570350400E-02  5.9872044335643689E-07
  2.2659001975357040E-01  7.1527472781787088E-02  5.9303567677124510E-07
  2.2884746836646003E-01  7.1340287559597426E-02  5.8740661823105222E-07
  2.3112740726486805E-01  7.1171502550478355E-02  5.8183251347392677E-07
  2.3343006051278395E-01  7.0989696036833930E-02  5.7631267214413071E-07
  2.3575565440647978E-01  7.0788873443019110E-02  5.7084646331624514E-07
  2.3810441749675018E-01  7.0604858674152782E-02  5.6543330756863665E-07
  2.4047658061137253E-01  7.0434747913490581E-02  5.6007266975561798E-07
  2.4287237687779231E-01  7.0258621938933521E-02  5.5476405739770815E-07
  2.4529204174603436E-01  7.0084703597000475E-02  5.4950702284613779E-07
  2.4773581301184167E-01  6.9897313267471922E-02  5.4430116332559322E-07
  2.5020393084004483E-01  6.9735157966277730E-02  5.3914611419189769E-07
  2.5269663778816492E-01  6.9576497451012381E-02  5.3404153424013034E-07
  2.5521417883025144E-01  6.9395953943617333E-02  5.2898708654277362E-07
  2.5775680138095658E-01  6.9226029772358463E-02  5.2398242057819194E-07
  2.6032475531985083E-01  6.9045148832613756E-02  5.1902715917982782E-07
  2.6291829301598058E-01  6.8856414072280561E-02  5.1412089208125371E-07
  2.6553766935266904E-01  6.8663499933387592E-02  5.0926317542345906E-07
  2.6818314175256575E-01  6.8489838296230551E-02  5.0445353519994785E-07
  2.7085497020294558E-01  6.8309025887350244E-02  4.9969147256403282E-07
  2.7355341728125876E-01  6.8126713811711204E-02  4.9497646838975459E-07
  2.7627874818093578E-01  6.7966458527823043E-02  4.9030798711319532E-07
  2.7903123073745012E-01  6.7806724185683051E-02  4.8568548275399149E-07
  2.8181113545464032E-01  6.7641100368170559E-02  4.8110840987045282E-07
  2.8461873553129347E-01  6.7461815875287559E-02  4.7657623960710071E-07
  2.8745430688799445E-01  6.7278289314714565E-02  4.7208847806430968E-07
  2.9031812819424269E-01  6.7109350292660699E-02  4.6764468169205939E-07
  2.9321048089583834E-01  6.6941474012383692E-02  4.6324446651353237E-07
  2.9613164924254171E-01  6.6757555884353018E-02  4.5888750995513120E-07
  2.9908192031600878E-01  6.6590138529001738E-02  4.5457354621537541E-07
  3.0206158405800454E-01  6.6414337794582057E-02  4.5030235769587116E-07
  3.0507093329889606E-01  6.6241014150517627E-02  4.4607376479947884E-07
  3.0811026378643264E-01  6.6067547652650438E-02  4.4188761591650815E-07
  3.1117987421480997E-01  6.5890838957027714E-02  4.3774377916254530E-07
  3.1428006625402427E-01  6.5725428210521006E-02  4.3364213675879057E-07
  3.1741114457951980E-01  6.5556245001960639E-02  4.2958258171196582E-07
  3.2057341690213165E-01  6.5398513853620513E-02  4.2556501554281650E-07
  3.2376719399832543E-01  6.5235527542842703E-02  4.2158934564457271E-07
  3.2699278974073975E-01  6.5072580778095968E-02  4.1765548283142765E-07
  3.3025052112903280E-01  6.4911900793219457E-02  4.1376333909665129E-07
  3.3354070832103577E-01  6.4754432979366852E-02  4.0991282543355098E-07
  3.3686367466421552E-01  6.4579125724464809E-02  4.0610385011361296E-07
  3.4021974672745414E-01  6.4403828415136727E-02  4.0233631746422395E-07
  3.4360925433314160E-01  6.4228297381561911E-02  3.9861012697726879E-07
  3.4703253058958944E-01  6.4040026255573715E-02  3.9492517267046820E-07
  3.5048991192376755E-01  6.3835127487678028E-02  3.9128134567765595E-07
  3.5398173811436789E-01  6.3668578376409893E-02  3.8767854965599114E-07
  3.5750835232519523E-01  6.3498780140461022E-02  3.8411673847453353E-07
  3.6107010113889276E-01  6.3331880222719225E-02  3.8059597705472222E-07
  3.6466733459100320E-01  6.3195319023496149E-02  3.7711651588912841E-07
  3.6830040620436910E-01  6.3035067907318498E-02  3.7367886239307384E-07
  3.7196967302387401E-01  6.2884411113437594E-02  3.7028383128686441E-07
  3.7567549565153424E-01  6.2716744385326817E-02  3.6693256239662603E-07
  3.7941823828193594E-01  6.2557149076331170E-02  3.6362650430999956E-07
  3.8319826873802632E-01  6.2379917776337841E-02  3.6036737144443971E-07
  3.8701595850726317E-01  6.2212028241979460E-02  3.5715708665164031E-07
  3.9087168277812290E-01  6.2040542494591400E-02  3.5399772109684785E-07
  3.9476582047697206E-01  6.1871331190359986E-02  3.5089143930539272E-07
  3.9869875430530738E-01  6.1706510114919365E-02  3.4784044726213034E-07
  4.0267087077736641E-01  6.1547484136530384E-02  3.4484693943642010E-07
  4.0668256025811284E-01  6.1375362659426808E-02  3.4191304145663762E-07
  4.1073421700159846E-01  6.1221838075959975E-02  3.3904074780498677E-07
  4.1482623918971151E-01  6.1059562999537145E-02  3.3623186021325289E-07
  4.1895902897130699E-01  6.0897902965884362E-02  3.3348794235103693E-07
  4.2313299250172870E-01  6.0737644977055451E-02  3.3081029629792732E-07
  4.2734853998272415E-01  6.0582186616120026E-02  3.2819996342580660E-07
  4.3160608570275916E-01  6.0417050952393976E-02  3.2565774724649733E-07
  4.3590604807773092E-01  6.0262642565200891E-02  3.2318425088103425E-07
  4.4024884969208922E-01  6.0111951933254283E-02  3.2077992026066451E-07
  4.4463491734036664E-01  5.9939185609265457E-02  3.1844508680661350E-07
  4.4906468206912231E-01  5.9788984403636856E-02  3.1618001890776688E-07
  4.5353857921930207E-01  5.9629822901559382E-02  3.1398500507424244E-07
  4.5805704846902473E-01  5.9475935179311989E-02  3.1186048566213735E-07
  4.6262053387679047E-01  5.9324725631659095E-02  3.0980723450218055E-07
  4.6722948392512126E-01  5.9168014594571966E-02  3.0782657251417243E-07
  4.7188435156463598E-01  5.9017335304819368E-02  3.0592057313617721E-07
  4.7658559425856623E-01  5.8872436674778830E-02  3.0409221904124364E-07
  4.8133367402771188E-01  5.8711575653862917E-02  3.0234548105318956E-07
  4.8612905749584812E-01  5.8558174831349480E-02  3.0068531007647448E-07
  4.9097221593558366E-01  5.8396984152873525E-02  2.9911755603436934E-07
  4.9586362531467570E-01  5.8230557353948109E-02  2.9764884223921402E-07
  5.0080376634280410E-01  5.8081330026591431E-02  2.9628642752082687E-07
  5.0579312451881731E-01  5.7930109202554265E-02  2.9503807499382675E-07
  5.1083219017844328E-01  5.7766015410525812E-02  2.9391192056630568E-07
  5.1592145854247762E-01  5.7626242290105531E-02  2.9291633557299862E-07
  5.2106142976545278E-01  5.7479690568430768E-02  2.9205977266588802E-07
  5.2625260898479187E-01  5.7339001355821699E-02  2.9135058579466606E-07
  5.3149550637045062E-01  5.7201957379524264E-02  2.9079685157643609E-07
  5.3679063717505504E-01  5.7067251292754993E-02  2.9040623001311519E-07
  5.4213852178454003E-01  5.6933423173488824E-02  2.9018588158294376E-07
  5.4753968576928946E-01  5.6809932399199063E-02  2.9014245907058643E-07
  5.5299465993578700E-01  5.6687729218795668E-02  2.9028217481935744E-07
  5.5850398037878402E-01  5.6547182804808881E-02  2.9061092743148298E-07
  5.6406818853398288E-01  5.6428285594170575E-02  2.9113446312435278E-07
  5.6968783123124789E-01  5.6298872476152187E-02  2.9185854236367929E-07
  5.7536346074834543E-01  5.6172767731411256E-02  2.9278908871533504E-07
  5.8109563486522131E-01  5.6043258107712671E-02  2.9393229046798727E-07
  5.8688491691881506E-01  5.5911735213690313E-02  2.9529464019565629E-07
  5.9273187585842368E-01  5.5770556599381411E-02  2.9688291769488300E-07
  5.9863708630161661E-01  5.5649499206751975E-02  2.9870412832124337E-07
  6.0460112859070658E-01  5.5514293241409961E-02  3.0076540043400719E-07
  6.1062458884978144E-01  5.5398467806795207E-02  3.0307388235387610E-07
  6.1670805904230974E-01  5.5272526072477686E-02  3.0563667094912024E-07
  6.2285213702931530E-01  5.5142009532741718E-02  3.0846079117092268E-07
  6.2905742662813058E-01  5.5034506719131619E-02  3.1155323073231109E-07
  6.3532453767174146E-01  5.4918966017015437E-02  3.1492101942231772E-07
  6.4165408606871754E-01  5.4816913881263848E-02  3.1857133194292717E-07
  6.4804669386373925E-01  5.4709272290157741E-02  3.2251158826762693E-07
  6.5450298929873429E-01  5.4594105450599069E-02  3.2674951092025593E-07
  6.6102360687461681E-01  5.4488262297059442E-02  3.3129309606811172E-07
  6.6760918741364117E-01  5.4371915679923763E-02  3.3615047288915089E-07
  6.7426037812238693E-01  5.4253502472345810E-02  3.4132964741786914E-07
  6.8097783265535528E-01  5.4130580054450747E-02  3.4683812094692938E-07
  6.8776221117921132E-01  5.4017090605933134E-02  3.5268242608311364E-07
  6.9461418043766820E-01  5.3898473810261534E-02  3.5886765077821341E-07
  7.0153441381700177E-01  5.3774121877567187E-02  3.6539702047504791E-07
  7.0852359141223686E-01  5.3657067493970277E-02  3.7227159333513445E-07
  7.1558240009398200E-01  5.3545657756855165E-02  3.7949008889625982E-07
  7.2271153357592988E-01  5.3417474815804333E-02  3.8704882687722707E-07
  7.2991169248303733E-01  5.3308451573022657E-02  3.9494173534986639E-07
  7.3718358442037846E-01  5.3190754434216267E-02  4.0316040264084686E-07
  7.4452792404268242E-01  5.3070744905853486E-02  4.1169413172638634E-07
  7.5194543312457252E-01  5.2935400068620034E-02  4.2053000236245051E-07
  7.5943684063149641E-01  5.2820070884062431E-02  4.2965299529337182E-07
  7.6700288279136464E-01  5.2696952573142351E-02  4.3904615721726214E-07
  7.7464430316690813E-01  5.2580591439103562E-02  4.4869078238700301E-07
  7.8236185272875125E-01  5.2456627165959835E-02  4.5856662531981491E-07
  7.9015628992921172E-01  5.2338957048215458E-02  4.6865210066227680E-07
  7.9802838077684324E-01  5.2217881440350361E-02  4.7892441719212755E-07
  8.0597889891171370E-01  5.2094948449432674E-02  4.8935960506770263E-07
  8.1400862568143262E-01  5.1976581530416587E-02  4.9993242637243357E-07
  8.2211835021794755E-01  5.1846483332350861E-02  5.1061620003862738E-07
  8.3030886951508698E-01  5.1733589985446152E-02  5.2138258340766301E-07
  8.3858098850689045E-01  5.1609175121836867E-02  5.3220139480114201E-07
  8.4693552014671947E-01  5.1481656939358099E-02  5.4304054890727557E-07
  8.5537328548714142E-01  5.1356059330968894E-02  5.5386614607829826E-07
  8.6389511376062778E-01  5.1228190038004572E-02  5.6464276063160395E-07
  8.7250184246104545E-01  5.1094473287508546E-02  5.7533398327695844E-07
  8.8119431742595977E-01  5.0967036600913389E-02  5.8590315966572829E-07
  8.8997339291976540E-01  5.0839603073828954E-02  5.9631423125762303E-07
  8.9883993171763721E-01  5.0717503388557780E-02  6.0653254262453711E-07
  9.0779480519031963E-01  5.0592580148741198E-02  6.1652546837977199E-07
  9.1683889338976476E-01  5.0464544804486734E-02  6.2626275754418219E-07
  9.2597308513562004E-01  5.0330795068779022E-02  6.3571658903127451E-07
  9.3519827810257372E-01  5.0207774198973619E-02  6.4486138024081257E-07
  9.4451537890858217E-01  5.0082425378922851E-02  6.5367347777133215E-07
  9.5392530320396474E-01  4.9962652260467096E-02  6.6213087647492371E-07
  9.6342897576138842E-01  4.9834568954909501E-02  6.7021302479455934E-07
  9.7302733056675705E-01  4.9708597535684157E-02  6.7790070602364092E-07
  9.8272131091099613E-01  4.9584708628836273E-02  6.8517614435613711E-07
  9.9251186948275316E-01  4.9460847973893420E-02  6.9202328324021502E-07
  1.0023999684620342E+00  4.9330558125292953E-02  6.9842815653648814E-07
  1.0123865796147518E+00  4.9214249489422275E-02  7.0437928887040197E-07
  1.0224726843882306E+00  4.9096665760880960E-02  7.0986803738088844E-07
  1.0326592740076688E+00  4.8975778618013617E-02  7.1488879370673510E-07
  1.0429473495735369E+00  4.8849407961238253E-02  7.1943900681571855E-07
  1.0533379221599739E+00  4.8718225636612759E-02  7.2351903124779085E-07
  1.0638320129141494E+00  4.8588757007018347E-02  7.2713184126670779E-07
  1.0744306531566121E+00  4.8457029060287662E-02  7.3028270380809289E-07
  1.0851348844826536E+00  4.8330560298425536E-02  7.3297886012381947E-07
  1.0959457588646671E+00  4.8203111659784630E-02  7.3522919405393343E-07
  1.1068643387555290E+00  4.8072021566025427E-02  7.3704395729712698E-07
  1.1178916971930195E+00  4.7941334337471754E-02  7.3843456575868055E-07
  1.1290289179052735E+00  4.7816262948938412E-02  7.3941340779444649E-07
  1.1402770954172814E+00  4.7699651201455230E-02  7.3999365979329102E-07
  1.1516373351584628E+00  4.7573751957378049E-02  7.4018911322469425E-07
  1.1631107535712997E+00  4.7447725878634252E-02  7.4001402572177971E-07
  1.1746984782210530E+00  4.7323300635729697E-02  7.3948301033849190E-07
  1.1864016479065833E+00  4.7212498722515442E-02  7.3861096577414351E-07
  1.1982214127722632E+00  4.7090319239549545E-02  7.3741304116518413E-07
  1.2101589344210053E+00  4.6971339600023351E-02  7.3590461119087656E-07
  1.2222153860284330E+00  4.6853665966147047E-02  7.3410123913083285E-07
  1.2343919524581601E+00  4.6728297051741474E-02  7.3201861756564619E-07
  1.2466898303782430E+00  4.6611489996658220E-02  7.2967247565380776E-07
  1.2591102283787905E+00  4.6486385218751092E-02  7.2707844499239814E-07
  1.2716543670907254E+00  4.6367160107260247E-02  7.2425190335441215E-07
  1.2843234793057563E+00  4.6236361458285816E-02  7.2120781564084305E-07
  1.2971188100975264E+00  4.6115678700059615E-02  7.1796059584492430E-07
  1.3100416169439721E+00  4.5988521816233890E-02  7.1452401403257580E-07
  1.3230931698509105E+00  4.5860577379944444E-02  7.1091116495708475E-07
  1.3362747514768458E+00  4.5735524473737521E-02  7.0713449914244444E-07
  1.3495876572590226E+00  4.5606497428103451E-02  7.0320590822671476E-07
  1.3630331955407429E+00  4.5492409270509925E-02  6.9913683413029950E-07
  1.3766126876999416E+00  4.5367513224291854E-02  6.9493836657024667E-07
  1.3903274682790434E+00  4.5259997616863806E-02  6.9062131325095937E-07
  1.4041788851161234E+00  4.5140600000124445E-02  6.8619623875048316E-07
  1.4181682994773650E+00  4.5025065266807295E-02  6.8167344299713034E-07
  1.4322970861908355E+00  4.4917954582036186E-02  6.7706289443214035E-07
  1.4465666337816070E+00  4.4796042735120181E-02  6.7237413175568964E-07
  1.4609783446082114E+00  4.4671303675130357E-02  6.6761614668315101E-07
  1.4755336350004560E+00  4.4549131795196269E-02  6.6279726887126229E-07
  1.4902339353986216E+00  4.4424785547972842E-02  6.5792507989334046E-07
  1.5050806904940390E+00  4.4302693600109092E-02  6.5300637628169561E-07
  1.5200753593710599E+00  4.4172811842438479E-02  6.4804719273143123E-07
  1.5352194156504679E+00  4.4051844398693980E-02  6.4305288709150256E-07
  1.5505143476342813E+00  4.3936347482220299E-02  6.3802825827977592E-07
  1.5659616584520253E+00  4.3820094176819625E-02  6.3297767107563805E-07
  1.5815628662084651E+00  4.3703693168221217E-02  6.2790519542215630E-07
  1.5973195041327788E+00  4.3582261202182192E-02  6.2281471033458785E-07
  1.6132331207292541E+00  4.3477859423547559E-02  6.1770996706371072E-07
  1.6293052799294647E+00  4.3368251606703177E-02  6.1259464232245847E-07
  1.6455375612459617E+00  4.3252734930429415E-02  6.0747238706238578E-07
  1.6619315599275122E+00  4.3132519865588331E-02  6.0234687667831207E-07
  1.6784888871158699E+00  4.3012153522765148E-02  5.9722186260726701E-07
  1.6952111700041068E+00  4.2892979762144817E-02  5.9210121415852219E-07
  1.7121000519965384E+00  4.2765251924850776E-02  5.8698893351744664E-07
  1.7291571928702261E+00  4.2652209116585814E-02  5.8188913173324440E-07
  1.7463842689380877E+00  4.2527277581225806E-02  5.7680598240283661E-07
  1.7637829732136516E+00  4.2409857542379914E-02  5.7174366493748946E-07
  1.7813550155774336E+00  4.2285772590260125E-02  5.6670629278754092E-07
  1.7991021229449722E+00  4.2174190284509430E-02  5.6169783908780169E-07
  1.8170260394365545E+00  4.2054409864487934E-02  5.5672208327986938E-07
  1.8351285265486161E+00  4.1939895254616451E-02  5.5178255831823917E-07
  1.8534113633268485E+00  4.1826325954476370E-02  5.4688249365046733E-07
  1.8718763465410557E+00  4.1713298623461084E-02  5.4202475538847363E-07
  1.8905252908617107E+00  4.1604860999064318E-02  5.3721179156614307E-07
  1.9093600290383064E+00  4.1487068153762095E-02  5.3244559953279008E-07
  1.9283824120794817E+00  4.1373313937734191E-02  5.2772773138648097E-07
  1.9475943094349082E+00  4.1260515684984483E-02  5.2305933543791243E-07
  1.9669976091790327E+00  4.1139020744973394E-02  5.1844121642806874E-07
  1.9865942181966234E+00  4.1022644639462959E-02  5.1387390510552777E-07
  2.0063860623701659E+00  4.0894009655717822E-02  5.0935773326480477E-07
  2.0263750867691419E+00  4.0776850671083470E-02  5.0489291348316628E-07
  2.0465632558411806E+00  4.0666338659779484E-02  5.0047958577623833E-07
  2.0669525536051077E+00  4.0553352015089812E-02  4.9611784394732253E-07
  2.0875449838459414E+00  4.0437567861775721E-02  4.9180775052198665E-07
  2.1083425703118119E+00  4.0310639936768901E-02  4.8754934047564429E-07
  2.1293473569128407E+00  4.0201070758715367E-02  4.8334261339904684E-07
  2.1505614079220199E+00  4.0085602950112161E-02  4.7918751745069695E-07
  2.1719868081780764E+00  3.9974755850379316E-02  4.7508393772477484E-07
  2.1936256632903568E+00  3.9858905773481168E-02  4.7103170194527356E-07
  2.2154800998457689E+00  3.9745378088117830E-02  4.6703058883910280E-07
  2.2375522656177704E+00  3.9620976031784202E-02  4.6308033017313059E-07
  2.2598443297774358E+00  3.9517694046167055E-02  4.5918061358082146E-07
  2.2823584831066568E+00  3.9405127231729481E-02  4.5533108820944908E-07
  2.3050969382134174E+00  3.9292090342302764E-02  4.5153137220630390E-07
  2.3280619297492526E+00  3.9167672204629883E-02  4.4778106218377464E-07
  2.3512557146288775E+00  3.9062624600715405E-02  4.4407974504328811E-07
  2.3746805722519553E+00  3.8937467460270110E-02  4.4042701091957622E-07
  2.3983388047271381E+00  3.8829381238926819E-02  4.3682246472071626E-07
  2.4222327370982963E+00  3.8714296200708605E-02  4.3326573122895114E-07
  2.4463647175730112E+00  3.8593457312233466E-02  4.2975644723695898E-07
  2.4707371177533610E+00  3.8474292752095594E-02  4.2629425421156762E-07
  2.4953523328689862E+00  3.8350273527990968E-02  4.2287880595186846E-07
  2.5202127820124760E+00  3.8242836765262231E-02  4.1950976748888384E-07
  2.5453209083771244E+00  3.8126230319555837E-02  4.1618680954029557E-07
  2.5706791794970290E+00  3.8007620497270363E-02  4.1290959989446069E-07
  2.5962900874895838E+00  3.7888783067001955E-02  4.0967779470513549E-07
  2.6221561493004115E+00  3.7774871499631983E-02  4.0649103380933042E-07
  2.6482799069507110E+00  3.7652175971979972E-02  4.0334893665791926E-07
  2.6746639277870710E+00  3.7546349731188811E-02  4.0025109834068778E-07
  2.7013108047337937E+00  3.7426172698114699E-02  3.9719708705832368E-07
  2.7282231565477120E+00  3.7315127362750396E-02  3.9418644439475216E-07
  2.7554036280755376E+00  3.7195829909032772E-02  3.9121868248122675E-07
  2.7828548905138204E+00  3.7078718025211836E-02  3.8829327188915775E-07
  2.8105796416714242E+00  3.6966579513272382E-02  3.8540963741366232E-07
  2.8385806062346766E+00  3.6851660302480889E-02  3.8256716408603584E-07
  2.8668605360351571E+00  3.6734150186365139E-02  3.7976520455579124E-07
  2.8954222103201017E+00  3.6616499303097280E-02  3.7700308738465204E-07
  2.9242684360255655E+00  3.6490108681143101E-02  3.7428012541223676E-07
  2.9534020480522689E+00  3.6372877438040664E-02  3.7159561907715825E-07
  2.9828259095441916E+00  3.6265858828169191E-02  3.6894885880574413E-07
  3.0125429121699692E+00  3.6138524240663099E-02  3.6633913130714379E-07
  3.0425559764070678E+00  3.6025931310319607E-02  3.6376573029634475E-07
  3.0728680518287881E+00  3.5911181805365421E-02  3.6122796602068284E-07
  3.1034821173941558E+00  3.5794875124869167E-02  3.5872517039203214E-07
  3.1344011817406763E+00  3.5669393089849087E-02  3.5625669871150664E-07
  3.1656282834799998E+00  3.5559851712212300E-02  3.5382191709493338E-07
  3.1971664914965667E+00  3.5438702168697385E-02  3.5142019104387674E-07
  3.2290189052491955E+00  3.5319199541937372E-02  3.4905088253117864E-07
  3.2611886550756743E+00  3.5200281707006675E-02  3.4671334824195706E-07
  3.2936789025004223E+00  3.5081009585797684E-02  3.4440693945705211E-07
  3.3264928405451806E+00  3.4965691832632942E-02  3.4213100522707047E-07
  3.3596336940427975E+00  3.4843473912366717E-02  3.3988489732443281E-07
  3.3931047199541919E+00  3.4726856564023467E-02  3.3766797213839638E-07
  3.4269092076883871E+00  3.4603597430203192E-02  3.3547958720099178E-07
  3.4610504794258077E+00  3.4486170322935848E-02  3.3331909984967371E-07
  3.4955318904447878E+00  3.4364900711900993E-02  3.3118587755914187E-07
  3.5303568294512715E+00  3.4243936026277962E-02  3.2907931391062096E-07
  3.5655287189118829E+00  3.4122827793394768E-02  3.2699882791001692E-07
  3.6010510153902553E+00  3.4002479426352150E-02  3.2494385016889349E-07
  3.6369272098867231E+00  3.3883388616313646E-02  3.2291382139601264E-07
  3.6731608281814236E+00  3.3764599987025752E-02  3.2090819290473403E-07
  3.7097554311807857E+00  3.3633406066320544E-02  3.1892642526386348E-07
  3.7467146152674755E+00  3.3519600972072128E-02  3.1696798534978930E-07
  3.7840420126538548E+00  3.3400900652861401E-02  3.1503234363088302E-07
  3.8217412917389288E+00  3.3266967908094032E-02  3.1311897409228088E-07
  3.8598161574688583E+00  3.3141278763321770E-02  3.1122735986442959E-07
  3.8982703517010817E+00  3.3024346478972351E-02  3.0935700088330854E-07
  3.9371076535720468E+00  3.2899083698215009E-02  3.0750741468083780E-07
  3.9763318798685949E+00  3.2767196318702389E-02  3.0567813314645605E-07
  4.0159468854030864E+00  3.2649537543876429E-02  3.0386870380906405E-07
  4.0559565633922237E+00  3.2522967607644872E-02  3.0207868156298844E-07
  4.0963648458396476E+00  3.2401487617601241E-02  3.0030762279773385E-07
  4.1371757039224022E+00  3.2277972603156541E-02  2.9855508413668089E-07
  4.1783931483811587E+00  3.2151700918286348E-02  2.9682062220792437E-07
  4.2200212299143969E+00  3.2022090123044099E-02  2.9510379469938847E-07
  4.2620640395765204E+00  3.1900354056206941E-02  2.9340416176153183E-07
  4.3045257091798534E+00  3.1775805257458670E-02  2.9172128691782894E-07
  4.3474104117007499E+00  3.1659423526979986E-02  2.9005473625425113E-07
  4.3907223616896784E+00  3.1531625834431608E-02  2.8840407713603723E-07
  4.4344658156853995E+00  3.1410453022040916E-02  2.8676888196561368E-07
  4.4786450726333120E+00  3.1282999007040305E-02  2.8514873915541584E-07
  4.5232644743079211E+00  3.1156055526328524E-02  2.8354326261754624E-07
  4.5683284057395195E+00  3.1031020685355536E-02  2.8195208510811317E-07
  4.6138412956451598E+00  3.0891449474561822E-02  2.8037485072489453E-07
  4.6598076168638771E+00  3.0769927015406338E-02  2.7881121500188132E-07
  4.7062318867962523E+00  3.0637614122688832E-02  2.7726084478331826E-07
  4.7531186678483897E+00  3.0508376330800547E-02  2.7572341679269053E-07
  4.8004725678802833E+00  3.0374904327919484E-02  2.7419861606018303E-07
  4.8482982406586430E+00  3.0246130916000095E-02  2.7268613466762411E-07
  4.8966003863142777E+00  3.0114582122206628E-02  2.7118567084234790E-07
  4.9453837518039974E+00  2.9983896099106611E-02  2.6969692840340454E-07
  4.9946531313771061E+00  2.9853599261781286E-02  2.6821961562733688E-07
  5.0444133670465963E+00  2.9724374869295026E-02  2.6675344227122664E-07
  5.0946693490649890E+00  2.9594637482012243E-02  2.6529811517008598E-07
  5.1454260164049055E+00  2.9461876917782636E-02  2.6385333584876158E-07
  5.1966883572445113E+00  2.9332453192462977E-02  2.6241880019246164E-07
  5.2484614094576711E+00  2.9199322898462006E-02  2.6099419943027013E-07
  5.3007502611090791E+00  2.9066662796530793E-02  2.5957922299153421E-07
  5.3535600509543251E+00  2.8931945619645738E-02  2.5817356493000851E-07
  5.4068959689448519E+00  2.8800146363918550E-02  2.5677693168387337E-07
  5.4607632567380557E+00  2.8663815380696376E-02  2.5538904883513489E-07
  5.5151672082123975E+00  2.8530031383656514E-02  2.5400966854163977E-07
  5.5701131699876507E+00  2.8396180620326721E-02  2.5263857810020082E-07
  5.6256065419503791E+00  2.8260656395882541E-02  2.5127561020107479E-07
  5.6816527777846035E+00  2.8122499739563711E-02  2.4992065577648119E-07
  5.7382573855077483E+00  2.7983598406675591E-02  2.4857368235589574E-07
  5.7954259280119871E+00  2.7849782541322147E-02  2.4723475252507197E-07
  5.8531640236109244E+00  2.7713711113703840E-02  2.4590402471311231E-07
  5.9114773465917247E+00  2.7576533203017180E-02  2.4458175126785832E-07
  5.9703716277728001E+00  2.7440029169811093E-02  2.4326827296078821E-07
  6.0298526550669820E+00  2.7303336907771140E-02  2.4196400096346661E-07
  6.0899262740503568E+00  2.7166210771944286E-02  2.4066938702853850E-07
  6.1505983885367161E+00  2.7027380009123282E-02  2.3938490281969206E-07
  6.2118749611578048E+00  2.6890866300294348E-02  2.3811102312275928E-07
  6.2737620139492822E+00  2.6753712098496030E-02  2.3684821165747968E-07
  6.3362656289425310E+00  2.6619220224932159E-02  2.3559690856348070E-07
  6.3993919487624096E+00  2.6482556939292665E-02  2.3435751693740819E-07
  6.4631471772309155E+00  2.6344186813581735E-02  2.3313038679342828E-07
  6.5275375799768511E+00  2.6204871009571654E-02  2.3191579774951233E-07
  6.5925694850516168E+00  2.6066261658326637E-02  2.3071394803173089E-07
  6.6582492835511013E+00  2.5928419961428917E-02  2.2952495016034428E-07
  6.7245834302437668E+00  2.5789011462525754E-02  2.2834883331135465E-07
  6.7915784442049913E+00  2.5649739745780099E-02  2.2718555618995623E-07
  6.8592409094577667E+00  2.5513638023294569E-02  2.2603503829642334E-07
  6.9275774756197412E+00  2.5376236400531195E-02  2.2489718464579365E-07
  6.9965948585566915E+00  2.5237327772811718E-02  2.2377190183873847E-07
  7.0662998410425795E+00  2.5099303681095923E-02  2.2265910930075560E-07
  7.1366992734261165E+00  2.4966755162529601E-02  2.2155874544462309E-07
  7.2078000743039645E+00  2.4833224813532548E-02  2.2047077209667487E-07
  7.2796092312007215E+00  2.4699494904892504E-02  2.1939518005219060E-07
  7.3521338012555937E+00  2.4561127309112276E-02  2.1833199499014049E-07
  7.4253809119159637E+00  2.4433539869369546E-02  2.1728128051499112E-07
  7.4993577616378175E+00  2.4299010057629269E-02  2.1624313748807873E-07
  7.5740716205932319E+00  2.4167657527221983E-02  2.1521770040804974E-07
  7.6495298313848279E+00  2.4035675078968893E-02  2.1420512939669673E-07
  7.7257398097673615E+00  2.3903914782925542E-02  2.1320559435021148E-07
  7.8027090453765613E+00  2.3771903998111868E-02  2.1221925854753129E-07
  7.8804451024651527E+00  2.3640086549860398E-02  2.1124626742503086E-07
  7.9589556206462282E+00  2.3508215041133578E-02  2.1028673873303532E-07
  8.0382483156440845E+00  2.3377241667500631E-02  2.0934075183900984E-07
  8.1183309800524643E+00  2.3245431831964751E-02  2.0840833325101325E-07
  8.1992114841004007E+00  2.3114909856715507E-02  2.0748943628566391E-07
  8.2808977764256362E+00  2.2984689030246554E-02  2.0658391620660262E-07
  8.3633978848558463E+00  2.2855095814489076E-02  2.0569150514260408E-07
  8.4467199171975498E+00  2.2725710451815980E-02  2.0481179259275369E-07
  8.5308720620328877E+00  2.2596822607755820E-02  2.0394421593656033E-07
  8.6158625895244310E+00  2.2463888949629345E-02  2.0308806408595226E-07
  8.7016998522279021E+00  2.2334748324427799E-02  2.0224250809952977E-07
  8.7883922859130124E+00  2.2205854206237476E-02  2.0140665394441970E-07
  8.8759484103925477E+00  2.2081456837538031E-02  2.0057957641583360E-07
  8.9643768303596421E+00  2.1948602931715092E-02  1.9976034553770331E-07
  9.0536862362334141E+00  2.1823326233619867E-02  1.9894805185206468E-07
  9.1438854050130054E+00  2.1694498672192648E-02  1.9814183641993010E-07
  9.2349832011402029E+00  2.1563413379823700E-02  1.9734092936614201E-07
  9.3269885773705763E+00  2.1434087962925924E-02  1.9654469599716940E-07
  9.4199105756532973E+00  2.1305261310334545E-02  1.9575268698552288E-07
  9.5137583280197955E+00  2.1172462034767112E-02  1.9496468335359066E-07
  9.6085410574812045E+00  2.1041250843954643E-02  1.9418072841630214E-07
  9.7042680789347280E+00  2.0907676944990617E-02  1.9340113988195257E-07
  9.8009488000791336E+00  2.0773668476332618E-02  1.9262648705257585E-07
  9.8985927223392824E+00  2.0639869558666056E-02  1.9185750812834546E-07
  9.9972094417998605E+00  2.0505689121606104E-02  1.9109504465557600E-07
  1.0096808650148500E+01  2.0371426735427606E-02  1.9033999646707470E-07
  1.0197400135628216E+01  2.0239783239326594E-02  1.8959328627233904E-07
  1.0298993783999370E+01  2.0105659868598583E-02  1.8885583239014582E-07
  1.0401599579511165E+01  1.9971426907314196E-02  1.8812852114682042E-07
  1.0505227605882927E+01  1.9835186276135078E-02  1.8741217409292931E-07
  1.0609888047295060E+01  1.9704065775529016E-02  1.8670751106392137E-07
  1.0715591189389887E+01  1.9571208628476142E-02  1.8601511436132428E-07
  1.0822347420282529E+01  1.9439496607251812E-02  1.8533540188589644E-07
  1.0930167231581805E+01  1.9308866316696208E-02  1.8466861544310912E-07
  1.1039061219421255E+01  1.9179083749423745E-02  1.8401483082632804E-07
  1.1149040085500568E+01  1.9048977053472554E-02  1.8337401883930297E-07
  1.1260114638137246E+01  1.8920340013237332E-02  1.8274611757092269E-07
  1.1372295793328851E+01  1.8789771891537174E-02  1.8213108397968057E-07
  1.1485594575825719E+01  1.8667508417328234E-02  1.8152892665499057E-07
  1.1600022120214518E+01  1.8540458372387558E-02  1.8093970486420928E-07
  1.1715589672012474E+01  1.8414468870384920E-02  1.8036350580311280E-07
  1.1832308588772495E+01  1.8289092342348576E-02  1.7980043348493141E-07
  1.1950190341199439E+01  1.8163878992158895E-02  1.7925061671828469E-07
  1.2069246514277362E+01  1.8039295478198745E-02  1.7871421238443392E-07
  1.2189488808408010E+01  1.7915014274675890E-02  1.7819139876313605E-07
  1.2310929040560783E+01  1.7790570684315176E-02  1.7768236427385447E-07
  1.2433579145433988E+01  1.7661233546259970E-02  1.7718728768573209E-07
  1.2557451176627779E+01  1.7543324089958241E-02  1.7670630240750901E-07
  1.2682557307828693E+01  1.7419373276523199E-02  1.7623944618773159E-07
  1.2808909834006096E+01  1.7295560595775937E-02  1.7578661460579954E-07
  1.2936521172620463E+01  1.7166603717309412E-02  1.7534753817081050E-07
  1.3065403864843669E+01  1.7046361650163034E-02  1.7492181877172786E-07
  1.3195570576791578E+01  1.6927828874150303E-02  1.7450901978281118E-07
  1.3327034100768783E+01  1.6804237076288902E-02  1.7410872693793358E-07
  1.3459807356525737E+01  1.6681800283866545E-02  1.7372053105632638E-07
  1.3593903392528540E+01  1.6555836693482425E-02  1.7334400777274767E-07
  1.3729335387241253E+01  1.6437679181888872E-02  1.7297872959584003E-07
  1.3866116650421047E+01  1.6315716430492101E-02  1.7262428212604262E-07
  1.4004260624426177E+01  1.6195214616100982E-02  1.7228028284074939E-07
  1.4143780885537138E+01  1.6075528450211454E-02  1.7194640335124712E-07
  1.4284691145290850E+01  1.5954432787223291E-02  1.7162239638417741E-07
  1.4427005251828129E+01  1.5833965380529304E-02  1.7130813041219914E-07
  1.4570737191254722E+01  1.5714062861413296E-02  1.7100361083085933E-07
  1.4715901089015770E+01  1.5591285574560451E-02  1.7070894293443695E-07
  1.4862511211283948E+01  1.5474702558378529E-02  1.7042422346757821E-07
  1.5010581966361595E+01  1.5355807978934937E-02  1.7014945523977433E-07
  1.5160127906096637E+01  1.5237287934221615E-02  1.6988458779747466E-07
  1.5311163727312730E+01  1.5118748364365324E-02  1.6962958705041334E-07
  1.5463704273253539E+01  1.4999564241576922E-02  1.6938443016861919E-07
  1.5617764535041577E+01  1.4882654257529410E-02  1.6914909390546146E-07
  1.5773359653151427E+01  1.4762481874841242E-02  1.6892354810204549E-07
  1.5930504918897649E+01  1.4645477494236989E-02  1.6870774735660313E-07
  1.6089215775937635E+01  1.4528699954317591E-02  1.6850161923000325E-07
  1.6249507821789333E+01  1.4412548352846586E-02  1.6830504544568706E-07
  1.6411396809364039E+01  1.4300168283125589E-02  1.6811784457176067E-07
  1.6574898648514644E+01  1.4183585702357761E-02  1.6793978592539950E-07
  1.6740029407599128E+01  1.4069435324740550E-02  1.6777065846866683E-07
  1.6906805315059746E+01  1.3954627120454340E-02  1.6761034629843937E-07
  1.7075242761017801E+01  1.3839925378740269E-02  1.6745881563526755E-07
  1.7245358298884540E+01  1.3725426405317400E-02  1.6731605501791451E-07
  1.7417168646987889E+01  1.3614330640503719E-02  1.6718207159813511E-07
  1.7590690690215428E+01  1.3501763134399524E-02  1.6705688054368705E-07
  1.7765941481673874E+01  1.3388978018645753E-02  1.6694049976119253E-07
  1.7942938244364942E+01  1.3278380289049362E-02  1.6683294956700975E-07
  1.8121698372877919E+01  1.3166669391830256E-02  1.6673425236201588E-07
  1.8302239435099231E+01  1.3056704293777744E-02  1.6664443513825612E-07
  1.8484579173938890E+01  1.2946751959385340E-02  1.6656353604106971E-07
  1.8668735509074228E+01  1.2836251826446612E-02  1.6649160419009971E-07
  1.8854726538710914E+01  1.2727640624078704E-02  1.6642867804466491E-07
  1.9042570541361677E+01  1.2618347306145852E-02  1.6637474831607923E-07
  1.9232285977642615E+01  1.2510331388792073E-02  1.6632974101285478E-07
  1.9423891492087357E+01  1.2403068433177258E-02  1.6629352719471284E-07
  1.9617405914979500E+01  1.2295113311494663E-02  1.6626592920774565E-07
  1.9812848264203136E+01  1.2188692954423506E-02  1.6624675527012805E-07
  2.0010237747111788E+01  1.2082057534046975E-02  1.6623581753906077E-07
  2.0209593762416151E+01  1.1976278645779610E-02  1.6623293285108160E-07
  2.0410935902090472E+01  1.1871016079691456E-02  1.6623792249834746E-07
  2.0614283953297974E+01  1.1766240818592420E-02  1.6625061033446656E-07
  2.0819657900335432E+01  1.1661958700969035E-02  1.6627081824184018E-07
  2.1027077926597240E+01  1.1554076124674672E-02  1.6629836107428684E-07
  2.1236564416558924E+01  1.1455301297028009E-02  1.6633304655173875E-07
  2.1448137957780379E+01  1.1352305264112354E-02  1.6637468516904816E-07
  2.1661819342929270E+01  1.1250402396155967E-02  1.6642311013604221E-07
  2.1877629571824386E+01  1.1148366459509616E-02  1.6647819887766107E-07
  2.2095589853499369E+01  1.1047179681890906E-02  1.6653987437178132E-07
  2.2315721608287195E+01  1.0947425644604717E-02  1.6660807936117967E-07
  2.2538046469925174E+01  1.0846322760756940E-02  1.6668276284053490E-07
  2.2762586287681106E+01  1.0743280721702745E-02  1.6676387922938167E-07
  2.2989363128500447E+01  1.0648857574493976E-02  1.6685138784432529E-07
  2.3218399279175092E+01  1.0549126466842144E-02  1.6694525156871703E-07
  2.3449717248533588E+01  1.0451802340127891E-02  1.6704543626607358E-07
  2.3683339769653134E+01  1.0353646461576445E-02  1.6715191103780309E-07
  2.3919289802093846E+01  1.0256770494919363E-02  1.6726464722844068E-07
  2.4157590534155094E+01  1.0161054020436528E-02  1.6738361334290139E-07
  2.4398265385154243E+01  1.0064404010819119E-02  1.6750876306106338E-07
  2.4641338007728393E+01  9.9697769002173673E-03  1.6764001979384584E-07
  2.4886832290158790E+01  9.8751208575244484E-03  1.6777728045636985E-07
  2.5134772358718479E+01  9.7803481347141317E-03  1.6792044001631753E-07
  2.5385182580043299E+01  9.6861298351581474E-03  1.6806939649439246E-07
  2.5638087563526650E+01  9.5935872409005606E-03  1.6822405016499758E-07
  2.5893512163737977E+01  9.5001708833388990E-03  1.6838430367482593E-07
  2.6151481482865286E+01  9.4080213911084242E-03  1.6855006218426002E-07
  2.6412020873182247E+01  9.3166961077760426E-03  1.6872123289080034E-07
  2.6675155939539660E+01  9.2250951730701858E-03  1.6889772341456991E-07
  2.6940912541881719E+01  9.1309092399412782E-03  1.6907943989416110E-07
  2.7209316797787583E+01  9.0455748567534883E-03  1.6926628618527547E-07
  2.7480395085038019E+01  8.9556162362523454E-03  1.6945816521724547E-07
  2.7754174044207769E+01  8.8666047851094516E-03  1.6965498135180990E-07
  2.8030680581283562E+01  8.7791329898892524E-03  1.6985663537160657E-07
  2.8309941870308510E+01  8.6908434353345013E-03  1.7006301366708620E-07
  2.8591985356052611E+01  8.6037443498404170E-03  1.7027399949005743E-07
  2.8876838756709788E+01  8.5146827197177220E-03  1.7048947980281066E-07
  2.9164530066622149E+01  8.4312277630555748E-03  1.7070934547538597E-07
  2.9455087559031057E+01  8.3460437940003265E-03  1.7093349111225057E-07
  2.9748539788855616E+01  8.2607744321801096E-03  1.7116181462997114E-07
  3.0044915595499180E+01  8.1764759488523395E-03  1.7139421749554675E-07
  3.0344244105683384E+01  8.0927272031129129E-03  1.7163060504601486E-07
  3.0646554736310740E+01  8.0096762893490450E-03  1.7187088565937854E-07
  3.0951877197355458E+01  7.9270725782889621E-03  1.7211496777013815E-07
  3.1260241494783436E+01  7.8457536799538558E-03  1.7236275493598734E-07
  3.1571677933501029E+01  7.7638633963064583E-03  1.7261414200710057E-07
  3.1886217120333235E+01  7.6829624552615895E-03  1.7286901722529000E-07
  3.2203889967031770E+01  7.6028414832469225E-03  1.7312726876689569E-07
  3.2524727693312911E+01  7.5230840675706420E-03  1.7338878881650399E-07
  3.2848761829925522E+01  7.4441899078509831E-03  1.7365347475193140E-07
  3.3176024221749991E+01  7.3655691337637516E-03  1.7392122984593241E-07
  3.3506547030927699E+01  7.2882511569915187E-03  1.7419196280038644E-07
  3.3840362740021860E+01  7.2107913385152690E-03  1.7446558652151814E-07
  3.4177504155209640E+01  7.1337936918510689E-03  1.7474201652376195E-07
  3.4518004409506439E+01  7.0577409387435281E-03  1.7502116967952143E-07
  3.4861896966022002E+01  6.9815668611190578E-03  1.7530296417934752E-07
  3.5209215621248909E+01  6.9068603273422218E-03  1.7558732014630318E-07
  3.5559994508384200E+01  6.8316979725649620E-03  1.7587415879812190E-07
  3.5914268100683749E+01  6.7577743118845185E-03  1.7616339765501402E-07
  3.6272071214850072E+01  6.6846775977849110E-03  1.7645494933758009E-07
  3.6633439014454169E+01  6.6112823406859113E-03  1.7674872753126262E-07
  3.6998407013391216E+01  6.5361919315615044E-03  1.7704464834222286E-07
  3.7367011079370556E+01  6.4647927194207431E-03  1.7734263066656520E-07
  3.7739287437440957E+01  6.3966990759370540E-03  1.7764259649119344E-07
  3.8115272673550415E+01  6.3251406665990259E-03  1.7794447136006172E-07
  3.8495003738141889E+01  6.2555606232802116E-03  1.7824818525169727E-07
  3.8878517949784396E+01  6.1853663304874840E-03  1.7855367323781618E-07
  3.9265852998840828E+01  6.1167347993485062E-03  1.7886087512901437E-07
  3.9657046951171878E+01  6.0453761025171622E-03  1.7916973390531249E-07
  4.0052138251876940E+01  5.9779747980625826E-03  1.7948019356814243E-07
  4.0451165729072514E+01  5.9106842361519168E-03  1.7979219693334986E-07
  4.0854168597708060E+01  5.8439540057269833E-03  1.8010568386461216E-07
  4.1261186463419698E+01  5.7777865079586396E-03  1.8042059199625487E-07
  4.1672259326422790E+01  5.7121954755231189E-03  1.8073685701452574E-07
  4.2087427585442846E+01  5.6495647555719923E-03  1.8105441225620855E-07
  4.2506732041685851E+01  5.5834462746476559E-03  1.8137318849227425E-07
  4.2930213902847846E+01  5.5211586249469466E-03  1.8169311404762009E-07
  4.3357914787164979E+01  5.4575119549374849E-03  1.8201411489757712E-07
  4.3789876727503447E+01  5.3924453513341684E-03  1.8233611492302691E-07
  4.4226142175490168E+01  5.3332190810704222E-03  1.8265903649090249E-07
  4.4666754005685071E+01  5.2713829039288292E-03  1.8298280124561172E-07
  4.5111755519794514E+01  5.2100150426404963E-03  1.8330733047351195E-07
  4.5561190450926659E+01  5.1495419589263867E-03  1.8363254423044455E-07
  4.6015102967889689E+01  5.0897682894428427E-03  1.8395835922010259E-07
  4.6473537679532370E+01  5.0305090547117020E-03  1.8428468851434254E-07
  4.6936539639128135E+01  4.9721474192395559E-03  1.8461144238313561E-07
  4.7404154348802564E+01  4.9136928083925620E-03  1.8493852842351141E-07
  4.7876427764005463E+01  4.8565017072938659E-03  1.8526585184041505E-07
  4.8353406298027039E+01  4.7972189497434130E-03  1.8559331622489862E-07
  4.8835136826559065E+01  4.7434073667399039E-03  1.8592082402463366E-07
  4.9321666692301989E+01  4.6869713399840165E-03  1.8624827653021016E-07
  4.9813043709617432E+01  4.6302727486048981E-03  1.8657557360651379E-07
  5.0309316169227003E+01  4.5775002020645127E-03  1.8690261334750007E-07
  5.0810532842958537E+01  4.5225948368045740E-03  1.8722929179439177E-07
  5.1316742988538941E+01  4.4692809223304012E-03  1.8755550248239477E-07
  5.1827996354435157E+01  4.4161714561860525E-03  1.8788113451246186E-07
  5.2344343184743103E+01  4.3636360000177494E-03  1.8820606627851826E-07
  5.2865834224125720E+01  4.3103072717479308E-03  1.8853015866711245E-07
  5.3392520722799894E+01  4.2606885166178981E-03  1.8885325177981626E-07
  5.3924454441572905E+01  4.2095924621149703E-03  1.8917516277340387E-07
  5.4461687656929648E+01  4.1589839359855345E-03  1.8949568748518637E-07
  5.5004273166170023E+01  4.1089749370674476E-03  1.8981460408267897E-07
  5.5552264292597457E+01  4.0595967678094232E-03  1.9013167582624394E-07
  5.6105714890759678E+01  4.0107999265851296E-03  1.9044665373575039E-07
  5.6664679351741114E+01  3.9626523547868098E-03  1.9075927867630144E-07
  5.7229212608508362E+01  3.9148846695731595E-03  1.9106928309020628E-07
  5.7799370141308565E+01  3.8672535983003522E-03  1.9137639302356401E-07
  5.8375207983122145E+01  3.8192132126379174E-03  1.9168033149870811E-07
  5.8956782725169418E+01  3.7746843194627366E-03  1.9198082390662738E-07
  5.9544151522471708E+01  3.7287485643321288E-03  1.9227760408597577E-07
  6.0137372099469175E+01  3.6819183193045860E-03  1.9257042046386129E-07
  6.0736502755693408E+01  3.6389235182963586E-03  1.9285904173453383E-07
  6.1341602371496023E+01  3.5940761253870335E-03  1.9314325788768439E-07
  6.1952730413836761E+01  3.5488880234450389E-03  1.9342287482409701E-07
  6.2569946942126741E+01  3.5054791764370995E-03  1.9369771013572292E-07
  6.3193312614130797E+01  3.4637245435619655E-03  1.9396758877383797E-07
  6.3822888691928945E+01  3.4199348697526622E-03  1.9423233890037323E-07
  6.4458737047937348E+01  3.3791501795400344E-03  1.9449178802058421E-07
  6.5100920170988189E+01  3.3375102742096733E-03  1.9474575891513711E-07
  6.5749501172471184E+01  3.2962412907405342E-03  1.9499406471401960E-07
  6.6404543792536359E+01  3.2555041706563235E-03  1.9523650068992351E-07
  6.7066112406357362E+01  3.2138544962049265E-03  1.9547282988067591E-07
  6.7734272030458513E+01  3.1750638135054051E-03  1.9570277057158024E-07
  6.8409088329104677E+01  3.1355143742033513E-03  1.9592598771661087E-07
  6.9090627620753750E+01  3.0961830240834099E-03  1.9614209079699145E-07
  6.9778956884574612E+01  3.0574487020467961E-03  1.9635064873307753E-07
  7.0474143767029986E+01  3.0190750552660413E-03  1.9655120455329462E-07
  7.1176256588523643E+01  2.9809893620113175E-03  1.9674328696273803E-07
  7.1885364350115125E+01  2.9433228407316852E-03  1.9692642002427902E-07
  7.2601536740301327E+01  2.9059550878617465E-03  1.9710012975394308E-07
  7.3324844141864332E+01  2.8690131387224828E-03  1.9726394858551855E-07
  7.4055357638788891E+01  2.8323523222426776E-03  1.9741741865463892E-07
  7.4793149023248631E+01  2.7962364967636134E-03  1.9756009582220112E-07
  7.5538290802660725E+01  2.7604372843474923E-03  1.9769155361423871E-07
  7.6290856206812066E+01  2.7248894223397026E-03  1.9781138653267125E-07
  7.7050919195056437E+01  2.6897594264124781E-03  1.9791921327998123E-07
  7.7818554463582103E+01  2.6549704410913414E-03  1.9801467590356546E-07
  7.8593837452753149E+01  2.6205780475295269E-03  1.9809742405501361E-07
  7.9376844354523868E+01  2.5865571266589261E-03  1.9816709675869168E-07
  8.0167652119925776E+01  2.5528887933344672E-03  1.9822331392232286E-07
  8.0966338466630489E+01  2.5195732934036067E-03  1.9826567266136252E-07
  8.1772981886588042E+01  2.4866153731803254E-03  1.9829374618640765E-07
  8.2587661653739787E+01  2.4540203681170142E-03  1.9830708321165208E-07
  8.3410457831809651E+01  2.4217796444008705E-03  1.9830520859654698E-07
  8.4241451282172875E+01  2.3898733017848812E-03  1.9828762548471164E-07
  8.5080723671802531E+01  2.3582889912272696E-03  1.9825381709059930E-07
  8.5928357481294327E+01  2.3270593016938390E-03  1.9820324952260543E-07
  8.6784436012974481E+01  2.2960885376342261E-03  1.9813538110637688E-07
  8.7649043399085414E+01  2.2653350093620830E-03  1.9804967713842127E-07
  8.8522264610052858E+01  2.2349460006101094E-03  1.9794563018015612E-07
  8.9404185462838541E+01  2.2048106362373469E-03  1.9782278100919289E-07
  9.0294892629372939E+01  2.1749343050605410E-03  1.9768072924606607E-07
  9.1194473645071952E+01  2.1453550147029314E-03  1.9751913635793836E-07
  9.2103016917441749E+01  2.1159567609809250E-03  1.9733772812534347E-07
  9.3020611734765907E+01  2.0867978207138849E-03  1.9713630044766401E-07
  9.3947348274880028E+01  2.0578894474227510E-03  1.9691472397576699E-07
  9.4883317614034581E+01  2.0285407104175929E-03  1.9667294281939792E-07
  9.5828611735846039E+01  2.0002815463066701E-03  1.9641096754442835E-07
  9.6783323540335573E+01  1.9725743017013999E-03  1.9612886188109203E-07
  9.7747546853059461E+01  1.9446279503984208E-03  1.9582672804553442E-07
  9.8721376434330537E+01  1.9169078660349493E-03  1.9550468912576715E-07
  9.9704907988529754E+01  1.8894302864117649E-03  1.9516286742015127E-07
  1.0069823817351214E+02  1.8616293261889147E-03  1.9480136238012813E-07
  1.0170146461010661E+02  1.8347142556782376E-03  1.9442023807487878E-07
  1.0271468589170870E+02  1.8080905217735684E-03  1.9401952209677380E-07
  1.0373800159397038E+02  1.7816454644446003E-03  1.9359920987355580E-07
  1.0477151228458668E+02  1.7555879788080015E-03  1.9315926798558033E-07
  1.0581531953317796E+02  1.7300250890949526E-03  1.9269963734962720E-07
  1.0686952592127223E+02  1.7038817975490513E-03  1.9222023938219604E-07
  1.0793423505238732E+02  1.6785203681649891E-03  1.9172098202982333E-07
  1.0900955156221123E+02  1.6532784732624681E-03  1.9120176015282189E-07
  1.1009558112888608E+02  1.6290161732751178E-03  1.9066245608419074E-07
  1.1119243048339430E+02  1.6042211264338893E-03  1.9010294509851147E-07
  1.1230020742004659E+02  1.5798213584114521E-03  1.8952310300481758E-07
  1.1341902080707611E+02  1.5556810518840040E-03  1.8892281484430345E-07
  1.1454898059733834E+02  1.5312722870461746E-03  1.8830197959735259E-07
  1.1569019783911556E+02  1.5077864038482271E-03  1.8766050812701549E-07
  1.1684278468703077E+02  1.4846856024618394E-03  1.8699831812990418E-07
  1.1800685441307073E+02  1.4609890380045940E-03  1.8631533224280260E-07
  1.1918252141771639E+02  1.4386269501724420E-03  1.8561148184389417E-07
  1.2036990124118654E+02  1.4154030684642893E-03  1.8488671430048126E-07
  1.2156911057479321E+02  1.3934345323833573E-03  1.8414100095913480E-07
  1.2278026727240855E+02  1.3707956473330020E-03  1.8337434073970699E-07
  1.2400349036204740E+02  1.3490959870190004E-03  1.8258675688897286E-07
  1.2523890005756597E+02  1.3269354916477152E-03  1.8177829487527327E-07
  1.2648661777047444E+02  1.3053370784679599E-03  1.8094901979021800E-07
  1.2774676612186947E+02  1.2843868158281921E-03  1.8009901090571996E-07
  1.2901946895448563E+02  1.2632706056699213E-03  1.7922835484889939E-07
  1.3030485134486591E+02  1.2423590825155527E-03  1.7833714158492998E-07
  1.3160303961565180E+02  1.2217040228627032E-03  1.7742546165329689E-07
  1.3291416134800116E+02  1.2008843803212503E-03  1.7649340253409262E-07
  1.3423834539412485E+02  1.1807510202192328E-03  1.7554104417297577E-07
  1.3557572188994806E+02  1.1606841131690906E-03  1.7456845780808216E-07
  1.3692642226790289E+02  1.1412544073117305E-03  1.7357571141485252E-07
  1.3829057926984362E+02  1.1216757949630124E-03  1.7256287948324489E-07
  1.3966832696009007E+02  1.1020089996015420E-03  1.7153004964383911E-07
  1.4105980073860661E+02  1.0832188016620763E-03  1.7047732631429847E-07
  1.4246513735430665E+02  1.0642987838088635E-03  1.6940483537610540E-07
  1.4388447491849161E+02  1.0456174706209354E-03  1.6831272996106346E-07
  1.4531795291842434E+02  1.0268259625978698E-03  1.6720119574201103E-07
  1.4676571223103866E+02  1.0088745552195701E-03  1.6607044954764965E-07
  1.4822789513678214E+02  9.9050727538861323E-04  1.6492073112208720E-07
  1.4970464533360001E+02  9.7301988605633452E-04  1.6375229310136417E-07
  1.5119610795105794E+02  9.5536063828503110E-04  1.6256539439251179E-07
  1.5270242956460328E+02  9.3767087808488924E-04  1.6136029599100229E-07
  1.5422375820997061E+02  9.2075388719436784E-04  1.6013725696315616E-07
  1.5576024339773130E+02  9.0375439336037671E-04  1.5889653484934273E-07
  1.5731203612798484E+02  8.8697781423148611E-04  1.5763839137933086E-07
  1.5887928890519962E+02  8.7041030661556189E-04  1.5636309206212976E-07
  1.6046215575320130E+02  8.5378837907478509E-04  1.5507089974024224E-07
  1.6206079223030798E+02  8.3789506618751680E-04  1.5376206680307985E-07
  1.6367535544461876E+02  8.2171151612718302E-04  1.5243682904732581E-07
  1.6530600406945473E+02  8.0620133596869187E-04  1.5109540717631265E-07
  1.6695289835895079E+02  7.9066184117552779E-04  1.4973801802558463E-07
  1.6861620016380596E+02  7.7529528691231905E-04  1.4836488770249938E-07
  1.7029607294719031E+02  7.6015538368550100E-04  1.4697625439444744E-07
  1.7199268180080765E+02  7.4515590171327886E-04  1.4557236029741866E-07
  1.7370619346112093E+02  7.3045432188150665E-04  1.4415344399532613E-07
  1.7543677632573983E+02  7.1590572618180585E-04  1.4271973905933231E-07
  1.7718460046996796E+02  7.0152832878468110E-04  1.4127148248274670E-07
  1.7894983766351822E+02  6.8737487189124934E-04  1.3980892890600119E-07
  1.8073266138739504E+02  6.7340441299579604E-04  1.3833235883849470E-07
  1.8253324685094100E+02  6.5941519484243364E-04  1.3684208683161072E-07
  1.8435177100905702E+02  6.4600054275269487E-04  1.3533846919943367E-07
  1.8618841257959394E+02  6.3257958994255745E-04  1.3382190665226335E-07
  1.8804335206091392E+02  6.1934238276768207E-04  1.3229283783050397E-07
  1.8991677174963036E+02  6.0629700343421407E-04  1.3075172713197286E-07
  1.9180885575852406E+02  5.9328491641390691E-04  1.2919905699454803E-07
  1.9371979003463682E+02  5.8061921963450448E-04  1.2763532812726089E-07
  1.9564976237754286E+02  5.6813731185405183E-04  1.2606105758113279E-07
  1.9759896245780968E+02  5.5593233341423283E-04  1.2447676909479031E-07
  1.9956758183563613E+02  5.4385114088832047E-04  1.2288298664801960E-07
  2.0155581397967543E+02  5.3179110021461156E-04  1.2128023997191338E-07
  2.0356385428605370E+02  5.2011661894883526E-04  1.1966906563297675E-07
  2.0559190009757020E+02  5.0851628810730622E-04  1.1805000426035257E-07
  2.0764015072308894E+02  4.9711233486038028E-04  1.1642359797795132E-07
  2.0970880745713117E+02  4.8591695553017162E-04  1.1479039023299527E-07
  2.1179807359965480E+02  4.7488969842168950E-04  1.1315093058070971E-07
  2.1390815447603356E+02  4.6404794855095521E-04  1.1150578346044622E-07
  2.1603925745723646E+02  4.5346494598458574E-04  1.0985553427848017E-07
  2.1819159198020881E+02  4.4295953936659450E-04  1.0820078685081309E-07
  2.2036536956845228E+02  4.3255078840391786E-04  1.0654215672295113E-07
  2.2256080385281388E+02  4.2241078782187210E-04  1.0488026689594948E-07
  2.2477811059248231E+02  4.1242214058671031E-04  1.0321574270706399E-07
  2.2701750769618906E+02  4.0271626773600655E-04  1.0154921093293569E-07
  2.2927921524362529E+02  3.9304750181434474E-04  9.9881302817327624E-08
  2.3156345550707164E+02  3.8351260157248277E-04  9.8212654978434673E-08
  2.3387045297323957E+02  3.7426026338508199E-04  9.6543910036936326E-08
  2.3620043436533453E+02  3.6504882643928466E-04  9.4875716164112075E-08
  2.3855362866533906E+02  3.5614942432784700E-04  9.3208724006538316E-08
  2.4093026713651309E+02  3.4732134316630932E-04  9.1543581208664520E-08
  2.4333058334612335E+02  3.3863552087752335E-04  8.9880929218755791E-08
  2.4575481318839880E+02  3.3017408984751991E-04  8.8221408381726268E-08
  2.4820319490771067E+02  3.2178088922578640E-04  8.6565667471527842E-08
  2.5067596912198763E+02  3.1367151532739909E-04  8.4914365814909980E-08
  2.5317337884636424E+02  3.0563203131770854E-04  8.3268167049476900E-08
  2.5569566951706074E+02  2.9771055400221012E-04  8.1627732610186907E-08
  2.5824308901550501E+02  2.9004735358897780E-04  7.9993718963542016E-08
  2.6081588769269507E+02  2.8247777505665996E-04  7.8366776521761202E-08
  2.6341431839379942E+02  2.7500034616243988E-04  7.6747548728277626E-08
  2.6603863648300739E+02  2.6779053251090203E-04  7.5136671772137597E-08
  2.6868909986862707E+02  2.6061364131205037E-04  7.3534775929652747E-08
  2.7136596902842820E+02  2.5368666623364267E-04  7.1942488988495437E-08
  2.7406950703524268E+02  2.4684071832707975E-04  7.0360439598640185E-08
  2.7679997958282001E+02  2.4014144225166325E-04  6.8789255814258258E-08
  2.7955765501193537E+02  2.3358058528904430E-04  6.7229558647719780E-08
  2.8234280433676287E+02  2.2716718194221790E-04  6.5681958774019540E-08
  2.8515570127151096E+02  2.2083100360428384E-04  6.4147058762526929E-08
  2.8799662225732158E+02  2.1472400503617424E-04  6.2625451618604071E-08
  2.9086584648943330E+02  2.0870177696873752E-04  6.1117715360741039E-08
  2.9376365594462720E+02  2.0276569217325324E-04  5.9624411274090399E-08
  2.9669033540893469E+02  1.9705525745856780E-04  5.8146083381428856E-08
  2.9964617250562145E+02  1.9141764449774121E-04  5.6683257825779069E-08
  3.0263145772346161E+02  1.8591784198211057E-04  5.5236441934265235E-08
  3.0564648444528194E+02  1.8053579695787039E-04  5.3806122865711676E-08
  3.0869154897679095E+02  1.7527299761700807E-04  5.2392766603247445E-08
  3.1176695057570612E+02  1.7012559553355563E-04  5.0996819377783903E-08
  3.1487299148115932E+02  1.6511703463683737E-04  4.9618712263977464E-08
  3.1800997694339935E+02  1.6021324042073500E-04  4.8258864532868247E-08
  3.2117821525379190E+02  1.5542969264061650E-04  4.6917681978295788E-08
  3.2437801777511936E+02  1.5074098743988649E-04  4.5595554073683644E-08
  3.2760969897217649E+02  1.4618212040094447E-04  4.4292850011706449E-08
  3.3087357644267661E+02  1.4174415366022679E-04  4.3009916212298180E-08
  3.3416997094846624E+02  1.3739446531480870E-04  4.1747076104563551E-08
  3.3749920644704423E+02  1.3316072556540472E-04  4.0504630102761321E-08
  3.4086161012340096E+02  1.2902350319190478E-04  3.9282855692683598E-08
  3.4425751242217535E+02  1.2499233585539451E-04  3.8082007623955778E-08
  3.4768724708012519E+02  1.2106502251619555E-04  3.6902317927858426E-08
  3.5115115115892786E+02  1.1723471964237375E-04  3.5743994914121097E-08
  3.5464956507830755E+02  1.1349121447588390E-04  3.4607220707678217E-08
  3.5818283264948622E+02  1.0986592899508873E-04  3.3492150030367449E-08
  3.6175130110897425E+02  1.0631349108626738E-04  3.2398914010145738E-08
  3.6535532115269768E+02  1.0287479117888402E-04  3.1327625488987638E-08
  3.6899524697045911E+02  9.9489218704388376E-05  3.0278378450768504E-08
  3.7267143628074814E+02  9.6221668694511790E-05  2.9251245256344073E-08
  3.7638425036589894E+02  9.3056509118147825E-05  2.8246276486511014E-08
  3.8013405410759134E+02  8.9958572819358795E-05  2.7263501161195831E-08
  3.8392121602271226E+02  8.6941355795653471E-05  2.6302926963319384E-08
  3.8774610829957430E+02  8.3995252556638388E-05  2.5364540469816772E-08
  3.9160910683448901E+02  8.1164322059851238E-05  2.4448307498165408E-08
  3.9551059126870996E+02  7.8387612860000142E-05  2.3554173974636604E-08
  3.9945094502574585E+02  7.5691920024979545E-05  2.2682067845690958E-08
  4.0343055534903635E+02  7.3065159111600840E-05  2.1831901217648813E-08
  4.0744981334001210E+02  7.0517329060654270E-05  2.1003570286957679E-08
  4.1150911399653256E+02  6.8048708651686184E-05  2.0196953677214078E-08
  4.1560885625170033E+02  6.5637603778548787E-05  1.9411912384102165E-08
  4.1974944301306931E+02  6.3299997332709411E-05  1.8648289667444627E-08
  4.2393128120224327E+02  6.1031027860347932E-05  1.7905911365676064E-08
  4.2815478179486172E+02  5.8828988352758129E-05  1.7184586559314098E-08
  4.3242035986099160E+02  5.6692938867638661E-05  1.6484108256604474E-08
  4.3672843460592071E+02  5.4618591592280891E-05  1.5804254098258312E-08
  4.4107942941135445E+02  5.2603709359623915E-05  1.5144787063628869E-08
  4.4547377187701824E+02  5.0649907339259223E-05  1.4505456085252967E-08
  4.4991189386269116E+02  4.8750768478742947E-05  1.3885996401688148E-08
  4.5439423153064223E+02  4.6916580482747688E-05  1.3286129812476943E-08
  4.5892122538848906E+02  4.5133087262781233E-05  1.2705565777434250E-08
  4.6349332033250050E+02  4.3404572555259341E-05  1.2144003636674540E-08
  4.6811096569131411E+02  4.1727222528581129E-05  1.1601134053679235E-08
  4.7277461527008830E+02  4.0107459047638091E-05  1.1076638820016291E-08
  4.7748472739511254E+02  3.8536689220101880E-05  1.0570191073612384E-08
  4.8224176495884319E+02  3.7014378099816066E-05  1.0081456001016768E-08
  4.8704619546539357E+02  3.5537829682212536E-05  9.6100915507809064E-09
  4.9189849107648081E+02  3.4116481510916232E-05  9.1557491350774116E-09
  4.9679912865783103E+02  3.2734267800489096E-05  8.7180743146231698E-09
  5.0174858982603780E+02  3.1398199477510905E-05  8.2967074779104073E-09
  5.0674736099589717E+02  3.0103404818606736E-05  7.8912845582247345E-09
  5.1179593342821312E+02  2.8854111734214382E-05  7.5014377766207155E-09
  5.1689480327807109E+02  2.7645230141889182E-05  7.1267961312676524E-09
  5.2204447164360124E+02  2.6474633251372595E-05  6.7669854685687620E-09
  5.2724544461522805E+02  2.5345277125487396E-05  6.4216290657401614E-09
  5.3249823332539972E+02  2.4253484505478391E-05  6.0903490870118763E-09
  5.3780335399882495E+02  2.3198616286600254E-05  5.7727675192468006E-09
  5.4316132800320759E+02  2.2180388038520723E-05  5.4685067262655958E-09
  5.4857268190047887E+02  2.1199190290067268E-05  5.1771899710073758E-09
  5.5403794749854922E+02  2.0250686867729460E-05  4.8984419204941455E-09
  5.5955766190357542E+02  1.9335338912371044E-05  4.6318891341776065E-09
  5.6513236757273899E+02  1.8452652760910922E-05  4.3771605326336954E-09
  5.7076261236756034E+02  1.7599624631402190E-05  4.1338878322294943E-09
  5.7644894960774343E+02  1.6781243695678069E-05  3.9017059355687106E-09
  5.8219193812554784E+02  1.5991941655714771E-05  3.6802533534109266E-09
  5.8799214232071176E+02  1.5229939664774211E-05  3.4691727964457310E-09
  5.9385013221592260E+02  1.4497580935839995E-05  3.2681117622035241E-09
  5.9976648351282995E+02  1.3791871259522658E-05  3.0767227048115758E-09
  6.0574177764862679E+02  1.3114571736794278E-05  2.8946630662821952E-09
  6.1177660185319462E+02  1.2461745721815349E-05  2.7215955412830471E-09
  6.1787154920680564E+02  1.1835770081308804E-05  2.5571883730362420E-09
  6.2402721869841855E+02  1.1233356382362071E-05  2.4011156267642835E-09
  6.3024421528453615E+02  1.0655470750147782E-05  2.2530574395936358E-09
  6.3652314994866208E+02  1.0100479604999503E-05  2.1127002459882580E-09
  6.4286463976134939E+02  9.5684529560198993E-06  1.9797369796116083E-09
  6.4926930794083728E+02  9.0579577350912729E-06  1.8538672551158450E-09
  6.5573778391430130E+02  8.5692930228325425E-06  1.7347975264214860E-09
  6.6227070337971600E+02  8.1010081533916708E-06  1.6222411980648132E-09
  6.6886870836832099E+02  7.6529577122585485E-06  1.5159186723919664E-09
  6.7553244730772064E+02  7.2245365380132580E-06  1.4155574264179508E-09
  6.8226257508561400E+02  6.8146202743295234E-06  1.3208922994873791E-09
  6.8905975311414647E+02  6.4235477304532580E-06  1.2316656540820683E-09
  6.9592464939491458E+02  6.0496095903639742E-06  1.1476274081523558E-09
  7.0285793858461943E+02  5.6938071608674745E-06  1.0685350483394248E-09
  7.0986030206136070E+02  5.3537694644644278E-06  9.9415362823174569E-10
  7.1693242799160441E+02  5.0305760956249951E-06  9.2425575245835417E-10
  7.2407501139781778E+02  4.7225798202429836E-06  8.5862154717934943E-10
  7.3128875422676469E+02  4.4296759613595778E-06  7.9703861674920793E-10
  7.3857436541849427E+02  4.1513233958817628E-06  7.3930198542257429E-10
  7.4593256097601818E+02  3.8872414193814852E-06  6.8521402378326291E-10
  7.5336406403566627E+02  3.6361854707303915E-06  6.3458436878012358E-10
  7.6086960493816491E+02  3.3986793239120502E-06  5.8722985743777894E-10
  7.6844992130040248E+02  3.1740442888100190E-06  5.4297442858928847E-10
  7.7610575808792385E+02  2.9612251141811740E-06  5.0164898923804399E-10
  7.8383786768814753E+02  2.7601110228866707E-06  4.6309129492878878E-10
  7.9164700998429782E+02  2.5700036376049276E-06  4.2714582492254346E-10
  7.9953395243008902E+02  2.3908757955916112E-06  3.9366364999379448E-10
  8.0749947012515167E+02  2.2218801716631764E-06  3.6250229348341023E-10
  8.1554434589119751E+02  2.0626671878236513E-06  3.3352558620349145E-10
  8.2366937034895670E+02  1.9137439136652753E-06  3.0660351575000601E-10
  8.3187534199588242E+02  1.7730631591855185E-06  2.8161207080889366E-10
  8.4016306728461427E+02  1.6413547208073570E-06  2.5843308124572105E-10
  8.4853336070223804E+02  1.5176807412717148E-06  2.3695405420813820E-10
  8.5698704485033647E+02  1.4020102122669078E-06  2.1706800375684149E-10
  8.6552495052582026E+02  1.2938391652893950E-06  1.9867328474042630E-10
  8.7414791680258145E+02  1.1926133608158426E-06  1.8167344013279097E-10
  8.8285679111395962E+02  1.0984199716419697E-06  1.6597703247513264E-10
  8.9165242933601428E+02  1.0103626837409933E-06  1.5149747046712977E-10
  9.0053569587164179E+02  9.2848957233728265E-07  1.3815283567409781E-10
  9.0950746373553170E+02  8.5220490540173044E-07  1.2586570979594594E-10
  9.1856861463995062E+02  7.8144291882738442E-07  1.1456300290763874E-10
  9.2772003908140789E+02  7.1574510005481203E-07  1.0417578307402302E-10
  9.3696263642815836E+02  6.5490149658499991E-07  9.4639107743256681E-11
  9.4629731500859316E+02  5.9863729479048169E-07  8.5891857260354664E-11
  9.5572499220051373E+02  5.4647322090199462E-07  7.7876570672194021E-11
  9.6524659452127628E+02  4.9836737725338080E-07  7.0539283846457995E-11
  9.7486305771885259E+02  4.5395530054238820E-07  6.3829370554600004E-11
  9.8457532686379716E+02  4.1309415316094264E-07  5.7699388170081227E-11
  9.9438435644211461E+02  3.7546949984139377E-07  5.2104926325607467E-11
  1.0042911104490674E+03  3.4089820140527607E-07  4.7004458659756556E-11
  1.0142965624839210E+03  3.0915266716345494E-07  4.2359198375467392E-11
  1.0244016958456132E+03  2.8008064724287211E-07  3.8132957777235521E-11
  1.0346075036293948E+03  2.5344757987492716E-07  3.4292011918204333E-11
  1.0449149888244344E+03  2.2907890746722747E-07  3.0804966463592673E-11
  1.0553251644123750E+03  2.0682348311898659E-07  2.7642629847636653E-11
  1.0658390534668924E+03  1.8650415603608792E-07  2.4777889773344167E-11
  1.0764576892542473E+03  1.6799759849323238E-07  2.2185594087612879E-11
  1.0871821153348155E+03  1.5113726363929180E-07  1.9842436068516427E-11
  1.0980133856656532E+03  1.3583004251943122E-07  1.7726844249035697E-11
  1.1089525647040821E+03  1.2193123408819938E-07  1.5818877257104515E-11
  1.1200007275122850E+03  1.0932024330416613E-07  1.4100122985020598E-11
  1.1311589598629771E+03  9.7939924532554606E-08  1.2553601691060011E-11
  1.1424283583460956E+03  8.7542873305303372E-08  1.1163673464098695E-11
  1.1538100304765746E+03  7.8396121395231064E-08  9.9159500300629726E-12
  1.1653050948031964E+03  6.9745870730367089E-08  8.7972108279005374E-12
  1.1769146810185025E+03  6.2697556184206956E-08  7.7953232732200356E-12