 #p(MeV) \t \delta f_\\nu \t \delta f_\\nubar
  5.2582843488703412E-01  9.9231019635848086E-02  1.4562957809617643E-06
  5.3106710635299148E-01  9.8983867708909656E-02  1.4394274403492827E-06
  5.3635796913632006E-01  9.8750745506522575E-02  1.4227154895831165E-06
  5.4170154320350972E-01  9.8539884683644691E-02  1.4061591566905602E-06
  5.4709835370131932E-01  9.8363675431029751E-02  1.3897576658314582E-06
  5.5254893100838909E-01  9.8145725760888120E-02  1.3735102395232894E-06
  5.5805381078736249E-01  9.7918776274661487E-02  1.3574160963215833E-06
  5.6361353403752945E-01  9.7641578473154952E-02  1.3414744592672668E-06
  5.6922864714799504E-01  9.7401793735293327E-02  1.3256845699922132E-06
  5.7489970195137430E-01  9.7158566403991578E-02  1.3100456585238428E-06
  5.8062725577802698E-01  9.6961741592987122E-02  1.2945568635062771E-06
  5.8641187151082763E-01  9.6747734237248306E-02  1.2792171506725007E-06
  5.9225411764048430E-01  9.6524016226832196E-02  1.2640253490038441E-06
  5.9815456832140934E-01  9.6287324163873950E-02  1.2489802742513895E-06
  6.0411380342814214E-01  9.6045243202768665E-02  1.2340807500811028E-06
  6.1013240861234042E-01  9.5792763067114012E-02  1.2193256081167699E-06
  6.1621097536033298E-01  9.5579170509959663E-02  1.2047136877725426E-06
  6.2235010105124999E-01  9.5345675356663134E-02  1.1902438349613161E-06
  6.2855038901573268E-01  9.5117583344822593E-02  1.1759149070873414E-06
  6.3481244859522334E-01  9.4903804399705555E-02  1.1617257752359667E-06
  6.4113689520185224E-01  9.4702494006884533E-02  1.1476752975693644E-06
  6.4752435037891576E-01  9.4470238461221254E-02  1.1337623019127542E-06
  6.5397544186196022E-01  9.4284365815958435E-02  1.1199856187056335E-06
  6.6049080364047474E-01  9.4067549945578116E-02  1.1063441499565074E-06
  6.6707107602019444E-01  9.3835624730577327E-02  1.0928369031183217E-06
  6.7371690568603049E-01  9.3602422544345878E-02  1.0794629217504272E-06
  6.8042894576562163E-01  9.3395853141752083E-02  1.0662212550250476E-06
  6.8720785589352185E-01  9.3169356211042276E-02  1.0531109571899619E-06
  6.9405430227602771E-01  9.2940142529428782E-02  1.0401310875394931E-06
  7.0096895775664902E-01  9.2729830873750224E-02  1.0272807110348049E-06
  7.0795250188223535E-01  9.2515746266112642E-02  1.0145588957027668E-06
  7.1500562096975728E-01  9.2296060009066205E-02  1.0019647046404681E-06
  7.2212900817375636E-01  9.2075467115080120E-02  9.8949721049568691E-07
  7.2932336355446648E-01  9.1850785221290032E-02  9.7715552921994511E-07
  7.3658939414661084E-01  9.1625507024213099E-02  9.6493883441495902E-07
  7.4392781402888986E-01  9.1392045507361436E-02  9.5284633753865002E-07
  7.5133934439415495E-01  9.1212439859252065E-02  9.4087725172687161E-07
  7.5882471362028692E-01  9.0986711541592491E-02  9.2903078126003263E-07
  7.6638465734177819E-01  9.0801302928137761E-02  9.1730612811372316E-07
  7.7401991852202678E-01  9.0597867250323344E-02  9.0570249261685979E-07
  7.8173124752635281E-01  9.0370470977556877E-02  8.9421907355617591E-07
  7.8951940219574279E-01  9.0139041599674383E-02  8.8285506806961606E-07
  7.9738514792132498E-01  8.9895613586754033E-02  8.7160967159500018E-07
  8.0532925771959218E-01  8.9676538302901121E-02  8.6048207952893836E-07
  8.1335251230836769E-01  8.9457754009677953E-02  8.4947148694734747E-07
  8.2145570018353442E-01  8.9242546464426045E-02  8.3857709098994182E-07
  8.2963961769652317E-01  8.9030803925210844E-02  8.2779811066793361E-07
  8.3790506913257556E-01  8.8844763549148525E-02  8.1713382354124141E-07
  8.4625286678978828E-01  8.8645578876989373E-02  8.0658359978344602E-07
  8.5468383105893941E-01  8.8459370701803111E-02  7.9614687222809388E-07
  8.6319879050411519E-01  8.8246563050409871E-02  7.8582307142761686E-07
  8.7179858194413917E-01  8.8031284341591520E-02  7.7561161667338339E-07
  8.8048405053480938E-01  8.7812271037155984E-02  7.6551191629696736E-07
  8.8925604985195961E-01  8.7597099339011247E-02  7.5552336802140989E-07
  8.9811544197534277E-01  8.7383388710459795E-02  7.4564535936424038E-07
  9.0706309757335657E-01  8.7165092055428300E-02  7.3587726887598203E-07
  9.1609989598860642E-01  8.6964474437893999E-02  7.2621846453725012E-07
  9.2522672532432448E-01  8.6760247847699784E-02  7.1666828336797800E-07
  9.3444448253165180E-01  8.6548971080272874E-02  7.0722598389976382E-07
  9.4375407349778417E-01  8.6338441748519817E-02  6.9789068445700551E-07
  9.5315641313500010E-01  8.6137887678261083E-02  6.8866131293177194E-07
  9.6265242547057728E-01  8.5949241637947760E-02  6.7953663605859206E-07
  9.7224304373759896E-01  8.5765894488932459E-02  6.7051539901914796E-07
  9.8192921046667270E-01  8.5572562375400021E-02  6.6159636753970440E-07
  9.9171187757855406E-01  8.5348228256440020E-02  6.5277832793596534E-07
  1.0015920064777031E+00  8.5110944390825533E-02  6.4406008672940893E-07
  1.0115705681467633E+00  8.4860524394288817E-02  6.3544047041786458E-07
  1.0216485432419877E+00  8.4642013340592501E-02  6.2691832569837206E-07
  1.0318269221896164E+00  8.4430265567461707E-02  6.1849252323299480E-07
  1.0421067052832076E+00  8.4243047888546099E-02  6.1016197871462564E-07
  1.0524889027819457E+00  8.4090136245677391E-02  6.0192569413231315E-07
  1.0629745350099271E+00  8.3909617633328423E-02  5.9378280267567311E-07
  1.0735646324564294E+00  8.3716330805012201E-02  5.8573259812592663E-07
  1.0842602358771891E+00  8.3509780730561034E-02  5.7777452360681812E-07
  1.0950623963966786E+00  8.3309181245004971E-02  5.6990807076476009E-07
  1.1059721756114114E+00  8.3090499509516871E-02  5.6213272180179333E-07
  1.1169906456942684E+00  8.2889800786541970E-02  5.5444794746829350E-07
  1.1281188894998673E+00  8.2666831558140086E-02  5.4685320750335175E-07
  1.1393580006709856E+00  8.2489068583743927E-02  5.3934795097414448E-07
  1.1507090837460334E+00  8.2281310903170909E-02  5.3193161592153231E-07
  1.1621732542676086E+00  8.2084687655794311E-02  5.2460362594303084E-07
  1.1737516388921267E+00  8.1879143022171905E-02  5.1736337360394140E-07
  1.1854453755005425E+00  8.1680490042583834E-02  5.1021019005202488E-07
  1.1972556133101808E+00  8.1478977825491961E-02  5.0314332093595713E-07
  1.2091835129876722E+00  8.1264490791157926E-02  4.9616192554544937E-07
  1.2212302467630249E+00  8.1029565384574467E-02  4.8926510104370262E-07
  1.2333969985448223E+00  8.0653587242303329E-02  4.8245192627224055E-07
  1.2456849640365741E+00  1.8094128771490895E-04  4.7572148935836961E-07
  1.2580953508542296E+00  6.8032417245033041E-05  4.6907288994412537E-07
  1.2706293786448521E+00  4.1422202576232499E-05  4.6250523894611475E-07
  1.2832882792064839E+00  2.9528339479827935E-05  4.5601765837122125E-07
  1.2960732966092052E+00  2.2789293313695284E-05  4.4960928156527326E-07
  1.3089856873173915E+00  1.8452440487475439E-05  4.4327925512731602E-07
  1.3220267203132001E+00  1.5428982744588031E-05  4.3702674836394491E-07
  1.3351976772212748E+00  1.3201805623793907E-05  4.3085097158083198E-07
  1.3484998524347060E+00  1.1493786134563408E-05  4.2475118553109188E-07
  1.3619345532422327E+00  1.0143033312877536E-05  4.1872668528341445E-07
  1.3755030999567210E+00  9.0486287128582274E-06  4.1277676003516618E-07
  1.3892068260449215E+00  8.1443867683719057E-06  4.0690066698964117E-07
  1.4030470782585129E+00  7.3850953542310068E-06  4.0109765736990668E-07
  1.4170252167664588E+00  6.7388178032271167E-06  3.9536698667448032E-07
  1.4311426152886806E+00  6.1823531520998074E-06  3.8970791482187042E-07
  1.4454006612310581E+00  5.6984401879090550E-06  3.8411970620040124E-07
  1.4598007558217847E+00  5.2739708228249864E-06  3.7860162952905804E-07
  1.4743443142490673E+00  4.8988118090479026E-06  3.7315295701577684E-07
  1.4890327658002129E+00  4.5650060932407339E-06  3.6777295998275923E-07
  1.5038675540020889E+00  4.2662183624021215E-06  3.6246089949136938E-07
  1.5188501367629887E+00  3.9973419020348203E-06  3.5721602452556202E-07
  1.5339819865159123E+00  3.7542146016753901E-06  3.5203759350278216E-07
  1.5492645903632676E+00  3.5334106131881618E-06  3.4692492004138602E-07
  1.5646994502230187E+00  3.3320860125831728E-06  3.4187741023313376E-07
  1.5802880829762920E+00  3.1478600583501686E-06  3.3689450999043715E-07
  1.5960320206164440E+00  2.9787234652292561E-06  3.3197566548820505E-07
  1.6119328103996238E+00  2.8229686131513028E-06  3.2712032179678979E-07
  1.6279920149968317E+00  2.6791349789995179E-06  3.2232792300103882E-07
  1.6442112126474919E+00  2.5459660027776872E-06  3.1759791237862847E-07
  1.6605919973145553E+00  2.4223746869997324E-06  3.1292973283051386E-07
  1.6771359788411482E+00  2.3074159353072947E-06  3.0832282901003495E-07
  1.6938447831087855E+00  2.2002641438856602E-06  3.0377665406914184E-07
  1.7107200521971508E+00  2.1001949164539673E-06  2.9929067607455440E-07
  1.7277634445454764E+00  2.0065700217589987E-06  2.9486437164791070E-07
  1.7449766351155316E+00  1.9188248640488998E-06  2.9049720072024225E-07
  1.7623613155562268E+00  1.8364577070988254E-06  2.8618857187273436E-07
  1.7799191943698638E+00  1.7590209823136096E-06  2.8193785492269453E-07
  1.7976519970800440E+00  1.6861147295338139E-06  2.7774441875219309E-07
  1.8155614664012447E+00  1.6173805252011108E-06  2.7360763555364643E-07
  1.8336493624100847E+00  1.5524962392667711E-06  2.6952688090988297E-07
  1.8519174627182997E+00  1.4911715664124989E-06  2.6550153386067700E-07
  1.8703675626474423E+00  1.4331442012966828E-06  2.6153097687606207E-07
  1.8890014754053142E+00  1.3781765513789477E-06  2.5761459515490478E-07
  1.9078210322641638E+00  1.3260528965390563E-06  2.5375177184310232E-07
  1.9268280827406612E+00  1.2765769195580571E-06  2.4994187732236005E-07
  1.9460244947776548E+00  1.2295695515490845E-06  2.4618425917317942E-07
  1.9654121549277475E+00  1.1848670920158945E-06  2.4247824116809910E-07
  1.9849929685387062E+00  1.1423195849552774E-06  2.3882313442938276E-07
  2.0047688599407065E+00  1.1017894561754591E-06  2.3521825403928949E-07
  2.0247417726354473E+00  1.0631503015796057E-06  2.3166292542127937E-07
  2.0449136694871557E+00  1.0262857835944666E-06  2.2815648435526182E-07
  2.0652865329154904E+00  9.9108865522350251E-07  2.2469827677280487E-07
  2.0858623650903607E+00  9.5745989534793344E-07  2.2128765855953352E-07
  2.1066431881286962E+00  9.2530794078967427E-07  2.1792399541363223E-07
  2.1276310442931767E+00  8.9454800283667779E-07  2.1460666283195947E-07
  2.1488279961929315E+00  8.6510145958781681E-07  2.1133504785216456E-07
  2.1702361269862460E+00  8.3689531994008994E-07  2.0810855580024227E-07
  2.1918575405852931E+00  8.0986175230434119E-07  2.0492661978666077E-07
  2.2136943618628915E+00  7.8393766780074733E-07  2.0178870645677308E-07
  2.2357487368613316E+00  7.5906434699441870E-07  1.9869431344460793E-07
  2.2580228330032819E+00  7.3518707860855251E-07  1.9564295779051439E-07
  2.2805188393047966E+00  7.1225477236478394E-07  1.9263416246389618E-07
  2.3032389665904400E+00  6.9021964151700389E-07  1.8966745276284629E-07
  2.3261854477105604E+00  6.6903694183709347E-07  1.8674235631409947E-07
  2.3493605377607292E+00  6.4866473552716812E-07  1.8385840314119855E-07
  2.3727665143033581E+00  6.2906367670786955E-07  1.8101512570344785E-07
  2.3964056775915319E+00  6.1019681625813434E-07  1.7821205894937484E-07
  2.4202803507950703E+00  5.9202942389809941E-07  1.7544874030434466E-07
  2.4443928802288415E+00  5.7452882401960343E-07  1.7272470818079514E-07
  2.4687456355833421E+00  5.5766424417657680E-07  1.7003949981876726E-07
  2.4933410101575890E+00  5.4140668070805041E-07  1.6739265245145295E-07
  2.5181814210943227E+00  5.2572879302091160E-07  1.6478371063515306E-07
  2.5432693096175534E+00  5.1060484692038360E-07  1.6221223756752778E-07
  2.5686071412724734E+00  4.9601060006550509E-07  1.5967781071512195E-07
  2.5941974061677695E+00  4.8192313264806760E-07  1.5718001035784050E-07
  2.6200426192203334E+00  4.6832075258537989E-07  1.5471841857863304E-07
  2.6461453204024208E+00  4.5518291556930722E-07  1.5229261933055598E-07
  2.6725080749912742E+00  4.4249015127990109E-07  1.4990219850733252E-07
  2.6991334738212287E+00  4.3022399520842562E-07  1.4754674401016873E-07
  2.7260241335383180E+00  4.1836692531892762E-07  1.4522584555032173E-07
  2.7531826968574458E+00  4.0690230345001125E-07  1.4293909451943414E-07
  2.7806118328220939E+00  3.9581432214560190E-07  1.4068608479487452E-07
  2.8083142370666221E+00  3.8508795708277308E-07  1.3846641444409346E-07
  2.8362926320811903E+00  3.7470892527314998E-07  1.3627968769504104E-07
  2.8645497674793186E+00  3.6466365004896977E-07  1.3412551641006536E-07
  2.8930884202680982E+00  3.5493922075182359E-07  1.3200351857168791E-07
  2.9219113951211133E+00  3.4552333797081455E-07  1.2991331441915048E-07
  2.9510215246540743E+00  3.3640427486220454E-07  1.2785452576913712E-07
  2.9804216697031967E+00  3.2757084494930297E-07  1.2582677609290105E-07
  3.0101147196063436E+00  3.1901237207945754E-07  1.2382969059693102E-07
  3.0401035924869944E+00  3.1071866236837620E-07  1.2186289631026373E-07
  3.0703912355410212E+00  3.0267997800274590E-07  1.1992602219905363E-07
  3.1009806253263221E+00  2.9488701260602087E-07  1.1801869915274088E-07
  3.1318747680553520E+00  2.8733087159841660E-07  1.1614056264828884E-07
  3.1630766998905675E+00  2.8000307309468896E-07  1.1429126803022381E-07
  3.1945894872427973E+00  2.7289560027441505E-07  1.1247052803969170E-07
  3.2264162270726064E+00  2.6600106924056137E-07  1.1067817309962770E-07
  3.2585600471946528E+00  2.5931292126344675E-07  1.0891418007344584E-07
  3.2910241065850796E+00  2.5282503201442365E-07  1.0717856059648105E-07
  3.3238115956919549E+00  2.4653146723180348E-07  1.0547130661918945E-07
  3.3569257367488365E+00  2.4042647128066691E-07  1.0379239017585328E-07
  3.3903697840914306E+00  2.3450446164490603E-07  1.0214176433395250E-07
  3.4241470244774113E+00  2.2876002364025179E-07  1.0051936412055825E-07
  3.4582607774094400E+00  2.2318790533291214E-07  9.8925107425861681E-08
  3.4927143954613933E+00  2.1778301267314693E-07  9.7358895907488754E-08
  3.5275112646078335E+00  2.1254040383731703E-07  9.5820615082013172E-08
  3.5626548045567774E+00  2.0745527607104745E-07  9.4310128771686524E-08
  3.5981484690857712E+00  2.0252293038709755E-07  9.2827261130743872E-08
  3.6339957463813173E+00  1.9773868748686916E-07  9.1371763374566353E-08
  3.6702001593816660E+00  1.9309774259397954E-07  8.9943279527082934E-08
  3.7067652661230586E+00  1.8859527043159566E-07  8.8541395319037476E-08
  3.7436946600893855E+00  1.8422661814455191E-07  8.7165696654331824E-08
  3.7809919705653403E+00  1.7998731297192536E-07  8.5815773894529211E-08
  3.8186608629930934E+00  1.7587305427425560E-07  8.4491221928314513E-08
  3.8567050393325246E+00  1.7187970597754841E-07  8.3191640242141175E-08
  3.8951282384250301E+00  1.6800328939174262E-07  8.1916632975225435E-08
  3.9339342363609622E+00  1.6423997597167931E-07  8.0665808575727786E-08
  3.9731268468507377E+00  1.6058608124464859E-07  7.9438780147292740E-08
  4.0127099215996305E+00  1.5703807601757640E-07  7.8235179365552487E-08
  4.0526873506862930E+00  1.5359265621144405E-07  7.7054708789063055E-08
  4.0930630629450757E+00  1.5024694220972521E-07  7.5897250633162146E-08
  4.1338410263521341E+00  1.4699891326710801E-07  7.4763020490332734E-08
  4.1750252484153760E+00  1.4384742363249854E-07  7.3652516541904703E-08
  4.2166197765683133E+00  1.4079141838330474E-07  7.2566242632489395E-08
  4.2586286985678345E+00  1.3782978030749210E-07  7.1504659748690488E-08
  4.3010561428959209E+00  1.3496133941039096E-07  7.0468188911717664E-08
  4.3439062791653837E+00  1.3218488214949521E-07  6.9457214152205210E-08
  4.3871833185296474E+00  1.2949916023458687E-07  6.8472085503008130E-08
  4.4308915140965981E+00  1.2690289909044434E-07  6.7513122083700020E-08
  4.4750351613465531E+00  1.2439480605771707E-07  6.6580615338653221E-08
  4.5196185985544268E+00  1.2197357164445777E-07  6.5674826761179648E-08
  4.5646462072160690E+00  1.1963783948165594E-07  6.4795962768880845E-08
  4.6101224124788560E+00  1.1738610129981258E-07  6.3944108107854361E-08
  4.6560516835765871E+00  1.1521644085306807E-07  6.3119110543501721E-08
  4.7024385342687047E+00  1.1312631441867662E-07  6.2320528832470136E-08
  4.7492875232838845E+00  1.1111305129026454E-07  6.1547848266071903E-08
  4.7966032547680477E+00  1.0917410170704660E-07  6.0800574104945019E-08
  4.8443903787368567E+00  1.0730703570441194E-07  6.0078232741424957E-08
  4.8926535915326790E+00  1.0550953795490218E-07  5.9380371391815070E-08
  4.9413976362861369E+00  1.0377940289809855E-07  5.8706557808235204E-08
  4.9906273033822517E+00  1.0211453032401713E-07  5.8056380181981961E-08
  5.0403474309312166E+00  1.0051292199468402E-07  5.7429447797213630E-08
  5.0905629052438659E+00  9.8972676407936677E-08  5.6825389818750394E-08
  5.1412786613118877E+00  9.7491968962011330E-08  5.6243842098757470E-08
  5.1924996832928230E+00  9.6068992619224477E-08  5.5684407853089383E-08
  5.2442310049998788E+00  9.4701815027737021E-08  5.5146580783501700E-08
  5.2964777103966334E+00  9.3388154266530780E-08  5.4629659191181895E-08
  5.3492449340966859E+00  9.2125566540688925E-08  5.4132849925175893E-08
  5.4025378618682520E+00  9.0911714672266223E-08  5.3655384304864790E-08
  5.4563617311437929E+00  8.9744377744171943E-08  5.3196523222724594E-08
  5.5107218315347568E+00  8.8621443428287627E-08  5.2755555225135613E-08
  5.5656235053514127E+00  8.7540900847655990E-08  5.2331794705222693E-08
  5.6210721481278503E+00  8.6500833910856527E-08  5.1924580180156869E-08
  5.6770732091522689E+00  8.5499415271749676E-08  5.1533272826114525E-08
  5.7336321920024966E+00  8.4534900190116098E-08  5.1157254658044108E-08
  5.7907546550868467E+00  8.3605607789805275E-08  5.0795915803329194E-08
  5.8484462121904075E+00  8.2709854034947869E-08  5.0448605815017504E-08
  5.9067125330267309E+00  8.1845768209479264E-08  5.0114518280141802E-08
  5.9655593437950039E+00  8.1010898985252813E-08  4.9792499032516553E-08
  6.0249924277428688E+00  8.0202208050364836E-08  4.9481082988143757E-08
  6.0850176257346966E+00  7.9416664185874565E-08  4.9178782943584423E-08
  6.1456408368256428E+00  7.8651340470745016E-08  4.8884134581133806E-08
  6.2068680188414245E+00  7.7903407026261979E-08  4.8595694320034785E-08
  6.2687051889637502E+00  7.7170124902421711E-08  4.8312037654349857E-08
  6.3311584243217363E+00  7.6448841068300850E-08  4.8031757976778557E-08
  6.3942338625891182E+00  7.5736984440532366E-08  4.7753465873587083E-08
  6.4579377025874205E+00  7.5032062888822078E-08  4.7475788872704868E-08
  6.5222762048951957E+00  7.4331664241639288E-08  4.7197374328691641E-08
  6.5872556924632635E+00  7.3633474903492796E-08  4.6916906168001877E-08
  6.6528825512360950E+00  7.2935345804555388E-08  4.6633153142178971E-08
  6.7191632307794347E+00  7.2235463033554400E-08  4.6345068384724877E-08
  6.7861042449141262E+00  7.1532489124752689E-08  4.6051848811282921E-08
  6.8537121723562375E+00  7.0825267151414382E-08  4.5752774001081019E-08
  6.9219936573636405E+00  7.0112690449153369E-08  4.5447141769438640E-08
  6.9909554103889615E+00  6.9393702417874040E-08  4.5134268993297013E-08
  7.0606042087390364E+00  6.8667298067979209E-08  4.4813493305496389E-08
  7.1309468972410066E+00  6.7932525692232582E-08  4.4484174873388721E-08
  7.2019903889149788E+00  6.7188488628441328E-08  4.4145698238768940E-08
  7.2737416656533833E+00  6.6434346639098319E-08  4.3797473778150779E-08
  7.3462077789072078E+00  6.5669319579360646E-08  4.3438941243323291E-08
  7.4193958503788924E+00  6.4892706813082970E-08  4.3069586696717615E-08
  7.4933130727222723E+00  6.4103955153165075E-08  4.2688995470325037E-08
  7.5679667102494825E+00  6.3302845170665891E-08  4.2296974795273732E-08
  7.6433640996447787E+00  6.2489788371981200E-08  4.1893711147222520E-08
  7.7195126506856360E+00  6.1665551975140834E-08  4.1479596254705443E-08
  7.7964198469709283E+00  6.0830923991469637E-08  4.1055042622672302E-08
  7.8740932466563640E+00  5.9986694152623619E-08  4.0620473278443464E-08
  7.9525404831973203E+00  5.9133652407822853E-08  4.0176320777225770E-08
  8.0317692660990048E+00  5.8272587477930637E-08  3.9723026224978713E-08
  8.1117873816741035E+00  5.7404285450438354E-08  3.9261038303295091E-08
  8.1926026938080234E+00  5.6529528330377822E-08  3.8790812214454779E-08
  8.2742231447317174E+00  5.5649092759440615E-08  3.8312808742714162E-08
  8.3566567558021774E+00  5.4763751597216352E-08  3.7827495805650108E-08
  8.4399116282908135E+00  5.3874286957050875E-08  3.7335359181092436E-08
  8.5239959441795659E+00  5.2981534027309290E-08  3.6836934086206467E-08
  8.6089179669650022E+00  5.2086481799026142E-08  3.6332865898164387E-08
  8.6946860424704546E+00  5.1190256067234133E-08  3.5823891717633556E-08
  8.7813085996661950E+00  5.0293962576504853E-08  3.5310745703776276E-08
  8.8687941514977791E+00  4.9398663155904725E-08  3.4794144613036039E-08
  8.9571512957227455E+00  4.8505374808122421E-08  3.4274786517601630E-08
  9.0463887157554765E+00  4.7615069018569191E-08  3.3753349659737220E-08
  9.1365151815206076E+00  4.6728671281863090E-08  3.3230491447335783E-08
  9.2275395503149724E+00  4.5847060635960998E-08  3.2706847395907379E-08
  9.3194707676779327E+00  4.4971069423506996E-08  3.2183030236813075E-08
  9.4123178682706250E+00  4.4101484052024738E-08  3.1659629917068911E-08
  9.5060899767638158E+00  4.3239046358848687E-08  3.1137214069288974E-08
  9.6007963087346067E+00  4.2384453827780848E-08  3.0616327436171029E-08
  9.6964461715721679E+00  4.1538354730663225E-08  3.0097487699621250E-08
  9.7930489653924013E+00  4.0701341827448190E-08  2.9581180858163225E-08
  9.8906141839617288E+00  3.9873961737860612E-08  2.9067866624225877E-08
  9.9891514156301575E+00  3.9056719685820148E-08  2.8557980817925547E-08
  1.0088670344273552E+01  3.8250080491379894E-08  2.8051935484029375E-08
  1.0189180750245317E+01  3.7454469607799330E-08  2.7550119063936045E-08
  1.0290692511337612E+01  3.6670274168500997E-08  2.7052896580565253E-08
  1.0393215603752099E+01  3.5897844283429888E-08  2.6560610070549384E-08
  1.0496760103080311E+01  3.5137494831468271E-08  2.6073579502668778E-08
  1.0601336185293926E+01  3.4389505788549719E-08  2.5592102329364243E-08
  1.0706954127744782E+01  3.3654118234209146E-08  2.5116449226724289E-08
  1.0813624310174859E+01  3.2931521567539024E-08  2.4646852962149233E-08
  1.0921357215736478E+01  3.2221823348643839E-08  2.4183486030299803E-08
  1.1030163432022402E+01  3.1525013173189856E-08  2.3726438560707870E-08
  1.1140053652106424E+01  3.0841021453307908E-08  2.3275760052303599E-08
  1.1251038675594293E+01  3.0169768598071942E-08  2.2831491676111319E-08
  1.1363129409684923E+01  2.9511167395179144E-08  2.2393667738517966E-08
  1.1476336870242436E+01  2.8865123438891141E-08  2.1962315901626325E-08
  1.1590672182878720E+01  2.8231535581392878E-08  2.1537457435896498E-08
  1.1706146584046760E+01  2.7610296380722664E-08  2.1119107479130542E-08
  1.1822771422145010E+01  2.7001292158770981E-08  2.0707274929797234E-08
  1.1940558158632616E+01  2.6404403436200513E-08  2.0301962710815368E-08
  1.2059518369155782E+01  2.5819506358460694E-08  1.9903168962082236E-08
  1.2179663744685453E+01  2.5246474040693318E-08  1.9510888114150818E-08
  1.2301006092666215E+01  2.4685175167182670E-08  1.9125109641179919E-08
  1.2423557338176659E+01  2.4135465751005636E-08  1.8745811934472526E-08
  1.2547329525101411E+01  2.3597188372768513E-08  1.8372961888233585E-08
  1.2672334817314709E+01  2.3070182549521997E-08  1.8006522071588492E-08
  1.2798585499875804E+01  2.2554286317853954E-08  1.7646451819585771E-08
  1.2926093980236352E+01  2.2049336451553329E-08  1.7292707403560057E-08
  1.3054872789459742E+01  2.1555168665478493E-08  1.6945242193040306E-08
  1.3184934583452556E+01  2.1071617784332497E-08  1.6604006788500810E-08
  1.3316292144208436E+01  2.0598517992620871E-08  1.6268949236456707E-08
  1.3448958381064202E+01  2.0135703061725435E-08  1.5940015226989842E-08
  1.3582946331968479E+01  1.9683006261383042E-08  1.5617147997498663E-08
  1.3718269164763177E+01  1.9240260250649999E-08  1.5300288230641239E-08
  1.3854940178477394E+01  1.8807297826996194E-08  1.4989374705431319E-08
  1.3992972804634473E+01  1.8383955195216375E-08  1.4684346859136188E-08
  1.4132380608572095E+01  1.7970074642374440E-08  1.4385146693729733E-08
  1.4273177290775248E+01  1.7565499655791313E-08  1.4091715234874757E-08
  1.4415376688222809E+01  1.7170073405340580E-08  1.3803991479315726E-08
  1.4558992775747338E+01  1.6783638917113757E-08  1.3521912545417020E-08
  1.4704039667408432E+01  1.6406039247204925E-08  1.3245413825488912E-08
  1.4850531617879886E+01  1.6037117655387509E-08  1.2974429141672185E-08
  1.4998483023850547E+01  1.5676717796767343E-08  1.2708890922744681E-08
  1.5147908425439120E+01  1.5324683927293152E-08  1.2448730397336857E-08
  1.5298822507623219E+01  1.4980860982812033E-08  1.2193877669732363E-08
  1.5451240101682494E+01  1.4645094013851644E-08  1.1944261209423670E-08
  1.5605176186656150E+01  1.4317225901622761E-08  1.1699805880676811E-08
  1.5760645890815132E+01  1.3997091409013487E-08  1.1460428215448414E-08
  1.5917664493148822E+01  1.3684510328816816E-08  1.1226031588667610E-08
  1.6076247424866562E+01  1.3379298750645719E-08  1.0996515055309397E-08
  1.6236410270914259E+01  1.3081277105979080E-08  1.0771779391121390E-08
  1.6398168771505979E+01  1.2790270305993525E-08  1.0551727248451098E-08
  1.6561538823670777E+01  1.2506107627295140E-08  1.0336263126075084E-08
  1.6726536482815156E+01  1.2228622599051985E-08  1.0125293337826922E-08
  1.6893177964300740E+01  1.1957652877385993E-08  9.9187259663951851E-09
  1.7061479645037956E+01  1.1693040089346114E-08  9.7164707854493193E-09
  1.7231458065095588E+01  1.1434629723642783E-08  9.5184392246460918E-09
  1.7403129929326067E+01  1.1182271144686655E-08  9.3245444487592658E-09
  1.7576512109007336E+01  1.0935817743754664E-08  9.1347015542640784E-09
  1.7751621643500833E+01  1.0695127226524329E-08  8.9488278613642375E-09
  1.7928475741926022E+01  1.0460061912494198E-08  8.7668431716803249E-09
  1.8107091784851708E+01  1.0230488132921633E-08  8.5886693069516876E-09
  1.8287487326004133E+01  1.0006275423991886E-08  8.4142295220665786E-09
  1.8469680093991983E+01  9.7872963913595563E-09  8.2434484391797675E-09
  1.8653687994048848E+01  9.5734266405866584E-09  8.0762520306875255E-09
  1.8839529109792792E+01  9.3645447089208503E-09  7.9125676019773841E-09
  1.9027221705003512E+01  9.1605319950278188E-09  7.7523237708433520E-09
  1.9216784225417332E+01  8.9612726976869210E-09  7.5954504540571224E-09
  1.9408235300539932E+01  8.7666537601251255E-09  7.4418788579415849E-09
  1.9601593745477135E+01  8.5765648214543568E-09  7.2915414740640665E-09
  1.9796878562784080E+01  8.3908982479816035E-09  7.1443721462825408E-09
  1.9994108944332705E+01  8.2095493815130153E-09  7.0003063222056154E-09
  2.0193304273197722E+01  8.0324171914987118E-09  6.8592816125557125E-09
  2.0394484125561785E+01  7.8594043665089287E-09  6.7212378582072844E-09
  2.0597668272639069E+01  7.6904159895205514E-09  6.5861160932715144E-09
  2.0802876682618443E+01  7.5253591856729687E-09  6.4538582927559457E-09
  2.1010129522626002E+01  7.3641430853080720E-09  6.3244073670872065E-09
  2.1219447160706736E+01  7.2066787878923355E-09  6.1977071566088939E-09
  2.1430850167826460E+01  7.0528793294630616E-09  6.0737024286882587E-09
  2.1644359319893379E+01  6.9026596654868283E-09  5.9523388888526756E-09
  2.1859995599799777E+01  6.7559366498129529E-09  5.8335631875713971E-09
  2.2077780199484316E+01  6.6126289317715385E-09  5.7173228483042214E-09
  2.2297734522014569E+01  6.4726566760195113E-09  5.6035660308739935E-09
  2.2519880183690429E+01  6.3359409830600696E-09  5.4922410349156166E-09
  2.2744239016168581E+01  6.2024028289439555E-09  5.3832954301034418E-09
  2.2970833068607984E+01  6.0719622772589009E-09  5.2766754881457820E-09
  2.3199684609836694E+01  5.9445404902447368E-09  5.1723278839552143E-09
  2.3430816130540524E+01  5.8200607910936823E-09  5.0702005759745626E-09
  2.3664250345473253E+01  5.6984486241585500E-09  4.9702427930540706E-09
  2.3900010195688900E+01  5.5796314916159787E-09  4.8724050017482667E-09
  2.4138118850796410E+01  5.4635388917033499E-09  4.7766388740554365E-09
  2.4378599711236610E+01  5.3501022539645098E-09  4.6828972513203457E-09
  2.4621476410581842E+01  5.2392548726339536E-09  4.5911341053134659E-09
  2.4866772817858813E+01  5.1309318726198043E-09  4.5013045295216165E-09
  2.5114513039894074E+01  5.0250702455800625E-09  4.4133647954301646E-09
  2.5364721423683264E+01  4.9216089802645588E-09  4.3272724918221066E-09
  2.5617422558784028E+01  4.8204893190121235E-09  4.2429867641910281E-09
  2.5872641279732235E+01  4.7216550615860815E-09  4.1604685692032355E-09
  2.6130402668482908E+01  4.6250520326267902E-09  4.0796802230806649E-09
  2.6390732056875095E+01  4.5306274199503338E-09  4.0005848632048918E-09
  2.6653655029121303E+01  4.4383296954891325E-09  3.9231463947590781E-09
  2.6919197424321968E+01  4.3481085837524392E-09  3.8473294759696881E-09
  2.7187385339004766E+01  4.2599150312067815E-09  3.7730995037086043E-09
  2.7458245129689200E+01  4.1737011761021496E-09  3.7004225990491500E-09
  2.7731803415476953E+01  4.0894203217986859E-09  3.6292655956918672E-09
  2.8008087080667892E+01  4.0070268909189401E-09  3.5595960095909772E-09
  2.8287123277402014E+01  3.9264763259378358E-09  3.4913819574478716E-09
  2.8568939428328065E+01  3.8477249363362683E-09  3.4245920266497181E-09
  2.8853563229298445E+01  3.7707297040496209E-09  3.3591951131090912E-09
  2.9141022652090950E+01  3.6954480792945136E-09  3.2951602635089262E-09
  2.9431345947157929E+01  3.6218381168795189E-09  3.2324568160246764E-09
  2.9724561646402542E+01  3.5498589098343648E-09  3.1710547800563226E-09
  3.0020698565982645E+01  3.4794706390118514E-09  3.1109248861309710E-09
  3.0319785809143077E+01  3.4106345420839229E-09  3.0520385677032799E-09
  3.0621852769075407E+01  3.3433128831210812E-09  2.9943679431226236E-09
  3.0926929131806798E+01  3.2774689227235488E-09  2.9378857977379439E-09
  3.1235044879117602E+01  3.2130668881046740E-09  2.8825655654958024E-09
  3.1546230291487461E+01  3.1500719673296508E-09  2.8283813332790081E-09
  3.1860515951071523E+01  3.0884503918320805E-09  2.7753079288875059E-09
  3.2177932744705785E+01  3.0281696332409971E-09  2.7233211146400480E-09
  3.2498511866942465E+01  2.9691987165287499E-09  2.6723978800980780E-09
  3.2822284823115886E+01  2.9115086506221337E-09  2.6225168186590402E-09
  3.3149283432438580E+01  2.8550725005200395E-09  2.5736581653927921E-09
  3.3479539831128292E+01  2.7998642656015557E-09  2.5258028196729852E-09
  3.3813086475566386E+01  2.7458584170751723E-09  2.4789319529522242E-09
  3.4149956145487444E+01  2.6930298862671290E-09  2.4330270032704468E-09
  3.4490181947200668E+01  2.6413540601422731E-09  2.3880696757882029E-09
  3.4833797316843594E+01  2.5908067767580064E-09  2.3440419431219381E-09
  3.5180836023668000E+01  2.5413643186096399E-09  2.3009260436636334E-09
  3.5531332173358528E+01  2.4930033977602284E-09  2.2587044718914692E-09
  3.5885320211384659E+01  2.4457010966159999E-09  2.2173599262673832E-09
  3.6242834926385797E+01  2.3994347427692748E-09  2.1768751950547497E-09
  3.6603911453589994E+01  2.3541817226335119E-09  2.1372329878958965E-09
  3.6968585278267341E+01  2.3099192395869041E-09  2.0984157253950132E-09
  3.7336892239216844E+01  2.2666241309633997E-09  2.0604053956101997E-09
  3.7708868532288747E+01  2.2242733586332097E-09  2.0231840000796319E-09
  3.8084550713941944E+01  2.1828444450477690E-09  1.9867339386564796E-09
  3.8463975704836137E+01  2.1423154838888737E-09  1.9510380222372710E-09
  3.8847180793460680E+01  2.1026651248362325E-09  1.9160794629531985E-09
  3.9234203639798984E+01  2.0638725589450784E-09  1.8818418647749847E-09
  3.9625082279029513E+01  2.0259175057067807E-09  1.8483092154962992E-09
  4.0019855125263945E+01  1.9887801970280057E-09  1.8154658757211268E-09
  4.0418560975322279E+01  1.9524413633235267E-09  1.7832965697112013E-09
  4.0821239012545490E+01  1.9168822203642544E-09  1.7517863767876300E-09
  4.1227928810646610E+01  1.8820844288771386E-09  1.7209206969836329E-09
  4.1638670337599720E+01  1.8480299886036563E-09  1.6906851567232382E-09
  4.2053503959567763E+01  1.8147010370090152E-09  1.6610654324365650E-09
  4.2472470444869806E+01  1.7820798593380075E-09  1.6320472665076757E-09
  4.2895610967987523E+01  1.7501491759355817E-09  1.6036167247087275E-09
  4.3322967113611455E+01  1.7188921789348232E-09  1.5757602309404131E-09
  4.3754580880728156E+01  1.6882925181131382E-09  1.5484645572042915E-09
  4.4190494686747506E+01  1.6583342870601717E-09  1.5217168137421736E-09
  4.4630751371671217E+01  1.6290020076044667E-09  1.4955044374938936E-09
  4.5075394202303272E+01  1.6002806164439090E-09  1.4698151824299006E-09
  4.5524466876501890E+01  1.5721554662455510E-09  1.4446371234016139E-09
  4.5978013527473799E+01  1.5446123884286488E-09  1.4199587186105082E-09
  4.6436078728111973E+01  1.5176379422201400E-09  1.3957690475209733E-09
  4.6898707495375540E+01  1.4912200183917614E-09  1.3720583745382500E-09
  4.7365945294714116E+01  1.4653489899699537E-09  1.3488191899865935E-09
  4.7837838044536277E+01  1.4400182447173378E-09  1.3260466563832311E-09
  4.8314432120721648E+01  1.4152219029194922E-09  1.3037365522786535E-09
  4.8795774361179063E+01  1.3909539381912526E-09  1.2818844897715133E-09
  4.9281912070449451E+01  1.3672081845483050E-09  1.2604859213495467E-09
  4.9772893024354559E+01  1.3439783532244096E-09  1.2395361553989709E-09
  5.0268765474692536E+01  1.3212580499552152E-09  1.2190303721681817E-09
  5.0769578153979765E+01  1.2990407917035509E-09  1.1989636392944681E-09
  5.1275380280239951E+01  1.2773200176743902E-09  1.1793309221503700E-09
  5.1786221561841430E+01  1.2560890710088939E-09  1.1601270663237707E-09
  5.2302152202382118E+01  1.2353410403596073E-09  1.1413466474624113E-09
  5.2823222905623226E+01  1.2150682878546883E-09  1.1229835284669882E-09
  5.3349484880472552E+01  1.1952614551502781E-09  1.1050299464905920E-09
  5.3880989846016824E+01  1.1759083043270432E-09  1.0874754840801002E-09
  5.4417790036604693E+01  1.1569953788609848E-09  1.0703085937287641E-09
  5.4959938206979778E+01  1.1385096066694619E-09  1.0535180435954589E-09
  5.5507487637465637E+01  1.1204383631651525E-09  1.0370929754404649E-09
  5.6060492139201756E+01  1.1027694538622867E-09  1.0210228903955841E-09
  5.6619006059431726E+01  1.0854910975409050E-09  1.0052976351305309E-09
  5.7183084286844654E+01  1.0685919088901951E-09  9.8990738742815082E-10
  5.7752782256969247E+01  1.0520608830460539E-09  9.7484264329794045E-10
  5.8328155957621661E+01  1.0358873916024050E-09  9.6009421473051696E-10
  5.8909261934408036E+01  1.0200612232753333E-09  9.4565326959981232E-10
  5.9496157296281488E+01  1.0045727258459359E-09  9.3151146657768182E-10
  6.0088899721154554E+01  9.8941311731402320E-10  9.1766124494935491E-10
  6.0687547461567441E+01  9.7457498218695401E-10  9.0409627429806204E-10
  6.1292159350413129E+01  9.6005201563336743E-10  8.9081121053652543E-10
  6.1902794806719172E+01  9.4583815955334231E-10  8.7780090807330592E-10
  6.2519513841486891E+01  9.3192748692294984E-10  8.6506031270360359E-10
  6.3142377063589485E+01  9.1831420508929944E-10  8.5258446098098097E-10
  6.3771445685728239E+01  9.0499266018236960E-10  8.4036847960704993E-10
  6.4406781530448058E+01  8.9195734185623293E-10  8.2840758565682569E-10
  6.5048447036213588E+01  8.7920288565395281E-10  8.1669709100300917E-10
  6.5696505263545163E+01  8.6672404646202189E-10  8.0523240204659648E-10
  6.6351019901216290E+01  8.5451552786345483E-10  7.9400893398011282E-10
  6.7012055272512484E+01  8.4257147910392971E-10  7.8302176704338226E-10
  6.7679676341553133E+01  8.3088454768559624E-10  7.7226483179174195E-10
  6.8353948719675685E+01  8.1944443128026869E-10  7.6172941251172077E-10
  6.9034938671883538E+01  8.0823761123374898E-10  7.5140364268081522E-10
  6.9722713123358730E+01  7.9725046407582927E-10  7.4127527348458174E-10
  7.0417339666038856E+01  7.8647012325353647E-10  7.3133257338109555E-10
  7.1118886565259587E+01  7.7588432784838118E-10  7.2156431195532056E-10
  7.1827422766463883E+01  7.6548133691954549E-10  7.1195973866647998E-10
  7.2543017901977507E+01  7.5524989278170932E-10  7.0250856304119113E-10
  7.3265742297852341E+01  7.4517919701983023E-10  6.9320093124568298E-10
  7.3995666980777443E+01  7.3525888104884638E-10  6.8402739437835355E-10
  7.4732863685059755E+01  7.2547905285254379E-10  6.7497894755141785E-10
  7.5477404859673740E+01  7.1583067427657131E-10  6.6604738201081807E-10
  7.6229363675381009E+01  7.0630663062905803E-10  6.5722628907029679E-10
  7.6988814031921862E+01  6.9690393858523290E-10  6.4851311076408066E-10
  7.7755830565277634E+01  6.8762608951312272E-10  6.3991127019074401E-10
  7.8530488655005371E+01  6.7847932086228532E-10  6.3142671272714788E-10
  7.9312864431646318E+01  6.6946958225792085E-10  6.2306511811687068E-10
  8.0103034784207495E+01  6.6060242995116392E-10  6.1483180234753309E-10
  8.0901077367718187E+01  6.5188304274752551E-10  6.0673173136472537E-10
  8.1707070610861280E+01  6.4331623835687314E-10  5.9876953548479245E-10
  8.2521093723681346E+01  6.3490649119612158E-10  5.9094952640630461E-10
  8.3343226705369062E+01  6.2665796050047756E-10  5.8327572271118159E-10
  8.4173550352122788E+01  6.1857449807965797E-10  5.7575185543531010E-10
  8.5012146265089513E+01  6.1065949104178646E-10  5.6838121902568713E-10
  8.5859096858384106E+01  6.0291530241824833E-10  5.6116614472103357E-10
  8.6714485367188288E+01  5.9534201645604014E-10  5.5410682800230206E-10
  8.7578395855931319E+01  5.8793545794759096E-10  5.4719950383546256E-10
  8.8450913226551194E+01  5.8068832134097036E-10  5.4043751102866425E-10
  8.9332123226838320E+01  5.7359324421622958E-10  5.3381412940891404E-10
  9.0222112458862881E+01  5.6664314580653488E-10  5.2732289294359650E-10
  9.1120968387485590E+01  5.5983121316456341E-10  5.2095757819189227E-10
  9.2028779348953464E+01  5.5315088857013656E-10  5.1471219350788966E-10
  9.2945634559580853E+01  5.4659585793213555E-10  5.0858096864284156E-10
  9.3871624124517837E+01  5.4016003847718561E-10  5.0255834289802957E-10
  9.4806839046605219E+01  5.3383756589402590E-10  4.9663895317483410E-10
  9.5751371235317563E+01  5.2762280417627325E-10  4.9081764418020231E-10
  9.6705313515796320E+01  5.2151042879964228E-10  4.8508954799384516E-10
  9.7668759637972130E+01  5.1549564993943651E-10  4.7945029340717223E-10
  9.8641804285777781E+01  5.0957464463702378E-10  4.7389640584187692E-10
  9.9624543086454167E+01  5.0374466403827459E-10  4.6842540205324549E-10
  1.0061707261994761E+02  4.9800325364918145E-10  4.6303506805054291E-10
  1.0161949042840169E+02  4.9234802895171005E-10  4.5772325278007416E-10
  1.0263189502574289E+02  4.8677667211002225E-10  4.5248786535059860E-10
  1.0365438590736279E+02  4.8128692969406133E-10  4.4732687327380975E-10
  1.0468706355989582E+02  4.7587661152940413E-10  4.4223830088108150E-10
  1.0573002947109435E+02  4.7054359017123567E-10  4.3722022802514016E-10
  1.0678338613980326E+02  4.6528579742532322E-10  4.3227078826641803E-10
  1.0784723708603269E+02  4.6010122334473128E-10  4.2738816863030541E-10
  1.0892168686113143E+02  4.5498793096637570E-10  4.2257062150259756E-10
  1.1000684105806243E+02  4.4994410003797060E-10  4.1781650456367815E-10
  1.1110280632177958E+02  4.4496811934161801E-10  4.1312436848473917E-10
  1.1220969035970870E+02  4.4005867916968106E-10  4.0849304384186512E-10
  1.1332760195233219E+02  4.3521460951250902E-10  4.0392148994908094E-10
  1.1445665096388015E+02  4.3043476745449894E-10  3.9940868955017218E-10
  1.1559694835312720E+02  4.2571803290593685E-10  3.9495364512867820E-10
  1.1674860618429666E+02  4.2106330784980568E-10  3.9055537848655208E-10
  1.1791173763807458E+02  4.1646951561605317E-10  3.8621293031161737E-10
  1.1908645702273236E+02  4.1193559931825658E-10  3.8192535967775406E-10
  1.2027287978536015E+02  4.0746052328319488E-10  3.7769174352553565E-10
  1.2147112252321324E+02  4.0304327421683206E-10  3.7351117609363368E-10
  1.2268130299517046E+02  3.9868285489041290E-10  3.6938276549113092E-10
  1.2390354013330729E+02  3.9437826994476753E-10  3.6530562185247174E-10
  1.2513795405458347E+02  3.9012849798521929E-10  3.6127882986458167E-10
  1.2638466607264850E+02  3.8593244586289094E-10  3.5730140578262567E-10
  1.2764379870976349E+02  3.8178897641915657E-10  3.5337232480767540E-10
  1.2891547570884183E+02  3.7769697201716300E-10  3.4949058106725805E-10
  1.3019982204561092E+02  3.7365534152869450E-10  3.4565519283011601E-10
  1.3149696394089398E+02  3.6966302141292546E-10  3.4186520193773681E-10
  1.3280702887301416E+02  3.6571897449581438E-10  3.3811967326517831E-10
  1.3413014559032339E+02  3.6182218932527144E-10  3.3441769425092818E-10
  1.3546644412385487E+02  3.5797168072746078E-10  3.3075837420739983E-10
  1.3681605580010216E+02  3.5416648342420448E-10  3.2714084208084721E-10
  1.3817911325392501E+02  3.5040564786527425E-10  3.2356424398625160E-10
  1.3955575044158508E+02  3.4668824695224252E-10  3.2002774620986214E-10
  1.4094610265391017E+02  3.4301339388481595E-10  3.1653055152498797E-10
  1.4235030652958974E+02  3.3938028350323405E-10  3.1307193735902742E-10
  1.4376850006860403E+02  3.3578820559360440E-10  3.0965126747808687E-10
  1.4520082264578591E+02  3.3223648022133582E-10  3.0626793303515516E-10
  1.4664741502451756E+02  3.2872444083229735E-10  3.0292133744461647E-10
  1.4810841937056503E+02  3.2525143463064092E-10  2.9961089609420787E-10
  1.4958397926604931E+02  3.2181682183116434E-10  2.9633603609644408E-10
  1.5107423972355727E+02  3.1841997388732091E-10  2.9309619609196269E-10
  1.5257934720039231E+02  3.1506027334062945E-10  2.8989082635741685E-10
  1.5409944961296870E+02  3.1173711678764563E-10  2.8671938965571925E-10
  1.5563469635134766E+02  3.0844992011844100E-10  2.8358136288645944E-10
  1.5718523829391842E+02  3.0519811887753224E-10  2.8047623904295353E-10
  1.5875122782222707E+02  3.0198116591755562E-10  2.7740352871105662E-10
  1.6033281883595131E+02  2.9879853352727490E-10  2.7436276009309237E-10
  1.6193016676802503E+02  2.9564970992120785E-10  2.7135347596706039E-10
  1.6354342859991428E+02  2.9253419117678806E-10  2.6837522879255800E-10
  1.6517276287704445E+02  2.8945148246779099E-10  2.6542757921883152E-10
  1.6681832972438173E+02  2.8640110056717614E-10  2.6251009591329608E-10
  1.6848029086216894E+02  2.8338257238992650E-10  2.5962235541647176E-10
  1.7015880962181990E+02  2.8039543413445353E-10  2.5676394199520397E-10
  1.7185405096197039E+02  2.7743923034880031E-10  2.5393444734257810E-10
  1.7356618148468931E+02  2.7451351118999246E-10  2.5113346989729083E-10
  1.7529536945185259E+02  2.7161783117680596E-10  2.4836061447604913E-10
  1.7704178480167900E+02  2.6875175469755143E-10  2.4561549394548510E-10
  1.7880559916543035E+02  2.6591486569899039E-10  2.4289773546005490E-10
  1.8058698588428007E+02  2.6310677736598795E-10  2.4020699484009270E-10
  1.8238612002634756E+02  2.6032715516480851E-10  2.3754297786020445E-10
  1.8420317840390373E+02  2.5757570429609473E-10  2.3490542322951767E-10
  1.8603833959074680E+02  2.5485213536336282E-10  2.3229407404081404E-10
  1.8789178393975286E+02  2.5215615930662737E-10  2.2970867550821500E-10
  1.8976369360059977E+02  2.4948748888098063E-10  2.2714897495508065E-10
  1.9165425253766759E+02  2.4684583899276844E-10  2.2461472180560502E-10
  1.9356364654811912E+02  2.4423092789000779E-10  2.2210566763351787E-10
  1.9549206328015867E+02  2.4164247934022931E-10  2.1962156650761649E-10
  1.9743969225147296E+02  2.3908022106817272E-10  2.1716217522828882E-10
  1.9940672486785732E+02  2.3654388124977339E-10  2.1472725240928887E-10
  2.0139335444202555E+02  2.3403318516727964E-10  2.1231655534951667E-10
  2.0339977621260854E+02  2.3154784859524622E-10  2.0992983322311906E-10
  2.0542618736334055E+02  2.2908756652061172E-10  2.0756681533213309E-10
  2.0747278704243905E+02  2.2665201566975198E-10  2.0522721185713543E-10
  2.0953977638217572E+02  2.2424087570925233E-10  2.0291073368645980E-10
  2.1162735851864224E+02  2.2185383068893804E-10  2.0061709631860304E-10
  2.1373573861171505E+02  2.1949056765931799E-10  1.9834601979353023E-10
  2.1586512386521719E+02  2.1715077685971218E-10  1.9609722861719381E-10
  2.1801572354728069E+02  2.1483415266297579E-10  1.9387045168839690E-10
  2.2018774901091402E+02  2.1254039649536142E-10  1.9166542218799730E-10
  2.2238141371477241E+02  2.1026921697935879E-10  1.8948187748435413E-10
  2.2459693324413595E+02  2.0802032770916720E-10  1.8731955983434518E-10
  2.2683452533209578E+02  2.0579344921061289E-10  1.8517821880674663E-10
  2.2909440988095332E+02  2.0358831449548852E-10  1.8305761666981713E-10
  2.3137680898383101E+02  2.0140467977563994E-10  1.8095753850142908E-10
  2.3368194694649782E+02  1.9924233549716187E-10  1.7887779861051101E-10
  2.3601005030941485E+02  1.9710108773894232E-10  1.7681822136513483E-10
  2.3836134786999799E+02  1.9498074241432516E-10  1.7477863215322110E-10
  2.4073607070510272E+02  1.9288110197685142E-10  1.7275885724172656E-10
  2.4313445219373477E+02  1.9080196977449990E-10  1.7075872378936944E-10
  2.4555672803998499E+02  1.8874315207167256E-10  1.6877805986840084E-10
  2.4800313629619376E+02  1.8670445759982921E-10  1.6681669446387538E-10
  2.5047391738634505E+02  1.8468569734824583E-10  1.6487445745268785E-10
  2.5296931412969576E+02  1.8268668366243195E-10  1.6295117972509345E-10
  2.5548957176463864E+02  1.8070722951422945E-10  1.6104669416110950E-10
  2.5803493797280220E+02  1.7874715195529033E-10  1.5916083874045771E-10
  2.6060566290339386E+02  1.7680628313178994E-10  1.5729346359011993E-10
  2.6320199919778292E+02  1.7488448184713649E-10  1.5544444076040332E-10
  2.6582420201432797E+02  1.7298161893120465E-10  1.5361365448104417E-10
  2.6847252905345516E+02  1.7109756122166061E-10  1.5180098844938234E-10
  2.7114724058298248E+02  1.6923217542395195E-10  1.5000632507913058E-10
  2.7384859946369869E+02  1.6738533025177003E-10  1.4822954556785582E-10
  2.7657687117519521E+02  1.6555689580009212E-10  1.4647052996572347E-10
  2.7933232384195799E+02  1.6374674144797194E-10  1.4472915727554058E-10
  2.8211522825971707E+02  1.6195473152926453E-10  1.4300530577818666E-10
  2.8492585792205864E+02  1.6018072652270670E-10  1.4129885355671292E-10
  2.8776448904730444E+02  1.5842458836086304E-10  1.3960967915177715E-10
  2.9063140060565678E+02  1.5668618627000376E-10  1.3793766251153914E-10
  2.9352687434661391E+02  1.5496539615336106E-10  1.3628268649007689E-10
  2.9645119482666081E+02  1.5326209765058751E-10  1.3464463902139351E-10
  2.9940464943723339E+02  1.5157617110686605E-10  1.3302341183308162E-10
  3.0238752843296294E+02  1.4990749449462091E-10  1.3141889582774670E-10
  3.0540012496019972E+02  1.4825594499432579E-10  1.2983098041324664E-10
  3.0844273508582449E+02  1.4662140230065459E-10  1.2825955358094140E-10
  3.1151565782634373E+02  1.4500374926403399E-10  1.2670450197748873E-10
  3.1461919517727517E+02  1.4340286105854348E-10  1.2516571095719501E-10
  3.1775365214282823E+02  1.4181860435999265E-10  1.2364306449630341E-10
  3.2091933676587848E+02  1.4025085109892761E-10  1.2213644492939374E-10
  3.2411656015823922E+02  1.3869947622127731E-10  1.2064573253898418E-10
  3.2734563653123888E+02  1.3716434779187179E-10  1.1917080453909476E-10
  3.3060688322659939E+02  1.3564532443643758E-10  1.1771153270831345E-10
  3.3390062074762227E+02  1.3414225468462737E-10  1.1626777873543200E-10
  3.3722717279068877E+02  1.3265497571198931E-10  1.1483939193865855E-10
  3.4058686627706982E+02  1.3118332091978016E-10  1.1342621875877393E-10
  3.4398003138505590E+02  1.2972712228287887E-10  1.1202810654085923E-10
  3.4740700158240367E+02  1.2828621227998786E-10  1.1064490359598450E-10
  3.5086811365911063E+02  1.2686042581087928E-10  1.0927645921880666E-10
  3.5436370776051223E+02  1.2544959991416447E-10  1.0792262370873993E-10
  3.5789412742070908E+02  1.2405357335995422E-10  1.0658324843661313E-10
  3.6145971959633050E+02  1.2267218288135361E-10  1.0525818611860994E-10
  3.6506083470063089E+02  1.2130526653010664E-10  1.0394729116554176E-10
  3.6869782663792597E+02  1.1995267198791523E-10  1.0265041943155972E-10
  3.7237105283837559E+02  1.1861424920907552E-10  1.0136742624980736E-10
  3.7608087429310893E+02  1.1728983400096404E-10  1.0009816116235999E-10
  3.7982765558970226E+02  1.1597924233836818E-10  9.8842460487881377E-11
  3.8361176494800770E+02  1.1468228493396258E-10  9.7600154435992699E-11
  3.8743357425634281E+02  1.1339877660018008E-10  9.6371075319723679E-11
  3.9129345910803727E+02  1.1212853636890159E-10  9.5155057959120800E-11
  3.9519179883834357E+02  1.1087138595122166E-10  9.3951939652348414E-11
  3.9912897656171907E+02  1.0962714769620208E-10  9.2761560147825790E-11
  4.0310537920947610E+02  1.0839564384914697E-10  9.1583761638060721E-11
  4.0712139756780653E+02  1.0717670379678677E-10  9.0418388863096546E-11
  4.1117742631618944E+02  1.0597016825982998E-10  8.9265288937540361E-11
  4.1527386406617728E+02  1.0477587000254152E-10  8.8124308414827181E-11
  4.1941111340057051E+02  1.0359361667633768E-10  8.6995282638902182E-11
  4.2358958091298047E+02  1.0242317852388824E-10  8.5878010087934049E-11
  4.2780967724779026E+02  1.0126423840325956E-10  8.4772207065121561E-11
  4.3207181714051018E+02  1.0011639887080335E-10  8.3677522295128368E-11
  4.3637641945853517E+02  9.8979261388334838E-11  8.2593607891340247E-11
  4.4072390724231212E+02  9.7852441370329972E-11  8.1520129120639223E-11
  4.4511470774691333E+02  9.6735569264759280E-11  8.0456764113125381E-11
  4.4954925248402418E+02  9.5628289452266504E-11  7.9403203583350734E-11
  4.5402797726435352E+02  9.4530259897394491E-11  7.8359150545986640E-11
  4.5855132224046150E+02  9.3441150184458117E-11  7.7324319885156877E-11
  4.6311973195001684E+02  9.2360637078535439E-11  7.6298437880382227E-11
  4.6773365535948301E+02  9.1288410765935593E-11  7.5281244577740349E-11
  4.7239354590824325E+02  9.0224201421473003E-11  7.4272506330931380E-11
  4.7709986155316210E+02  8.9167815286948062E-11  7.3272049885981712E-11
  4.8185306481358975E+02  8.8119201919889878E-11  7.2279833157407219E-11
  4.8665362281681979E+02  8.7078494327134999E-11  7.1295977550130955E-11
  4.9150200734399556E+02  8.6045871035777465E-11  7.0320639398305013E-11
  4.9639869487647326E+02  8.5021503548663306E-11  6.9353965513001201E-11
  5.0134416664265183E+02  8.4005552212374364E-11  6.8396093045402643E-11
  5.0633890866526434E+02  8.2998165129507912E-11  6.7447149706789863E-11
  5.1138341180914375E+02  8.1999480476768628E-11  6.6507253991064488E-11
  5.1647817182946073E+02  8.1009629824409582E-11  6.5576515522284895E-11
  5.2162368942044827E+02  8.0028737487131621E-11  6.4655035873840652E-11
  5.2682047026460657E+02  7.9056914203696313E-11  6.3742906757790061E-11
  5.3206902508239591E+02  7.8094236471284785E-11  6.2840193978193718E-11
  5.3736986968243593E+02  7.7140691531278652E-11  6.1946887074148880E-11
  5.4272352501219405E+02  7.6196045566072862E-11  6.1062784304464696E-11
  5.4813051720917451E+02  7.5259676914884506E-11  6.0187356448095990E-11
  5.5359137765263949E+02  7.4330792374758747E-11  5.9319937459615376E-11
  5.5910664301582210E+02  7.3408625096471964E-11  5.8459889253531573E-11
  5.6467685531866880E+02  7.2492450195257294E-11  5.7606607756393412E-11
  5.7030256198110794E+02  7.1581582034984669E-11  5.6759522261619865E-11
  5.7598431587685297E+02  7.0675367339439280E-11  5.5918094855238900E-11
  5.8172267538772917E+02  6.9773186851604593E-11  5.5081819875560728E-11
  5.8751820445855299E+02  6.8874456467682636E-11  5.4250223043201627E-11
  5.9337147265255794E+02  6.7978625034982019E-11  5.3422861434084390E-11
  5.9928305520736205E+02  6.7085187386700879E-11  5.2599332341578179E-11
  6.0525353309150398E+02  6.6193727692390452E-11  5.1779307428514494E-11
  6.1128349306154189E+02  6.5304020033682346E-11  5.0962617601898040E-11
  6.1737352771971007E+02  6.4416207897231033E-11  5.0149400788261072E-11
  6.2352423557216184E+02  6.3530724276331449E-11  4.9340030442020115E-11
  6.2973622108779239E+02  6.2648018731815236E-11  4.8534890377178803E-11
  6.3601009475763544E+02  6.1768518709120673E-11  4.7734348304275625E-11
  6.4234647315486473E+02  6.0892631361687756E-11  4.6938755888679727E-11
  6.4874597899539208E+02  6.0020746696358284E-11  4.6148448837726325E-11
  6.5520924119905737E+02  5.9153238693747764E-11  4.5363747007004911E-11
  6.6173689495144129E+02  5.8290466520445689E-11  4.4584954593943461E-11
  6.6832958176629222E+02  5.7432774527354047E-11  4.3812360373247332E-11
  6.7498794954856442E+02  5.6580489453151451E-11  4.3046236137295278E-11
  6.8171265265809518E+02  5.5733910095503546E-11  4.2286828581931630E-11
  6.8850435197391755E+02  5.4893276316443147E-11  4.1534336935352171E-11
  6.9536371495920048E+02  5.4058708206026841E-11  4.0788866235544177E-11
  7.0229141572684887E+02  5.3230194896356353E-11  4.0050413422368340E-11
  7.0928813510575731E+02  5.2407706995104226E-11  3.9318953811870846E-11
  7.1635456070771056E+02  5.1591222422414024E-11  3.8594466182573132E-11
  7.2349138699496439E+02  5.0780717812296394E-11  3.7876932761608437E-11
  7.3069931534849820E+02  4.9976170861052280E-11  3.7166339089526145E-11
  7.3797905413693650E+02  4.9177565705365822E-11  3.6462673889044683E-11
  7.4533131878616803E+02  4.8384892998590128E-11  3.5765928937877791E-11
  7.5275683184965931E+02  4.7598147440966436E-11  3.5076098897444616E-11
  7.6025632307946216E+02  4.6817327180829851E-11  3.4393181562647113E-11
  7.6783052949792068E+02  4.6042438082241400E-11  3.3717180269473738E-11
  7.7548019547012166E+02  4.5273505145011214E-11  3.3048111512632137E-11
  7.8320607277703857E+02  4.4510594965233157E-11  3.2386022455833814E-11
  7.9100892068940436E+02  4.3753835039753410E-11  3.1731009179408448E-11
  7.9888950604234913E+02  4.3003370198095895E-11  3.1083184190290535E-11
  8.0684860331075186E+02  4.2259338976617082E-11  3.0442653604310348E-11
  8.1488699468534332E+02  4.1521878938554454E-11  2.9809516521739115E-11
  8.2300547014959670E+02  4.0791122516386429E-11  2.9183865132345755E-11
  8.3120482755735259E+02  4.0067190894977948E-11  2.8565784822623753E-11
  8.3948587271122756E+02  3.9350195773097471E-11  2.7955354273926999E-11
  8.4784941944180832E+02  3.8640241975583767E-11  2.7352645586069099E-11
  8.5629628968763802E+02  3.7937428391092288E-11  2.6757724268272103E-11
  8.6482731357598232E+02  3.7241847560271710E-11  2.6170648083043025E-11
  8.7344332950441651E+02  3.6553578112910047E-11  2.5591462709364983E-11
  8.8214518422322567E+02  3.5872669278719002E-11  2.5020191079514909E-11
  8.9093373291860928E+02  3.5199119230178981E-11  2.4456815913436434E-11
  8.9980983929673164E+02  3.4532891499229327E-11  2.3901292612722357E-11
  9.0877437566860783E+02  3.3873947784355209E-11  2.3353576175187566E-11
  9.1782822303582248E+02  3.3222250680648025E-11  2.2813623655208009E-11
  9.2697227117711475E+02  3.2577766773268239E-11  2.2281394017393618E-11
  9.3620741873582870E+02  3.1940473574516398E-11  2.1756847991848788E-11
  9.4553457330821846E+02  3.1310356003035725E-11  2.1239947933628037E-11
  9.5495465153264786E+02  3.0687392433868199E-11  2.0730657647079344E-11
  9.6446857917968032E+02  3.0071555525970772E-11  2.0228942224976771E-11
  9.7407729124304876E+02  2.9462823954190391E-11  1.9734768896584945E-11
  9.8378173203154950E+02  2.8861192640132032E-11  1.9248111341936309E-11
  9.9358285526185023E+02  2.8266686754350086E-11  1.8768961379219192E-11
  1.0034816241522072E+03  2.7679386022697057E-11  1.8297352612412508E-11
  1.0134790115171321E+03  2.7099423604860590E-11  1.7833362481842081E-11
  1.0235759998630024E+03  2.6526934416217269E-11  1.7377067390227597E-11
  1.0337735814846076E+03  2.5962045223250892E-11  1.6928532176410566E-11
  1.0440727585626719E+03  2.5404870608003090E-11  1.6487810482284336E-11
  1.0544745432623542E+03  2.4855509605930366E-11  1.6054945152091939E-11
  1.0649799578327052E+03  2.4314046582422206E-11  1.5629968634865120E-11
  1.0755900347071374E+03  2.3780557594718623E-11  1.5212903406912756E-11
  1.0863058166048947E+03  2.3255113164678963E-11  1.4803762441715504E-11
  1.0971283566335155E+03  2.2737769901478668E-11  1.4402549270144522E-11
  1.1080587183923321E+03  2.2228564947520049E-11  1.4009256106000803E-11
  1.1190979760770074E+03  2.1727508726866899E-11  1.3623857455882215E-11
  1.1302472145850866E+03  2.1234565787155229E-11  1.3246295413288757E-11
  1.1415075296226248E+03  2.0749644725851790E-11  1.2876467086585603E-11
  1.1528800278118738E+03  2.0272639730579640E-11  1.2514255005602111E-11
  1.1643658268000347E+03  1.9803447871762234E-11  1.2159544411761599E-11
  1.1759660553690785E+03  1.9341967449756836E-11  1.1812223502922731E-11
  1.1876818535467082E+03  1.8888098212425086E-11  1.1472183269246527E-11
  1.1995143727183820E+03  1.8441741862451358E-11  1.1139317334202433E-11
  1.2114647757404523E+03  1.8002803887272032E-11  1.0813521795606567E-11
  1.2235342370544763E+03  1.7571196387546437E-11  1.0494695049890541E-11
  1.2357239428026219E+03  1.7146837538155997E-11  1.0182737677822877E-11
  1.2480350909442207E+03  1.6729646442180698E-11  9.8775527802714840E-12
  1.2604688913735308E+03  1.6319543773137765E-11  9.5790475028504081E-12
  1.2730265660386224E+03  1.5916461741213419E-11  9.2871368642816862E-12
  1.2857093490614639E+03  1.5520354528546006E-11  9.0017495864342669E-12
  1.2985184868592110E+03  1.5131189146426082E-11  8.7228220630982634E-12
  1.3114552382667098E+03  1.4748931972068943E-11  8.4502892079216998E-12
  1.3245208746601932E+03  1.4373547153928834E-11  8.1840838320151723E-12
  1.3377166800822349E+03  1.4004995898737060E-11  7.9241367475682234E-12
  1.3510439513679496E+03  1.3643236003065573E-11  7.6703768709614147E-12
  1.3645039982724240E+03  1.3288221661406953E-11  7.4227313271447268E-12
  1.3780981435994431E+03  1.2939903551656966E-11  7.1811255629979219E-12
  1.3918277233314986E+03  1.2598230010336012E-11  6.9454834598063469E-12
  1.4056940867610681E+03  1.2263149569074223E-11  6.7157273314448729E-12
  1.4196985966232271E+03  1.1934610641346392E-11  6.4917775487780097E-12
  1.4338426292295808E+03  1.1612554970238394E-11  6.2735513912831381E-12
  1.4481275746035074E+03  1.1296912103853022E-11  6.0609607314732651E-12
  1.4625548366167720E+03  1.0987604264764884E-11  5.8539124397083822E-12
  1.4771258331275039E+03  1.0684555923725889E-11  5.6523130661590188E-12
  1.4918419961195191E+03  1.0387693316788040E-11  5.4560697617065662E-12
  1.5067047718430606E+03  1.0096941747566140E-11  5.2650902634938590E-12
  1.5217156209569396E+03  9.8122257363906882E-12  5.0792828815859965E-12
  1.5368760186720644E+03  9.5334709972156522E-12  4.8985564873557431E-12
  1.5521874548964288E+03  9.2606048995983819E-12  4.7228205016559079E-12
  1.5676514343815436E+03  8.9935544807353201E-12  4.5519848819528749E-12
  1.5832694768703004E+03  8.7322437447369096E-12  4.3859601251496669E-12
  1.5990431172463332E+03  8.4765953879136588E-12  4.2246573345758058E-12
  1.6149739056848737E+03  8.2265382012752899E-12  4.0679884298861428E-12
  1.6310634078050757E+03  7.9820087811361808E-12  3.9158666106185834E-12
  1.6473132048238881E+03  7.7429426466321435E-12  3.7682066687210512E-12
  1.6637248937114623E+03  7.5092691342635624E-12  3.6249240146570945E-12
  1.6803000873480748E+03  7.2809161197771067E-12  3.4859342387290679E-12
  1.6970404146826468E+03  7.0578126548371665E-12  3.3511531384971675E-12
  1.7139475208928366E+03  6.8398879704172173E-12  3.2204967545819396E-12
  1.7310230675467196E+03  6.6270704403578902E-12  3.0938814067650689E-12
  1.7482687327660560E+03  6.4192884727368275E-12  2.9712237311620877E-12
  1.7656862113912525E+03  6.2164721963606983E-12  2.8524407198113977E-12
  1.7832772151479039E+03  6.0185531061681588E-12  2.7374497618640921E-12
  1.8010434728149939E+03  5.8254623463883996E-12  2.6261686810598177E-12
  1.8189867303948356E+03  5.6371290849911710E-12  2.5185157597006548E-12
  1.8371087512846420E+03  5.4534807506565770E-12  2.4144097343865607E-12
  1.8554113164498015E+03  5.2744464145956499E-12  2.3137697659511995E-12
  1.8738962245989519E+03  5.0999581040232746E-12  2.2165155260201429E-12
  1.8925652923607231E+03  4.9299459951821412E-12  2.1225673074421274E-12
  1.9114203544622653E+03  4.7643355016079092E-12  2.0318460607552283E-12
  1.9304632639095666E+03  4.6030502795517621E-12  1.9442734249818215E-12
  1.9496958921695712E+03  4.4460164477466744E-12  1.8597717578825276E-12
  1.9691201293540773E+03  4.2931634340553903E-12  1.7782641654884350E-12
  1.9887378844055017E+03  4.1444215000815285E-12  1.6996745305619024E-12
  2.0085510852844961E+03  3.9997199301345740E-12  1.6239275389685424E-12
  2.0285616791593945E+03  3.8589870120458639E-12  1.5509486977986573E-12
  2.0487716325975880E+03  3.7221506467717970E-12  1.4806643311412669E-12
  2.0691829317588026E+03  3.5891385322231440E-12  1.4130015319752742E-12
  2.0897975825902663E+03  3.4598779470757716E-12  1.3478880545241001E-12
  2.1106176110238603E+03  3.3342967693081207E-12  1.2852524013397680E-12
  2.1316450631752332E+03  3.2123254235593738E-12  1.2250241188582164E-12
  2.1528820055448568E+03  3.0938955453584519E-12  1.1671338529864733E-12
  2.1743305252211312E+03  2.9789369511502791E-12  1.1115133578073609E-12
  2.1959927300855056E+03  2.8673784724152938E-12  1.0580955039209198E-12
  2.2178707490196102E+03  2.7591497800681735E-12  1.0068142864636999E-12
  2.2399667321144857E+03  2.6541812734665168E-12  9.5760483305253222E-13
  2.2622828508818998E+03  2.5524043953709366E-12  9.1040341208955442E-13
  2.2848212984677289E+03  2.4537521294575185E-12  8.6514744345219513E-13
  2.3075842898675078E+03  2.3581583426104943E-12  8.2177551727835218E-13
  2.3305740621441205E+03  2.2655570413978065E-12  7.8022743011449421E-13
  2.3537928746476291E+03  2.1758823570738244E-12  7.4044425069304604E-13
  2.3772430092373215E+03  2.0890687634187769E-12  7.0236834366359387E-13
  2.4009267705059833E+03  2.0050512854454940E-12  6.6594321999173565E-13
  2.4248464860063546E+03  1.9237664784230898E-12  6.3111348795178159E-13
  2.4490045064798869E+03  1.8451527749857110E-12  5.9782486272170899E-13
  2.4734032060877807E+03  1.7691485442270774E-12  5.6602417531524420E-13
  2.4980449826442800E+03  1.6956909997042147E-12  5.3565938014081795E-13
  2.5229322578523347E+03  1.6247177997117925E-12  5.0667956116442387E-13
  2.5480674775416078E+03  1.5561678744810651E-12  4.7903493661792553E-13
  2.5734531119088369E+03  1.4899812268496419E-12  4.5267686220649654E-13
  2.5990916557605592E+03  1.4260988528203641E-12  4.2755783249114221E-13
  2.6249856287583552E+03  1.3644624399121370E-12  4.0363147975654607E-13
  2.6511375756664420E+03  1.3050140758486550E-12  3.8085256932299075E-13
  2.6775500666017269E+03  1.2476961962240191E-12  3.5917699319540147E-13
  2.7042256972864575E+03  1.1924516857325598E-12  3.3856177787160782E-13
  2.7311670893032851E+03  1.1392239931573743E-12  3.1896508911428724E-13
  2.7583768903528735E+03  1.0879577574514268E-12  3.0034622631286823E-13
  2.7858577745141683E+03  1.0385999268853823E-12  2.8266561532042804E-13
  2.8136124425071589E+03  9.9109908371888711E-13  2.6588480028658089E-13
  2.8416436219582893E+03  9.4540286537005664E-13  2.4996643452965834E-13
  2.8699540676685297E+03  9.0145769510753310E-13  2.3487427050550342E-13
  2.8985465618841267E+03  8.5921093259023814E-13  2.2057314895679682E-13
  2.9274239145699967E+03  8.1861200453820175E-13  2.0702898742336498E-13
  2.9565889636858951E+03  7.7961236618826799E-13  1.9420876843142021E-13
  2.9860445754653415E+03  7.4216490114016290E-13  1.8208052782012121E-13
  3.0157936446972640E+03  7.0622306850943054E-13  1.7061334333278369E-13
  3.0458390950105063E+03  6.7174058682216846E-13  1.5977731684208426E-13
  3.0761838791611722E+03  6.3867151355365009E-13  1.4954355225795908E-13
  3.1068309793227722E+03  6.0697028167430372E-13  1.3988413905255990E-13
  3.1377834073793197E+03  5.7659195913677359E-13  1.3077213609684175E-13
  3.1690442052213471E+03  5.4749306411464371E-13  1.2218155490621420E-13
  3.2006164450448132E+03  5.1963218512866254E-13  1.1408734234262759E-13
  3.2325032296530467E+03  4.9296908636410618E-13  1.0646536282213958E-13
  3.2647076927616977E+03  4.6746341831829650E-13  9.9292380054690161E-14
  3.2972329993066678E+03  4.4307508104344103E-13  9.2546038359174871E-14
  3.3300823457551705E+03  4.1976509824996102E-13  8.6204843711987792E-14
  3.3632589604198843E+03  3.9749580205646124E-13  8.0248144787563013E-14
  3.3967661037761827E+03  3.7623067075073880E-13  7.4656114323326393E-14
  3.4306070687825791E+03  3.5593402576657583E-13  6.9409729618067277E-14
  3.4647851812043700E+03  3.3657084819498268E-13  6.4490750248413084E-14
  3.4993037999404369E+03  3.1810679646180568E-13  5.9881697270388951E-14
  3.5341663173533630E+03  3.0050821774026625E-13  5.5565833089680487E-14
  3.5693761596028512E+03  2.8374215564716910E-13  5.1527141244693848E-14
  3.6049367869823832E+03  2.6777655311649946E-13  4.7750306134423520E-14
  3.6408516942593142E+03  2.5258055103636621E-13  4.4220692727117237E-14
  3.6771244110183402E+03  2.3812443852220403E-13  4.0924326289720692E-14
  3.7137585020083347E+03  2.2437930015447638E-13  3.7847872187746424E-14
  3.7507575674926957E+03  2.1131686552720908E-13  3.4978615781539623E-14
  3.7881252436031932E+03  1.9890953561701883E-13  3.2304442414262113E-14
  3.8258652026972673E+03  1.8713041115565181E-13  2.9813817463553041E-14
  3.8639811537189571E+03  1.7595341535786370E-13  2.7495766488615852E-14
  3.9024768425634184E+03  1.6535337740171141E-13  2.5339855865351566E-14
  3.9413560524450468E+03  1.5530592668774104E-13  2.3336173665959941E-14
  3.9806226042692260E+03  1.4578737568081069E-13  2.1475310650065634E-14
  4.0202803570079241E+03  1.3677472788939616E-13  1.9748341525416290E-14
  4.0603332080788937E+03  1.2824572877461079E-13  1.8146806505385384E-14
  4.1007850937286466E+03  1.2017885965348615E-13  1.6662693182805303E-14
  4.1416399894193883E+03  1.1255334843622632E-13  1.5288418738078689E-14
  4.1829019102196698E+03  1.0534924393804025E-13  1.4016812495850146E-14
  4.2245749111989153E+03  9.8547310262292261E-14  1.2841098848463881E-14
  4.2666630878260457E+03  9.2128814768125292E-14  1.1754880574628702E-14
  4.3091705763719074E+03  8.6075617049547001E-14  1.0752122590199118E-14
  4.3521015543157555E+03  8.0370316548432884E-14  9.8271361497198018E-15
  4.3954602407558241E+03  7.4996188319188256E-14  8.9745632056107581E-15
  4.4392508968239872E+03  6.9937107176174690E-14  8.1893610642985086E-15
  4.4834778261044748E+03  6.5177545809188727E-14  7.4667877183448053E-15
  4.5281453750568398E+03  6.0702583551107106E-14  6.8023876304279674E-15
  4.5732579334431402E+03  5.6497892646376085E-14  6.1919779410032375E-15
  4.6188199347592908E+03  5.2549704012563579E-14  5.6316351024710936E-15
  4.6648358566708030E+03  4.8844776189506517E-14  5.1176819410895396E-15
  4.7113102214528581E+03  4.5370388814843894E-14  4.6466751465895225E-15
  4.7582475964346841E+03  4.2114344987772905E-14  4.2153931880166651E-15
  4.8056525944484438E+03  3.9064952109777471E-14  3.8208246520416844E-15
  4.8535298742825980E+03  3.6211002188792609E-14  3.4601569975598015E-15
  4.9018841411396952E+03  3.3541780995620556E-14  3.1307657196695136E-15
  4.9507201470988057E+03  3.1047072091313358E-14  2.8302039862397117E-15
  5.0000426915825774E+03  2.8717128336746623E-14  2.5561927775529445E-15
  5.0498566218288388E+03  2.6542635180400652E-14  2.3066113303708155E-15
  5.1001668333669986E+03  2.4514689148497319E-14  2.0794879533870900E-15
  5.1509782704991931E+03  2.2624788078629066E-14  1.8729912401475740E-15
  5.2022959267861315E+03  2.0864823441381262E-14  1.6854216716865414E-15
  5.2541248455378745E+03  1.9227069315612496E-14  1.5152036005927870E-15
  5.3064701203095046E+03  1.7704168369430252E-14  1.3608776079800467E-15
  5.3593368954016387E+03  1.6289125422164759E-14  1.2210932246425871E-15
  5.4127303663660232E+03  1.4975317119894567E-14  1.0946020073266485E-15
  5.4666557805161647E+03  1.3756486993231044E-14  9.8025096077308855E-16
  5.5211184374429404E+03  1.2626688605588662E-14  8.7697629606127023E-16
  5.5761236895355132E+03  1.1580242381530883E-14  7.8379750592739187E-16
  5.6316769425072653E+03  1.0611757345851261E-14  6.9981172145201457E-16
  5.6877836559270827E+03  9.7161434142298536E-15  6.2418839212118720E-16
  5.7444493437559395E+03  8.8885949489802042E-15  5.5616427573293517E-16
  5.8016795748887198E+03  8.1245778926967876E-15  4.9503870896678370E-16
  5.8594799737015410E+03  7.4198176164713159E-15  4.4016914763120178E-16
  5.9178562206045335E+03  6.7702834775835189E-15  3.9096696615185740E-16
  5.9768140526000225E+03  6.1721730802027646E-15  3.4689350585563454E-16
  6.0363592638463679E+03  5.6218989936309882E-15  3.0745636158203070E-16
  6.0964977062274347E+03  5.1160808014219470E-15  2.7220589619967589E-16
  6.1572352899276220E+03  4.6515420060376537E-15  2.4073197270536338E-16
  6.2185779840127252E+03  4.2253038352574049E-15  2.1266089364720174E-16
  6.2805318170165992E+03  3.8345686322086415E-15  1.8765253902708142E-16
  6.3431028775335371E+03  3.4767043408295080E-15  1.6539770410949560E-16
  6.4062973148166793E+03  3.1492433406709771E-15  1.4561561624446887E-16
  6.4701213393823737E+03  2.8498834970501349E-15  1.2805161134805488E-16
  6.5345812236204474E+03  2.5764771886578255E-15  1.1247497140261271E-16
  6.5996833024106709E+03  2.3270165558150317E-15  9.8676915199352235E-17
  6.6654339737453674E+03  2.0996252128336111E-15  8.6468733784777509E-17
  6.7318396993580918E+03  1.8925533915036195E-15  7.5680062361274156E-17
  6.7989070053587729E+03  1.7041721200040081E-15  6.6157280693223016E-17
  6.8666424828749778E+03  1.5329663702249812E-15  5.7762034375386793E-17
  6.9350527886997088E+03  1.3775285033533014E-15  5.0369869619993091E-17
  7.0041446459456492E+03  1.2365524692043169E-15  4.3868974526173617E-17
  7.0739248447057962E+03  1.1088277761605715E-15  3.8159020063679531E-17
  7.1444002427208206E+03  9.9323246868379635E-16  3.3150093140579228E-17
  7.2155777660530503E+03  8.8872695876067378E-16  2.8761715589641828E-17
  7.2874644097670616E+03  7.9434959526951399E-16  2.4921945998243144E-17
  7.3600672386171627E+03  7.0921214226238410E-16  2.1566557303598815E-17
  7.4333933877417458E+03  6.3249480668904189E-16  1.8638284403954323E-17
  7.5074500633644075E+03  5.6344167691448962E-16  1.6086136772569831E-17
  7.5822445435021909E+03  5.0135666504300903E-16  1.3864771330273687E-17
  7.6577841786808995E+03  4.4559969619216322E-16  1.1933921093644774E-17
  7.7340763926573754E+03  3.9558298281689417E-16  1.0257875371116454E-17
  7.8111286831491325E+03  3.5076731759888856E-16  8.8050075282699082E-18
  7.8889486225712499E+03  3.1065853901567324E-16  7.5473465846820899E-18
  7.9675438587804665E+03  2.7480456147484012E-16  6.4601891374847013E-18
  8.0469221158268301E+03  2.4279294461124709E-16  5.5217483663668963E-18
  8.1270911947128388E+03  2.1424767243495029E-16  4.7128371024357091E-18
  8.2080589741599797E+03  1.8882486452258280E-16  4.0165819032485536E-18
  8.2898334113831515E+03  1.6621029002585313E-16  3.4181655217677557E-18
  8.3724225428725604E+03  1.4611858461983014E-16  2.9045953496853562E-18
  8.4558344851835536E+03  1.2829113768290815E-16  2.4644955321244149E-18
  8.5400774357343489E+03  1.1249319594118316E-16  2.0879206193274226E-18
  8.6251596736115407E+03  9.8511713292497194E-17  1.7661887818617607E-18
  8.7110895603837816E+03  8.6153805710516032E-17  1.4917327677367888E-18
  8.7978755409235873E+03  7.5245303925159154E-17  1.2579669230417656E-18
  8.8855261442371648E+03  6.5629169126505568E-17  1.0591687325100789E-18
  8.9740499843026537E+03  5.7163830307540458E-17  8.9037346287646323E-19
  9.0634557609167368E+03  4.9721732119836688E-17  7.4728061066648766E-19
  9.1537522605495196E+03  4.3188247057038911E-17  6.2617096922023135E-19
  9.2449483572080753E+03  3.7460602888082679E-17  5.2383322917522246E-19
  9.3370530133086177E+03  3.2446551106754909E-17  4.3749912211230294E-19
  9.4300752805571774E+03  2.8063308041767005E-17  3.6478620970157678E-19
  9.5240243008392190E+03  2.4236921158195767E-17  3.0364750218142775E-19
  9.6189093071181433E+03  2.0901499185501309E-17  2.5232716635329678E-19
  9.7147396243425428E+03  1.7998332569191617E-17  2.0932165384013895E-19
  9.8115246703626835E+03  1.5475152739005513E-17  1.7334564532965701E-19
  9.9092739568561192E+03  1.3285503736779848E-17  1.4330226622188952E-19
  1.0007997090262323E+04  1.1388174361992689E-17  1.1825708383500592E-19
  1.0107703772726931E+04  9.7466664339675005E-18  9.7415446400005114E-20
  1.0208403803055098E+04  8.3286898684616639E-18  8.0102769793717804E-20
  1.0310107077674536E+04  7.1057164985168655E-18  6.5747419609441794E-20
  1.0412823591608183E+04  6.0526074157714244E-18  5.3865874027683653E-20
  1.0516563439456324E+04  5.1472528325009292E-18  4.4049887295922924E-20