!                T (MeV)                 t (sec)               ln(a/a_i)               L/n_gamma          \Omega_wdm h^2
  1.0000000000000000E+04  2.6335409739583909E-09  0.0000000000000000E+00  1.9904621553283132E-02  0.0000000000000000E+00
  9.3260334688321982E+03  3.0295747626984208E-09  7.0050858448775871E-02  1.9888174041806681E-02  5.8249225355359899E-16
  8.6974900261778330E+03  3.4848687536969681E-09  1.4006725873452852E-01  1.9873794458375064E-02  1.6578462820102404E-15
  8.1113083078968712E+03  4.0083644684052341E-09  2.1006316439115760E-01  1.9860646343894239E-02  3.6401440793049055E-15
  7.5646332755462890E+03  4.6103607489821853E-09  2.8005067548714685E-01  1.9848006767572545E-02  7.2872214006812286E-15
  7.0548023107186436E+03  5.3027174286746738E-09  3.5003994314480030E-01  1.9835270709327658E-02  1.3981164684005218E-14
  6.5793322465756801E+03  6.0990906594258882E-09  4.2003930301637632E-01  1.9821942672598174E-02  2.6232248769832323E-14
  6.1359072734131732E+03  7.0152057410566023E-09  4.9005559317633529E-01  1.9807617520055248E-02  4.8577521445732000E-14
  5.7223676593502178E+03  8.0691739975923405E-09  5.6009458127831391E-01  1.9791954964185354E-02  8.9168764143357971E-14
  5.3366992312063103E+03  9.2818601144668133E-09  6.3016136984695459E-01  1.9774655490499914E-02  1.6255007000305573E-13
  4.9770235643321112E+03  1.0677309283655232E-08  7.0026081023436770E-01  1.9755435890206206E-02  2.9444971997934923E-13
  4.6415888336127791E+03  1.2283243816897535E-08  7.7039786657464637E-01  1.9734007904655394E-02  5.2991937971865551E-13
  4.3287612810830587E+03  1.4131635781110418E-08  8.4057773683969250E-01  1.9710071401277125E-02  9.4686418882605055E-13
  4.0370172585965552E+03  1.6259379758625980E-08  9.1080621190032229E-01  1.9683293616960668E-02  1.6780012737595904E-12
  3.7649358067924686E+03  1.8709067439622193E-08  9.8108967888114029E-01  1.9653309623607597E-02  2.9453158014529244E-12
  3.5111917342151319E+03  2.1529895356821689E-08  1.0514352967702447E+00  1.9619712815930449E-02  5.1118448312215777E-12
  3.2745491628777290E+03  2.4778720834491728E-08  1.1218510668520356E+00  1.9582051835596304E-02  8.7553521239955607E-12
  3.0538555088334160E+03  2.8521296647207045E-08  1.1923459275098736E+00  1.9539826348930159E-02  1.4764898784731561E-11
  2.8480358684358021E+03  3.2833713104541580E-08  1.2629298047623470E+00  1.9492485755057611E-02  2.4453073002648280E-11
  2.6560877829466867E+03  3.7804088901902908E-08  1.3336136934171032E+00  1.9439426488799875E-02  3.9661020785255412E-11
  2.4770763559917114E+03  4.3534559460200075E-08  1.4044097828190769E+00  1.9379987206576046E-02  6.2809696751884125E-11
  2.3101297000831601E+03  5.0143588663053603E-08  1.4753312921862907E+00  1.9313461421507576E-02  9.6827420978020733E-11
  2.1544346900318842E+03  5.7768725295489192E-08  1.5463927438081480E+00  1.9239085221081309E-02  1.4487548562643444E-10
  2.0092330025650476E+03  6.6569805878223441E-08  1.6176097613225378E+00  1.9156053271392064E-02  2.0982179362201563E-10
  1.8738174228603846E+03  7.6732749065710678E-08  1.6889990894320897E+00  1.9063522582172813E-02  2.9349738450005308E-10
  1.7475284000076842E+03  8.8474013515304189E-08  1.7605784717176893E+00  1.8960625129160930E-02  3.9591302250204143E-10
  1.6297508346206446E+03  1.0204585140944424E-07  1.8323665059982879E+00  1.8846482314844058E-02  5.1476176648414947E-10
  1.5199110829529341E+03  1.1774248731406313E-07  1.9043824080733636E+00  1.8720225055042273E-02  6.4560200484678895E-10
  1.4174741629268055E+03  1.3590738919939114E-07  1.9766457271814524E+00  1.8581016724102849E-02  7.8298291754289411E-10
  1.3219411484660293E+03  1.5694182076606092E-07  2.0491760160276900E+00  1.8428078451754822E-02  9.2242707578355840E-10
  1.2328467394420663E+03  1.8131485397144785E-07  2.1219923482267697E+00  1.8260722197275304E-02  1.0627333879880012E-09
  1.1497569953977361E+03  2.0957514357861854E-07  2.1951129121520583E+00  1.8078378223110779E-02  1.2079382432677618E-09
  1.0722672220103236E+03  2.4236468134905322E-07  2.2685544746668591E+00  1.7880627797628341E-02  1.3683943727881670E-09
  1.0000000000000003E+03  2.8043475673441057E-07  2.3423316407419108E+00  1.7667243938777135E-02  1.5610637143674315E-09
  9.3260334688322018E+02  3.2466495294336459E-07  2.4164568498049266E+00  1.7438189332986728E-02  1.8096784044522438E-09
  8.6974900261778362E+02  3.7608468303449437E-07  2.4909393051332285E+00  1.7193667405795070E-02  2.1459139867627012E-09
  8.1113083078968737E+02  4.3589855946351744E-07  2.5657846887352003E+00  1.6934126554827900E-02  2.6123777678981364E-09
  7.5646332755462913E+02  5.0551579238554046E-07  2.6409948582070384E+00  1.6660261245866108E-02  3.2677390834229075E-09
  7.0548023107186452E+02  5.8658400625711794E-07  2.7165674269214541E+00  1.6373014608811694E-02  4.1944511969791894E-09
  6.5793322465756819E+02  6.8102810722057513E-07  2.7924954152666199E+00  1.6073572776136920E-02  6.0915984256327707E-09
  6.1359072734131746E+02  7.9109481490295805E-07  2.8687670161012133E+00  1.5763349517615852E-02  9.5118073104698442E-09
  5.7223676593502194E+02  9.1940328850841470E-07  2.9453653818595713E+00  1.5443966547647490E-02  1.5704068819740852E-08
  5.3366992312063121E+02  1.0690024205022430E-06  3.0222685238398097E+00  1.5117226149637335E-02  2.7534855592151361E-08
  4.9770235643321132E+02  1.2434353746813533E-06  3.0994493954322881E+00  1.4785074438089508E-02  5.1218556800304106E-08
  4.6415888336127813E+02  1.4468128210095040E-06  3.1768765271349637E+00  1.4449541454517174E-02  1.0038565843912413E-07
  4.3287612810830609E+02  1.6838967533443935E-06  3.2545153532787809E+00  1.4112656921728854E-02  2.0968070348058917E-07
  4.0370172585965571E+02  1.9601878179892604E-06  3.3323277381489658E+00  1.3776450518220419E-02  4.4391277913982791E-07
  3.7649358067924703E+02  2.2821077716207503E-06  3.4102919351474217E+00  1.3442127238741939E-02  9.6654458759405495E-07
  3.5111917342151332E+02  2.6570401302388157E-06  3.4883778260776315E+00  1.3111122616729785E-02  2.1893781742884515E-06
  3.2745491628777302E+02  3.0936677338965546E-06  3.5665867680751671E+00  1.2783533892935219E-02  4.8711911900808151E-06
  3.0538555088334169E+02  3.6022205276620855E-06  3.6449467345133186E+00  1.2458447416432324E-02  1.1151445448916223E-05
  2.8480358684358032E+02  4.1939169474150990E-06  3.7234036043023702E+00  1.2138015736726415E-02  2.5504050188673033E-05
  2.6560877829466875E+02  4.8851531502482644E-06  3.8022990981981715E+00  1.1810102554463344E-02  5.6445066507687655E-05
  2.4770763559917120E+02  5.6932227386259329E-06  3.8816988505007237E+00  1.1473245928213457E-02  1.2918575667901391E-04
  2.3101297000831607E+02  6.6414304294509644E-06  3.9619107022889972E+00  1.1118042139684758E-02  2.8138145935017013E-04
  2.1544346900318845E+02  7.7733891271187532E-06  4.0442568346126393E+00  1.0703210338565266E-02  6.0926855887891325E-04
  2.0092330025650480E+02  9.2749572916044490E-06  4.1372582055986955E+00  9.9746641787856055E-03  1.3913369804347132E-03
  1.8738174228603850E+02  1.1540948767442565E-05  4.2532692076390033E+00  8.6612752740186701E-03  3.3806969581844822E-03
  1.7475284000076849E+02  1.4554906468745502E-05  4.3772530227688087E+00  7.3079173243940348E-03  8.2593270393264816E-03
  1.6297508346206450E+02  1.8059685866683971E-05  4.4929197080951599E+00  6.2603067847959853E-03  1.8061139567776559E-02
  1.5199110829529346E+02  2.2127689479907931E-05  4.6018564298579339E+00  5.3508875300799829E-03  3.7797859117880535E-02
  1.4174741629268061E+02  2.6742927715227297E-05  4.7032542940010895E+00  4.4696866147006650E-03  7.4414435616021346E-02
  1.3219411484660299E+02  3.1953580854753494E-05  4.7982350796454396E+00  3.4935310507769142E-03  1.3462461614372995E-01
  1.2328467394420669E+02  3.7825097475780870E-05  4.8878922237863334E+00  2.6742255345883616E-03  1.8907296470046947E-01
  1.1497569953977364E+02  4.4451953527762674E-05  4.9733385406880446E+00  2.3527617035630907E-03  2.0044057535302984E-01
  1.0722672220103239E+02  5.1957271399872822E-05  5.0555710821527811E+00  2.2432722285510506E-03  1.9544218919984749E-01
  1.0000000000000006E+02  6.0492515717145607E-05  5.1354205661738437E+00  2.1762369729017642E-03  1.8966367871565978E-01
  9.3260334688322047E+01  7.0239093884774022E-05  5.2135549066171523E+00  2.1222301589502888E-03  1.8499058747962716E-01
  8.6974900261778387E+01  8.1410232475611686E-05  5.2904924651499767E+00  2.0770577891796077E-03  1.8107495652809669E-01
  8.1113083078968756E+01  9.4254586144280881E-05  5.3666274863169203E+00  2.0377722451474407E-03  1.7766538560957043E-01
  7.5646332755462936E+01  1.0906186332338228E-04  5.4422584967364704E+00  2.0022684735331434E-03  1.7458107594566333E-01
  7.0548023107186481E+01  1.2616981923920800E-04  5.5176110674189660E+00  1.9690349697039822E-03  1.7169157989289996E-01
  6.5793322465756845E+01  1.4597277402226099E-04  5.5928557803765804E+00  1.9369841489207524E-03  1.6890305950337839E-01
  6.1359072734131772E+01  1.6893127756072171E-04  5.6681206166447362E+00  1.9053425756315320E-03  1.6614849330411177E-01
  5.7223676593502212E+01  1.9558341563480987E-04  5.7434995084028335E+00  1.8735783771546952E-03  1.6338253628275717E-01
  5.3366992312063132E+01  2.2655643834306060E-04  5.8190572286763267E+00  1.8413561961361708E-03  1.6057532603747141E-01
  4.9770235643321143E+01  2.6258138350723981E-04  5.8948330049874196E+00  1.8085051358698952E-03  1.5771268382166503E-01
  4.6415888336127821E+01  3.0450754623171836E-04  5.9708422211309582E+00  1.7749971756305324E-03  1.5479255372752532E-01
  4.3287612810830616E+01  3.5331663073011533E-04  6.0470772418486716E+00  1.7409304649647942E-03  1.5182302798467673E-01
  4.0370172585965577E+01  4.1013967298256091E-04  6.1235083340795562E+00  1.7065135778742743E-03  1.4882264787855562E-01
  3.7649358067924709E+01  4.7627317899402467E-04  6.2000852719118669E+00  1.6720453977260585E-03  1.4581759759298327E-01
  3.5111917342151344E+01  5.5319532128047058E-04  6.2767389190475731E+00  1.6378964602271756E-03  1.4284011164742419E-01
  3.2745491628777316E+01  6.4258274881372071E-04  6.3533843528430767E+00  1.6044845073396729E-03  1.3992680672642790E-01
  3.0538555088334185E+01  7.4632822250193440E-04  6.4299249229289730E+00  1.5722486842702158E-03  1.3711595564865797E-01
  2.8480358684358045E+01  8.6655973531918557E-04  6.5062571628693995E+00  1.5416237149833002E-03  1.3444546240698096E-01
  2.6560877829466889E+01  1.0056641482987703E-03  6.5822771088780812E+00  1.5130121284380503E-03  1.3195046851986802E-01
  2.4770763559917135E+01  1.1663169334369969E-03  6.6578868929926882E+00  1.4867598715397222E-03  1.2966121549924159E-01
  2.3101297000831622E+01  1.3515222277211785E-03  6.7330014841298516E+00  1.4631351197956907E-03  1.2760120899971159E-01
  2.1544346900318860E+01  1.5646672470647762E-03  6.8075550016548387E+00  1.4423114647688622E-03  1.2578543905733644E-01
  2.0092330025650494E+01  1.8095946758111454E-03  6.8815055977576183E+00  1.4243581743761460E-03  1.2421953329580490E-01
  1.8738174228603860E+01  2.0906905212765147E-03  6.9548370676243296E+00  1.4092434134724003E-03  1.2290118518634877E-01
  1.7475284000076858E+01  2.4130009809038714E-03  7.0275604713874031E+00  1.3968348524679292E-03  1.2181959301968871E-01
  1.6297508346206460E+01  2.7823624310485823E-03  7.0997109672859846E+00  1.3869172241328690E-03  1.2095439513880889E-01
  1.5199110829529355E+01  3.2055402222478887E-03  7.1713413577171110E+00  1.3792203449334909E-03  1.2028314521382269E-01
  1.4174741629268068E+01  3.6904266237911512E-03  7.2425218059194449E+00  1.3734188135428155E-03  1.1977724492742627E-01
  1.3219411484660306E+01  4.2461823785665525E-03  7.3133262286788625E+00  1.3691853585671527E-03  1.1940806434976993E-01
  1.2328467394420676E+01  4.8834233144784316E-03  7.3838269660147402E+00  1.3662090753333656E-03  1.1914847994474100E-01
  1.1497569953977372E+01  5.6144660519801080E-03  7.4540940952792951E+00  1.3641949917349136E-03  1.1897276713018369E-01
  1.0722672220103245E+01  6.4535424268472230E-03  7.5241891707743491E+00  1.3628871611425367E-03  1.1885875325045585E-01
  1.0000000000000012E+01  7.4171520628994667E-03  7.5941693996419373E+00  1.3620497884073266E-03  1.1878559287766305E-01
