#   Data according to Phys. Rev. D 73 (2006) 085009 [hep-ph/0603048], for the Standard Model, with mH = 150 GeV, and from a calculation preserving s at T<1.5 MeV.
#                 T(MeV)                     g_*                   g_*,s
  5.9715432195992727E-04  3.3626438511866814E+00  3.9090908515355296E+00
  6.7001819167718994E-04  3.3626438511866814E+00  3.9090908515355296E+00
  7.5177280088160740E-04  3.3626438511866814E+00  3.9090908515355296E+00
  8.4350298419608909E-04  3.3626438511866814E+00  3.9090908515355296E+00
  9.4642594612804763E-04  3.3626438511866814E+00  3.9090908515355296E+00
  1.0619074126430614E-03  3.3626438511866814E+00  3.9090908515355296E+00
  1.1914797535291946E-03  3.3626438511866814E+00  3.9090908515355296E+00
  1.3368623160248797E-03  3.3626438511866814E+00  3.9090908515355296E+00
  1.4999842395254041E-03  3.3626438511866814E+00  3.9090908515355296E+00
  1.6830100541054762E-03  3.3626438511866814E+00  3.9090908515355296E+00
  1.8883684025349024E-03  3.3626438511866814E+00  3.9090908515355296E+00
  2.1187842669113006E-03  3.3626438511866814E+00  3.9090908515355296E+00
  2.3773151275379291E-03  3.3626438511866814E+00  3.9090908515355296E+00
  2.6673915338532557E-03  3.3626438511866814E+00  3.9090908515355296E+00
  2.9928626257641599E-03  3.3626438511866814E+00  3.9090908515355296E+00
  3.3580472094235547E-03  3.3626438511866814E+00  3.9090908515355296E+00
  3.7677910651973644E-03  3.3626438511866814E+00  3.9090908515355296E+00
  4.2275312482631926E-03  3.3626438511866814E+00  3.9090908515355296E+00
  4.7433682350710629E-03  3.3626438511866814E+00  3.9090908515355296E+00
  5.3221468730064898E-03  3.3626438511866814E+00  3.9090908515355296E+00
  5.9715472074093360E-03  3.3626438511866814E+00  3.9090908515355296E+00
  6.7001863911685319E-03  3.3626438511866814E+00  3.9090908515355296E+00
  7.5177330291718346E-03  3.3626438511866814E+00  3.9090908515355296E+00
  8.4350354748928876E-03  3.3626438511866814E+00  3.9090908515355296E+00
  9.4642657815343402E-03  3.3626438511866814E+00  3.9090908515355296E+00
  1.0619081217872322E-02  3.3626438511866814E+00  3.9090908515355296E+00
  1.1914805492020676E-02  3.3626438511866845E+00  3.9090908515355327E+00
  1.3368632087845566E-02  3.3626438511870056E+00  3.9090908515358165E+00
  1.4999852412182704E-02  3.3626438512024146E+00  3.9090908515494736E+00
  1.6830111780233956E-02  3.3626438516725949E+00  3.9090908519669831E+00
  1.8883696635915909E-02  3.3626438612332228E+00  3.9090908604743451E+00
  2.1187856818402240E-02  3.3626439964983934E+00  3.9090909811171519E+00
  2.3773167151143460E-02  3.3626453803675220E+00  3.9090922185638992E+00
  2.6673933151433529E-02  3.3626559768022473E+00  3.9091017208278065E+00
  2.9928646244045877E-02  3.3627186017362614E+00  3.9091580561988430E+00
  3.3580494519350738E-02  3.3630122481853419E+00  3.9094231296484425E+00
  3.7677935813367563E-02  3.3641319872637991E+00  3.9104377738250919E+00
  4.2275340714181174E-02  3.3676821359634674E+00  3.9136680794275120E+00
  4.7433714027030949E-02  3.3772290782264833E+00  3.9223933993097866E+00
  5.3221504271482048E-02  3.3993991079044243E+00  3.9427479277782922E+00
  5.9715511952220628E-02  3.4445844725889998E+00  3.9844170953115823E+00
  6.7001908655681536E-02  3.5266068479210881E+00  4.0603536792724020E+00
  7.5177380495309504E-02  3.6609815586179142E+00  4.1851272401643813E+00
  8.4350411078286516E-02  3.8620244749680963E+00  4.3721039062401079E+00
  9.4642721017924286E-02  4.1395913117690961E+00  4.6302497178688160E+00
  1.0619088309318769E-01  4.4964313510306653E+00  4.9616029511266015E+00
  1.1914813448754726E-01  4.9269320223952509E+00  5.3602354816186075E+00
  1.3368641015448302E-01  5.4175821188163518E+00  5.8129702978044113E+00
  1.4999862429118060E-01  5.9489768985480520E+00  6.3015341468377661E+00
  1.6830123019420654E-01  6.4987824212061547E+00  6.8054464914119546E+00
  1.8883709246491220E-01  7.0448859248884617E+00  7.3048724407449868E+00
  2.1187870967700934E-01  7.5680276569703029E+00  7.7828462713432840E+00
  2.3773183026918238E-01  8.0534773282044725E+00  8.2265742648549747E+00
  2.6673950964346399E-01  8.4916534435997360E+00  8.6278190235705665E+00
  2.9928666230463513E-01  8.8778611711617152E+00  8.9825704674646367E+00
  3.3580516944480904E-01  9.2114538132537938E+00  9.2902788781111401E+00
  3.7677960974778291E-01  9.4947562560306817E+00  9.5529268272435583E+00
  4.2275368945749286E-01  9.7319943457262337E+00  9.7741276642863681E+00
  4.7433745703372421E-01  9.9283871922469551E+00  9.9583671960017348E+00
  5.3221539812922924E-01  1.0089462736877982E+01  1.0110430280664502E+01
  5.9715551830374525E-01  1.0220594598723327E+01  1.0235007787289643E+01
  6.7001953399707614E-01  1.0326725641822140E+01  1.0336455717250525E+01
  7.5177430698934145E-01  1.0412231118927023E+01  1.0418669200798345E+01
  8.4350467407681717E-01  1.0480877790294237E+01  1.0485037001389575E+01
  9.4642784220547349E-01  1.0535842545093967E+01  1.0538447484547715E+01
  1.0619095400769951E+00  1.0579763829645010E+01  1.0581324430424358E+01
  1.1914821405494083E+00  1.0614807752332387E+01  1.0615677630257577E+01
  1.3368649943056996E+00  1.0642737352869494E+01  1.0643158366561176E+01
  1.5000000000000000E+00  1.0719575000000001E+01  1.0705893000000000E+01
  1.7000000000000000E+00  1.0726461000000000E+01  1.0715638999999999E+01
  1.8999999999999999E+00  1.0731009000000000E+01  1.0722303000000000E+01
  2.0000000000000000E+00  1.0733537999999999E+01  1.0725482000000000E+01
  4.0555555999999999E+00  1.0742174000000000E+01  1.0741114000000000E+01
  6.1111110999999996E+00  1.0749541000000001E+01  1.0748322999999999E+01
  8.1666667000000004E+00  1.0749912999999999E+01  1.0749259000000000E+01
  1.0222222000000000E+01  1.0761727000000000E+01  1.0759066000000001E+01
  1.2277778000000000E+01  1.0797829000000000E+01  1.0788982000000001E+01
  1.4333333000000000E+01  1.0874883000000001E+01  1.0853464000000001E+01
  1.6388888999999999E+01  1.0999737000000000E+01  1.0959258000000000E+01
  1.8444444000000001E+01  1.1170761000000001E+01  1.1105972000000000E+01
  2.0500000000000000E+01  1.1380236000000000E+01  1.1287853999999999E+01
  2.2555555999999999E+01  1.1618000000000000E+01  1.1496727000000000E+01
  2.4611111000000001E+01  1.1873804000000000E+01  1.1724012000000000E+01
  2.6666667000000000E+01  1.2138654000000001E+01  1.1961935000000000E+01
  2.8722221999999999E+01  1.2405300000000000E+01  1.2204037000000000E+01
  3.0777778000000001E+01  1.2668278000000001E+01  1.2445283000000000E+01
  3.2833333000000003E+01  1.2923714000000000E+01  1.2681959000000001E+01
  3.4888888999999999E+01  1.3169044000000000E+01  1.2911467999999999E+01
  3.6944443999999997E+01  1.3402742000000000E+01  1.3132125000000000E+01
  3.9000000000000000E+01  1.3624063000000000E+01  1.3342952000000000E+01
  4.1055556000000003E+01  1.3832841000000000E+01  1.3543507999999999E+01
  4.3111111000000001E+01  1.4029318000000000E+01  1.3733746999999999E+01
  4.5166666999999997E+01  1.4214022999999999E+01  1.3913911000000001E+01
  4.7222222000000002E+01  1.4387669000000001E+01  1.4084436000000000E+01
  4.9277777999999998E+01  1.4551081999999999E+01  1.4245892000000000E+01
  5.1333333000000003E+01  1.4705152999999999E+01  1.4398933000000000E+01
  5.3388888999999999E+01  1.4850792999999999E+01  1.4544256000000001E+01
  5.5444443999999997E+01  1.4988916000000000E+01  1.4682582999999999E+01
  5.7500000000000000E+01  1.5120416000000001E+01  1.4814635000000001E+01
  5.9555556000000003E+01  1.5246157999999999E+01  1.4941125000000000E+01
  6.1611111000000001E+01  1.5366974000000001E+01  1.5062747999999999E+01
  6.3666666999999997E+01  1.5483660000000000E+01  1.5180178000000000E+01
  6.5722222000000002E+01  1.5596973999999999E+01  1.5294064000000001E+01
  6.7777777999999998E+01  1.5707640000000000E+01  1.5405034000000001E+01
  6.9833332999999996E+01  1.5816350000000000E+01  1.5513688999999999E+01
  7.1888889000000006E+01  1.5923767000000000E+01  1.5620609999999999E+01
  7.3944444000000004E+01  1.6030528000000000E+01  1.5726360000000000E+01
  7.6000000000000000E+01  1.6137250000000002E+01  1.5831483000000000E+01
  7.8055555999999996E+01  1.6244532000000000E+01  1.5936510000000000E+01
  8.0111110999999994E+01  1.6352958000000001E+01  1.6041960000000000E+01
  8.2166667000000004E+01  1.6463101999999999E+01  1.6148343000000001E+01
  8.4222222000000002E+01  1.6575533000000000E+01  1.6256163999999998E+01
  8.6277777999999998E+01  1.6690815000000001E+01  1.6365921000000000E+01
  8.8333332999999996E+01  1.6809512000000002E+01  1.6478116000000000E+01
  9.0388889000000006E+01  1.6932189000000001E+01  1.6593247000000002E+01
  9.2444444000000004E+01  1.7059418999999998E+01  1.6711818999999998E+01
  9.4500000000000000E+01  1.7191779000000000E+01  1.6834339000000000E+01
  9.6555555999999996E+01  1.7329857000000001E+01  1.6961321999999999E+01
  9.8611110999999994E+01  1.7474253000000001E+01  1.7093292999999999E+01
  1.0066667000000000E+02  1.7625578000000001E+01  1.7230785000000001E+01
  1.0272221999999999E+02  1.7784458999999998E+01  1.7374341999999999E+01
  1.0477778000000001E+02  1.7951536999999998E+01  1.7524519999999999E+01
  1.0683333000000000E+02  1.8127471000000000E+01  1.7681889999999999E+01
  1.0888889000000000E+02  1.8312933999999998E+01  1.7847033000000000E+01
  1.1094444000000000E+02  1.8508617999999998E+01  1.8020547000000001E+01
  1.1300000000000000E+02  1.8715233000000001E+01  1.8203042000000000E+01
  1.1505556000000000E+02  1.8933506000000001E+01  1.8395142000000000E+01
  1.1711111000000000E+02  1.9164178000000000E+01  1.8597487000000001E+01
  1.1916667000000000E+02  1.9408010000000001E+01  1.8810728000000001E+01
  1.2122221999999999E+02  1.9665778000000000E+01  1.9035530999999999E+01
  1.2327778000000001E+02  1.9938268999999998E+01  1.9272573999999999E+01
  1.2533333000000000E+02  2.0226289999999999E+01  1.9522544000000000E+01
  1.2738889000000000E+02  2.0530653000000001E+01  1.9786142000000002E+01
  1.2944443999999999E+02  2.0852186000000000E+01  2.0064077000000001E+01
  1.3150000000000000E+02  2.1191725000000002E+01  2.0357067000000001E+01
  1.3355556000000001E+02  2.1550113000000000E+01  2.0665835000000001E+01
  1.3561111000000000E+02  2.1928198999999999E+01  2.0991112999999999E+01
  1.3766667000000001E+02  2.2326837000000001E+01  2.1333635000000001E+01
  1.3972221999999999E+02  2.2746880999999998E+01  2.1694136000000000E+01
  1.4177778000000001E+02  2.3189191999999998E+01  2.2073359000000000E+01
  1.4383332999999999E+02  2.3654605000000000E+01  2.2472028999999999E+01
  1.4588889000000000E+02  2.4144041000000001E+01  2.2890931999999999E+01
  1.4794443999999999E+02  2.4658082000000000E+01  2.3330606000000000E+01
  1.5000000000000000E+02  2.5198551999999999E+01  2.3792515999999999E+01
  1.6000000000000000E+02  2.8257490000000001E+01  2.6399581000000001E+01
  1.7000000000000000E+02  3.1993531999999998E+01  2.9585467000000001E+01
  1.8000000000000000E+02  3.6523645000000002E+01  3.3449102000000003E+01
  1.9000000000000000E+02  4.1912770000000002E+01  3.8049742999999999E+01
  2.0000000000000000E+02  4.6380246999999997E+01  4.2061456000000000E+01
  2.1000000000000000E+02  4.8732188000000001E+01  4.4459944000000000E+01
  2.2000000000000000E+02  5.0069009000000001E+01  4.6048668999999997E+01
  2.3000000000000000E+02  5.0732557999999997E+01  4.7056677999999998E+01
  2.4000000000000000E+02  5.1366335999999997E+01  4.7980589999999999E+01
  2.5000000000000000E+02  5.1977955000000001E+01  4.8837161999999999E+01
  2.6000000000000000E+02  5.2573129999999999E+01  4.9639476000000002E+01
  2.7000000000000000E+02  5.3156005000000000E+01  5.0397697000000001E+01
  2.8000000000000000E+02  5.3729463000000003E+01  5.1119683000000002E+01
  2.9000000000000000E+02  5.4295397000000001E+01  5.1811478999999999E+01
  3.0000000000000000E+02  5.4836284999999997E+01  5.2463712999999998E+01
  3.0200000000000000E+02  5.4948155000000000E+01  5.2594718999999998E+01
  3.0204712999999998E+02  5.4950803000000001E+01  5.2597807000000003E+01
  3.0209647999999999E+02  5.4953552000000002E+01  5.2601021000000003E+01
  3.0214814999999999E+02  5.4956420999999999E+01  5.2604379999999999E+01
  3.0220226000000002E+02  5.4959451000000001E+01  5.2607916000000003E+01
  3.0225893000000002E+02  5.4962618999999997E+01  5.2611615000000000E+01
  3.0231826000000001E+02  5.4965933000000000E+01  5.2615484000000002E+01
  3.0238038000000000E+02  5.4969389999999997E+01  5.2619526000000000E+01
  3.0244544000000002E+02  5.4973022000000000E+01  5.2623766000000003E+01
  3.0251355999999998E+02  5.4976832000000002E+01  5.2628210000000003E+01
  3.0258488999999997E+02  5.4980806999999999E+01  5.2632852000000000E+01
  3.0265958999999998E+02  5.4984971000000002E+01  5.2637714000000003E+01
  3.0273779999999999E+02  5.4989350000000002E+01  5.2642817000000001E+01
  3.0281970000000001E+02  5.4993909000000002E+01  5.2648139999999998E+01
  3.0290546000000001E+02  5.4998686999999997E+01  5.2653716000000003E+01
  3.0299525999999997E+02  5.5003703999999999E+01  5.2659564000000003E+01
  3.0308929999999998E+02  5.5008946000000002E+01  5.2665677000000002E+01
  3.0318776000000003E+02  5.5014439000000003E+01  5.2672080000000001E+01
  3.0329086999999998E+02  5.5020186000000002E+01  5.2678778999999999E+01
  3.0339882999999998E+02  5.5026206999999999E+01  5.2685794000000001E+01
  3.0351188999999999E+02  5.5032511000000000E+01  5.2693137999999998E+01
  3.0363027000000000E+02  5.5039107999999999E+01  5.2700820999999998E+01
  3.0375423000000001E+02  5.5046016999999999E+01  5.2708866000000000E+01
  3.0388403000000000E+02  5.5053251000000003E+01  5.2717286000000001E+01
  3.0401994999999999E+02  5.5060822000000002E+01  5.2726097000000003E+01
  3.0416228000000001E+02  5.5068753999999998E+01  5.2735323999999999E+01
  3.0431130999999999E+02  5.5077052999999999E+01  5.2744976000000001E+01
  3.0446737000000002E+02  5.5085743000000001E+01  5.2755079000000002E+01
  3.0463078000000002E+02  5.5094844999999999E+01  5.2765656999999997E+01
  3.0480189000000001E+02  5.5104368000000001E+01  5.2776721000000002E+01
  3.0498106999999999E+02  5.5114342999999998E+01  5.2788303999999997E+01
  3.0516869000000003E+02  5.5124782000000003E+01  5.2800424000000000E+01
  3.0536516000000000E+02  5.5135713000000003E+01  5.2813108000000000E+01
  3.0557087999999999E+02  5.5147160000000000E+01  5.2826383999999997E+01
  3.0578629999999998E+02  5.5159137000000001E+01  5.2840271000000001E+01
  3.0601186999999999E+02  5.5171678000000000E+01  5.2854804999999999E+01
  3.0624806999999998E+02  5.5184807999999997E+01  5.2870013000000000E+01
  3.0649540999999999E+02  5.5198551999999999E+01  5.2885925000000000E+01
  3.0675439999999998E+02  5.5212938999999999E+01  5.2902571999999999E+01
  3.0702560000000000E+02  5.5228001999999996E+01  5.2919991000000003E+01
  3.0730957000000001E+02  5.5243769000000000E+01  5.2938214000000002E+01
  3.0760692999999998E+02  5.5260274000000003E+01  5.2957278000000002E+01
  3.0791831000000002E+02  5.5277549000000000E+01  5.2977221000000000E+01
  3.0824435999999997E+02  5.5295634999999997E+01  5.2998085000000003E+01
  3.0858578000000000E+02  5.5314565999999999E+01  5.3019908000000001E+01
  3.0894328000000002E+02  5.5334380000000003E+01  5.3042734000000003E+01
  3.0931763999999998E+02  5.5355120999999997E+01  5.3066609999999997E+01
  3.0970963999999998E+02  5.5376829000000001E+01  5.3091580000000000E+01
  3.1012011000000001E+02  5.5399552000000000E+01  5.3117696000000002E+01
  3.1054993000000002E+02  5.5423333000000000E+01  5.3145004999999998E+01
  3.1100000000000000E+02  5.5448224000000003E+01  5.3173563999999999E+01
  3.1147129000000001E+02  5.5474276000000003E+01  5.3203428000000002E+01
  3.1196478000000002E+02  5.5501541000000003E+01  5.3234651999999997E+01
  3.1248154000000000E+02  5.5530073999999999E+01  5.3267296999999999E+01
  3.1302264000000002E+02  5.5559936000000000E+01  5.3301426999999997E+01
  3.1358924999999999E+02  5.5591186000000000E+01  5.3337107000000003E+01
  3.1418257000000000E+02  5.5623887000000003E+01  5.3374400999999999E+01
  3.1480383999999998E+02  5.5658109000000003E+01  5.3413384999999998E+01
  3.1545440000000002E+02  5.5693919000000001E+01  5.3454129000000002E+01
  3.1613560999999999E+02  5.5731388000000003E+01  5.3496709000000003E+01
  3.1684893000000000E+02  5.5770592999999998E+01  5.3541204999999998E+01
  3.1759586999999999E+02  5.5811613999999999E+01  5.3587699000000001E+01
  3.1837801000000002E+02  5.5854533000000004E+01  5.3636277000000000E+01
  3.1919700999999998E+02  5.5899433000000002E+01  5.3687027000000000E+01
  3.2005461000000003E+02  5.5946407000000001E+01  5.3740042000000003E+01
  3.2095262000000002E+02  5.5995547999999999E+01  5.3795417000000000E+01
  3.2189296000000002E+02  5.6046953000000002E+01  5.3853251999999998E+01
  3.2287761999999998E+02  5.6100724000000000E+01  5.3913649999999997E+01
  3.2390868000000000E+02  5.6156964000000002E+01  5.3976717000000001E+01
  3.2498833000000002E+02  5.6215786999999999E+01  5.4042563999999999E+01
  3.2611885999999998E+02  5.6277306000000003E+01  5.4111305999999999E+01
  3.2730268000000001E+02  5.6341639999999998E+01  5.4183062000000000E+01
  3.2854228999999998E+02  5.6408915000000000E+01  5.4257953999999998E+01
  3.2984032000000002E+02  5.6479258000000002E+01  5.4336109000000000E+01
  3.3119952000000001E+02  5.6552804999999999E+01  5.4417659999999998E+01
  3.3262277999999998E+02  5.6629693000000003E+01  5.4502740000000003E+01
  3.3411311000000001E+02  5.6710070000000002E+01  5.4591492000000002E+01
  3.3567369000000002E+02  5.6794083999999998E+01  5.4684060000000002E+01
  3.3730781000000002E+02  5.6881891000000003E+01  5.4780593000000003E+01
  3.3901893999999999E+02  5.6973652999999999E+01  5.4881245000000000E+01
  3.4081072000000000E+02  5.7069535999999999E+01  5.4986173999999998E+01
  3.4268693999999999E+02  5.7169713000000002E+01  5.5095543999999997E+01
  3.4465158000000002E+02  5.7274360999999999E+01  5.5209522000000000E+01
  3.4670882000000000E+02  5.7383665999999998E+01  5.5328282000000002E+01
  3.4886300999999997E+02  5.7497816000000000E+01  5.5451998000000003E+01
  3.5111872000000000E+02  5.7617006000000003E+01  5.5580852999999998E+01
  3.5348075000000000E+02  5.7741435000000003E+01  5.5715031000000003E+01
  3.5595409000000001E+02  5.7871310000000001E+01  5.5854723000000000E+01
  3.5854399000000001E+02  5.8006841000000001E+01  5.6000121000000000E+01
  3.6125596000000002E+02  5.8148240000000001E+01  5.6151421999999997E+01
  3.6409573000000000E+02  5.8295726999999999E+01  5.6308826000000003E+01
  3.6706934000000001E+02  5.8449525000000001E+01  5.6472537000000003E+01
  3.7018310000000002E+02  5.8609859000000000E+01  5.6642760000000003E+01
  3.7344360000000000E+02  5.8776954000000003E+01  5.6819701000000002E+01
  3.7685775999999998E+02  5.8951042000000001E+01  5.7003570000000003E+01
  3.8043281999999999E+02  5.9132345000000001E+01  5.7194572000000001E+01
  3.8417637999999999E+02  5.9321120000000001E+01  5.7392935999999999E+01
  3.8809636000000000E+02  5.9517482000000001E+01  5.7598785999999997E+01
  3.9220107999999999E+02  5.9722098000000003E+01  5.7812660000000001E+01
  3.9649925999999999E+02  5.9933450000000001E+01  5.8033456000000001E+01
  4.0100000000000000E+02  6.0155006999999998E+01  5.8263806000000002E+01
  4.0571285000000000E+02  6.0385393000000001E+01  5.8502741999999998E+01
  4.1064782000000002E+02  6.0622266000000003E+01  5.8748514999999998E+01
  4.1581536000000000E+02  6.0869594999999997E+01  5.9004151999999998E+01
  4.2122644000000003E+02  6.1125596000000002E+01  5.9268348000000003E+01
  4.2689254000000000E+02  6.1390967000000003E+01  5.9541663999999997E+01
  4.3282567000000000E+02  6.1665697000000002E+01  5.9824125000000002E+01
  4.3903843000000001E+02  6.1949942999999998E+01  6.0115884999999999E+01
  4.4554397999999998E+02  6.2243789000000000E+01  6.0417039000000003E+01
  4.5235611999999998E+02  6.2547307000000004E+01  6.0727670000000003E+01
  4.5948932000000002E+02  6.2860534999999999E+01  6.1047835999999997E+01
  4.6695868999999999E+02  6.3183484000000000E+01  6.1377572999999998E+01
  4.7478008000000000E+02  6.3516131000000001E+01  6.1716884000000000E+01
  4.8297009000000003E+02  6.3858414000000003E+01  6.2065744000000002E+01
  4.9154606999999999E+02  6.4210238000000004E+01  6.2424097000000003E+01
  5.0052623000000000E+02  6.4571462999999994E+01  6.2791848000000002E+01
  5.0992961000000003E+02  6.4941908999999995E+01  6.3168869000000001E+01
  5.1977616000000000E+02  6.5321351000000007E+01  6.3554989999999997E+01
  5.3008677000000000E+02  6.5709518000000003E+01  6.3950001000000000E+01
  5.4088328999999999E+02  6.6106093999999999E+01  6.4353650000000002E+01
  5.5218863999999996E+02  6.6510713999999993E+01  6.4765641000000002E+01
  5.6402679999999998E+02  6.6922961000000001E+01  6.5185630000000003E+01
  5.7642286999999999E+02  6.7342372999999995E+01  6.5613231999999996E+01
  5.8940314999999998E+02  6.7768439999999998E+01  6.6048011000000002E+01
  6.0299517000000003E+02  6.8200601000000006E+01  6.6489486999999997E+01
  6.1722776999999996E+02  6.8638249999999999E+01  6.6937132000000005E+01
  6.3213112000000001E+02  6.9080736999999999E+01  6.7390375000000006E+01
  6.4773685000000000E+02  6.9527364000000006E+01  6.7848596999999998E+01
  6.6407804999999996E+02  6.9977396999999996E+01  6.8311138999999997E+01
  6.8118939999999998E+02  7.0430064000000002E+01  6.8777300999999994E+01
  6.9910717000000000E+02  7.0884559999999993E+01  6.9246347000000000E+01
  7.1786937999999998E+02  7.1340044000000006E+01  6.9717500999999999E+01
  7.3751583000000005E+02  7.1795658000000003E+01  7.0189959999999999E+01
  7.5808819000000005E+02  7.2250528000000003E+01  7.0662902000000003E+01
  7.7963009000000000E+02  7.2703750999999997E+01  7.1135468000000003E+01
  8.0218723000000000E+02  7.3154426999999998E+01  7.1606791999999999E+01
  8.2580745999999999E+02  7.3601660999999993E+01  7.2076003000000000E+01
  8.5054087000000004E+02  7.4044551999999996E+01  7.2542215999999996E+01
  8.7643993999999998E+02  7.4482219999999998E+01  7.3004555999999994E+01
  9.0355958999999996E+02  7.4913799999999995E+01  7.3462148999999997E+01
  9.3195734000000004E+02  7.5338476000000000E+01  7.3914158000000000E+01
  9.6169344999999998E+02  7.5755369000000002E+01  7.4359694000000005E+01
  9.9283096999999998E+02  7.6163872999999995E+01  7.4798068000000001E+01
  1.0254359999999999E+03  7.6563216999999995E+01  7.5228475000000003E+01
  1.0595776000000001E+03  7.6952606000000003E+01  7.5650086999999999E+01
  1.0953281999999999E+03  7.7331639999999993E+01  7.6062380000000005E+01
  1.1327637999999999E+03  7.7699690000000004E+01  7.6464661000000007E+01
  1.1719636000000000E+03  7.8056318000000005E+01  7.6856392000000000E+01
  1.2130108000000000E+03  7.8401126000000005E+01  7.7237071000000000E+01
  1.2559926000000000E+03  7.8733795000000001E+01  7.7606264999999993E+01
  1.3010000000000000E+03  7.9054074999999997E+01  7.7963610000000003E+01
  1.3481285000000000E+03  7.9361790999999997E+01  7.8308806000000004E+01
  1.3974782000000000E+03  7.9656841000000000E+01  7.8641626000000002E+01
  1.4491536000000001E+03  7.9939187000000004E+01  7.8961905000000002E+01
  1.5032644000000000E+03  8.0208855000000000E+01  7.9269543999999996E+01
  1.5599254000000001E+03  8.0465943999999993E+01  7.9564515000000000E+01
  1.6192566999999999E+03  8.0710599999999999E+01  7.9846840999999998E+01
  1.6813842999999999E+03  8.0943026000000003E+01  8.0116607000000002E+01
  1.7464398000000001E+03  8.1163472999999996E+01  8.0373951000000005E+01
  1.8145612000000001E+03  8.1372230000000002E+01  8.0619056000000000E+01
  1.8858932000000000E+03  8.1569627999999994E+01  8.0852152000000004E+01
  1.9605869000000000E+03  8.1756023999999996E+01  8.1073508000000004E+01
  2.0388008000000000E+03  8.1931802000000005E+01  8.1283422999999999E+01
  2.1207008999999998E+03  8.2097365999999994E+01  8.1482230000000001E+01
  2.2064607000000001E+03  8.2253134000000003E+01  8.1670282000000000E+01
  2.2962622999999999E+03  8.2399535000000000E+01  8.1847954999999999E+01
  2.3902961000000000E+03  8.2537003999999996E+01  8.2015636999999998E+01
  2.4887615999999998E+03  8.2665969000000004E+01  8.2173725000000005E+01
  2.5918676999999998E+03  8.2786878999999999E+01  8.2322633999999994E+01
  2.6998328999999999E+03  8.2900155999999996E+01  8.2462773999999996E+01
  2.8128863999999999E+03  8.3006207000000003E+01  8.2594543000000002E+01
  2.9312680000000000E+03  8.3105461000000005E+01  8.2718361999999999E+01
  3.0552287000000001E+03  8.3198310000000006E+01  8.2834631000000002E+01
  3.1850315000000001E+03  8.3285143000000005E+01  8.2943747999999999E+01
  3.3209517000000001E+03  8.3366326000000001E+01  8.3046096000000006E+01
  3.4632777000000001E+03  8.3442217999999997E+01  8.3142054000000002E+01
  3.6123112000000001E+03  8.3513158000000004E+01  8.3231987000000004E+01
  3.7683685000000000E+03  8.3579469000000003E+01  8.3316246000000007E+01
  3.9317804999999998E+03  8.3641458000000000E+01  8.3395169999999993E+01
  4.1028940000000002E+03  8.3699416999999997E+01  8.3469083999999995E+01
  4.2820717000000004E+03  8.3753620999999995E+01  8.3538301000000004E+01
  4.4696938000000000E+03  8.3804332000000002E+01  8.3603117999999995E+01
  4.6661583000000001E+03  8.3851793000000001E+01  8.3663815999999997E+01
  4.8718819000000003E+03  8.3896252000000004E+01  8.3720679000000004E+01
  5.0873009000000002E+03  8.3937933999999998E+01  8.3773967999999996E+01
  5.3128723000000000E+03  8.3977052999999998E+01  8.3823933999999994E+01
  5.5490745999999999E+03  8.4013850000000005E+01  8.3870845000000003E+01
  5.7964087000000000E+03  8.4048552000000001E+01  8.3914957000000001E+01
  6.0553994000000002E+03  8.4081413999999995E+01  8.3956541999999999E+01
  6.3265959000000003E+03  8.4112707000000000E+01  8.3995887999999994E+01
  6.6105734000000002E+03  8.4142750000000007E+01  8.4033315000000002E+01
  6.9079345000000003E+03  8.4171906000000007E+01  8.4069176999999996E+01
  7.2193096999999998E+03  8.4200603999999998E+01  8.4103882999999996E+01
  7.5453595999999998E+03  8.4229348999999999E+01  8.4137900999999999E+01
  7.8867758000000003E+03  8.4258735999999999E+01  8.4171774999999997E+01
  8.2442823000000008E+03  8.4289454000000006E+01  8.4206128000000007E+01
  8.6186376999999993E+03  8.4322299999999998E+01  8.4241671999999994E+01
  9.0106358999999993E+03  8.4358170000000001E+01  8.4279210000000006E+01
  9.4211083999999992E+03  8.4398061999999996E+01  8.4319632999999996E+01
  9.8509259000000002E+03  8.4443062999999995E+01  8.4363913999999994E+01
  1.0301000000000000E+04  8.4494331000000003E+01  8.4413096999999993E+01
  1.0772285000000000E+04  8.4553076000000004E+01  8.4468279999999993E+01
  1.1265781999999999E+04  8.4620534000000006E+01  8.4530595000000005E+01
  1.1782536000000000E+04  8.4697940000000003E+01  8.4601190000000003E+01
  1.2323644000000000E+04  8.4786501999999999E+01  8.4681201000000001E+01
  1.2890254000000001E+04  8.4887378999999996E+01  8.4771735000000007E+01
  1.3483566999999999E+04  8.5001655000000000E+01  8.4873855000000006E+01
  1.4104843000000001E+04  8.5130328000000006E+01  8.4988553999999993E+01
  1.4755397999999999E+04  8.5274326000000002E+01  8.5116777999999996E+01
  1.5436611999999999E+04  8.5434376999999998E+01  8.5259315000000001E+01
  1.6149932000000001E+04  8.5611363999999995E+01  8.5417063999999996E+01
  1.6896868999999999E+04  8.5805879000000004E+01  8.5590703000000005E+01
  1.7679008000000002E+04  8.6018343000000002E+01  8.5780764000000005E+01
  1.8498008999999998E+04  8.6249492000000004E+01  8.5988010000000003E+01
  1.9355607000000000E+04  8.6499696999999998E+01  8.6212918999999999E+01
  2.0253623000000000E+04  8.6769420999999994E+01  8.6456025999999994E+01
  2.1193960999999999E+04  8.7059039999999996E+01  8.6717791000000005E+01
  2.2178616000000002E+04  8.7368885000000006E+01  8.6998628999999994E+01
  2.3209677000000000E+04  8.7699202000000000E+01  8.7298878999999999E+01
  2.4289329000000002E+04  8.8050140999999996E+01  8.7618793999999994E+01
  2.5419864000000001E+04  8.8421716000000004E+01  8.7958511999999999E+01
  2.6603680000000000E+04  8.8813783000000001E+01  8.8318031000000005E+01
  2.7843287000000000E+04  8.9225999999999999E+01  8.8697181000000000E+01
  2.9141314999999999E+04  8.9657809000000000E+01  8.9095605000000006E+01
  3.0500517000000000E+04  9.0108407999999997E+01  8.9512730000000005E+01
  3.1923776999999998E+04  9.0576740000000001E+01  8.9947762999999995E+01
  3.3414112000000001E+04  9.1061492000000001E+01  9.0399676999999997E+01
  3.4974684999999998E+04  9.1561098000000001E+01  9.0867215999999999E+01
  3.6608805000000000E+04  9.2073757000000001E+01  9.1348903000000007E+01
  3.8319940000000002E+04  9.2597464000000002E+01  9.1843063999999998E+01
  4.0111716999999997E+04  9.3130037999999999E+01  9.2347845000000007E+01
  4.1987938000000002E+04  9.3669168999999997E+01  9.2861254000000002E+01
  4.3952582999999999E+04  9.4212462000000002E+01  9.3381190000000004E+01
  4.6009819000000003E+04  9.4757484000000005E+01  9.3905485999999996E+01
  4.8164008999999998E+04  9.5301815000000005E+01  9.4431950000000001E+01
  5.0419722999999998E+04  9.5843091000000001E+01  9.4958402000000007E+01
  5.2781745999999999E+04  9.6379047999999997E+01  9.5482718000000006E+01
  5.5255087000000000E+04  9.6907559000000006E+01  9.6002855999999994E+01
  5.7844993999999999E+04  9.7426665000000000E+01  9.6516896000000003E+01
  6.0556959000000003E+04  9.7934601000000001E+01  9.7023056999999994E+01
  6.3396733999999997E+04  9.8429812999999996E+01  9.7519724999999994E+01
  6.6370345000000001E+04  9.8910964000000007E+01  9.8005458000000004E+01
  6.9484096999999994E+04  9.9376953999999998E+01  9.8479009000000005E+01
  7.2744596000000005E+04  9.9826899999999995E+01  9.8939318000000000E+01
  7.6158758000000002E+04  1.0026013000000000E+02  9.9385508000000002E+01
  7.9733823000000004E+04  1.0067621000000000E+02  9.9816907000000000E+01
  8.3477376999999993E+04  1.0107487999999999E+02  1.0023300999999999E+02
  8.7397358999999997E+04  1.0145607000000000E+02  1.0063348999999999E+02
  9.1502084000000003E+04  1.0181986999999999E+02  1.0101818000000000E+02
  9.5800259000000005E+04  1.0216652000000001E+02  1.0138705000000000E+02
  1.0030100000000000E+05  1.0249639000000001E+02  1.0174021999999999E+02
  1.0501385000000001E+05  1.0280998000000000E+02  1.0207792000000001E+02
  1.0994882000000001E+05  1.0310787999999999E+02  1.0240051000000000E+02
  1.1511636000000000E+05  1.0339078000000001E+02  1.0270843000000001E+02
  1.2052744000000000E+05  1.0365943000000000E+02  1.0300221000000001E+02
  1.2619353999999999E+05  1.0391476000000000E+02  1.0328256000000000E+02
  1.3212667000000001E+05  1.0415737000000000E+02  1.0354994000000001E+02
  1.3833942999999999E+05  1.0438970000000000E+02  1.0380625000000001E+02
  1.4484498000000001E+05  1.0460742999999999E+02  1.0404833000000001E+02
  1.5000000000000000E+05  1.0478264000000000E+02  1.0423757000000001E+02
  2.0000000000000000E+05  1.0572519000000000E+02  1.0535223999999999E+02
  2.5000000000000000E+05  1.0553307000000000E+02  1.0535981000000000E+02
  3.0000000000000000E+05  1.0546785000000000E+02  1.0536715000000000E+02
  3.1595869000000000E+05  1.0534259000000000E+02  1.0528336000000000E+02
  3.2378008000000002E+05  1.0533980000000000E+02  1.0528543999999999E+02
  3.3197009000000003E+05  1.0533669000000000E+02  1.0528700000000001E+02
  3.4054607000000001E+05  1.0533416000000000E+02  1.0528874000000000E+02
  3.4952622999999998E+05  1.0533194000000000E+02  1.0529046000000000E+02
  3.5892960999999999E+05  1.0533008000000000E+02  1.0529223000000000E+02
  3.6877615999999997E+05  1.0532855000000001E+02  1.0529401000000000E+02
  3.7908677000000002E+05  1.0532733000000000E+02  1.0529583000000000E+02
  3.8988328999999998E+05  1.0532641000000000E+02  1.0529767000000000E+02
  4.0118864000000001E+05  1.0532576000000000E+02  1.0529953999999999E+02
  4.1302679999999999E+05  1.0532537000000001E+02  1.0530143000000000E+02
  4.2542287000000000E+05  1.0532522000000000E+02  1.0530334999999999E+02
  4.3840315000000002E+05  1.0532529000000000E+02  1.0530529000000000E+02
  4.5199516999999998E+05  1.0532557000000000E+02  1.0530726000000000E+02
  4.6622777000000002E+05  1.0532606000000000E+02  1.0530925000000001E+02
  4.8113112000000000E+05  1.0532670000000000E+02  1.0531125000000000E+02
  4.9673684999999998E+05  1.0532751000000000E+02  1.0531328000000001E+02
  5.1307804999999999E+05  1.0532847000000000E+02  1.0531533000000000E+02
  5.3018940000000002E+05  1.0532957000000000E+02  1.0531740000000001E+02
  5.4810717000000004E+05  1.0533080000000000E+02  1.0531949000000000E+02
  5.6686938000000000E+05  1.0533213000000001E+02  1.0532159000000000E+02
  5.8651582999999996E+05  1.0533356999999999E+02  1.0532371999999999E+02
  6.0708818999999994E+05  1.0533511000000000E+02  1.0532585000000000E+02
  6.2863008999999997E+05  1.0533673000000000E+02  1.0532801000000001E+02
  6.5118722999999998E+05  1.0533843000000000E+02  1.0533018000000000E+02
  6.7480745999999996E+05  1.0534020000000000E+02  1.0533235999999999E+02
  6.9954087000000000E+05  1.0534202999999999E+02  1.0533456000000000E+02
  7.2543993999999994E+05  1.0534390999999999E+02  1.0533677000000000E+02
  7.5255958999999997E+05  1.0534585000000000E+02  1.0533900000000000E+02
  7.8095733999999997E+05  1.0534784000000001E+02  1.0534123000000000E+02
  8.1069344999999995E+05  1.0534986000000001E+02  1.0534348000000000E+02
  8.4183096999999997E+05  1.0535192000000001E+02  1.0534573000000000E+02
  8.7443595999999996E+05  1.0535401000000000E+02  1.0534800000000000E+02
  9.0857757999999996E+05  1.0535612999999999E+02  1.0535026999999999E+02
  9.4432822999999998E+05  1.0535827999999999E+02  1.0535254999999999E+02
  9.8176377000000002E+05  1.0536045000000000E+02  1.0535484000000000E+02
  1.0209636000000000E+06  1.0536265000000000E+02  1.0535714000000000E+02
  1.0620108000000000E+06  1.0536485999999999E+02  1.0535944000000001E+02
  1.1049926000000001E+06  1.0536709000000000E+02  1.0536176000000000E+02
