 #p(MeV) \t \delta f_\\nu \t \delta f_\\nubar
  9.3234640100871360E+00  3.2842440896066031E-13  3.1105319455986551E-13
  9.4163508941599154E+00  3.2369958638711930E-13  3.0643400302242953E-13
  9.5101631824840940E+00  3.1904992922707564E-13  3.0188878975744268E-13
  9.6049100945855308E+00  3.1447414597752544E-13  2.9741627938738826E-13
  9.7006009418414383E+00  3.0997147106369585E-13  2.9301569424511610E-13
  9.7972451283955202E+00  3.0554117868107686E-13  2.8868629430311492E-13
  9.8948521520821355E+00  3.0118253581696734E-13  2.8442733277234555E-13
  9.9934316053597279E+00  2.9689480298695692E-13  2.8023805682439087E-13
  1.0092993176253552E+01  2.9267723495805160E-13  2.7611770829965852E-13
  1.0193546649307740E+01  2.8852908145776138E-13  2.7206552440099357E-13
  1.0295101906546929E+01  2.8444958786856231E-13  2.6808073837212334E-13
  1.0397668928447402E+01  2.8043799590724424E-13  2.6416258016048003E-13
  1.0501257794917940E+01  2.7649354428866340E-13  2.6031027706395885E-13
  1.0605878686290460E+01  2.7261546937351093E-13  2.5652305436121289E-13
  1.0711541884320456E+01  2.6880300579985243E-13  2.5280013592528744E-13
  1.0818257773197502E+01  2.6505527586147779E-13  2.4914064034953977E-13
  1.0926036840565732E+01  2.6137097369049775E-13  2.4554328481229815E-13
  1.1034889678554542E+01  2.5774871755422849E-13  2.4200671672311328E-13
  1.1144826984819558E+01  2.5418716064164457E-13  2.3852961783963142E-13
  1.1255859563593935E+01  2.5068499006945760E-13  2.3511070329000042E-13
  1.1367998326750191E+01  2.4724092592328169E-13  2.3174872062966739E-13
  1.1481254294872553E+01  2.4385372033253762E-13  2.2844244893120625E-13
  1.1595638598340026E+01  2.4052215657765344E-13  2.2519069790579205E-13
  1.1711162478420279E+01  2.3724504822831544E-13  2.2199230705505814E-13
  1.1827837288374342E+01  2.3402123831145444E-13  2.1884614485208154E-13
  1.1945674494572412E+01  2.3084959850783594E-13  2.1575110795035212E-13
  1.2064685677620691E+01  2.2772902837603808E-13  2.1270612041955180E-13
  1.2184882533499492E+01  2.2465848305715193E-13  2.0971015956977015E-13
  1.2306276874712703E+01  2.2163724499669482E-13  2.0676250933770943E-13
  1.2428880631448632E+01  2.1866478651208022E-13  2.0386263123910325E-13
  1.2552705852752512E+01  2.1574058073750868E-13  2.0100998767168194E-13
  1.2677764707710587E+01  2.1286409932994872E-13  1.9820403978724480E-13
  1.2804069486646075E+01  2.1003481285986097E-13  1.9544424787070523E-13
  1.2931632602327026E+01  2.0725219119017916E-13  1.9273007170720178E-13
  1.3060466591186154E+01  2.0451570384355991E-13  1.9006097093729864E-13
  1.3190584114552944E+01  2.0182482035806486E-13  1.8743640540045179E-13
  1.3321997959897887E+01  1.9917901063131294E-13  1.8485583546676310E-13
  1.3454721042089226E+01  1.9657774525328572E-13  1.8231872235723526E-13
  1.3588766404662191E+01  1.9402049582787154E-13  1.7982452845259457E-13
  1.3724147221100841E+01  1.9150673024011291E-13  1.7737271291576093E-13
  1.3860876796132706E+01  1.8903568953476584E-13  1.7496252501153558E-13
  1.3998968567036364E+01  1.8660631350720035E-13  1.7259293595336206E-13
  1.4138436104961956E+01  1.8421754873411296E-13  1.7026292488082227E-13
  1.4279293116264963E+01  1.8186837195593098E-13  1.6797150050166631E-13
  1.4421553443853151E+01  1.7955778913109412E-13  1.6571770016552567E-13
  1.4565231068547073E+01  1.7728483452618568E-13  1.6350058897260974E-13
  1.4710340110453993E+01  1.7504856984041613E-13  1.6131925891591952E-13
  1.4856894830355577E+01  1.7284808336304228E-13  1.5917282805557727E-13
  1.5004909631109426E+01  1.7068248916237833E-13  1.5706043972395953E-13
  1.5154399059064474E+01  1.6855092630505635E-13  1.5498126176031697E-13
  1.5305377805490584E+01  1.6645255810436084E-13  1.5293448577372021E-13
  1.5457860708022366E+01  1.6438657141143480E-13  1.5091932644693732E-13
  1.5611862752117323E+01  1.6235226464223446E-13  1.4893510239256488E-13
  1.5767399072528617E+01  1.6034924856623845E-13  1.4698142018869191E-13
  1.5924484954792399E+01  1.5837719765914041E-13  1.4505794513107539E-13
  1.6083135836730076E+01  1.5643578607562912E-13  1.4316434230793523E-13
  1.6243367309965436E+01  1.5452468784363820E-13  1.4130027678717008E-13
  1.6405195121456948E+01  1.5264357705369745E-13  1.3946541379846819E-13
  1.6568635175045340E+01  1.5079212804340641E-13  1.3765941891033411E-13
  1.6733703533016538E+01  1.4897001557698932E-13  1.3588195820199182E-13
  1.6900416417680205E+01  1.4717691501994075E-13  1.3413269843018237E-13
  1.7068790212964057E+01  1.4541250250877285E-13  1.3241130719085884E-13
  1.7238841466023946E+01  1.4367645511586508E-13  1.3071745307579956E-13
  1.7410586888870132E+01  1.4196845100946137E-13  1.2905080582416650E-13
  1.7584043360009591E+01  1.4028814605748945E-13  1.2741101502621841E-13
  1.7759227926104856E+01  1.3863499233372065E-13  1.2579754511723085E-13
  1.7936157803649241E+01  1.3700834773020721E-13  1.2420977582409512E-13
  1.8114850380658822E+01  1.3540758633011281E-13  1.2264710279908771E-13
  1.8295323218381323E+01  1.3383209886110119E-13  1.2110893799967078E-13
  1.8477594053021885E+01  1.3228129220301027E-13  1.1959470920761178E-13
  1.8661680797486166E+01  1.3075458891318415E-13  1.1810385956528736E-13
  1.8847601543140776E+01  1.2925142676878104E-13  1.1663584712849213E-13
  1.9035374561591158E+01  1.2777125832539647E-13  1.1519014443512213E-13
  1.9225018306477342E+01  1.2631355049136712E-13  1.1376623808909480E-13
  1.9416551415287405E+01  1.2487778411714869E-13  1.1236362835890949E-13
  1.9609992711189197E+01  1.2346345359917807E-13  1.1098182879028591E-13
  1.9805361204880128E+01  1.2207006888826058E-13  1.0962036798867124E-13
  2.0002676096455488E+01  1.2069723063868167E-13  1.0827885729118117E-13
  2.0201956777295429E+01  1.1934464116684107E-13  1.0695700025778890E-13
  2.0403222831970574E+01  1.1801201258962068E-13  1.0565450964100242E-13
  2.0606494040166780E+01  1.1669906106334092E-13  1.0437110218089530E-13
  2.0811790378629023E+01  1.1540550673863561E-13  1.0310649855938860E-13
  2.1019132023124580E+01  1.1413107371644806E-13  1.0186042335555410E-13
  2.1228539350425908E+01  1.1287549000512232E-13  1.0063260500189842E-13
  2.1440032940313099E+01  1.1163848747850000E-13  9.9422775741558009E-14
  2.1653633577596498E+01  1.1041980183499394E-13  9.8230671586361170E-14
  2.1869362254159263E+01  1.0921917255757533E-13  9.7056032275702204E-14
  2.2087240171020404E+01  1.0803634287464370E-13  9.5898601236198971E-14
  2.2307288740418382E+01  1.0687105968313876E-13  9.4758125507663593E-14
  2.2529529587915356E+01  1.0572303950376842E-13  9.3634325437700671E-14
  2.2753984554522479E+01  1.0459190852274448E-13  9.2526841543979830E-14
  2.2980675698846426E+01  1.0347728546409591E-13  9.1435308562053006E-14
  2.3209625299257102E+01  1.0237879865792679E-13  9.0359370643543973E-14
  2.3440855856077217E+01  1.0129608577188948E-13  8.9298681094643000E-14
  2.3674390093793413E+01  1.0022879355203416E-13  8.8252902123678077E-14
  2.3910250963289645E+01  9.9176577572706395E-14  8.7221704597415549E-14
  2.4148461644102625E+01  9.8139101995127285E-14  8.6204767805753315E-14
  2.4389045546699858E+01  9.7116039334339289E-14  8.5201779234484393E-14
  2.4632026314780379E+01  9.6107070234212213E-14  8.4212434345831994E-14
  2.4877427827598282E+01  9.5111883250193301E-14  8.3236436366444979E-14
  2.5125274202309541E+01  9.4130174639521640E-14  8.2273496082582025E-14
  2.5375589796342162E+01  9.3161660851517838E-14  8.1323342767233702E-14
  2.5628399209789887E+01  9.2206156254955632E-14  8.0385792129981910E-14
  2.5883727287829892E+01  9.1263517830663678E-14  7.9460697443869896E-14
  2.6141599123164355E+01  9.0333603881639209E-14  7.8547913267854850E-14
  2.6402040058486609E+01  8.9416273865044909E-14  7.7647295299330888E-14
  2.6665075688971616E+01  8.8511388403426644E-14  7.6758700383800179E-14
  2.6930731864791415E+01  8.7618809295647021E-14  7.5881986524189826E-14
  2.7199034693655623E+01  8.6738399527542270E-14  7.5017012889817797E-14
  2.7470010543377114E+01  8.5870023282284453E-14  7.4163639824987583E-14
  2.7743686044463406E+01  8.5013545950439531E-14  7.3321728857210378E-14
  2.8020088092733829E+01  8.4168834139729258E-14  7.2491142705051690E-14
  2.8299243851962689E+01  8.3335755684480410E-14  7.1671745285594842E-14
  2.8581180756548857E+01  8.2514176969101750E-14  7.0863399407826687E-14
  2.8865926514211921E+01  8.1703903085312334E-14  7.0065915303188170E-14
  2.9153509108715216E+01  8.0904680086363815E-14  6.9279052944127881E-14
  2.9443956802615919E+01  8.0116257461337547E-14  6.8502576020042319E-14
  2.9737298140042586E+01  7.9338390850396264E-14  6.7736254261938767E-14
  3.0033561949500466E+01  7.8570841880675132E-14  6.6979863283196674E-14
  3.0332777346704518E+01  7.7813378007552424E-14  6.6233184425504624E-14
  3.0634973737440877E+01  7.7065772361091636E-14  6.5496004609769309E-14
  3.0940180820456764E+01  7.6327803597488676E-14  6.4768116191837728E-14
  3.1248428590379110E+01  7.5599255755346663E-14  6.4049316822847658E-14
  3.1559747340662337E+01  7.4879918116605034E-14  6.3339409314046130E-14
  3.1874167666565516E+01  7.4169585071962385E-14  6.2638201505912201E-14
  3.2191720468159154E+01  7.3468056074398341E-14  6.1945506212252536E-14
  3.2512436953361878E+01  7.2775157529706909E-14  6.1261159689091428E-14
  3.2836348641007476E+01  7.2090771013695438E-14  6.0585045260884227E-14
  3.3163487363942508E+01  7.1414787228930753E-14  5.9917054197439451E-14
  3.3493885272154621E+01  7.0747098436064821E-14  5.9257079297601456E-14
  3.3827574835932147E+01  7.0087598431392686E-14  5.8605014866793298E-14
  3.4164588849055271E+01  6.9436182524785386E-14  5.7960756694920347E-14
  3.4504960432018756E+01  6.8792747518001973E-14  5.7324202034642659E-14
  3.4848723035286923E+01  6.8157191683364306E-14  5.6695249579994775E-14
  3.5195910442581123E+01  6.7529414742789796E-14  5.6073799445348229E-14
  3.5546556774199821E+01  6.6909317847177724E-14  5.5459753144722565E-14
  3.5900696490371764E+01  6.6296803556141568E-14  5.4853013571419400E-14
  3.6258364394642662E+01  6.5691775818078506E-14  5.4253484977988124E-14
  3.6619595637295610E+01  6.5094136405975681E-14  5.3661070022978002E-14
  3.6984425718805390E+01  6.4503767722755384E-14  5.3075655588552580E-14
  3.7352890493327394E+01  6.3920546791228583E-14  5.2497124470738000E-14
  3.7725026172221334E+01  6.3344353066985654E-14  5.1925361861448454E-14
  3.8100869327609779E+01  6.2775068397335660E-14  5.1360255306547555E-14
  3.8480456895972424E+01  6.2212576969482711E-14  5.0801694655170641E-14
  3.8863826181776126E+01  6.1656765259976995E-14  5.0249572010281687E-14
  3.9251014861140973E+01  6.1107521985428675E-14  4.9703781680454371E-14
  3.9642060985542933E+01  6.0564738054426482E-14  4.9164220132820788E-14
  4.0037002985553464E+01  6.0028306520647667E-14  4.8630785947170718E-14
  4.0435879674616366E+01  5.9498122537112983E-14  4.8103379771165325E-14
  4.0838730252862113E+01  5.8974083311566235E-14  4.7581904276628082E-14
  4.1245594310960350E+01  5.8456089858234041E-14  4.7066265559528992E-14
  4.1656511834010807E+01  5.7944076061886215E-14  4.6556396427662680E-14
  4.2071523205472730E+01  5.7438002642229610E-14  4.6052251301084783E-14
  4.2490669211133699E+01  5.6937831011691361E-14  4.5553785106347556E-14
  4.2913991043117939E+01  5.6443522446032414E-14  4.5060952610623216E-14
  4.3341530303934498E+01  5.5955038103401110E-14  4.4573708439300767E-14
  4.3773329010565725E+01  5.5472339043085580E-14  4.4092007093217576E-14
  4.4209429598596621E+01  5.4995386243955225E-14  4.3615802965522051E-14
  4.4649874926385273E+01  5.4524140622607261E-14  4.3145050358169993E-14
  4.5094708279274734E+01  5.4058563051207276E-14  4.2679703498057226E-14
  4.5543973373846967E+01  5.3598614375031180E-14  4.2219716552783528E-14
  4.5997714362219249E+01  5.3144255429707541E-14  4.1765043646053293E-14
  4.6455975836383118E+01  5.2695446705207196E-14  4.1315638597060001E-14
  4.6918802832586799E+01  5.2252107004743317E-14  4.0871422699159958E-14
  4.7386240835761235E+01  5.1814076510650471E-14  4.0432256383650695E-14
  4.7858335783990171E+01  5.1381190397890666E-14  3.9997997085454362E-14
  4.8335134073024591E+01  5.0953288114713289E-14  3.9568506494273182E-14
  4.8816682560842594E+01  5.0530213272233039E-14  3.9143650448411293E-14
  4.9303028572254327E+01  5.0111813538681289E-14  3.8723298832765840E-14
  4.9794219903552779E+01  4.9697940538151157E-14  3.8307325480809332E-14
  5.0290304827211145E+01  4.9288449753657185E-14  3.7895608080386160E-14
  5.0791332096626896E+01  4.8883200434337860E-14  3.7488028083151759E-14
  5.1297350950912936E+01  4.8482055506633233E-14  3.7084470617484579E-14
  5.1808411119736753E+01  4.8084881489287815E-14  3.6684824404726334E-14
  5.2324562828207682E+01  4.7691548412012852E-14  3.6288981678579693E-14
  5.2845856801812822E+01  4.7301950608145595E-14  3.5896853879184509E-14
  5.3372344271401992E+01  4.6916084595021564E-14  3.5508430126143759E-14
  5.3904076978222790E+01  4.6533975909808064E-14  3.5123721178734928E-14
  5.4441107179005392E+01  4.6155648544702034E-14  3.4742736215178269E-14
  5.4983487651098059E+01  4.5781124982902318E-14  3.4365482869402211E-14
  5.5531271697654020E+01  4.5410426240838336E-14  3.3991967272357738E-14
  5.6084513152869960E+01  4.5043571910595090E-14  3.3622194093261985E-14
  5.6643266387276476E+01  4.4680580202485431E-14  3.3256166580723361E-14
  5.7207586313081514E+01  4.4321467987741772E-14  3.2893886603720142E-14
  5.7777528389566967E+01  4.3966250841284184E-14  3.2535354692384122E-14
  5.8353148628539024E+01  4.3614943084543798E-14  3.2180570078567555E-14
  5.8934503599832560E+01  4.3267557828296478E-14  3.1829530736147059E-14
  5.9521650436870985E+01  4.2924103184637585E-14  3.1482230627008128E-14
  6.0114646842280884E+01  4.2584534997522135E-14  3.1138625374181676E-14
  6.0713551093562785E+01  4.2248773254532014E-14  3.0798644743904647E-14
  6.1318422048818562E+01  4.1916738928048047E-14  3.0462219689011816E-14
  6.1929319152535840E+01  4.1588354751353165E-14  3.0129282907264260E-14
  6.2546302441429766E+01  4.1263545178549778E-14  2.9799768802323619E-14
  6.3169432550343387E+01  4.0942236345707047E-14  2.9473613445836156E-14
  6.3798770718206583E+01  4.0624356033199318E-14  2.9150754540588055E-14
  6.4434378794054439E+01  4.0309833629195457E-14  2.8831131384689901E-14
  6.5076319243105289E+01  3.9998600094264239E-14  2.8514684836757882E-14
  6.5724655152899899E+01  3.9690587927054001E-14  2.8201357282051588E-14
  6.6379450239501381E+01  3.9385731131017019E-14  2.7891092599532645E-14
  6.7040768853756845E+01  3.9083965446518157E-14  2.7583836315144073E-14
  6.7708675987621618E+01  3.8785246206791627E-14  2.7279548070377589E-14
  6.8383237280546567E+01  3.8489559018513511E-14  2.6978208833983793E-14
  6.9064519025928689E+01  3.8196892127576960E-14  2.6679801350102611E-14
  6.9752588177626251E+01  3.7907233651052717E-14  2.6384308190692682E-14
  7.0447512356538880E+01  3.7620571586123936E-14  2.6091711763398681E-14
  7.1149359857253017E+01  3.7336893818957936E-14  2.5801994319302418E-14
  7.1858199654753463E+01  3.7056188133513408E-14  2.5515137960555427E-14
  7.2574101411202363E+01  3.6778442220288819E-14  2.5231124647896087E-14
  7.3297135482785109E+01  3.6503643685002857E-14  2.4949936208045134E-14
  7.4027372926624693E+01  3.6231780057221170E-14  2.4671554340985144E-14
  7.4764885507764916E+01  3.5962838798915757E-14  2.4395960627118110E-14
  7.5509745706223441E+01  3.5696807312969434E-14  2.4123136534302953E-14
  7.6262026724114520E+01  3.5433669559559023E-14  2.3853061161319372E-14
  7.7021802492843150E+01  3.5173396173606239E-14  2.3585704713590550E-14
  7.7789147680370931E+01  3.4915954940276042E-14  2.3321035617846680E-14
  7.8564137698554092E+01  3.4661314186278381E-14  2.3059022800734389E-14
  7.9346848710554326E+01  3.4409442772119158E-14  2.2799635680261126E-14
  8.0137357638324445E+01  3.4160310084524468E-14  2.2542844157387823E-14
  8.0935742170167615E+01  3.3913886029050395E-14  2.2288618607772803E-14
  8.1742080768372219E+01  3.3670141022864449E-14  2.2036929873657259E-14
  8.2556452676923001E+01  3.3429045987701795E-14  2.1787749255893915E-14
  8.3378937929288938E+01  3.3190572342993408E-14  2.1541048506112943E-14
  8.4209617356288419E+01  3.2954691999162282E-14  2.1296799819024444E-14
  8.5048572594033061E+01  3.2721377351087080E-14  2.1054975824851898E-14
  8.5895886091950828E+01  3.2490601193521225E-14  2.0815549531242246E-14
  8.6751641120888550E+01  3.2262335935037843E-14  2.0578493813797826E-14
  8.7615921781295540E+01  3.2036553944582765E-14  2.0343781647259766E-14
  8.8488813011488915E+01  3.1813228083815674E-14  2.0111386450114619E-14
  8.9370400596000778E+01  3.1592331708497661E-14  1.9881282081961391E-14
  9.0260771174008838E+01  3.1373838661824133E-14  1.9653442835650655E-14
  9.1160012247851000E+01  3.1157723267936212E-14  1.9427843429560858E-14
  9.2068212191624923E+01  3.0943960325606061E-14  1.9204459000006947E-14
  9.2985460259872866E+01  3.0732525102096718E-14  1.8983265093780164E-14
  9.3911846596353357E+01  3.0523393327194248E-14  1.8764237660814976E-14
  9.4847462242900406E+01  3.0316541187409378E-14  1.8547353046980706E-14
  9.5792399148370563E+01  3.0111945320348128E-14  1.8332587986995679E-14
  9.6746750177679090E+01  2.9909582909653220E-14  1.8119919657693170E-14
  9.7710609120926932E+01  2.9709436066019985E-14  1.7909328290339976E-14
  9.8684070702617731E+01  2.9511493389095571E-14  1.7700798028432363E-14
  9.9667230590966781E+01  2.9315744078935193E-14  1.7494313347102758E-14
  1.0066018540730346E+02  2.9122177476457187E-14  1.7289858774555214E-14
  1.0166303273556659E+02  2.8930783066834247E-14  1.7087418893103229E-14
  1.0267587113189424E+02  2.8741550482938378E-14  1.6886978340183463E-14
  1.0369880013431019E+02  2.8554469508841340E-14  1.6688521809340293E-14
  1.0473192027250576E+02  2.8369530083376283E-14  1.6492034051185742E-14
  1.0577533307771907E+02  2.8186722303763252E-14  1.6297499874333700E-14
  1.0682914109271439E+02  2.8006036429298580E-14  1.6104904146305646E-14
  1.0789344788185825E+02  2.7827462885119893E-14  1.5914231794413726E-14
  1.0896835804129796E+02  2.7650992265794514E-14  1.5725467806479875E-14
  1.1005397720924165E+02  2.7476614353148794E-14  1.5538596684491628E-14
  1.1115041207633855E+02  2.7304315913935316E-14  1.5353601243607512E-14
  1.1225777039616540E+02  2.7134083343715116E-14  1.5170464113299733E-14
  1.1337616099581554E+02  2.6965903338919453E-14  1.4989168112156791E-14
  1.1450569378659382E+02  2.6799762897462631E-14  1.4809696245403505E-14
  1.1564647977481889E+02  2.6635649319490445E-14  1.4632031702453014E-14
  1.1679863107273212E+02  2.6473550208264319E-14  1.4456157854488184E-14
  1.1796226090951532E+02  2.6313453471188992E-14  1.4282058252072294E-14
  1.1913748364241910E+02  2.6155347320982994E-14  1.4109716622789570E-14
  1.2032441476800116E+02  2.5999220276999818E-14  1.3939116868913899E-14
  1.2152317093347656E+02  2.5845061166702387E-14  1.3770243065105915E-14
  1.2273386994818199E+02  2.5692859127296306E-14  1.3603079456138167E-14
  1.2395663079515334E+02  2.5542603619886391E-14  1.3437610460438891E-14
  1.2519157364281855E+02  2.5394284514915376E-14  1.3273820706378352E-14
  1.2643881985680810E+02  2.5247892041206071E-14  1.3111695003882268E-14
  1.2769849201188184E+02  2.5103416742828967E-14  1.2951218320741500E-14
  1.2897071390397491E+02  2.4960849481456534E-14  1.2792375780436617E-14
  1.3025561056236515E+02  2.4820181439169299E-14  1.2635152660110435E-14
  1.3155330826195902E+02  2.4681404121462651E-14  1.2479534388565063E-14
  1.3286393453570201E+02  2.4544509360457632E-14  1.2325506544282081E-14
  1.3418761818711309E+02  2.4409489318326956E-14  1.2173054853467067E-14
  1.3552448930294116E+02  2.4276336490939612E-14  1.2022165188116854E-14
  1.3687467926595113E+02  2.4145043711737615E-14  1.1872823564109838E-14
  1.3823832076783506E+02  2.4015604155847671E-14  1.1725016139318900E-14
  1.3961554782225227E+02  2.3888011381924677E-14  1.1578729229896429E-14
  1.4100649577800047E+02  2.3762260490976597E-14  1.1433949862582944E-14
  1.4241130133231698E+02  2.3638348321452443E-14  1.1290665842546636E-14
  1.4383010254431250E+02  2.3516272100042607E-14  1.1148865085498996E-14
  1.4526303884853962E+02  2.3396029366155139E-14  1.1008535577083391E-14
  1.4671025106869584E+02  2.3277617979736637E-14  1.0869665372761670E-14
  1.4817188143146251E+02  2.3161036129404862E-14  1.0732242597696520E-14
  1.4964807358048338E+02  2.3046282340898807E-14  1.0596255446625033E-14
  1.5113897259048085E+02  2.2933355485868937E-14  1.0461692183726877E-14
  1.5264472498151295E+02  2.2822254791017467E-14  1.0328541142484645E-14
  1.5416547873337367E+02  2.2712979847611960E-14  1.0196790725539041E-14
  1.5570138330013546E+02  2.2605530621383455E-14  1.0066429404536524E-14
  1.5725258962483645E+02  2.2499907462035649E-14  9.9374457196192916E-15
  1.5881925015431608E+02  2.2396110495590474E-14  9.8098280083860749E-15
  1.6040151885419522E+02  2.2294138546014192E-14  9.6835639435848821E-15
  1.6199955122400814E+02  2.2193990600996968E-14  9.5586411907617817E-15
  1.6361350431248550E+02  2.2095666123847142E-14  9.4350475410169306E-15
  1.6524353673298631E+02  2.1999165063984214E-14  9.3127709092691550E-15
  1.6688980867908768E+02  2.1904487867974547E-14  9.1917993325423655E-15
  1.6855248194032751E+02  2.1811635491128293E-14  9.0721209682736641E-15
  1.7023171991810389E+02  2.1720609409688170E-14  8.9537240926419416E-15
  1.7192768764173482E+02  2.1631411633640434E-14  8.8365970989185228E-15
  1.7364055178467586E+02  2.1544044720170678E-14  8.7207284958371710E-15
  1.7537048068090004E+02  2.1458511787805360E-14  8.6061069059857199E-15
  1.7711764434144186E+02  2.1374816531268000E-14  8.4927210642178147E-15
  1.7888221447110490E+02  2.1292963289523368E-14  8.3805598355340721E-15
  1.8066436448533588E+02  2.1212957370145994E-14  8.2696123253245755E-15
  1.8246426952726827E+02  2.1134804852676531E-14  8.1598677933865927E-15
  1.8428210648493422E+02  2.1058512453851483E-14  8.0513155949093726E-15
  1.8611805400864787E+02  2.0984087546604440E-14  7.9439451790901437E-15
  1.8797229252856363E+02  2.0911538180576481E-14  7.8377460879615755E-15
  1.8984500427240755E+02  2.0840873103648425E-14  7.7327079552321552E-15
  1.9173637328338529E+02  2.0772101784552223E-14  7.6288205051408463E-15
  1.9364658543827122E+02  2.0705234436620442E-14  7.5260735513248010E-15
  1.9557582846567334E+02  2.0640282042733303E-14  7.4244569957011487E-15
  1.9752429196448361E+02  2.0577256381531729E-14  7.3239608273612483E-15
  1.9949216742251230E+02  2.0516170054966101E-14  7.2245751214792006E-15
  2.0147964823530393E+02  2.0457036550608607E-14  7.1262900503010349E-15
  2.0348692972514596E+02  2.0399871042913823E-14  7.0290961574609688E-15
  2.0551420916026331E+02  2.0344690435782339E-14  6.9329843454845366E-15
  2.0756168577420468E+02  2.0291512600000019E-14  6.8379455802141132E-15
  2.0962956078542365E+02  2.0240356372247144E-14  6.7439708767690084E-15
  2.1171803741705298E+02  2.0191241594047613E-14  6.6510512994180215E-15
  2.1382732091687632E+02  2.0144189152721060E-14  6.5591779614495514E-15
  2.1595761857750003E+02  2.0099221024454637E-14  6.4683420250390282E-15
  2.1810913975672486E+02  2.0056360319626724E-14  6.3785347011147361E-15
  2.2028209589812002E+02  2.0015631330515485E-14  6.2897472492207985E-15
  2.2247670055180447E+02  1.9977059581541999E-14  6.2019709773787232E-15
  2.2469316939543310E+02  1.9940671882202131E-14  6.1151972419468781E-15
  2.2693172025539218E+02  1.9906496381470547E-14  6.0294174470470157E-15
  2.2919257312820778E+02  1.9874562238155022E-14  5.9446229245609242E-15
  2.3147595020216551E+02  1.9844899153629862E-14  5.8608047798196002E-15
  2.3378207587914585E+02  1.9817538231754428E-14  5.7779541480965070E-15
  2.3611117679667876E+02  1.9792512180708806E-14  5.6960622362723381E-15
  2.3846348185021614E+02  1.9769855384358546E-14  5.6151203219862582E-15
  2.4083922221562588E+02  1.9749603977720517E-14  5.5351197527983538E-15
  2.4323863137191364E+02  1.9731795926801057E-14  5.4560519453629932E-15
  2.4566194512416513E+02  1.9716471113094793E-14  5.3779083846141202E-15
  2.4810940162672154E+02  1.9703671423059173E-14  5.3006806229612480E-15
  2.5058124140658612E+02  1.9693440842900895E-14  5.2243602794968127E-15
  2.5307770738705901E+02  1.9685825559035936E-14  5.1489390392148804E-15
  2.5559904491161345E+02  1.9680874064614860E-14  5.0744086522405517E-15
  2.5814550176800640E+02  1.9678637372808467E-14  5.0007609583657471E-15
  2.6071732821262941E+02  1.9679169627535558E-14  4.9279880067696179E-15
  2.6331477699510447E+02  1.9682527856483028E-14  4.8560819526071769E-15
  2.6593810338312221E+02  1.9688771892141945E-14  4.7850350004303010E-15
  2.6858756518752841E+02  1.9697964516784326E-14  4.7148394037759269E-15
  2.7126342278766191E+02  1.9710171616994540E-14  4.6454874648423613E-15
  2.7396593915694314E+02  1.9725462348114546E-14  4.5769715341694545E-15
  2.7669537988871701E+02  1.9743909309343972E-14  4.5092840103227986E-15
  2.7945201322235670E+02  1.9765588730292255E-14  4.4424173395813466E-15
  2.8223611006962369E+02  1.9790580669860032E-14  4.3763640156293659E-15
  2.8504794404129183E+02  1.9818969228392445E-14  4.3111165792521500E-15
  2.8788779147403795E+02  1.9850842774138317E-14  4.2466676180357936E-15
  2.9075593145759848E+02  1.9886294176065757E-14  4.1830097653002919E-15
  2.9365264586219655E+02  1.9925420956420608E-14  4.1201356965213261E-15
  2.9657821936624589E+02  1.9968325601984699E-14  4.0580381349393109E-15
  2.9953293948432440E+02  2.0015115928934602E-14  3.9967098503056720E-15
  3.0251709659543178E+02  2.0065905399522744E-14  3.9361436582051602E-15
  3.0553098397152866E+02  2.0120813460722384E-14  3.8763324197534802E-15
  3.0857489780635444E+02  2.0179965907448789E-14  3.8172690413007196E-15
  3.1164913724453936E+02  2.0243495272436713E-14  3.7589464741397787E-15
  3.1475400441100209E+02  2.0311541245051765E-14  3.7013577142206862E-15
  3.1788980444064077E+02  2.0384251121535886E-14  3.6444958018697809E-15
  3.2105684550832211E+02  2.0461780289437411E-14  3.5883538215144293E-15
  3.2425543885916693E+02  2.0544292749249663E-14  3.5329249014128831E-15
  3.2748589883913706E+02  2.0631961677739614E-14  3.4782022131739144E-15
  3.3074854292593022E+02  2.0724969877913324E-14  3.4241788965927569E-15
  3.3404369176017946E+02  2.0823510140721529E-14  3.3708479682053090E-15
  3.3737166917696362E+02  2.0927786359039454E-14  3.3182024783136876E-15
  3.4073280223763453E+02  2.1038014372803943E-14  3.2662355347144391E-15
  3.4412742126195855E+02  2.1154422800294418E-14  3.2149403020131246E-15
  3.4755585986057810E+02  2.1277253939218628E-14  3.1643100009591870E-15
  3.5101845496779958E+02  2.1406764744442851E-14  3.1143379078000318E-15
  3.5451554687470525E+02  2.1543227889948301E-14  3.0650173536533777E-15
  3.5804747926259421E+02  2.1686932923490918E-14  3.0163417238970783E-15
  3.6161459923676210E+02  2.1838187523388425E-14  2.9683044575754357E-15
  3.6521725736060870E+02  2.1997318867983816E-14  2.9208990468217042E-15
  3.6885580769009198E+02  2.2164675129570137E-14  2.8741190362952588E-15
  3.7253060780852599E+02  2.2340629439435516E-14  2.8279583618674375E-15
  3.7624201886171750E+02  2.2525591301659153E-14  2.7824126749152654E-15
  3.7999040559346281E+02  2.2720000734254180E-14  2.7374780710395483E-15
  3.8377613638139132E+02  2.2924326772578620E-14  2.6931505384579445E-15
  3.8759958327316764E+02  2.3139069880578860E-14  2.6494259625117569E-15
  3.9146112202305704E+02  2.3364764601630271E-14  2.6063001303122423E-15
  3.9536113212885226E+02  2.3601982475142429E-14  2.5637687353290726E-15
  3.9929999686916790E+02  2.3851335250088840E-14  2.5218273819175732E-15
  4.0327810334110984E+02  2.4113478430836695E-14  2.4804715897824459E-15
  4.0729584249831697E+02  2.4389115195489403E-14  2.4396967983744688E-15
  4.1135360918938085E+02  2.4679000732554493E-14  2.3994983712184741E-15
  4.1545180219665292E+02  2.4983947048226709E-14  2.3598716001698496E-15
  4.1959082427543382E+02  2.5304826025474709E-14  2.3208114878719709E-15
  4.2377108219355370E+02  2.5642545186281192E-14  2.2823099274141173E-15
  4.2799298677135016E+02  2.5998060870385725E-14  2.2443567493849972E-15
  4.3225695292204097E+02  2.6372407696735013E-14  2.2069420341747276E-15
  4.3656339969249842E+02  2.6766706940528207E-14  2.1700561571395962E-15
  4.4091275030443683E+02  2.7182175313583794E-14  2.1336897796271439E-15
  4.4530543219599900E+02  2.7620134823760810E-14  2.0978338402724289E-15
  4.4974187706376608E+02  2.8082023868847855E-14  2.0624795465543723E-15
  4.5422252090518617E+02  2.8569409746179072E-14  2.0276183666014621E-15
  4.5874780406141616E+02  2.9084002789975887E-14  1.9932420212369241E-15
  4.6331817126060207E+02  2.9627672385115941E-14  1.9593424762534510E-15
  4.6793407166158363E+02  3.0202465149919952E-14  1.9259119349083657E-15
  4.7259595889803421E+02  3.0810626021665772E-14  1.8929428550707618E-15
  4.7730429112304523E+02  3.1454650536406631E-14  1.8604296848529202E-15
  4.8205953105415045E+02  3.2137334538960786E-14  1.8283698640724465E-15
  4.8686214601879874E+02  3.2861765236059118E-14  1.7967609926673460E-15
  4.9171260800028364E+02  3.3631353590190370E-14  1.7656005462590567E-15
  4.9661139368412756E+02  3.4449876796897572E-14  1.7348858812929377E-15
  5.0155898450492651E+02  3.5321527482546409E-14  1.7046142401084125E-15
  5.0655586669366704E+02  3.6250970876449879E-14  1.6747827559359873E-15
  5.1160253132550969E+02  3.7243411482391932E-14  1.6453884578187049E-15
  5.1669947436804807E+02  3.8304671112842807E-14  1.6164282754559328E-15
  5.2184719673005463E+02  3.9441280573252728E-14  1.5878990439670933E-15
  5.2704620431070589E+02  4.0660587818440339E-14  1.5597975085735402E-15
  5.3229700804929848E+02  4.1970886080806880E-14  1.5321203291969740E-15
  5.3760012397546859E+02  4.3381556076447801E-14  1.5048637272326348E-15
  5.4295607325989727E+02  4.4903214213099526E-14  1.4780224468503131E-15
  5.4836538226553421E+02  4.6547956959820477E-14  1.4515909313817956E-15
  5.5382858259932857E+02  4.8329633407174599E-14  1.4255637037514710E-15
  5.5934621116446658E+02  5.0264164255659444E-14  1.3999353648255263E-15
  5.6491881021314293E+02  5.2369931444362964E-14  1.3747005918021280E-15
  5.7054692739984864E+02  5.4668257011414780E-14  1.3498541366423227E-15
  5.7623111583519096E+02  5.7183995489339730E-14  1.3253908245404933E-15
  5.8197193414025458E+02  5.9946271867720372E-14  1.3013055524333281E-15
  5.8776994650149868E+02  6.2989407712391737E-14  1.2775932875468269E-15
  5.9362572272620218E+02  6.6354092587586375E-14  1.2542490659800190E-15
  5.9953983829846482E+02  7.0088878203341818E-14  1.2312679913248449E-15
  6.0551287443576246E+02  7.4252102903055715E-14  1.2086452603775458E-15
  6.1154541814606546E+02  7.8914407578010953E-14  1.1863764235948167E-15
  6.1763806228553062E+02  8.4162012042671110E-14  1.1644572476959370E-15
  6.2379140561676309E+02  9.0101055638003256E-14  1.1428835286294781E-15
  6.3000605286765926E+02  9.6863432688893666E-14  1.1216510890388361E-15
  6.3628261479084063E+02  1.0461471306191123E-13  1.1007557784718006E-15
  6.4262170822367432E+02  1.1356502404062453E-13  1.0801934735845326E-15
  6.4902395614889122E+02  1.2398418489325681E-13  1.0599600783399648E-15
  6.5548998775581742E+02  1.3622300590436479E-13  1.0400515242004358E-15
  6.6202043850220014E+02  1.5074357439171192E-13  1.0204637703148538E-15
  6.6861595017666218E+02  1.6816262198028810E-13  1.0011928036999863E-15
  6.7527717096177821E+02  1.8931361854914690E-13  9.8223463941603560E-16
  6.8200475549776797E+02  2.1533435752027226E-13  9.6358532011329127E-16
  6.8879936494683795E+02  2.4778463676841300E-13  9.4524088810187443E-16
  6.9566166705815670E+02  2.8878389986266604E-13  9.2719737669016411E-16
  7.0259233623347541E+02  3.4110476931192242E-13  9.0945085013177375E-16
  7.0959205359341070E+02  4.0800484632495508E-13  8.9199740672386852E-16
  7.1666150704438019E+02  4.9226459203667569E-13  8.7483317872813847E-16
  7.2380139134620526E+02  5.9370996367655202E-13  8.5795433229184394E-16
  7.3101240818039366E+02  7.0587370681423373E-13  8.4135706736853758E-16
  7.3829526621909645E+02  8.1607762938269312E-13  8.2503761763872684E-16
  7.4565068119475120E+02  9.1190626816553123E-13  8.0899225043011009E-16
  7.5307937597042553E+02  9.8738339715681678E-13  7.9321726663740732E-16
  7.6058208061085634E+02  1.0425432722926393E-12  7.7770900064171641E-16
  7.6815953245419439E+02  1.0798357156104280E-12  7.6246382022853021E-16
  7.7581247618447253E+02  1.1016304682246944E-12  7.4747812210407842E-16
  7.8354166390478792E+02  1.1092730329163157E-12  7.3274832191814914E-16
  7.9134785521121341E+02  1.1028627460211322E-12  7.1827086692216903E-16
  7.9923181726745304E+02  1.0812046690033947E-12  7.0404223910470390E-16
  8.0719432488023347E+02  1.0418447794097054E-12  6.9005895503330414E-16
  8.1523616057544564E+02  9.8140728003655714E-13  6.7631756569730882E-16
  8.2335811467505778E+02  8.9683520562949539E-13  6.6281465635148268E-16
  8.3156098537477465E+02  7.8841786349470212E-13  6.4954684636037648E-16
  8.3984557882248612E+02  6.6389823482195200E-13  6.3651078904339622E-16
  8.4821270919749747E+02  5.3853067105774213E-13  6.2370317152029104E-16
  8.5666319879053299E+02  4.2730986184151480E-13  6.1112071455716724E-16
  8.6519787808455703E+02  3.3730734788964550E-13  5.9876017241282491E-16
  8.7381758583638748E+02  2.6798566099364294E-13  5.8661833578412987E-16
  8.8252316915912274E+02  2.1549636822765583E-13  5.7469205549240481E-16
  8.9131548360539841E+02  1.7568923788120942E-13  5.6297822698389707E-16
  9.0019539325146570E+02  1.4518219449500364E-13  5.5147377521922068E-16
  9.0916377078210553E+02  1.2147546658316857E-13  5.4017565454330863E-16
  9.1822149757639988E+02  1.0278239466314336E-13  5.2908084868516091E-16
  9.2736946379434653E+02  8.7833827799900201E-14  5.1818637075275544E-16
  9.3660856846433830E+02  7.5722613985095945E-14  5.0748926322312426E-16
  9.4593971957152246E+02  6.5792745026867120E-14  4.9698659792766125E-16
  9.5536383414702891E+02  5.7563245742374379E-14  4.8667547603260549E-16
  9.6488183835809650E+02  5.0676405981802356E-14  4.7655302801478526E-16
  9.7449466759908773E+02  4.4862452537381374E-14  4.6661641363258864E-16
  9.8420326658342253E+02  3.9915214571822455E-14  4.5686282152204980E-16
  9.9400858943641833E+02  3.5675157511249362E-14  4.4728945753101576E-16
  1.0039115997890545E+03  3.2017399656719850E-14  4.3789354348071716E-16
  1.0139132708726810E+03  2.8843135182711208E-14  4.2867233166120883E-16
  1.0240145856146603E+03  2.6073412817972435E-14  4.1962310558031678E-16
  1.0342165367349642E+03  2.3644567096980517E-14  4.1074317980444687E-16
  1.0445201268437386E+03  2.1504823118608341E-14  4.0202989979806745E-16
  1.0549263685398341E+03  1.9611744909578390E-14  3.9348064176179922E-16
  1.0654362845103219E+03  1.7930297436323993E-14  3.8509281246909267E-16
  1.0760509076309957E+03  1.6431360032809331E-14  3.7686384910151023E-16
  1.0867712810678840E+03  1.5090575451640358E-14  3.6879121908251503E-16
  1.0975984583797683E+03  1.3887450966427827E-14  3.6087241990985518E-16
  1.1085335036217164E+03  1.2804650564878843E-14  3.5310497898668667E-16
  1.1195774914496628E+03  1.1827433345544550E-14  3.4548645397544507E-16
  1.1307315072260171E+03  1.0943204685876338E-14  3.3801443361835138E-16
  1.1419966471263272E+03  1.0141154953465738E-14  3.3068653616096180E-16
  1.1533740182470133E+03  9.4119669870013412E-15  3.2350040887260260E-16
  1.1648647387141650E+03  8.7475777866620688E-15  3.1645372787878805E-16
  1.1764699377934294E+03  8.1409832456975181E-15  3.0954419799185027E-16
  1.1881907560009854E+03  7.5860772853784064E-15  3.0276955253978523E-16
  1.2000283452156380E+03  7.0775186544109782E-15  2.9612755319335360E-16
  1.2119838687920151E+03  6.6106201007914351E-15  2.8961598979142862E-16
  1.2240585016748962E+03  6.1812557343485758E-15  2.8323268016461745E-16
  1.2362534305146878E+03  5.7857832559351024E-15  2.7697546995715267E-16
  1.2485698537840397E+03  5.4209783960882852E-15  2.7084223244711622E-16
  1.2610089818956219E+03  5.0839794557755555E-15  2.6483086994164362E-16
  1.2735720373210884E+03  4.7722403246938655E-15  2.5893932300353519E-16
  1.2862602547112112E+03  4.4834901349253996E-15  2.5316556292907302E-16
  1.2990748810172204E+03  4.2156987884632245E-15  2.4750758643275777E-16
  1.3120171756133436E+03  3.9670474545113812E-15  2.4196341551396977E-16
  1.3250884104205820E+03  3.7359031665201634E-15  2.3653109734145160E-16
  1.3382898700317055E+03  3.5207968829962212E-15  2.3120870413370668E-16
  1.3516228518374926E+03  3.3204044850231342E-15  2.2599433303535672E-16
  1.3650886661542436E+03  3.1335302717448233E-15  2.2088610598959594E-16
  1.3786886363525473E+03  2.9590925872641377E-15  2.1588216960679329E-16
  1.3924240989873342E+03  2.7961112716642237E-15  2.1098069502941465E-16
  1.4062964039292358E+03  2.6436966776769136E-15  2.0617987779327184E-16
  1.4203069144972405E+03  2.5010400311955661E-15  2.0147793737659558E-16
  1.4344570075926763E+03  2.3674048795730406E-15  1.9687311023944947E-16
  1.4487480738345246E+03  2.2421196450172416E-15  1.9236365037183214E-16
  1.4631815176960904E+03  2.1245711216438421E-15  1.8794783655725733E-16
  1.4777587576430280E+03  2.0141986396104145E-15  1.8362397248941752E-16
  1.4924812262727357E+03  1.9104888869690590E-15  1.7939038654637977E-16
  1.5073503704551556E+03  1.8129713097051121E-15  1.7524543156433220E-16
  1.5223676514749632E+03  1.7212140178614445E-15  1.7118748461092117E-16
  1.5375345451751700E+03  1.6348201355657349E-15  1.6721494675821031E-16
  1.5528525421021768E+03  1.5534245412066222E-15  1.6332624285529175E-16
  1.5683231476522512E+03  1.4766909511863539E-15  1.5951982130060817E-16
  1.5839478822194699E+03  1.4043093068111188E-15  1.5579415381401787E-16
  1.5997282813451443E+03  1.3359934291327833E-15  1.5214773520870176E-16
  1.6156658958687251E+03  1.2714789113954732E-15  1.4857908319491263E-16
  1.6317622920802130E+03  1.2105212219978433E-15  1.4508673819478471E-16
  1.6480190518740833E+03  1.1528939932517347E-15  1.4166926303991847E-16
  1.6644377729047576E+03  1.0983874772858384E-15  1.3832524273046336E-16
  1.6810200687436109E+03  1.0468071504341262E-15  1.3505328420704241E-16
  1.6977675690375429E+03  9.9797245005961449E-16  1.3185201612268019E-16
  1.7146819196691417E+03  9.5171562978626998E-16  1.2872008861477416E-16
  1.7317647829184332E+03  9.0788072075194847E-16  1.2565617307716811E-16
  1.7490178376262354E+03  8.6632258792484082E-16  1.2265896193236547E-16
  1.7664427793591619E+03  8.2690607177584677E-16  1.1972716840391264E-16
  1.7840413205762466E+03  7.8950520669347104E-16  1.1685952628901600E-16
  1.8018151907972433E+03  7.5400250848665128E-16  1.1405478973142789E-16
  1.8197661367725887E+03  7.2028833332178827E-16  1.1131173443808194E-16
  1.8378959226550760E+03  6.8826032527500126E-16  1.0862916427632773E-16
  1.8562063301732267E+03  6.5782283027798738E-16  1.0600590486787967E-16
  1.8746991588063840E+03  6.2888637839543819E-16  1.0344080009505251E-16
  1.8933762259615723E+03  6.0136722967711850E-16  1.0093271193717463E-16
  1.9122393671520981E+03  5.7518695760496656E-16  9.8480520310132793E-17
  1.9312904361779324E+03  5.5027206663712983E-16  9.6083122903919012E-17
  1.9505313053079078E+03  5.2655364073785649E-16  9.3739435018269019E-17
  1.9699638654637079E+03  5.0396702009556816E-16  9.1448389396520526E-17
  1.9895900264057063E+03  4.8245150351004558E-16  8.9208936057807531E-17
  2.0094117169206429E+03  4.6195007417800736E-16  8.7020042127689995E-17
  2.0294308850111881E+03  4.4240914682802686E-16  8.4880691667342434E-17
  2.0496494980873813E+03  4.2377833257651543E-16  8.2789885146594238E-17
  2.0700695431599729E+03  4.0601019483524416E-16  8.0746633453421822E-17
  2.0906930270357138E+03  3.8906006032950488E-16  7.8749959303635124E-17
  2.1115219765145707E+03  3.7288586301536523E-16  7.6798902614946338E-17
  2.1325584385889060E+03  3.5744797338673674E-16  7.4892520450349139E-17
  2.1538044806446610E+03  3.4270903948897909E-16  7.3029886777165750E-17
  2.1752621906645222E+03  3.2863383955694936E-16  7.1210092228046142E-17
  2.1969336774331273E+03  3.1518914533269031E-16  6.9432243863909682E-17
  2.2188210707442963E+03  3.0234359520268922E-16  6.7695464938853664E-17
  2.2409265216103558E+03  2.9006757637085422E-16  6.5998894667026633E-17
  2.2632522024735249E+03  2.7833311535237165E-16  6.4341687991486875E-17
  2.2858003074194089E+03  2.6711377613585447E-16  6.2723015355051291E-17
  2.3085730523926359E+03  2.5638456545958085E-16  6.1142062483599512E-17
  2.3315726754146317E+03  2.4612184964039520E-16  5.9598031434849357E-17
  2.3548014368035510E+03  2.3630327610975041E-16  5.8090141421902748E-17
  2.3782616193964300E+03  2.2690768674901319E-16  5.6617626166713105E-17
  2.4019555287735243E+03  2.1791504538636455E-16  5.5179733394762853E-17
  2.4258854934849005E+03  2.0930637131346793E-16  5.3775724640960838E-17
  2.4500538652792648E+03  2.0106367719570276E-16  5.2404875056593980E-17
  2.4744630193350995E+03  1.9316991105397000E-16  5.1066473217361669E-17
  2.4991153544940812E+03  1.8560890202215372E-16  4.9759820932536661E-17
  2.5240132934968210E+03  1.7836530960790799E-16  4.8484233055290288E-17
  2.5491592832209758E+03  1.7142457620609175E-16  4.7239037294212745E-17
  2.5745557949217164E+03  1.6477288263390609E-16  4.6023574026069292E-17
  2.6002053244745794E+03  1.5839710647480771E-16  4.4837196109820007E-17
  2.6261103926207725E+03  1.5228478334346266E-16  4.3679268781046925E-17
  2.6522735452148900E+03  1.4642407146179451E-16  4.2549169785842720E-17
  2.6786973534751191E+03  1.4080371600798520E-16  4.1446288881846603E-17
  2.7053844142359153E+03  1.3541301634974245E-16  4.0370027518990426E-17
  2.7323373502032282E+03  1.3024179580457602E-16  3.9319798663809781E-17
  2.7595588102122424E+03  1.2528037323025213E-16  3.8295026625107147E-17
  2.7870514694876865E+03  1.2051953632281587E-16  3.7295146880933358E-17
  2.8148180299067621E+03  1.1595051650873405E-16  3.6319605906903797E-17
  2.8428612202646655E+03  1.1156496532610526E-16  3.5367861005889537E-17
  2.8711837965427544E+03  1.0735493219738982E-16  3.4439380139103349E-17
  2.8997885421794144E+03  1.0331284350317050E-16  3.3533641758601857E-17
  2.9286782683435922E+03  9.9431482872925993E-17  3.2650134641234896E-17
  2.9578558142110719E+03  9.5703972602883677E-17  3.1788357721213559E-17
  2.9873240472434900E+03  9.2123755975500806E-17  3.0947819880752816E-17
  3.0170858634701526E+03  8.8684580824690962E-17  3.0128039802349000E-17
  3.0471441877726425E+03  8.5380484132140535E-17  2.9328545851961356E-17
  3.0775019741722517E+03  8.2205777335165152E-17  2.8548875921248302E-17
  3.1081622061203134E+03  7.9155032453310992E-17  2.7788577270064458E-17
  3.1391278967913936E+03  7.6223068987711930E-17  2.7047206370555610E-17
  3.1704020893794068E+03  7.3404941545833149E-17  2.6324328752863869E-17
  3.2019878573967080E+03  7.0695928147410664E-17  2.5619518852456648E-17
  3.2338883049761334E+03  6.8091519170335349E-17  2.4932359859086250E-17
  3.2661065671760693E+03  6.5587406898002884E-17  2.4262443567398597E-17
  3.2986458102885417E+03  6.3179475632129743E-17  2.3609370229190445E-17
  3.3315092321504076E+03  6.0863792326527206E-17  2.2972748403155537E-17
  3.3647000624576162E+03  5.8636596959416756E-17  2.2352194512812683E-17
  3.3982215630826008E+03  5.6494293781335032E-17  2.1747332546397697E-17
  3.4320770283948664E+03  5.4433444699939196E-17  2.1157794413847919E-17
  3.4662697855847346E+03  5.2450761863611565E-17  2.0583219852683076E-17
  3.5008031949903188E+03  5.0543100505737204E-17  2.0023256284860622E-17
  3.5356806504277888E+03  4.8707452162261563E-17  1.9477558675581620E-17
  3.5709055795248842E+03  4.6940938241195756E-17  1.8945789394040349E-17
  3.6064814440577798E+03  4.5240803924064519E-17  1.8427618076110125E-17
  3.6424117402912802E+03  4.3604412380532682E-17  1.7922721488954593E-17
  3.6786999993224417E+03  4.2029239278607721E-17  1.7430783397555391E-17
  3.7153497874275845E+03  4.0512867573896341E-17  1.6951494433147281E-17
  3.7523647064127622E+03  3.9052982562398596E-17  1.6484551963549044E-17
  3.7897483939677568E+03  3.7647367468279162E-17  1.6029660087231898E-17
  3.8275045240235659E+03  3.6293899791009719E-17  1.5586529860341964E-17
  3.8656368071134511E+03  3.4990546050759259E-17  1.5154878753520668E-17
  3.9041489907376190E+03  3.3735357453333040E-17  1.4734430398125038E-17
  3.9430448597314976E+03  3.2526466079706936E-17  1.4324914470878623E-17
  3.9823282366377002E+03  3.1362081262127862E-17  1.3926066580102949E-17
  4.0220029820816794E+03  3.0240486136811998E-17  1.3537628153525009E-17
  4.0620729951511553E+03  2.9160034363852245E-17  1.3159346327655796E-17
  4.1025422137792939E+03  2.8119147005500028E-17  1.2790973838737419E-17
  4.1434146151316982E+03  2.7116309554478748E-17  1.2432268915249827E-17
  4.1846942159972978E+03  2.6150069104479415E-17  1.2082995171972898E-17
  4.2263850731830880E+03  2.5219031655430867E-17  1.1742921505597784E-17
  4.2684912839128056E+03  2.4321859423545207E-17  1.1411821934107887E-17
  4.3110169862296152E+03  2.3457267208026819E-17  1.1089474931905474E-17
  4.3539663594027661E+03  2.2624020771594652E-17  1.0775663645877027E-17
  4.3973436243383203E+03  2.1820935506287256E-17  1.0470176212286265E-17
  4.4411530439939506E+03  2.1046874301558852E-17  1.0172805658653023E-17
  4.4853989237979167E+03  2.0300745498893956E-17  9.8833498010752265E-18
  4.5300856120721728E+03  1.9581500941716233E-17  9.6016111434136652E-18
  4.5752175004596911E+03  1.8888134115771589E-17  9.3273967783129280E-18
  4.6207990243560816E+03  1.8219678375429268E-17  9.0605182900318849E-18
  4.6668346633454794E+03  1.7575205251600897E-17  8.8007916590613066E-18
  4.7133289416407542E+03  1.6953822837201123E-17  8.5480371685002656E-18
  4.7602864285281794E+03  1.6354674246301666E-17  8.3020793121687455E-18
  4.8077117388164488E+03  1.5776936170129772E-17  8.0627467181710504E-18
  4.8556095332902260E+03  1.5219818690279429E-17  7.8298726884070294E-18
  4.9039845191681607E+03  1.4682564229969682E-17  7.6032952839139837E-18
  4.9528414505655292E+03  1.4164444458068443E-17  7.3828563178288317E-18
  5.0021851289614360E+03  1.3664758957458580E-17  7.1684012098825997E-18
  5.0520204036706764E+03  1.3182834091552493E-17  6.9597789162168258E-18
  5.1023521723203276E+03  1.2718021920115350E-17  6.7568418601588319E-18
  5.1531853813310645E+03  1.2269699162080543E-17  6.5594458639555064E-18
  5.2045250264032557E+03  1.1837266203160311E-17  6.3674500814679506E-18
  5.2563761530079528E+03  1.1420146146163970E-17  6.1807169318263640E-18
  5.3087438568827265E+03  1.1017783902041909E-17  5.9991120340442586E-18
  5.3616332845324578E+03  1.0629645319773871E-17  5.8225041425916330E-18
  5.4150496337351024E+03  1.0255216353239220E-17  5.6507650838835230E-18
  5.4689981540525387E+03  9.8940017180826464E-18  5.4837693905416616E-18
  5.5234841473464630E+03  9.5455229512037331E-18  5.3213935737416267E-18
  5.5785129682994157E+03  9.2093193538504700E-18  5.1635169765328885E-18
  5.6340900249410552E+03  8.8849476849546102E-18  5.0100219365125456E-18
  5.6902207791796236E+03  8.5719814583929299E-18  4.8607937152805375E-18
  5.7469107473387021E+03  8.2700102705407376E-18  4.7157204294538574E-18
  5.8041655006993733E+03  7.9786391567131440E-18  4.5746929832087370E-18
  5.8619906660477282E+03  7.6974879751604963E-18  4.4376050023189992E-18
  5.9203919262278241E+03  7.4261908173502795E-18  4.3043527696606805E-18
  5.9793750207002167E+03  7.1643954433301093E-18  4.1748351621527127E-18
  6.0389457461059810E+03  6.9117627410264705E-18  4.0489535891036398E-18
  6.0991099568364025E+03  6.6679662083907259E-18  3.9266119319365949E-18
  6.1598735656082972E+03  6.4326915247647212E-18  3.8077165253342632E-18
  6.2212425440451289E+03  6.2056365831803460E-18  3.6921764036842691E-18
  6.2832229232638601E+03  5.9865106670410024E-18  3.5799030324967188E-18
  6.3458207944676515E+03  5.7750336841128232E-18  3.4708100576114901E-18
  6.4090423095445149E+03  5.5709357564206052E-18  3.3648132543330547E-18
  6.4728936816718879E+03  5.3739568297178211E-18  3.2618304793112996E-18
  6.5373811859272109E+03  5.1838462987860722E-18  3.1617816233699460E-18
  6.6025111599046713E+03  5.0003626478792650E-18  3.0645885652691207E-18
  6.6682900043380014E+03  4.8232731056582097E-18  2.9701751263875545E-18
  6.7347241837295369E+03  4.6523533139919476E-18  2.8784670263104222E-18
  6.8018202269854974E+03  4.4873870100313285E-18  2.7893918393090124E-18
  6.8695847280576645E+03  4.3281657209870826E-18  2.7028789516979982E-18
  6.9380243465913891E+03  4.1744884696036808E-18  2.6188595191228921E-18
  7.0071458085800541E+03  4.0261614486228094E-18  2.5372663974244178E-18
  7.0769559070261275E+03  3.8829977500752646E-18  2.4580341016359164E-18
  7.1474615026087295E+03  3.7448171623649166E-18  2.3810988025835349E-18
  7.2186695243578515E+03  3.6114459231444488E-18  2.3063982900225171E-18
  7.2905869703353610E+03  3.4827164786317052E-18  2.2338719344199676E-18
  7.3632209083227190E+03  3.3584672524008262E-18  2.1634606495517436E-18
  7.4365784765155831E+03  3.2385424232506808E-18  2.0951068558983503E-18
  7.5106668842252993E+03  3.1227917117722010E-18  2.0287544448258971E-18
  7.5854934125874488E+03  3.0110701752523620E-18  1.9643487435378538E-18
  7.6610654152773914E+03  2.9032380105692027E-18  1.9018364807836042E-18
  7.7373903192329290E+03  2.7991603647469753E-18  1.8411657533100203E-18
  7.8144756253842515E+03  2.6987071528193654E-18  1.7822859930184231E-18
  7.8923289093910707E+03  2.6017528481416485E-18  1.7251479120060115E-18
  7.9709578223871076E+03  2.5081762576159354E-18  1.6697034333025686E-18
  8.0503700917320639E+03  2.4178604528581724E-18  1.6159057208162881E-18
  8.1305735217710098E+03  2.3306926319255175E-18  1.5637091609201450E-18
  8.2115759946013768E+03  2.2465639679508620E-18  1.5130693322038352E-18
  8.2933854708475574E+03  2.1653694636157054E-18  1.4639429759260773E-18
  8.3760099904432791E+03  2.0870078112231646E-18  1.4162879671524979E-18
  8.4594576734217353E+03  2.0113812581423972E-18  1.3700632865646235E-18
  8.5437367207135503E+03  1.9383954774065425E-18  1.3252289929260214E-18
  8.6288554149527972E+03  1.8679594432548397E-18  1.2817461961912480E-18
  8.7148221212909539E+03  1.7999853114195521E-18  1.2395770312446375E-18
  8.8016452882189787E+03  1.7343883039659130E-18  1.1986846322547530E-18
  8.8893334483976378E+03  1.6710865972611629E-18  1.1590331067235397E-18
  8.9778952194960420E+03  1.6100012088457921E-18  1.1205875061951342E-18
  9.0673393050385730E+03  1.5510559008530676E-18  1.0833138067155424E-18
  9.1576744952601912E+03  1.4941770847442411E-18  1.0471788880679784E-18
  9.2489096679703725E+03  1.4392937261827619E-18  1.0121505109321428E-18
  9.3410537894255558E+03  1.3863372534750667E-18  9.7819729458267659E-19
  9.4341159152102537E+03  1.3352414694450211E-18  9.4528869512148250E-19
  9.5281051911271315E+03  1.2859424666060107E-18  9.1339498423209417E-19
  9.6230308540957667E+03  1.2383785455008227E-18  8.8248722844462169E-19
  9.7189022330602766E+03  1.1924901360847757E-18  8.5253726890002280E-19
  9.8157287499063877E+03  1.1482197220322352E-18  8.2351770160232516E-19
  9.9135199203872326E+03  1.1055117678526842E-18  7.9540185814834677E-19
  1.0012285355058510E+04  1.0643126490851350E-18  7.6816378720409966E-19
  1.0112034760223005E+04  1.0245705925104826E-18  7.4177824195469709E-19
  1.0212777938884561E+04  9.8623560943334010E-19  7.1622066108587582E-19
  1.0314524791711357E+04  9.4925942440425155E-19  6.9146714497565121E-19
  1.0417285318008964E+04  9.1359541466433889E-19  6.6749443851128957E-19
  1.0521069616703113E+04  8.7919855216370553E-19  6.4427991459112464E-19
  1.0625887887332043E+04  8.4602534769629822E-19  6.2180155802610494E-19
  1.0731750431048944E+04  8.1403379706988534E-19  6.0003794983204100E-19
  1.0838667651634387E+04  7.8318332923365924E-19  5.7896825190393781E-19
  1.0946650056518618E+04  7.5343475628890743E-19  5.5857219206390889E-19
  1.1055708257814285E+04  7.2475022531105839E-19  5.3883004947423728E-19
  1.1165852973359395E+04  6.9709317191443868E-19  5.1972264040735178E-19
  1.1277095027770512E+04  6.7042827539498300E-19  5.0123130429054306E-19
  1.1389445353506610E+04  6.4472138851842573E-19  4.8333786980443175E-19
  1.1502914991943559E+04  6.1993946518391346E-19  4.6602461822253416E-19
  1.1617515094459079E+04  5.9605058294258841E-19  4.4927431729829548E-19
  1.1733256923528739E+04  5.7302391314315170E-19  4.3307021543565308E-19
  1.1850151853832849E+04  5.5082968240393673E-19  4.1739602863133333E-19
  1.1968211373374190E+04  5.2943913550511210E-19  4.0223592776986084E-19
  1.2087447084607076E+04  5.0882449964583941E-19  3.8757452626176169E-19
  1.2207870705577683E+04  4.8895895001392267E-19  3.7339686801599741E-19
  1.2329494071075496E+04  4.6981657661732399E-19  3.5968841573767130E-19
  1.2452329133796477E+04  4.5137235232906585E-19  3.4643503954240350E-19
  1.2576387965517788E+04  4.3360210209899094E-19  3.3362300587890654E-19
  1.2701682758284032E+04  4.1648247328778354E-19  3.2123896675164134E-19
  1.2828225825605505E+04  3.9999091825687036E-19  3.0926995789813986E-19
  1.2956029603668396E+04  3.8410571861747059E-19  2.9770342892278565E-19
  1.3085106652556824E+04  3.6880590698711133E-19  2.8652719369786230E-19
  1.3215469657487269E+04  3.5407121562507360E-19  2.7572940068951279E-19
  1.3347131430055286E+04  3.3988205309458472E-19  2.6529852445909748E-19
  1.3480104909494548E+04  3.2621948176376365E-19  2.5522335739727461E-19
  1.3614403163948286E+04  3.1306519607208672E-19  2.4549300165182828E-19
  1.3750039391753891E+04  3.0040150153541476E-19  2.3609686124519816E-19
  1.3887026922739857E+04  2.8821129446385197E-19  2.2702463437794184E-19
  1.4025379219535589E+04  2.7647804236742600E-19  2.1826630591426527E-19
  1.4165109878894824E+04  2.6518576502552709E-19  2.0981214004579304E-19
  1.4306232633031690E+04  2.5431901619706701E-19  2.0165267312997553E-19
  1.4448761350970079E+04  2.4386286326193595E-19  1.9377870455994839E-19
  1.4592710039906999E+04  2.3380282623752197E-19  1.8618125489415365E-19
  1.4738092846588948E+04  2.2412487663872758E-19  1.7885157108942135E-19
  1.4884924058702167E+04  2.1481546546005491E-19  1.7178115492707896E-19
  1.5033218106276836E+04  2.0586150790575899E-19  1.6496175689421693E-19
  1.5182989563105313E+04  1.9725036722714147E-19  1.5838536908279747E-19
  1.5334253148174193E+04  1.8896983915233609E-19  1.5204421829813800E-19
  1.5487023727110938E+04  1.8100813688582055E-19  1.4593075937050067E-19
  1.5641316313644897E+04  1.7335387665576782E-19  1.4003766866365605E-19
  1.5797146071082627E+04  1.6599606378822844E-19  1.3435783777450521E-19
  1.5954528313798175E+04  1.5892407928798014E-19  1.2888436741798524E-19
  1.6113478508738206E+04  1.5212766690666607E-19  1.2361056149166920E-19
  1.6274012276941865E+04  1.4559692076461985E-19  1.1852992138397943E-19
  1.6436145395076030E+04  1.3932228425174565E-19  1.1363614929730993E-19
  1.6599893796985885E+04  1.3329454664382147E-19  1.0892314960715470E-19
  1.6765273575260675E+04  1.2750480975961622E-19  1.0438500555227208E-19
  1.6932300982815272E+04  1.2194447490876625E-19  1.0001597221157955E-19
  1.7100992434487594E+04  1.1660523305960874E-19  9.5810471941709359E-20
  1.7271364508651579E+04  1.1147905533859909E-19  9.1763089932324995E-20
  1.7443433948846548E+04  1.0655818384958657E-19  8.7868569876154236E-20
  1.7617217665422791E+04  1.0183512280178421E-19  8.4121809750865742E-20
  1.7792732737203271E+04  9.7302629935546205E-20  8.0517857709883975E-20
  1.7969996413162142E+04  9.2953708235543233E-20  7.7051908079368502E-20
  1.8149026114120050E+04  8.8781597921224747E-20  7.3719297458594204E-20
  1.8329839434455964E+04  8.4779768704897268E-20  7.0515500921088777E-20
  1.8512454143836367E+04  8.0941911172868430E-20  6.7436127367171048E-20
  1.8696888188961748E+04  7.7261925469307715E-20  6.4476912502011834E-20
  1.8883159695330083E+04  7.3733919078284731E-20  6.1633719283877727E-20
  1.9071286969018274E+04  7.0352201852222506E-20  5.8902536000400853E-20
  1.9261288498481299E+04  6.7111279330417987E-20  5.6279472824714514E-20
  1.9453182956368972E+04  6.4005846284088131E-20  5.3760758464824147E-20
  1.9646989201361132E+04  6.1030780480358429E-20  5.1342736904040194E-20
  1.9842726280021128E+04  5.8181136657314641E-20  4.9021864229860606E-20
  2.0040413428667409E+04  5.5452140702496184E-20  4.6794705548750574E-20
  2.0240070075264099E+04  5.2839184027505727E-20  4.4657931984329698E-20
  2.0441715841330410E+04  5.0337818131666376E-20  4.2608317756554298E-20
  2.0645370543868929E+04  4.7943749347939581E-20  4.0642737339549294E-20
  2.0851054197312849E+04  4.5652833744318753E-20  3.8758162678569982E-20
  2.1058787015493443E+04  4.3461071968495472E-20  3.6951660288062693E-20
  2.1268589413626338E+04  4.1364604634490818E-20  3.5220388743399204E-20
  2.1480482010317588E+04  3.9359707950900264E-20  3.3561596315451880E-20
  2.1694485629590512E+04  3.7442789279918529E-20  3.1972618485231124E-20
  2.1910621302931955E+04  3.5610382838401670E-20  3.0450875520603281E-20
  2.2128910271358905E+04  3.3859145540838167E-20  2.8993870117508534E-20
  2.2349373987506518E+04  3.2185852979126589E-20  2.7599185103764554E-20
  2.2572034117736101E+04  3.0587395534302339E-20  2.6264481203640779E-20
  2.2796912544264345E+04  2.9060774615476419E-20  2.4987494861396119E-20
  2.3024031367313917E+04  2.7603099021472777E-20  2.3766036122062353E-20
  2.3253412907285550E+04  2.6211581420790878E-20  2.2597986567787141E-20
  2.3485079706951292E+04  2.4883534955970047E-20  2.1481297316991032E-20
  2.3719054533670107E+04  2.3616370687117302E-20  2.0413987706680280E-20
  2.3955360381625484E+04  2.2407594705458261E-20  1.9394143652584495E-20
  2.4194020474084940E+04  2.1254803717957189E-20  1.8419914645844043E-20
  2.4435058265682470E+04  2.0155681970500552E-20  1.7489511865255490E-20
  2.4678497444723715E+04  1.9107998399396228E-20  1.6601206451072338E-20
  2.4924361935513673E+04  1.8109603871146894E-20  1.5753327821058869E-20
  2.5172675900708040E+04  1.7158428507545014E-20  1.4944262027682172E-20
  2.5423463743687982E+04  1.6252479093239856E-20  1.4172450155362985E-20
  2.5676750110958092E+04  1.5389836563038127E-20  1.3436386756742094E-20
  2.5932559894568727E+04  1.4568653566297373E-20  1.2734618326949566E-20
  2.6190918234562454E+04  1.3787152105869592E-20  1.2065741814898141E-20
  2.6451850521444401E+04  1.3043621249158284E-20  1.1428403170660095E-20
  2.6715382398677717E+04  1.2336414797670146E-20  1.0821295830374160E-20
  2.6981539765203866E+04  1.1663948833194403E-20  1.0243159067121389E-20
  2.7250348777987550E+04  1.1024700054395782E-20  9.6927770111359695E-21
  2.7521835854587494E+04  1.0417203870335868E-20  9.1689774354876058E-21
  2.7796027675752834E+04  9.8400524221830948E-21  8.6706304570340504E-21
  2.8072951188044855E+04  9.2918926656604896E-21  8.1966472696088766E-21
  2.8352633606485375E+04  8.7714245122604175E-21  7.7459789086258450E-21
  2.8635102417231516E+04  8.2773990273362668E-21  7.3176150463121083E-21
  2.8920385380276584E+04  7.8086166832522880E-21  6.9105828168105577E-21
  2.9208510532178399E+04  7.3639256658416556E-21  6.5239456704177694E-21
  2.9499506188814801E+04  6.9422202324947626E-21  6.1568022562525462E-21
  2.9793400948166076E+04  6.5424391202626399E-21  5.8082853326763191E-21
  3.0090223693125634E+04  6.1635640401886004E-21  5.4775607383958849E-21
  3.0390003594338643E+04  5.8046185358455626E-21  5.1638266726116196E-21
  3.0692770113068738E+04  5.4646662767033128E-21  4.8663124587472581E-21
  3.0998553004092955E+04  5.1428093734237416E-21  4.5842773122568698E-21
  3.1307382318626635E+04  4.8381870293592878E-21  4.3170093935578928E-21
  3.1619288407276410E+04  4.5499742361782126E-21  4.0638248875186437E-21
  3.1934301923022536E+04  4.2773805080271561E-21  3.8240671050866236E-21
  3.2252453824232132E+04  4.0196486531826415E-21  3.5971056066544158E-21
  3.2573775377701291E+04  3.7760535821837853E-21  3.3823353467760381E-21
  3.2898298161727413E+04  3.5459011514684137E-21  3.1791758398532581E-21
  3.3226054069213460E+04  3.3285270415706124E-21  2.9870703464238075E-21
  3.3557075310801789E+04  3.1232956689686551E-21  2.8054850796931810E-21
  3.3891394418039599E+04  2.9295991298743130E-21  2.6339084312149598E-21
  3.4229044246576173E+04  2.7468561398420382E-21  2.4718501836035575E-21
  3.4570057979392011E+04  2.5745110378777554E-21  2.3188407724135607E-21
  3.4914469130059522E+04  2.4120328831213024E-21  2.1744306230958361E-21
  3.5262311546036806E+04  2.2589145237976843E-21  2.0381894551064690E-21
  3.5613619411994296E+04  2.1146716905003454E-21  1.9097056002744952E-21
  3.5968427253173832E+04  1.9788421178213478E-21  1.7885853393888649E-21
  3.6326769938781952E+04  1.8509846935938482E-21  1.6744522566804238E-21
  3.6688682685416868E+04  1.7306786350351780E-21  1.5669466118824290E-21
  3.7054201060529005E+04  1.6175226910977940E-21  1.4657247295568285E-21
  3.7423360985916654E+04  1.5111343703559109E-21  1.3704584053798806E-21
  3.7796198741256514E+04  1.4111491937731328E-21  1.2808343290841599E-21
  3.8172750967668580E+04  1.3172199717177260E-21  1.1965535237619850E-21
  3.8553054671317375E+04  1.2290161310487021E-21  1.1173308252977707E-21
  3.8937147227049019E+04  1.1462230901306947E-21  1.0428944003655138E-21
  3.9325066382063815E+04  1.0685415150832823E-21  9.7298515145631940E-22
  3.9716850259626124E+04  9.9568667059025076E-22  9.0735620302806533E-22
  4.0112537362811236E+04  9.2738781389847051E-22  8.4577242248526713E-22
  4.0512166578288830E+04  8.6338760900821842E-22  7.8800995531375195E-22
  4.0915777180144840E+04  8.0344156056640181E-22  7.3385577413264444E-22
  4.1323408833741414E+04  7.4731746698261707E-22  6.8310724142552124E-22
  4.1735101599614623E+04  6.9479489229604405E-22  6.3557168571183085E-22
  4.2150895937411638E+04  6.4566465632844438E-22  5.9106599091844138E-22
  4.2570832709867282E+04  5.9972834266604754E-22  5.4941619871052859E-22
  4.2994953186819323E+04  5.5679782402032226E-22  5.1045712354017903E-22
  4.3423299049264584E+04  5.1669480413096902E-22  4.7403197980669074E-22
  4.3855912393455437E+04  4.7925037396237658E-22  4.3999201920692735E-22
  4.4292835735036402E+04  4.4430458910527537E-22  4.0819618481876219E-22
  4.4734112013222613E+04  4.1170606198607650E-22  3.7851077616208916E-22
  4.5179784595019977E+04  3.8131156739512998E-22  3.5080912399477519E-22
  4.5629897279486991E+04  3.5298566284417700E-22  3.2497127637284830E-22
  4.6084494302038518E+04  3.2660032335878393E-22  3.0088369573972234E-22
  4.6543620338794186E+04  3.0203459030362010E-22  2.7843896679625306E-22
  4.7007320510968479E+04  2.7917423384489437E-22  2.5753551490398801E-22
  4.7475640389304433E+04  2.5791142866005178E-22  2.3807733477401243E-22
  4.7948625998553376E+04  2.3814444251093773E-22  2.1997372919439599E-22
  4.8426323821997452E+04  2.1977733730284258E-22  2.0313905755008370E-22
  4.8908780806017283E+04  2.0271968240828846E-22  1.8749249402967917E-22
  4.9396044364706824E+04  1.8688628375801899E-22  1.7295779887205037E-22
  4.9888162384532348E+04  1.7219691915426567E-22  1.5946309387911668E-22
  5.0385183229038514E+04  1.5857607989109693E-22  1.4694064234069720E-22
  5.0887155743601477E+04  1.4595272895586914E-22  1.3532664300758593E-22
  5.1394129260229602E+04  1.3426006985364107E-22  1.2456103266177164E-22
  5.1906153602410988E+04  1.2343532538068340E-22  1.1458729673235908E-22
  5.2423279090010234E+04  1.1341952602476388E-22  1.0535228772864365E-22
  5.2945556544214029E+04  1.0415730767554902E-22  9.6806051263582915E-23
  5.3473037292525034E+04  9.5596718334178425E-23  8.8901659442867593E-23
  5.4005773173806461E+04  8.7689033516811013E-23  8.1595051396912783E-23
  5.4543816543376954E+04  8.0388580052799682E-23  7.4844880735438881E-23
  5.5087220278155197E+04  7.3652567985616032E-23  6.8612369708276725E-23
  5.5636037781856816E+04  6.7440932200108717E-23  6.2861171633700129E-23
  5.6190322990243025E+04  6.1716182310248324E-23  5.7557240288218895E-23
  5.6750130376420537E+04  5.6443251179922967E-23  5.2668697346230444E-23
  5.7315514956195373E+04  5.1589355694344349E-23  4.8165710563295309E-23
  5.7886532293479904E+04  4.7123865430707214E-23  4.4020378711264674E-23
  5.8463238505752794E+04  4.3018177727280483E-23  4.0206621910480590E-23
  5.9045690269574377E+04  3.9245598908424377E-23  3.6700077170639878E-23
  5.9633944826156963E+04  3.5781231428479652E-23  3.3477998954917150E-23
  6.0228059986989589E+04  3.2601866702961478E-23  3.0519164585058185E-23
  6.0828094139519853E+04  2.9685883401033847E-23  2.7803784308420095E-23
  6.1434106252892423E+04  2.7013150978855990E-23  2.5313415851343727E-23
  6.2046155883743559E+04  2.4564938239032229E-23  2.3030883286765426E-23
  6.2664303182054420E+04  2.2323826007455297E-23  2.0940199391615912E-23
  6.3288608897062921E+04  2.0273621312552536E-23  1.9026489064715418E-23
  6.3919134383232973E+04  1.8399284301219962E-23  1.7275924363697321E-23
  6.4555941606284759E+04  1.6686857129085083E-23  1.5675661105273847E-23
  6.5199093149284752E+04  1.5123394121903007E-23  1.4213776382625027E-23
  6.5848652218795411E+04  1.3696895865973651E-23  1.2879209509792330E-23
  6.6504682651087278E+04  1.2396247054426180E-23  1.1661706249985914E-23
  6.7167248918412981E+04  1.1211157909842736E-23  1.0551766177493409E-23
  6.7836416135342501E+04  1.0132109010325283E-23  9.5405930279216141E-24
  6.8512250065162807E+04  9.1502993525758528E-24  8.6200478964505094E-24
  6.9194817126341150E+04  8.2575974918925665E-24  7.7826051486648696E-24
  6.9884184399052188E+04  7.4464956051598932E-24  7.0213109133250464E-24
  7.0580419631769502E+04  6.7100663878788690E-24  6.3297440867717722E-24
  7.1283591247925287E+04  6.0419237508309732E-24  5.7019807734000675E-24
  7.1993768352633953E+04  5.4361841834067017E-24  5.1325592187216941E-24
  7.2711020739482628E+04  4.8874295505424439E-24  4.6164459655999236E-24
  7.3435418897391937E+04  4.3906738178684547E-24  4.1490055993588231E-24
  7.4167034017542552E+04  3.9413319345755058E-24  3.7259724222230243E-24
  7.4905938000370705E+04  3.5351906870319962E-24  3.3434238894465394E-24
  7.5652203462636069E+04  3.1683814183875504E-24  2.9977557164016823E-24
  7.6405903744557247E+04  2.8373545136151596E-24  2.6856585692937177E-24
  7.7167112917019171E+04  2.5388555535575821E-24  2.4040962555045992E-24
  7.7935905788852891E+04  2.2699030455855611E-24  2.1502853328654945E-24
  7.8712357914187916E+04  2.0277676424198577E-24  1.9216760603998838E-24
  7.9496545599876452E+04  1.8099527639884240E-24  1.7159346157539906E-24
  8.0288545912993126E+04  1.6141764003233698E-24  1.5309263742033376E-24
  8.1088436688409231E+04  1.4383542019781885E-24  1.3647003551372491E-24
  8.1896296536441107E+04  1.2805842261864437E-24  1.2154751906164330E-24
  8.2712204850576178E+04  1.1391324111842307E-24  1.0816257404512799E-24
  8.3536241815275964E+04  1.0124190326327575E-24  9.6167059832967327E-25
  8.4368488413855273E+04  8.9900614017771580E-25  8.5426049083261589E-25
  8.5209026436441476E+04  7.9758591231394619E-25  7.5816751410943926E-25
  8.6057938488013024E+04  7.0696987095915230E-25  6.7227515577274547E-25
  8.6915307996516582E+04  6.2607890024816529E-25  5.9556905226084758E-25
  8.7781219221066451E+04  5.5393401704497334E-25  5.2712843450540460E-25
  8.8655757260225859E+04  4.8964784353374852E-25  4.6611821723458315E-25
  8.9539008060369015E+04  4.3241673499679771E-25  4.1178168963944710E-25
  9.0431058424128219E+04  3.8151352595155936E-25  3.6343377452002799E-25
  9.1331996018924881E+04  3.3628086685051336E-25  3.2045483146756886E-25
  9.2241909385584266E+04  2.9612501716755575E-25  2.8228487802912308E-25
  9.3160887947037336E+04  2.6051016262416139E-25  2.4841829506639538E-25
  9.4089022017109572E+04  2.2895321028859372E-25  2.1839897380691748E-25
  9.5026402809395513E+04  2.0101900744858542E-25  1.9181585443611817E-25
  9.5973122446223468E+04  1.7631595373121352E-25  1.6829882840751520E-25
  9.6929273967709552E+04  1.5449197783798972E-25  1.4751497833725112E-25
  9.7894951340899934E+04  1.3523085203398650E-25  1.2916513092979111E-25
  9.8870249469007162E+04  1.1824881921553220E-25  1.1298069988982869E-25
  9.9855264200735517E+04  1.0329150898382780E-25  9.8720797212686657E-26
  1.0085009233970127E+05  9.0131120673631747E-26  8.6169592613055979E-26
  1.0185483165394675E+05  7.8563852476647093E-26  7.5133901909817014E-26
  1.0286958088554752E+05  6.8407554230771600E-26  6.5440983608386165E-26
  1.0389443976031679E+05  5.9499596116214776E-26  5.6936536889127984E-26
  1.0492950899760699E+05  5.1694930747712795E-26  4.9482880044492318E-26
  1.0597489032020661E+05  4.4864327272565544E-26  4.2957289409633474E-26
  1.0703068646433794E+05  3.8892767985455931E-26  3.7250490167363990E-26
  1.0809700118975410E+05  3.3677994133800490E-26  3.2265286693244133E-26
  1.0917393928993502E+05  2.9129188403046335E-26  2.7915320843990848E-26
  1.1026160660238669E+05  2.5165782490280441E-26  2.4123947432499335E-26
  1.1136011001904322E+05  2.1716379037302575E-26  2.0823216922786020E-26
  1.1246955749677042E+05  1.8717778003386601E-26  1.7952956120132358E-26
  1.1359005806797603E+05  1.6114098315827194E-26  1.5459938327776875E-26
  1.1472172185132584E+05  1.3855986348105190E-26  1.3297135096248481E-26
  1.1586466006256423E+05  1.1899903729226410E-26  1.1423042581281149E-26
  1.1701898502544477E+05  1.0207486769417360E-26  9.8010752935475882E-27
  1.1818481018276971E+05  8.7449703938502371E-27  8.3990205836320647E-27
  1.1936225010753713E+05  7.4826720632932787E-27  7.1885496713393287E-27
  1.2055142051420255E+05  6.3945294102075006E-27  6.1447793315430096E-27
  1.2175243827004924E+05  5.4576864081461582E-27  5.2458793787190142E-27
  1.2296542140667432E+05  4.6521234218302973E-27  4.4727215869503970E-27
  1.2419048913158917E+05  3.9603268837596353E-27  3.8085660525136214E-27
  1.2542776183993315E+05  3.3669947122810870E-27  3.2387813495341872E-27
  1.2667736112630650E+05  2.8587739274529119E-27  2.7505951472154513E-27
  1.2793940979672075E+05  2.4240272364777188E-27  2.3328722512825172E-27
  1.2921403188066628E+05  2.0526256515214708E-27  1.9759173039721514E-27
  1.3050135264330222E+05  1.7357644614757241E-27  1.6712996184134321E-27
  1.3180149859776779E+05  1.4658001294126566E-27  1.4116978573577398E-27
  1.3311459751761396E+05  1.2361060137039141E-27  1.1907625743619037E-27
  1.3444077844936145E+05  1.0409448016701422E-27  1.0029946214166474E-27
  1.3578017172518364E+05  8.7535588896194104E-28  8.4363775378576146E-28
  1.3713290897571357E+05  7.3505610313555963E-28  7.0858391782318453E-28
  1.3849912314298091E+05  6.1635230876542582E-28  5.9428983759070328E-28
  1.3987894849347786E+05  5.1606457735840044E-28  4.9770365337100126E-28
  1.4127252063135276E+05  4.3145873833881271E-28  4.1620049039788470E-28
  1.4267997651173742E+05  3.6018724842333618E-28  3.4752595019252453E-28
  1.4410145445420759E+05  3.0023742672008512E-28  2.8974662064840510E-28
  1.4553709415637446E+05  2.4988620272614930E-28  2.4120679524032308E-28
  1.4698703670761586E+05  2.0766061522216171E-28  2.0049067753039999E-28
  1.4845142460294007E+05  1.7230338448563013E-28  1.6638942700152631E-28
  1.4993040175699050E+05  1.4274294008690325E-28  1.3787245858201472E-28
  1.5142411351819002E+05  1.1806737369479817E-28  1.1406249112097466E-28
  1.5293270668302348E+05  9.7501840597107802E-29  9.4213891398795082E-29
  1.5445632951046524E+05  8.0388979262571591E-29  7.7693903355887593E-29
  1.5599513173655033E+05  6.6171971914106801E-29  6.3966403195993469E-29
  1.5754926458908830E+05  5.4379912687923466E-29  5.2577862415303579E-29
  1.5911888080252605E+05  4.4615188890112371E-29  4.3145237794769987E-29
  1.6070413463295912E+05  3.6542615665442477E-29  3.5345540473420409E-29
  1.6230518187328943E+05  2.9880095449731165E-29  2.8906865758192481E-29
  1.6392217986853694E+05  2.4390601245850707E-29  2.3600691657264468E-29
  1.6555528753130409E+05  1.9875307372590979E-29  1.9235277557580811E-29
  1.6720466535739097E+05  1.6167713187101085E-29  1.5650015287156464E-29
  1.6887047544156938E+05  1.3128624651509354E-29  1.2710603268653004E-29
  1.7055288149351385E+05  1.0641875755323754E-29  1.0304930820889954E-29
  1.7225204885388847E+05  8.6106869475015599E-30  8.3395741164800071E-30
  1.7396814451059685E+05  6.9545710854677702E-30  6.7368180548220727E-30
  1.7570133711519427E+05  5.6067091635281637E-30  5.4321295404513924E-30
  1.7745179699945959E+05  4.5117284129133219E-30  4.3720175307741069E-30
  1.7921969619213766E+05  3.6238244266749855E-30  3.5122238827507376E-30
  1.8100520843584326E+05  2.9051768963136436E-30  2.8161966192199211E-30
  1.8280850920413673E+05  2.3246154808408033E-30  2.2538038732046889E-30
  1.8462977571877037E+05  1.8564983778248006E-30  1.8002525617349279E-30
  1.8646918696710243E+05  1.4797714329070943E-30  1.4351808873788012E-30