 #p(MeV) \t \delta f_\\nu \t \delta f_\\nubar
  1.7522722713661004E-01  2.6826314490451220E-01  1.6287612977210526E-05
  1.7697296360492518E-01  2.6776655370809133E-01  1.6150971536963116E-05
  1.7873609232367191E-01  2.6734024480528862E-01  1.6015298035857775E-05
  1.8051678656664089E-01  2.6702701728591621E-01  1.5880590258624049E-05
  1.8231522133389741E-01  2.6668531179518862E-01  1.5746846473045559E-05
  1.8413157336898042E-01  2.6614840764036096E-01  1.5614065311425616E-05
  1.8596602117627165E-01  2.6561112679313553E-01  1.5482245627509992E-05
  1.8781874503853860E-01  2.6506202800093975E-01  1.5351386505018924E-05
  1.8968992703465237E-01  2.6461048484704974E-01  1.5221487344133546E-05
  1.9157975105748104E-01  2.6416854810377421E-01  1.5092547532196239E-05
  1.9348840283196264E-01  2.6372878084235551E-01  1.4964565768507309E-05
  1.9541606993335708E-01  2.6324606673655898E-01  1.4837539473980465E-05
  1.9736294180568034E-01  2.6279296679281700E-01  1.4711464521397317E-05
  1.9932920978032292E-01  2.6230140818586040E-01  1.4586335272559524E-05
  2.0131506709485228E-01  2.6183301967449829E-01  1.4462144799999432E-05
  2.0332070891200441E-01  2.6142438799981688E-01  1.4338885165652631E-05
  2.0534633233886293E-01  2.6097610979864522E-01  1.4216547683179899E-05
  2.0739213644623045E-01  2.6057080283782341E-01  1.4095123122517201E-05
  2.0945832228819275E-01  2.6012457374235726E-01  1.3974601945548755E-05
  2.1154509292187695E-01  2.5968753538227352E-01  1.3854974464983784E-05
  2.1365265342740802E-01  2.5925018270451627E-01  1.3736230643636858E-05
  2.1578121092806254E-01  2.5876789693100027E-01  1.3618359996071077E-05
  2.1793097461062441E-01  2.5825036545317104E-01  1.3501351950189541E-05
  2.2010215574594325E-01  2.5773198004819842E-01  1.3385196428708524E-05
  2.2229496770969642E-01  2.5725215833714332E-01  1.3269884311686967E-05
  2.2450962600335994E-01  2.5683932046536739E-01  1.3155407640838318E-05
  2.2674634827538623E-01  2.5642311298172188E-01  1.3041759587890004E-05
  2.2900535434259409E-01  2.5601882464275627E-01  1.2928934297989427E-05
  2.3128686621177194E-01  2.5551516780509115E-01  1.2816926695800239E-05
  2.3359110810149503E-01  2.5498539815629251E-01  1.2705732309399802E-05
  2.3591830646416165E-01  2.5451111706946383E-01  1.2595347082336395E-05
  2.3826869000824724E-01  2.5400736410706343E-01  1.2485767152344415E-05
  2.4064248972078148E-01  2.5355830881491453E-01  1.2376988927511564E-05
  2.4303993889004905E-01  2.5312739406205764E-01  1.2269009371321457E-05
  2.4546127312851554E-01  2.5268949017875314E-01  1.2161826061821169E-05
  2.4790673039598374E-01  2.5222532279032089E-01  1.2055436948321332E-05
  2.5037655102297818E-01  2.5184623344655138E-01  1.1949839999970072E-05
  2.5287097773436473E-01  2.5141820450157548E-01  1.1845032922015631E-05
  2.5539025567320489E-01  2.5098442824792666E-01  1.1741013018897148E-05
  2.5793463242484665E-01  2.5051779878619090E-01  1.1637777176590856E-05
  2.6050435804125699E-01  2.5002457118027815E-01  1.1535321907870240E-05
  2.6309968506559611E-01  2.4957730181535709E-01  1.1433643419075916E-05
  2.6572086855703569E-01  2.4913074164716983E-01  1.1332737679048254E-05
  2.6836816611582631E-01  2.4862143144040716E-01  1.1232600500928110E-05
  2.7104183790861219E-01  2.4819071768331027E-01  1.1133227586618842E-05
  2.7374214669400054E-01  2.4774341578180226E-01  1.1034614584920254E-05
  2.7646935784838367E-01  2.4727619588840552E-01  1.0936757304864313E-05
  2.7922373939201955E-01  2.4684959713321789E-01  1.0839652034304712E-05
  2.8200556201537219E-01  2.4640449541465462E-01  1.0743295796445279E-05
  2.8481509910571340E-01  2.4594114541391549E-01  1.0647686448043740E-05
  2.8765262677399062E-01  2.4546026056407799E-01  1.0552822625196259E-05
  2.9051842388196231E-01  2.4501722929274788E-01  1.0458703598596897E-05
  2.9341277206960303E-01  2.4459908879016676E-01  1.0365329104404698E-05
  2.9633595578278260E-01  2.4419936252811261E-01  1.0272699189006271E-05
  2.9928826230121930E-01  2.4374478921380349E-01  1.0180814083057583E-05
  3.0226998176671410E-01  2.4332373024004320E-01  1.0089674116888124E-05
  3.0528140721166347E-01  2.4284397101782221E-01  9.9992796294163309E-06
  3.0832283458785803E-01  2.4234052023644959E-01  9.9096306902074630E-06
  3.1139456279556799E-01  2.4185854502479676E-01  9.8207265923426661E-06
  3.1449689371291717E-01  2.4138698870982575E-01  9.7325653174454479E-06
  3.1763013222555092E-01  2.4105548603946131E-01  9.6451432125020888E-06
  3.2079458625659951E-01  2.4061960459150794E-01  9.5584549672672760E-06
  3.2399056679693861E-01  2.4016530750096213E-01  9.4724938255503693E-06
  3.2721838793575381E-01  2.3963755201631914E-01  9.3872519067567508E-06
  3.3047836689140642E-01  2.3919925369329276E-01  9.3027205340129410E-06
  3.3377082404261033E-01  2.3866435917530388E-01  9.2188905149127636E-06
  3.3709608295991617E-01  2.3825848628119137E-01  9.1357523609864874E-06
  3.4045447043751120E-01  2.3781419218614280E-01  9.0532964535452071E-06
  3.4384631652533593E-01  2.3734027010299938E-01  8.9715132035736989E-06
  3.4727195456151932E-01  2.3692419540372492E-01  8.8903933718458389E-06
  3.5073172120513829E-01  2.3651533105456868E-01  8.8099285495166802E-06
  3.5422595646930422E-01  2.3614362667196928E-01  8.7301115749724814E-06
  3.5775500375457658E-01  2.3568728158009020E-01  8.6509367077520034E-06
  3.6131920988271260E-01  2.3524415529707687E-01  8.5723995410503436E-06
  3.6491892513075036E-01  2.3477693019347265E-01  8.4944967502690829E-06
  3.6855450326543410E-01  2.3432872656076684E-01  8.4172257902741789E-06
  3.7222630157797976E-01  2.3389323872592521E-01  8.3405846216222967E-06
  3.7593468091918858E-01  2.3342524748621518E-01  8.2645714985084419E-06
  3.7968000573491145E-01  2.3301980060959138E-01  8.1891848178220545E-06
  3.8346264410186343E-01  2.3257708850422987E-01  8.1144230098122628E-06
  3.8728296776379778E-01  2.3213744052526200E-01  8.0402844276752168E-06
  3.9114135216804047E-01  2.3166192478631115E-01  7.9667671074912129E-06
  3.9503817650238587E-01  2.3121324719596054E-01  7.8938684104901571E-06
  3.9897382373236401E-01  2.3075307061599834E-01  7.8215847980622856E-06
  4.0294868063887479E-01  2.3031793125372182E-01  7.7499118889284676E-06
  4.0696313785620175E-01  2.2989335751739473E-01  7.6788447359242292E-06
  4.1101758991040033E-01  2.2948790891706178E-01  7.6083781650667565E-06
  4.1511243525807079E-01  2.2910350203577601E-01  7.5385070519032668E-06
  4.1924807632551836E-01  2.2866977370685382E-01  7.4692264887574719E-06
  4.2342491954830042E-01  2.2822639024805649E-01  7.4005318551111889E-06
  4.2764337541117015E-01  2.2776094763434476E-01  7.3324188246537265E-06
  4.3190385848841845E-01  2.2725879880584263E-01  7.2648833445763850E-06
  4.3620678748461489E-01  2.2679250369914838E-01  7.1979216233860949E-06
  4.4055258527575847E-01  2.2630352891411637E-01  7.1315302095836091E-06
  4.4494167895083436E-01  2.2588520129888714E-01  7.0657061686771244E-06
  4.4937449985378847E-01  2.2547248560061425E-01  7.0004471400560789E-06
  4.5385148362591671E-01  2.2503233511983589E-01  6.9357511200838693E-06
  4.5837307024867924E-01  2.2468485240868280E-01  6.8716160493000594E-06
  4.6293970408694030E-01  2.2425010239760385E-01  6.8080393903163454E-06
  4.6755183393263794E-01  2.2382667887501287E-01  6.7450178458956781E-06
  4.7220991304889004E-01  2.2339940676550954E-01  6.6825472663671948E-06
  4.7691439921453993E-01  2.2295973247970505E-01  6.6206226985274107E-06
  4.8166575476914392E-01  2.2249767243683169E-01  6.5592385104947815E-06
  4.8646444665841004E-01  2.2203840385786261E-01  6.4983885383788296E-06
  4.9131094648008572E-01  2.2163783611091256E-01  6.4380662168782780E-06
  4.9620573053030664E-01  2.2120428687802032E-01  6.3782646443059251E-06
  5.0114927985040392E-01  2.2074992211332453E-01  6.3189765647446971E-06
  5.0614208027417951E-01  2.2028738258010339E-01  6.2601944262898315E-06
  5.1118462247565299E-01  2.1984624390598873E-01  6.2019106708655938E-06
  5.1627740201728178E-01  2.1944455806122234E-01  6.1441182085219148E-06
  5.2142091939866375E-01  2.1901704648187995E-01  6.0868108968938667E-06
  5.2661568010572557E-01  2.1863839810786062E-01  6.0299838654051639E-06
  5.3186219466039819E-01  2.1823913734909919E-01  5.9736336010086737E-06
  5.3716097867078993E-01  2.1781717651747978E-01  5.9177578456425912E-06
  5.4251255288185896E-01  2.1732567121188409E-01  5.8623553940551704E-06
  5.4791744322658975E-01  2.1680333644843811E-01  5.8074258625658355E-06
  5.5337618087767948E-01  2.1631246343902721E-01  5.7529694750239525E-06
  5.5888930229973977E-01  2.1586758221244276E-01  5.6989869045303010E-06
  5.6445734930201996E-01  2.1547804142041041E-01  5.6454792114160766E-06
  5.7008086909165190E-01  2.1512341661953960E-01  5.5924478052703895E-06
  5.7576041432742830E-01  2.1475488142106045E-01  5.5398942859347708E-06
  5.8149654317411725E-01  2.1434862444262057E-01  5.4878201250516329E-06
  5.8728981935731472E-01  2.1393341774036162E-01  5.4362262780687676E-06
  5.9314081221884607E-01  2.1345163434355005E-01  5.3851128464590052E-06
  5.9905009677271959E-01  2.1299087411729142E-01  5.3344789040562236E-06
  6.0501825376163632E-01  2.1258279814856793E-01  5.2843224995653114E-06
  6.1104586971406250E-01  2.1216259563108184E-01  5.2346407684503330E-06
  6.1713353700187223E-01  2.1173123342683675E-01  5.1854300959447204E-06
  6.2328185389856405E-01  2.1130970995820456E-01  5.1366862867195993E-06
  6.2949142463805619E-01  2.1086372920808422E-01  5.0884047089706633E-06
  6.3576285947406774E-01  2.1044183684728943E-01  5.0405803596660729E-06
  6.4209677474009497E-01  2.1005205669713967E-01  4.9932078338935467E-06
  6.4849379290997933E-01  2.0962672995617643E-01  4.9462812920106361E-06
  6.5495454265908248E-01  2.0920522085908025E-01  4.8997945200107274E-06
  6.6147965892607208E-01  2.0875406666720497E-01  4.8537411005892658E-06
  6.6806978297531960E-01  2.0829809295007559E-01  4.8081146519290398E-06
  6.7472556245992077E-01  2.0790069703819525E-01  4.7629090478609006E-06
  6.8144765148534581E-01  2.0746853868594847E-01  4.7181185465516047E-06
  6.8823671067372327E-01  2.0703998948118940E-01  4.6737378384189739E-06
  6.9509340722876090E-01  2.0662060299874616E-01  4.6297620350511631E-06
  7.0201841500131779E-01  2.0619015847534686E-01  4.5861866245466386E-06
  7.0901241455562880E-01  2.0580358662022044E-01  4.5430074151063957E-06
  7.1607609323618560E-01  2.0542256426082570E-01  4.5002205012468265E-06
  7.2321014523528726E-01  2.0500022141540575E-01  4.4578222982505499E-06
  7.3041527166126441E-01  2.0455388131005037E-01  4.4158096103906288E-06
  7.3769218060737984E-01  2.0409996342321834E-01  4.3741796526884513E-06
  7.4504158722141722E-01  2.0364326180634654E-01  4.3329299828193716E-06
  7.5246421377596373E-01  2.0321720941520743E-01  4.2920583533916553E-06
  7.5996078973939374E-01  2.0277624048215875E-01  4.2515625332806589E-06
  7.6753205184755546E-01  2.0236228392469685E-01  4.2114401693389516E-06
  7.7517874417617594E-01  2.0196982978786815E-01  4.1716887067806481E-06
  7.8290161821398796E-01  2.0156266050298985E-01  4.1323053618794138E-06
  7.9070143293657991E-01  2.0118499558145142E-01  4.0932871322916874E-06
  7.9857895488098762E-01  2.0077921628399378E-01  4.0546308285787731E-06
  8.0653495822102683E-01  2.0039679800631247E-01  4.0163331124218925E-06
  8.1457022484337538E-01  1.9999629061595273E-01  3.9783905148553889E-06
  8.2268554442441355E-01  1.9955890644723709E-01  3.9407994429343831E-06
  8.3088171450783144E-01  1.9912593111278901E-01  3.9035562207100129E-06
  8.3915954058300923E-01  1.9866103249443878E-01  3.8666571887813929E-06
  8.4751983616417625E-01  1.9822590452035291E-01  3.8300988471281414E-06
  8.5596342287036042E-01  1.9778387368220629E-01  3.7938780045440159E-06
  8.6449113050613613E-01  1.9738374803994557E-01  3.7579918789623262E-06
  8.7310379714317077E-01  1.9698968249483204E-01  3.7224381286316218E-06
  8.8180226920258931E-01  1.9655810133799897E-01  3.6872148288368999E-06
  8.9058740153815830E-01  1.9615579503859820E-01  3.6523204138105614E-06
  8.9946005752029734E-01  1.9570154388611458E-01  3.6177536039859775E-06
  9.0842110912092444E-01  1.9528829281549065E-01  3.5835133301164517E-06
  9.1747143699915568E-01  1.9484496361361087E-01  3.5495986676052726E-06
  9.2661193058785041E-01  1.9442745268266701E-01  3.5160087944296378E-06
  9.3584348818102059E-01  1.9406208098925387E-01  3.4827429707806103E-06
  9.4516701702211270E-01  1.9371369627746263E-01  3.4498005311674803E-06
  9.5458343339317009E-01  1.9331848831419768E-01  3.4171808772572685E-06
  9.6409366270487828E-01  1.9293819336314089E-01  3.3848834567174493E-06
  9.7369863958751324E-01  1.9250854407051177E-01  3.3529077360525188E-06
  9.8339930798279340E-01  1.9207896988083836E-01  3.3212531837258310E-06
  9.9319662123664698E-01  1.9163466237632487E-01  3.2899192551716433E-06
  1.0030915421928999E+00  1.9120319937117150E-01  3.2589053803890730E-06
  1.0130850432879057E+00  1.9077661236434676E-01  3.2282109554633777E-06
  1.0231781066461105E+00  1.9035826789470031E-01  3.1978353381165202E-06
  1.0333717241765712E+00  1.8994842864502001E-01  3.1677778443851404E-06
  1.0436668976704382E+00  1.8953246267951118E-01  3.1380377805637408E-06
  1.0540646388994095E+00  1.8912650078647317E-01  3.1086146268892166E-06
  1.0645659697151597E+00  1.8874369000708480E-01  3.0795084614906095E-06
  1.0751719221497666E+00  1.8834699946619557E-01  3.0507205805967529E-06
  1.0858835385171359E+00  1.8793237589465617E-01  3.0222541542650122E-06
  1.0967018715154357E+00  1.8754340760741345E-01  2.9941147238535547E-06
  1.1076279843305479E+00  1.8713560336896631E-01  2.9663104095365245E-06
  1.1186629507405605E+00  1.8672451671397447E-01  2.9388518095896488E-06
  1.1298078552212916E+00  1.8629821958225132E-01  2.9117516662595762E-06
  1.1410637930528651E+00  1.8589570719090556E-01  2.8850244104644372E-06
  1.1524318704273551E+00  1.8547602891466172E-01  2.8586856859826034E-06
  1.1639132045574971E+00  1.8506590463724662E-01  2.8327519203637823E-06
  1.1755089237864813E+00  1.8460681814281535E-01  2.8072399671947323E-06
  1.1872201676988443E+00  1.8422796286382789E-01  2.7821667581992231E-06
  1.1990480872324631E+00  1.8384151018848527E-01  2.7575488933966673E-06
  1.2109938447916662E+00  1.8343868341693456E-01  2.7334021512687985E-06
  1.2230586143614646E+00  1.8304452357292372E-01  2.7097409607567651E-06
  1.2352435816229341E+00  1.8266769531042190E-01  2.6865779018323937E-06
  1.2475499440697371E+00  1.8227110830450863E-01  2.6639234327056503E-06
  1.2599789111258053E+00  1.8186901506813366E-01  2.6417858822665863E-06
  1.2725317042641990E+00  1.8140373041689678E-01  2.6201716312454236E-06
  1.2852095571271525E+00  1.8100788124835160E-01  2.5990854141272828E-06
  1.2980137156473055E+00  1.8059728775592176E-01  2.5785306681709408E-06
  1.3109454381701531E+00  1.8016082278504655E-01  2.5585098671322066E-06
  1.3240059955777115E+00  1.7979494580194350E-01  2.5390248178309557E-06
  1.3371966714134138E+00  1.7937419015724534E-01  2.5200770722157775E-06
  1.3505187620082506E+00  1.7903274592594426E-01  2.5016687422490980E-06
  1.3639735766081726E+00  1.7865342613357424E-01  2.4838038634446686E-06
  1.3775624375027571E+00  1.7823800713125387E-01  2.4664901854342826E-06
  1.3912866801551551E+00  1.7787014975538259E-01  2.4497410551707796E-06
  1.4051476533333374E+00  1.7745428630188764E-01  2.4335769090225754E-06
  1.4191467192426499E+00  1.7706208165696441E-01  2.4180260111741563E-06
  1.4332852536596801E+00  1.7667661197649426E-01  2.4031244032431557E-06
  1.4475646460674660E+00  1.7627598635556854E-01  2.3889152225024249E-06
  1.4619862997920521E+00  1.7587895998002884E-01  2.3754476596138028E-06
  1.4765516321404004E+00  1.7546809481299791E-01  2.3627758254625151E-06
  1.4912620745396745E+00  1.7510948623719896E-01  2.3509577312162984E-06
  1.5061190726779232E+00  1.7474702775641446E-01  2.3400544161109555E-06
  1.5211240866461522E+00  1.7437303414620056E-01  2.3301290232065472E-06
  1.5362785910818157E+00  1.7400146653521426E-01  2.3212456626893478E-06
  1.5515840753137402E+00  1.7364869432648294E-01  2.3134680071712282E-06
  1.5670420435084917E+00  1.7328159111718164E-01  2.3068576459303008E-06
  1.5826540148181967E+00  1.7294436568455784E-01  2.3014725057112252E-06
  1.5984215235298387E+00  1.7259412378512776E-01  2.2973660159037019E-06
  1.6143461192160471E+00  1.7224768197465162E-01  2.2945870061619448E-06
  1.6304293668873773E+00  1.7187998168684798E-01  2.2931802393647573E-06
  1.6466728471461163E+00  1.7152519589076956E-01  2.2931874208062920E-06
  1.6630781563416221E+00  1.7114164041563171E-01  2.2946484616947207E-06
  1.6796469067272024E+00  1.7076805904781200E-01  2.2976027979276266E-06
  1.6963807266185622E+00  1.7039023303730325E-01  2.3020905813487798E-06
  1.7132812605538283E+00  1.7002043091545030E-01  2.3081535815027448E-06
  1.7303501694551715E+00  1.6964152685897935E-01  2.3158355945587903E-06
  1.7475891307920317E+00  1.6933792059156644E-01  2.3251822841963569E-06
  1.7649998387459740E+00  1.6902032352464411E-01  2.3362405914132150E-06
  1.7825840043771912E+00  1.6872741131670693E-01  2.3490580425025494E-06
  1.8003433557926571E+00  1.6841880560543834E-01  2.3636819039429205E-06
  1.8182796383159530E+00  1.6812577084361882E-01  2.3801584983549899E-06
  1.8363946146588028E+00  1.6777363463070524E-01  2.3985329894539268E-06
  1.8546900650943008E+00  1.6746920718143921E-01  2.4188496381704678E-06
  1.8731677876318638E+00  1.6710973636949422E-01  2.4411524100114608E-06
  1.8918295981939439E+00  1.6680690094461678E-01  2.4654857708043812E-06
  1.9106773307944864E+00  1.6647331880787095E-01  2.4918955005815428E-06
  1.9297128377191630E+00  1.6613283236169130E-01  2.5204293087731904E-06
  1.9489379897074195E+00  1.6581914539119230E-01  2.5511368908617216E-06
  1.9683546761363200E+00  1.6550357567622700E-01  2.5840690683176301E-06
  1.9879648052062182E+00  1.6520176262698585E-01  2.6192758594442762E-06
  2.0077703041283126E+00  1.6487305228920418E-01  2.6568037190079322E-06
  2.0277731193140176E+00  1.6456297821557253E-01  2.6966920913816148E-06
  2.0479752165662632E+00  1.6426651339585879E-01  2.7389696912012311E-06
  2.0683785812726980E+00  1.6394967510455921E-01  2.7836513245128037E-06
  2.0889852186007798E+00  1.6362056784557563E-01  2.8307356665046269E-06
  2.1097971536948585E+00  1.6331994368174735E-01  2.8802040670904441E-06
  2.1308164318751914E+00  1.6300677555320447E-01  2.9320201857797551E-06
  2.1520451188389442E+00  1.6266114404521731E-01  2.9861300889343281E-06
  2.1734853008632120E+00  1.6234118705179260E-01  3.0424625054159227E-06
  2.1951390850100441E+00  1.6200668523763459E-01  3.1009291847838674E-06
  2.2170085993335129E+00  1.6170512085283278E-01  3.1614252924152843E-06
  2.2390959930888634E+00  1.6138548101982150E-01  3.2238300407432122E-06
  2.2614034369437293E+00  1.6107556991516997E-01  3.2880081773452833E-06
  2.2839331231914488E+00  1.6076760311274968E-01  3.3538122733924697E-06
  2.3066872659665307E+00  1.6045484746046534E-01  3.4210844955332326E-06
  2.3296681014622425E+00  1.6009473204058325E-01  3.4896581103515294E-06
  2.3528778881503709E+00  1.5980066268280951E-01  3.5593585375217075E-06
  2.3763189070031885E+00  1.5943325854603260E-01  3.6300036434490877E-06
  2.3999934617176129E+00  1.5908072289506334E-01  3.7014032081407739E-06
  2.4239038789415943E+00  1.5874099519647519E-01  3.7733577321762156E-06
  2.4480525085027991E+00  1.5838962178599730E-01  3.8456569415627685E-06
  2.4724417236395091E+00  1.5804635915731791E-01  3.9180783657161579E-06
  2.4970739212338695E+00  1.5770685627553446E-01  3.9903865959047927E-06
  2.5219515220474600E+00  1.5737738383227215E-01  4.0623337410301073E-06
  2.5470769709591670E+00  1.5703843095984446E-01  4.1336613100478645E-06
  2.5724527372054840E+00  1.5665350477665044E-01  4.2041034504345259E-06
  2.5980813146231694E+00  1.5634327409475252E-01  4.2733921447914014E-06
  2.6239652218943244E+00  1.5606209095943929E-01  4.3412635178306064E-06
  2.6501070027939342E+00  1.5568940319438737E-01  4.4074639152730294E-06
  2.6765092264398525E+00  1.5542661019721624E-01  4.4717547143863071E-06
  2.7031744875452803E+00  1.5509589885439828E-01  4.5339151709360126E-06
  2.7301054066737764E+00  1.5477063697803595E-01  4.5937431649987654E-06
  2.7573046304967921E+00  1.5444585970355068E-01  4.6510543204091835E-06
  2.7847748320537655E+00  1.5410336631593652E-01  4.7056800700076017E-06
  2.8125187110148371E+00  1.5375327401039765E-01  4.7574655339880495E-06
  2.8405389939461516E+00  1.5340681415853738E-01  4.8062680278260115E-06
  2.8688384345778108E+00  1.5305440709433862E-01  4.8519563919960516E-06
  2.8974198140745142E+00  1.5269006706782087E-01  4.8944102367865467E-06
  2.9262859413088713E+00  1.5234376737217978E-01  4.9335207300487492E-06
  2.9554396531374412E+00  1.5197625450715135E-01  4.9691934702389396E-06
  2.9848838146795549E+00  1.5159250942942798E-01  5.0013516159761797E-06
  3.0146213195988536E+00  1.5126817830429148E-01  5.0299385703059371E-06
  3.0446550903876841E+00  1.5092740257579093E-01  5.0549197030917342E-06
  3.0749880786543287E+00  1.5059563761164033E-01  5.0762828044110091E-06
  3.1056232654130387E+00  1.5028578887875310E-01  5.0940373223094528E-06
  3.1365636613770316E+00  1.4999589513754524E-01  5.1082126719059580E-06
  3.1678123072543611E+00  1.4963998710257428E-01  5.1188559824638166E-06
  3.1993722740467354E+00  1.4933111192587184E-01  5.1260298272733591E-06
  3.2312466633513450E+00  1.4901781072050246E-01  5.1298101246825920E-06
  3.2634386076656643E+00  1.4867912136692338E-01  5.1302836108473585E-06
  3.2959512706952956E+00  1.4833633515854489E-01  5.1275451833187713E-06
  3.3287878476649033E+00  1.4798570661425753E-01  5.1216964674141996E-06
  3.3619515656322188E+00  1.4764180880607489E-01  5.1128445996691248E-06
  3.3954456838051748E+00  1.4730477556575330E-01  5.1011010014325025E-06
  3.4292734938622300E+00  1.4694232796570697E-01  5.0865802743971432E-06
  3.4634383202758494E+00  1.4660273470762114E-01  5.0693993406234085E-06
  3.4979435206392133E+00  1.4628460170840862E-01  5.0496768816379967E-06
  3.5327924859962097E+00  1.4594797252540825E-01  5.0275330150400551E-06
  3.5679886411746828E+00  1.4560012915506446E-01  5.0030891063300579E-06
  3.6035354451229979E+00  1.4526221547923573E-01  4.9764675358343997E-06
  3.6394363912500141E+00  1.4492136993915941E-01  4.9477912856096663E-06
  3.6756950077683563E+00  1.4456998340075089E-01  4.9171833186282799E-06
  3.7123148580411769E+00  1.4424484820169564E-01  4.8847657656989280E-06
  3.7492995409323728E+00  1.4388673896973103E-01  4.8506587485337221E-06
  3.7866526911602181E+00  1.4356819264592147E-01  4.8149790747703203E-06
  3.8243779796546145E+00  1.4322546579083731E-01  4.7778390797654088E-06
  3.8624791139178409E+00  1.4290517784281548E-01  4.7393458144630603E-06
  3.9009598383889004E+00  1.4257501212423146E-01  4.6996007216410441E-06
  3.9398239348115345E+00  1.4223954612701736E-01  4.6586998196333963E-06
  3.9790752226058657E+00  1.4193636783670299E-01  4.6167342790452906E-06
  4.0187175592437470E+00  1.4160370041671794E-01  4.5737912451120019E-06
  4.0587548406278806E+00  1.4127160113130091E-01  4.5299546639592718E-06
  4.0991910014746828E+00  1.4092590798114774E-01  4.4853059155681707E-06
  4.1400300157009609E+00  1.4057828515063764E-01  4.4399242074679364E-06
  4.1812758968144799E+00  1.4024575668916520E-01  4.3938868615781941E-06
  4.2229326983083810E+00  1.3990766731931317E-01  4.3472691096576833E-06
  4.2650045140595356E+00  1.3958312867602729E-01  4.3001433755857530E-06
  4.3074954787308961E+00  1.3923392028440762E-01  4.2525783804061901E-06
  4.3504097681778271E+00  1.3888712802521513E-01  4.2046382201475528E-06
  4.3937515998584775E+00  1.3857284754661442E-01  4.1563816026345866E-06
  4.4375252332482855E+00  1.3820739471107171E-01  4.1078614316990957E-06
  4.4817349702585689E+00  1.3789996662300183E-01  4.0591248300842259E-06
  4.5263851556592822E+00  1.3754774824635491E-01  4.0102135935921885E-06
  4.5714801775060563E+00  1.3722677979199552E-01  3.9611649661423029E-06
  4.6170244675713832E+00  1.3691069754546911E-01  3.9120124987014502E-06
  4.6630225017801745E+00  1.3658719025624186E-01  3.8627868795393373E-06
  4.7094788006496753E+00  1.3625889702199845E-01  3.8135170640558106E-06
  4.7563979297336578E+00  1.3591920392477752E-01  3.7642313794018209E-06
  4.8037845000711590E+00  1.3557488046881894E-01  3.7149579060317205E-06
  4.8516431686396215E+00  1.3526937893873456E-01  3.6657247793733163E-06
  4.8999786388125459E+00  1.3496080046979325E-01  3.6165605392256393E-06
  4.9487956608217516E+00  1.3464158207324045E-01  3.5674944610936105E-06
  4.9980990322241965E+00  1.3430430302880023E-01  3.5185567863811939E-06
  5.0478935983734488E+00  1.3398159987144079E-01  3.4697787855956169E-06
  5.0981842528959014E+00  1.3365728417461117E-01  3.4211926324823458E-06
  5.1489759381716853E+00  1.3331691058158693E-01  3.3728310877764344E-06
  5.2002736458203680E+00  1.3298977426311789E-01  3.3247270830309483E-06
  5.2520824171915477E+00  1.3263757411009836E-01  3.2769132699276413E-06
  5.3044073438602801E+00  1.3228665801157713E-01  3.2294214137998515E-06
  5.3572535681274474E+00  1.3196120495646160E-01  3.1822815408637423E-06
  5.4106262835251524E+00  1.3158321069397189E-01  3.1355214641515565E-06
  5.4645307353271022E+00  1.3127132428815619E-01  3.0891664553818966E-06
  5.5189722210640815E+00  1.3093475237258151E-01  3.0432388870620486E-06
  5.5739560910446242E+00  1.3062687453646524E-01  2.9977579063919504E-06
  5.6294877488807558E+00  1.3030187116059413E-01  2.9527392252050320E-06
  5.6855726520190748E+00  1.2997615461483669E-01  2.9081950979197053E-06
  5.7422163122771206E+00  1.2961339691344906E-01  2.8641345075084376E-06
  5.7994242963849834E+00  1.2932110607817129E-01  2.8205635582486057E-06
  5.8572022265324408E+00  1.2898620581882778E-01  2.7774859795738214E-06
  5.9155557809214692E+00  1.2865778036387521E-01  2.7349036328828683E-06
  5.9744906943242562E+00  1.2835927360819507E-01  2.6928170274864585E-06
  6.0340127586468260E+00  1.2801462480433781E-01  2.6512260687714389E-06
  6.0941278234982317E+00  1.2769943741396930E-01  2.6101304710858505E-06
  6.1548417967654130E+00  1.2732499138630893E-01  2.5695297829429128E-06
  6.2161606451938392E+00  1.2701971152358876E-01  2.5294233782070803E-06
  6.2780903949738809E+00  1.2669216399090000E-01  2.4898104403438467E-06
  6.3406371323330246E+00  1.2634069433261338E-01  2.4506899424668399E-06
  6.4038070041340367E+00  1.2598751457168994E-01  2.4120606285898831E-06
  6.4676062184790410E+00  1.2564672333318613E-01  2.3739210017786305E-06
  6.5320410453196089E+00  1.2531050929480636E-01  2.3362693240098748E-06
  6.5971178170729798E+00  1.2496972437685200E-01  2.2991036295635552E-06
  6.6628429292443769E+00  1.2459813156132916E-01  2.2624217488855270E-06
  6.7292228410555008E+00  1.2431277658606449E-01  2.2262213410408581E-06
  6.7962640760793933E+00  1.2398711487395150E-01  2.1904999473923672E-06
  6.8639732228814649E+00  1.2366339278172074E-01  2.1552550506922806E-06
  6.9323569356670305E+00  1.2335347684968299E-01  2.1204841167217579E-06
  7.0014219349353066E+00  1.2297624267614778E-01  2.0861846408872075E-06
  7.0711750081397842E+00  1.2266531403843928E-01  2.0523542008737428E-06
  7.1416230103553522E+00  1.2233723131525531E-01  2.0189905078382230E-06
  7.2127728649519609E+00  1.2198638509260021E-01  1.9860914457249849E-06
  7.2846315642750019E+00  1.2162888019837823E-01  1.9536550888202199E-06
  7.3572061703325389E+00  1.2125680149627195E-01  1.9216796912801310E-06
  7.4305038154893053E+00  1.2092310399744069E-01  1.8901636454003432E-06
  7.5045317031676344E+00  1.2053357654361004E-01  1.8591054213324782E-06
  7.5792971085554202E+00  1.2021398781980093E-01  1.8285034985080564E-06
  7.6548073793210820E+00  1.1986195850516111E-01  1.7983562632470506E-06
  7.7310699363356372E+00  1.1955725999753258E-01  1.7686618676587402E-06
  7.8080922744020462E+00  1.1920688713892572E-01  1.7394181699563203E-06
  7.8858819629917498E+00  1.1889044453663997E-01  1.7106227045696637E-06
  7.9644466469885460E+00  1.1853502410015744E-01  1.6822726501279980E-06
  8.0437940474399507E+00  1.1820618317211534E-01  1.6543648008924007E-06
  8.1239319623159609E+00  1.1783399351098894E-01  1.6268955497898899E-06
  8.2048682672753888E+00  1.1749076206539430E-01  1.5998608907275902E-06
  8.2866109164399422E+00  1.1714262322082666E-01  1.5732564435108950E-06
  8.3691679431758068E+00  1.1677366648783297E-01  1.5470775036580995E-06
  8.4525474608831974E+00  1.1637050429193824E-01  1.5213191068243109E-06
  8.5367576637937592E+00  1.1602783895410852E-01  1.4959760960225468E-06
  8.6218068277757602E+00  1.1567466902297188E-01  1.4710431964370940E-06
  8.7077033111475011E+00  1.1531162947261178E-01  1.4465151283520786E-06
  8.7944555554987076E+00  1.1495776198021469E-01  1.4223866689267081E-06
  8.8820720865201164E+00  1.1459318856537153E-01  1.3986526635495134E-06
  8.9705615148413962E+00  1.1424033767810939E-01  1.3753080338373452E-06
  9.0599325368773425E+00  1.1388595402055450E-01  1.3523477839082774E-06
  9.1501939356825090E+00  1.1352813302692964E-01  1.3297670033867046E-06
  9.2413545818144200E+00  1.1316072632478658E-01  1.3075608659386184E-06
  9.3334234342053097E+00  1.1279259227145420E-01  1.2857246229470938E-06
  9.4264095410425526E+00  1.1242083256194708E-01  1.2642535924400985E-06
  9.5203220406579323E+00  1.1204940590720938E-01  1.2431431452410826E-06
  9.6151701624257040E+00  1.1166882354413261E-01  1.2223886914322397E-06
  9.7109632276695841E+00  1.1128528386202273E-01  1.2019856683703169E-06
  9.8077106505788834E+00  1.1090136699694443E-01  1.1819295262489299E-06
  9.9054219391336638E+00  1.1051225199190717E-01  1.1622157184599367E-06
  1.0004106696039111E+01  1.1012888189936580E-01  1.1428397034216085E-06
  1.0103774619669363E+01  1.0973158789407161E-01  1.1237969503415100E-06
  1.0204435505020491E+01  1.0933761374791694E-01  1.1050829481047091E-06
  1.0306099244673195E+01  1.0896666354043150E-01  1.0866932172372956E-06
  1.0408775829765053E+01  1.0855234078698869E-01  1.0686233238745740E-06
  1.0512475350972284E+01  1.0817663822448986E-01  1.0508688939693753E-06
  1.0617207999501545E+01  1.0778099613727390E-01  1.0334256258074911E-06
  1.0722984068091435E+01  1.0737754043143943E-01  1.0162892982635647E-06
  1.0829813952023995E+01  1.0697366113329115E-01  9.9945577466548075E-07
  1.0937708150146394E+01  1.0658650153207279E-01  9.8292100312102428E-07
  1.1046677265902664E+01  1.0617997649966157E-01  9.6668100396334816E-07
  1.1156732008375753E+01  1.0577661124925745E-01  9.5073184476409228E-07
  1.1267883193340037E+01  1.0536401774972144E-01  9.3506963843635689E-07
  1.1380141744324206E+01  1.0494130760884796E-01  9.1969054851060943E-07
  1.1493518693684782E+01  1.0453025333769118E-01  9.0459079157916316E-07
  1.1608025183690378E+01  1.0411220605287086E-01  8.8976663557289934E-07
  1.1723672467616703E+01  1.0368224851759261E-01  8.7521439313628687E-07
  1.1840471910852449E+01  1.0326063083441292E-01  8.6093041044267284E-07
  1.1958434992016317E+01  1.0282302051723731E-01  8.4691105289170214E-07
  1.2077573304085048E+01  1.0238095466954740E-01  8.3315269024103480E-07
  1.2197898555532701E+01  1.0194735535203867E-01  8.1965168437487659E-07
  1.2319422571481443E+01  1.0150474911196136E-01  8.0640438128110242E-07
  1.2442157294863526E+01  1.0104994230573888E-01  7.9340710992547365E-07
  1.2566114787595062E+01  1.0060356838348693E-01  7.8065619406098755E-07
  1.2691307231761503E+01  1.0015436451736950E-01  7.6814795945721718E-07
  1.2817746930814685E+01  9.9711873456712577E-02  7.5587873495165928E-07
  1.2945446310782113E+01  9.9259965622628718E-02  7.4384485492420035E-07
  1.3074417921488083E+01  9.8789162894934487E-02  7.3204266430723315E-07
  1.3204674437787000E+01  9.8348592168380586E-02  7.2046852660936449E-07
  1.3336228660809093E+01  9.7870482686916879E-02  7.0911883470051027E-07
  1.3469093519218424E+01  9.7398286263532419E-02  6.9799002330407334E-07
  1.3603282070483429E+01  9.6941421379929324E-02  6.8707858105721546E-07
  1.3738807502160240E+01  9.6481376100704244E-02  6.7638105949070387E-07
  1.3875683133188662E+01  9.6001453929610736E-02  6.6589407732399398E-07
  1.4013922415201080E+01  9.5516814080850193E-02  6.5561431828006464E-07
  1.4153538933844505E+01  9.5023706468186780E-02  6.4553851091073495E-07
  1.4294546410115696E+01  9.4538685705775227E-02  6.3566340510295255E-07
  1.4436958701709550E+01  9.4064604218331196E-02  6.2598576087981485E-07
  1.4580789804381078E+01  9.3557305889891348E-02  6.1650233559057842E-07
  1.4726053853320817E+01  9.3061261930825062E-02  6.0720986732335281E-07
  1.4872765124543932E+01  9.2568711187355920E-02  5.9810505536057246E-07
  1.5020938036293309E+01  9.2077999834015475E-02  5.8918453998009265E-07
  1.5170587150456470E+01  9.1563281196260948E-02  5.8044488507590121E-07
  1.5321727173996614E+01  9.1071806987298776E-02  5.7188256864643401E-07
  1.5474372960398115E+01  9.0557510823130058E-02  5.6349398739672152E-07
  1.5628539511126089E+01  9.0030164290288178E-02  5.5527547565724767E-07
  1.5784241977100754E+01  8.9532657848298780E-02  5.4722333863589123E-07
  1.5941495660186515E+01  8.8998499996898225E-02  5.3933392865917703E-07
  1.6100316014695565E+01  8.8473623802368978E-02  5.3160375756241865E-07
  1.6260718648906849E+01  8.7950570540624190E-02  5.2402956212564936E-07
  1.6422719326599932E+01  8.7392951137858652E-02  5.1660836754055062E-07
  1.6586333968604148E+01  8.6913337521139125E-02  5.0933756902206579E-07
  1.6751578654363350E+01  8.6363168393909451E-02  5.0221502937930403E-07
  1.6918469623516074E+01  8.5820967633238585E-02  4.9523918406244791E-07
  1.7087023277491472E+01  8.5295873547491491E-02  4.8840913837923800E-07
  1.7257256181121281E+01  8.4744372262252357E-02  4.8172473802981845E-07
  1.7429185064267706E+01  8.4207927427523671E-02  4.7518658141308849E-07
  1.7602826823467510E+01  8.3647157010528744E-02  4.6879597206467342E-07
  1.7778198523592653E+01  8.3096710785732816E-02  4.6255482209891443E-07
  1.7955317399527296E+01  8.2563877703971972E-02  4.5646543604839467E-07
  1.8134200857861615E+01  8.2003963352526937E-02  4.5053004353774236E-07
  1.8314866478602383E+01  8.1459697989825205E-02  4.4475056469087955E-07
  1.8497332016900781E+01  8.0896382915631754E-02  4.3912855241970697E-07
  1.8681615404797252E+01  8.0339528251090156E-02  4.3366512086464109E-07
  1.8867734752983740E+01  7.9790369014694953E-02  4.2836085192783589E-07
  1.9055708352583650E+01  7.9235020379391286E-02  4.2321568510002460E-07
  1.9245554676949379E+01  7.8677570356371448E-02  4.1822880413987008E-07
  1.9437292383477768E+01  7.8124587244643107E-02  4.1339853926122721E-07
  1.9630940315443759E+01  7.7571307648622509E-02  4.0872231942982757E-07
  1.9826517503852209E+01  7.7022175160503609E-02  4.0419669276103639E-07
  2.0024043169308190E+01  7.6473528028888682E-02  3.9981740654284759E-07
  2.0223536723905866E+01  7.5929279353416063E-02  3.9557956838570902E-07
  2.0425017773136339E+01  7.5387064885726010E-02  3.9147811185572100E-07
  2.0628506117814378E+01  7.4838316727310283E-02  3.8750817641857860E-07
  2.0834021756024264E+01  7.4305134638928849E-02  3.8366515659663195E-07
  2.1041584885085285E+01  7.3763013911675196E-02  3.7994472297091424E-07
  2.1251215903536583E+01  7.3226732508518438E-02  3.7634285252316293E-07
  2.1462935413141778E+01  7.2699401774881781E-02  3.7285586761977984E-07
  2.1676764220913764E+01  7.2163716346340362E-02  3.6948048012713133E-07
  2.1892723341159467E+01  7.1606561640363914E-02  3.6621383432805584E-07
  2.2110833997545090E+01  7.1094185246533381E-02  3.6305353676160171E-07
  2.2331117625181804E+01  7.0538268693175740E-02  3.5999765807933519E-07
  2.2553595872732458E+01  7.0026723135836494E-02  3.5704470469497088E-07
  2.2778290604539052E+01  6.9495498246013060E-02  3.5419355798036097E-07
  2.3005223902771412E+01  6.8963592798760909E-02  3.5144330386873392E-07
  2.3234418069597506E+01  6.8440378345805963E-02  3.4879299148585782E-07
  2.3465895629375112E+01  6.7895807717580955E-02  3.4624151793591588E-07
  2.3699679330865397E+01  6.7382527516096025E-02  3.4378752188150448E-07
  2.3935792149468689E+01  6.6876937830204014E-02  3.4142923964197474E-07
  2.4174257289482352E+01  6.6362375435095364E-02  3.3916432056685983E-07
  2.4415098186381233E+01  6.5849994371870516E-02  3.3698960732917834E-07
  2.4658338509120743E+01  6.5343517495139725E-02  3.3490089953532561E-07
  2.4904002162463094E+01  6.4837689736546453E-02  3.3289273382750669E-07
  2.5152113289326497E+01  6.4342258057725324E-02  3.3095824795767005E-07
  2.5402696273157755E+01  6.3844041702751764E-02  3.2908915293969532E-07
  2.5655775740328739E+01  6.3349592103717031E-02  3.2727581706795377E-07
  2.5911376562556509E+01  6.2832718543573071E-02  3.2550766311820445E-07
  2.6169523859347517E+01  6.2362564272660570E-02  3.2377413266897619E-07
  2.6430243000466419E+01  6.1869914916443364E-02  3.2206516357714528E-07
  2.6693559608429243E+01  6.1375571336955211E-02  3.2037135682075211E-07
  2.6959499561021495E+01  6.0883017441270781E-02  3.1868419893931293E-07
  2.7228088993841244E+01  6.0388517207034323E-02  3.1699636128536357E-07
  2.7499354302867786E+01  5.9883701360455246E-02  3.1530207437010504E-07
  2.7773322147055673E+01  5.9387145831839967E-02  3.1359755354785754E-07
  2.8050019450954558E+01  5.8895673167907420E-02  3.1188143073258711E-07
  2.8329473407355419E+01  5.8400837982597174E-02  3.1015508132927153E-07
  2.8611711479962889E+01  5.7899692629571398E-02  3.0842276716212606E-07
  2.8896761406094168E+01  5.7398420847997296E-02  3.0669157783197890E-07
  2.9184651199405167E+01  5.6896283652854089E-02  3.0497102900178849E-07
  2.9475409152643458E+01  5.6397127549052545E-02  3.0327153782001281E-07
  2.9769063840428714E+01  5.5878146638236460E-02  3.0160322301064656E-07
  3.0065644122061087E+01  5.5380270187772369E-02  2.9997570917030181E-07
  3.0365179144357281E+01  5.4894793033913265E-02  2.9839798334287953E-07
  3.0667698344515046E+01  5.4389996169930808E-02  2.9687819759344088E-07
  3.0973231453006040E+01  5.3891564598425465E-02  2.9542341141627764E-07
  3.1281808496497810E+01  5.3395479377938482E-02  2.9403928111217881E-07
  3.1593459800804617E+01  5.2926856771703633E-02  2.9272971963003802E-07
  3.1908215993867653E+01  5.2443786669365486E-02  2.9149658931098777E-07
  3.2226108008765209E+01  5.1965011073366152E-02  2.9033951227361437E-07
  3.2547167086752602E+01  5.1492705653974291E-02  2.8925582548396342E-07
  3.2871424780332326E+01  5.1023898044061017E-02  2.8824071433495186E-07
  3.3198912956355130E+01  5.0560178819116258E-02  2.8728808555053157E-07
  3.3529663799151621E+01  5.0103473536912219E-02  2.8639176968263166E-07
  3.3863709813695323E+01  4.9647352581613596E-02  2.8554575703272551E-07
  3.4201083828796975E+01  4.9198139860206630E-02  2.8474422171519328E-07
  3.4541819000331039E+01  4.8752685825421985E-02  2.8398156023586810E-07
  3.4885948814494057E+01  4.8314462163618357E-02  2.8325244785265649E-07
  3.5233507091095419E+01  4.7878697403610435E-02  2.8255191265569318E-07
  3.5584527986881263E+01  4.7444717366544986E-02  2.8187542289129529E-07
  3.5939045998891196E+01  4.7018494510688749E-02  2.8121897640128685E-07
  3.6297095967848378E+01  4.6589916467317249E-02  2.8057916734876569E-07
  3.6658713081583819E+01  4.6151533393933984E-02  2.7995321826132755E-07
  3.7023932878494300E+01  4.5746120260324631E-02  2.7933897186347014E-07
  3.7392791251035078E+01  4.5318803108406358E-02  2.7873475368613448E-07
  3.7765324449247089E+01  4.4904990103618460E-02  2.7813903754364367E-07
  3.8141569084319713E+01  4.4492808604571020E-02  2.7755032539495660E-07
  3.8521562132188649E+01  4.4078466362734256E-02  2.7696715257614251E-07
  3.8905340937169669E+01  4.3667323652719699E-02  2.7638810008734931E-07
  3.9292943215628924E+01  4.3253530392820511E-02  2.7581181186137008E-07
  3.9684407059689448E+01  4.2844336114124852E-02  2.7523701752309647E-07
  4.0079770940974576E+01  4.2438334075795975E-02  2.7466255997297088E-07
  4.0479073714389038E+01  4.2015337795005624E-02  2.7408742563360030E-07
  4.0882354621937324E+01  4.1630190698320191E-02  2.7351077051174904E-07
  4.1289653296580347E+01  4.1226062318173579E-02  2.7293193638769739E-07
  4.1701009766130198E+01  4.0830425073879885E-02  2.7235045422636901E-07
  4.2116464457184236E+01  4.0430757041380591E-02  2.7176602194453504E-07
  4.2536058199097923E+01  4.0034086605546207E-02  2.7117840757479276E-07
  4.2959832227997246E+01  3.9636188530678018E-02  2.7058738097486733E-07
  4.3387828190831499E+01  3.9246286830664896E-02  2.6999270606913157E-07
  4.3820088149466123E+01  3.8858226805326593E-02  2.6939413625143683E-07
  4.4256654584816182E+01  3.8468156022154774E-02  2.6879140773631429E-07
  4.4697570401021522E+01  3.8066707906337545E-02  2.6818423041458488E-07
  4.5142878929663077E+01  3.7699539336724583E-02  2.6757227610781994E-07
  4.5592623934021411E+01  3.7320306437955454E-02  2.6695516462445125E-07
  4.6046849613377418E+01  3.6940397154527016E-02  2.6633244968788972E-07
  4.6505600607356349E+01  3.6553196406984255E-02  2.6570360794873451E-07
  4.6968922000314713E+01  3.6189510668760055E-02  2.6506803302375492E-07
  4.7436859325770826E+01  3.5819632233634338E-02  2.6442503757595158E-07
  4.7909458570879956E+01  3.5439174496996038E-02  2.6377388935633020E-07
  4.8386766180953700E+01  3.5085212430631230E-02  2.6311385949207209E-07
  4.8868829064024212E+01  3.4722211241883190E-02  2.6244423339867587E-07
  4.9355694595454501E+01  3.4349160996125123E-02  2.6176431585031056E-07
  4.9847410622594118E+01  3.3988538541937924E-02  2.6107343844255759E-07
  5.0344025469481501E+01  3.3646239696367160E-02  2.6037097015364566E-07
  5.0845587941592854E+01  3.3290480718824421E-02  2.5965633144437918E-07
  5.1352147330638935E+01  3.2944217267728428E-02  2.5892901173346813E-07
  5.1863753419409051E+01  3.2594265602312517E-02  2.5818858874486492E-07
  5.2380456486663412E+01  3.2247263999202913E-02  2.5743474547065995E-07
  5.2902307312074633E+01  3.1902136211554771E-02  2.5666728179772485E-07
  5.3429357181218016E+01  3.1555044315935039E-02  2.5588611830163626E-07
  5.3961657890611583E+01  3.1206988602868170E-02  2.5509126943533045E-07
  5.4499261752806696E+01  3.0834505374261762E-02  2.5428277569242024E-07
  5.5042221601529000E+01  4.5311524131972541E-04  2.5346068072194775E-07
  5.5590590796870806E+01  5.6223260265536560E-05  2.5262503053246029E-07
  5.6144423230534890E+01  2.9660273200086954E-05  2.5177587287852908E-07
  5.6703773331131110E+01  2.0033338456676364E-05  2.5091325632343627E-07
  5.7268696069525312E+01  1.5067688417692431E-05  2.5003722890669063E-07
  5.7839246964241468E+01  1.2040513314187905E-05  2.4914783640701893E-07
  5.8415482086918139E+01  1.0003453582752540E-05  2.4824512031388955E-07
  5.8997458067818897E+01  8.5397828052976484E-06  2.4732911596422869E-07
  5.9585232101397501E+01  7.4377337886340051E-06  2.4639985131304757E-07
  6.0178861951919146E+01  6.5783178480062754E-06  2.4545734671276116E-07
  6.0778405959137039E+01  5.8895451868708950E-06  2.4450161683712678E-07
  6.1383923044025991E+01  5.3253134584359263E-06  2.4353267760381171E-07
  6.1995472714572678E+01  4.8547363504256860E-06  2.4255055107571262E-07
  6.2613115071624208E+01  4.4563475945005546E-06  2.4155526738908266E-07
  6.3236910814794513E+01  4.1147660855543751E-06  2.4054686734342658E-07
  6.3866921248429399E+01  3.8186836721662391E-06  2.3952540621208624E-07
  6.4503208287631750E+01  3.5596016418681996E-06  2.3849095912106255E-07
  6.5145834464346080E+01  3.3310099433778387E-06  2.3744362821216811E-07
  6.5794862933503794E+01  3.1278381882003385E-06  2.3638355156100781E-07
  6.6450357479230192E+01  2.9460789739369136E-06  2.3531091274810305E-07
  6.7112382521112679E+01  2.7825236200567023E-06  2.3422594926485762E-07
  6.7781003120531778E+01  2.6345731632267303E-06  2.3312895833329712E-07
  6.8456284987054957E+01  2.5001011137109085E-06  2.3202029712624166E-07
  6.9138294484894587E+01  2.3773513451690423E-06  2.3090035650958903E-07
  6.9827098639429906E+01  2.2648600313614731E-06  2.2976952829100553E-07
  7.0522765143793706E+01  2.1613971213392242E-06  2.2862819976032921E-07
  7.1225362365525442E+01  2.0659215111018449E-06  2.2747675248096314E-07
  7.1934959353289941E+01  1.9775461416318977E-06  2.2631556062107306E-07
  7.2651625843663027E+01  1.8955105502356550E-06  2.2514498869990216E-07
  7.3375432267985332E+01  1.8191590813460324E-06  2.2396538868559388E-07
  7.4106449759283876E+01  1.7479234386130963E-06  2.2277709650233558E-07
  7.4844750159262787E+01  1.6813085985870099E-06  2.2158042830877532E-07
  7.5590406025363393E+01  1.6188813477777381E-06  2.2037567744194064E-07
  7.6343490637895329E+01  1.5602608752987104E-06  2.1916311264498316E-07
  7.7104078007238073E+01  1.5051109632096320E-06  2.1794297816532610E-07
  7.7872242881114133E+01  1.4531335433096032E-06  2.1671550058588944E-07
  7.8648060751935446E+01  1.4040636114816961E-06  2.1548090263068682E-07
  7.9431607864222315E+01  1.3576648566678909E-06  2.1423940759250827E-07
  8.0222961222096146E+01  1.3137258886401967E-06  2.1299124027914117E-07
  8.1022198596847574E+01  1.2720570448982402E-06  2.1173662839441754E-07
  8.1829398534579354E+01  1.2324876774499936E-06  2.1047580459178774E-07
  8.2644640363925589E+01  1.1948638387087102E-06  2.0920900939193679E-07
  8.3468004203847613E+01  1.1590463018043497E-06  2.0793649509923633E-07
  8.4299570971508274E+01  1.1249088636281714E-06  2.0665853071855024E-07
  8.5139422390223942E+01  1.0923368903412375E-06  2.0537540717203694E-07
  8.5987640997495603E+01  1.0612260787210504E-06  2.0408744211844468E-07
  8.6844310153121071E+01  1.0314814284092166E-06  2.0279498364238931E-07
  8.7709514047386833E+01  1.0030163771415184E-06  2.0149840778783701E-07
  8.8583337709341720E+01  9.7575175947676209E-07  2.0019809797014171E-07
  8.9465867015153918E+01  9.4961487891252083E-07  1.9889443303787623E-07
  9.0357188696550025E+01  9.2453885100695425E-07  1.9758778744210054E-07
  9.1257390349339019E+01  9.0046203453342453E-07  1.9627853251702966E-07
  9.2166560442020469E+01  8.7732752954340644E-07  1.9496703846021013E-07
  9.3084788324479405E+01  8.5508273441622280E-07  1.9365367725282934E-07
  9.4012164236767049E+01  8.3367895538747390E-07  1.9233882672946437E-07
  9.4948779317969013E+01  8.1307106424492927E-07  1.9102287592212072E-07
  9.5894725615162614E+01  7.9321720192305332E-07  1.8970623117743906E-07
  9.6850096092462707E+01  7.7407852824110175E-07  1.8838932213532207E-07
  9.7814984640157505E+01  7.5561902625962290E-07  1.8707260667532150E-07
  9.8789486083936410E+01  7.3780536698749191E-07  1.8575657217208951E-07
  9.9773696194208711E+01  7.2060662660480072E-07  1.8444171723476859E-07
  1.0076771169551573E+02  7.0399390235047032E-07  1.8312853063888457E-07
  1.0177163027603618E+02  6.8794012196649855E-07  1.8181748887841860E-07
  1.0278555059718720E+02  6.7241989876750236E-07  1.8050905644309356E-07
  1.0380957230332011E+02  6.5740940058051874E-07  1.7920368626472217E-07
  1.0484379603151284E+02  6.4288623122895581E-07  1.7790182042148675E-07
  1.0588832342146065E+02  6.2882932370357180E-07  1.7660389122226043E-07
  1.0694325712546483E+02  6.1521884432400568E-07  1.7531032283125940E-07
  1.0800870081852041E+02  6.0203610783489996E-07  1.7402153355524701E-07
  1.0908475920850579E+02  5.8926350457272882E-07  1.7273793871617298E-07
  1.1017153804647262E+02  5.7688444276589601E-07  1.7145995397062590E-07
  1.1126914413703835E+02  5.6488331225472251E-07  1.7018799857965155E-07
  1.1237768534888323E+02  5.5324542703767093E-07  1.6892249230520240E-07
  1.1349727062535075E+02  5.4195689401862983E-07  1.6766384405274540E-07
  1.1462800999515457E+02  5.3100453583928727E-07  1.6641244853869938E-07
  1.1577001458319108E+02  5.2037584309143706E-07  1.6516868593595276E-07
  1.1692339662146121E+02  5.1005892998616667E-07  1.6393292128498553E-07
  1.1808826946009968E+02  5.0004249264431240E-07  1.6270550352559389E-07
  1.1926474757851443E+02  4.9031576976732229E-07  1.6148676402703691E-07
  1.2045294659663782E+02  4.8086850465448829E-07  1.6027701452029303E-07
  1.2165298328628904E+02  4.7169090755848230E-07  1.5907654441488537E-07
  1.2286497558264962E+02  4.6277361746481123E-07  1.5788561788982511E-07
  1.2408904259585444E+02  4.5410766103975387E-07  1.5670447116107122E-07
  1.2532530462269688E+02  4.4568440524927316E-07  1.5553331040856000E-07
  1.2657388315845144E+02  4.3749552028232603E-07  1.5437231386477331E-07
  1.2783490090881331E+02  4.2953301416049870E-07  1.5322164442033507E-07
  1.2910848180195828E+02  4.2178924922369732E-07  1.5208145597467007E-07
  1.3039475100072141E+02  4.1425692270013526E-07  1.5095189314068661E-07
  1.3169383491489734E+02  4.0692904692520809E-07  1.4983309024955472E-07
  1.3300586121366405E+02  3.9979892961933752E-07  1.4872516973818287E-07
  1.3433095883812939E+02  3.9286015378009242E-07  1.4762823970736039E-07
  1.3566925801400248E+02  3.8610655701819735E-07  1.4654239047380935E-07
  1.3702089026439268E+02  3.7953220883881236E-07  1.4546769001976737E-07
  1.3838598842273461E+02  3.7313138468391430E-07  1.4440417881682882E-07
  1.3976468664584280E+02  3.6689853546163218E-07  1.4335186480054781E-07
  1.4115712042709561E+02  3.6082824983416872E-07  1.4231071929404955E-07
  1.4256342660975184E+02  3.5491521554820942E-07  1.4128067646229523E-07
  1.4398374340039877E+02  3.4915425823510491E-07  1.4026164899227682E-07
  1.4541821038253408E+02  3.4354040289043761E-07  1.3925354259782454E-07
  1.4686696853028465E+02  3.3806886739853401E-07  1.3825625428315958E-07
  1.4833016022226036E+02  3.3273504530817571E-07  1.3726966678354626E-07
  1.4980792925554613E+02  3.2753448581944608E-07  1.3629363990228970E-07
  1.5130042085983476E+02  3.2246286796694540E-07  1.3532799745888663E-07
  1.5280778171169891E+02  3.1751596501746807E-07  1.3437250847645103E-07
  1.5433015994900614E+02  3.1268959440634678E-07  1.3342686134982158E-07
  1.5586770518547695E+02  3.0797954736242939E-07  1.3249063159689470E-07
  1.5742056852538892E+02  3.0338149117216100E-07  1.3156324729471722E-07
  1.5898890257842646E+02  2.9889083143405017E-07  1.3064395644150802E-07
  1.6057286147467818E+02  2.9450252820262003E-07  1.2973180474988011E-07
  1.6217260087978505E+02  2.9021118605577650E-07  1.2882570014164330E-07
  1.6378827801023837E+02  2.8601154183950990E-07  1.2792455357836891E-07
  1.6542005164882985E+02  2.8189858878979926E-07  1.2702731612406536E-07
  1.6706808216025709E+02  2.7786757609674713E-07  1.2613298745388805E-07
  1.6873253150688311E+02  2.7391401416962332E-07  1.2524062923221901E-07
  1.7041356326465367E+02  2.7003369051685128E-07  1.2434938577749720E-07
  1.7211134263917228E+02  2.6622270196875477E-07  1.2345851456930226E-07
  1.7382603648193697E+02  2.6247751001339225E-07  1.2256742901724809E-07
  1.7555781330673750E+02  2.5879502910580991E-07  1.2167575450618145E-07
  1.7730684330621500E+02  2.5517275513450657E-07  1.2078339125902598E-07
  1.7907329836859032E+02  2.5160894807583508E-07  1.1989057683725016E-07
  1.8085735209455547E+02  2.4810288705457793E-07  1.1899793795152494E-07
  1.8265917981433202E+02  2.4465493143959263E-07  1.1810644628363531E-07
  1.8447895860490647E+02  2.4126577127817891E-07  1.1721715531373250E-07
  1.8631686730742976E+02  2.3793601218215450E-07  1.1633107040661830E-07
  1.8817308654479322E+02  2.3466614618655220E-07  1.1544912976949514E-07
  1.9004779873937994E+02  2.3145652524370570E-07  1.1457218005206798E-07
  1.9194118813099382E+02  2.2830731680396044E-07  1.1370093811380132E-07
  1.9385344079496366E+02  2.2521843097921993E-07  1.1283593326213712E-07
  1.9578474466043119E+02  2.2218940594091439E-07  1.1197742402636612E-07
  1.9773528952882108E+02  2.1921923201938260E-07  1.1112528410187698E-07
  1.9970526709249168E+02  2.1630609919677689E-07  1.1027886510100218E-07
  2.0169487095357502E+02  2.1344704738997011E-07  1.0943685042708093E-07
  2.0370429664300451E+02  2.1063748916397211E-07  1.0859711910802285E-07
  2.0573374163972841E+02  2.0787079716830561E-07  1.0775671213597318E-07
  2.0778340539011890E+02  2.0513937412026534E-07  1.0691230747993968E-07
  2.0985348932757381E+02  2.0243590856269001E-07  1.0606066794765450E-07
  2.1194419689231054E+02  1.9975349875123946E-07  1.0519869486015423E-07
  2.1405573355136045E+02  1.9708566882736686E-07  1.0432345129717319E-07
  2.1618830681876284E+02  1.9442640235853044E-07  1.0343219819934309E-07
  2.1834212627595602E+02  1.9177020109700620E-07  1.0252244849076108E-07
  2.2051740359237550E+02  1.8911217990415316E-07  1.0159204491353002E-07
  2.2271435254625740E+02  1.8644821401882614E-07  1.0063926718561962E-07
  2.2493318904564515E+02  1.8377515348908391E-07  9.9662966243084724E-08
  2.2717413114960948E+02  1.8109111330941733E-07  9.8662710589227877E-08
  2.2943739908967979E+02  1.7839585617977804E-07  9.7638927823087013E-08
  2.3172321529148493E+02  1.7569123264105092E-07  9.6593000080259691E-08
  2.3403180439661384E+02  1.7298068161668870E-07  9.5526959697957004E-08
  2.3636339328469384E+02  1.7026779801408926E-07  9.4442906979077215E-08
  2.3871821109568467E+02  1.6755601594649875E-07  9.3342886406299233E-08
  2.4109648925239907E+02  1.6484859869745812E-07  9.2228876756368035E-08
  2.4349846148324738E+02  1.6214862587183272E-07  9.1102778296637404E-08
  2.4592436384520488E+02  1.5945897402468414E-07  8.9966394831046907E-08
  2.4837443474701172E+02  1.5678228725934271E-07  8.8821408462809786E-08
  2.5084891497260429E+02  1.5412093285625819E-07  8.7669344874127817E-08
  2.5334804770477763E+02  1.5147693549298051E-07  8.6511527999149614E-08
  2.5587207854908132E+02  1.4885188775428718E-07  8.5349028593861630E-08
  2.5842125555796258E+02  1.4624683334982119E-07  8.4182611749372575E-08
  2.6099582925514113E+02  1.4366212086437191E-07  8.3012691739138613E-08
  2.6359605266022623E+02  1.4109742645353055E-07  8.1839379558580159E-08
  2.6622218131358932E+02  1.3855225442250687E-07  8.0662715431442225E-08
  2.6887447330147393E+02  1.3602616371678801E-07  7.9482765515239096E-08
  2.7155318928135642E+02  1.3351877503116708E-07  7.8299626531140731E-08
  2.7425859250756906E+02  1.3102977393524836E-07  7.7113429424119778E-08
  2.7699094885716767E+02  1.2855891698511919E-07  7.5924345220356474E-08
  2.7975052685606062E+02  1.2610604204678787E-07  7.4732594017168333E-08
  2.8253759770539949E+02  1.2367108471666702E-07  7.3538458102854073E-08
  2.8535243530823368E+02  1.2125410363334110E-07  7.2342300124642622E-08
  2.8819531629642501E+02  1.1885531577929410E-07  7.1144584945795261E-08
  2.9106652005783576E+02  1.1647514226083161E-07  6.9945902922418375E-08
  2.9396632876378777E+02  1.1411426511195326E-07  6.8746991382952033E-08
  2.9689502739678960E+02  1.1177365886463650E-07  6.7548734192081919E-08
  2.9985290377854540E+02  1.0945441090166260E-07  6.6352064923164710E-08
  3.0284024859824234E+02  1.0715755630103514E-07  6.5157888383423120E-08
  3.0585735544111583E+02  1.0488406383215015E-07  6.3967072984508687E-08
  3.0890452081730268E+02  1.0263483344519542E-07  6.2780447996975465E-08
  3.1198204419098357E+02  1.0041069221601211E-07  6.1598799442648585E-08
  3.1509022800980949E+02  9.8212387978380183E-08  6.0422863993780933E-08
  3.1822937773462672E+02  9.6040579085533904E-08  5.9253320191019314E-08
  3.2139980186949873E+02  9.3895818586019491E-08  5.8090776296719792E-08
  3.2460181199202066E+02  9.1778532292708435E-08  5.6935755221334215E-08
  3.2783572278394223E+02  8.9688991245310532E-08  5.5788678411992869E-08
  3.3110185206209502E+02  8.7627278368394968E-08  5.4649850921049083E-08
  3.3440052080962300E+02  8.5593257119075836E-08  5.3519453997076800E-08
  3.3773205320752902E+02  8.3586648674402616E-08  5.2397594263099207E-08
  3.4109677666653636E+02  8.1607179956550640E-08  5.1284380070752589E-08
  3.4449502185926161E+02  7.9654611484731557E-08  5.0179935706276968E-08
  3.4792712275271344E+02  7.7728739727491849E-08  4.9084403785412542E-08
  3.5139341664111629E+02  7.5829401562580896E-08  4.7997949420954177E-08
  3.5489424417905383E+02  7.3956482358451008E-08  4.6920767040313880E-08
  3.5842994941494976E+02  7.2109929045673984E-08  4.5853090868463896E-08
  3.6200087982488105E+02  7.0289770108854258E-08  4.4795210146014166E-08
  3.6560738634672322E+02  6.8496144484597488E-08  4.3747489507467115E-08
  3.6924982341464062E+02  6.6729338809536278E-08  4.2710392168777524E-08
  3.7292854899392142E+02  6.4989833265784491E-08  4.1684503375772538E-08
  3.7664392461615296E+02  6.3278353622584849E-08  4.0670549399076211E-08
  3.8039631541475325E+02  6.1595829509844397E-08  3.9669359835555295E-08
  3.8418609016085713E+02  5.9943161232898906E-08  3.8681736607841845E-08
  3.8801362129955697E+02  5.8321133770282216E-08  3.7708408002797406E-08
  3.9187928498649916E+02  5.6730417443288244E-08  3.6750028019516166E-08
  3.9578346112486111E+02  5.5171569073256191E-08  3.5807175583240852E-08
  3.9972653340268232E+02  5.3645030784807734E-08  3.4880352134363703E-08
  4.0370888933056636E+02  5.2151125670836600E-08  3.3969976853058400E-08
  4.0773092027977384E+02  5.0690048843958881E-08  3.3076378729243479E-08
  4.1179302152068072E+02  4.9261852311215158E-08  3.2199784763895143E-08
  4.1589559226161805E+02  4.7866424036510127E-08  3.1340305496363871E-08
  4.2003903568811523E+02  4.6503461268768075E-08  3.0497919573432574E-08
  4.2422375900251797E+02  4.5172438834306439E-08  2.9672459947367103E-08
  4.2845017346400522E+02  4.3872606493361419E-08  2.8863621854061618E-08
  4.3271869442900811E+02  4.2603137857518039E-08  2.8071053398670500E-08
  4.3702974139203263E+02  4.1363240049556094E-08  2.7294417484527863E-08
  4.4138373802688005E+02  4.0152159072282009E-08  2.6533395274052249E-08
  4.4578111222828738E+02  3.8969178727372471E-08  2.5787686162182204E-08
  4.5022229615398140E+02  3.7813620861355680E-08  2.5057008275348868E-08
  4.5470772626714461E+02  3.6684846436028630E-08  2.4341099716993185E-08
  4.5923784337931141E+02  3.5582257787798576E-08  2.3639720811420217E-08
  4.6381309269369274E+02  3.4505302931804727E-08  2.2952657623130035E-08
  4.6843392384892297E+02  3.3453481780372374E-08  2.2279726616769053E-08
  4.7310079096325200E+02  3.2426354053902519E-08  2.1620779893608819E-08
  4.7781415267917669E+02  3.1423548908278391E-08  2.0975710290841331E-08
  4.8257447220850918E+02  3.0444772278837442E-08  2.0344453423315547E-08
  4.8738221737790235E+02  2.9489773189710957E-08  1.9726965253641889E-08
  4.9223786067482922E+02  2.8558293327164544E-08  1.9123192063286302E-08
  4.9714187929401101E+02  2.7650060177422120E-08  1.8533066473936893E-08
  5.0209475518431736E+02  2.6764787536883684E-08  1.7956507832404634E-08
  5.0709697509613352E+02  2.5902175569222253E-08  1.7393422416527781E-08
  5.1214903062919007E+02  2.5061910808975010E-08  1.6843703374661257E-08
  5.1725141828087885E+02  2.4243666025383805E-08  1.6307230298666847E-08
  5.2240463949504965E+02  2.3447099146694020E-08  1.5783868319954618E-08
  5.2760920071128464E+02  2.2671851072884285E-08  1.5273466689867192E-08
  5.3286561341467166E+02  2.1917542927487777E-08  1.4775857065119976E-08
  5.3817439418607501E+02  2.1183772829959254E-08  1.4290851733503867E-08
  5.4353606475289644E+02  2.0470112490595676E-08  1.3818242301439458E-08
  5.4895115204035164E+02  1.9776114141203080E-08  1.3357805113778419E-08
  5.5442018822325826E+02  1.9101333531308679E-08  1.2909315772053479E-08
  5.5994371077832886E+02  1.8445336969744247E-08  1.2472553492566785E-08
  5.6552226253699598E+02  1.7807701284067815E-08  1.2047301067723800E-08
  5.7115639173876150E+02  1.7188013753239162E-08  1.1633344805790176E-08
  5.7684665208507499E+02  1.6585871546387522E-08  1.1230474528091496E-08
  5.8259360279374062E+02  1.6000881097170303E-08  1.0838483643692361E-08
  5.8839780865388968E+02  1.5432658393013805E-08  1.0457169323160086E-08
  5.9425984008147873E+02  1.4880829735594215E-08  1.0086332789891120E-08
  6.0018027317534040E+02  1.4345032205694387E-08  9.7257796892885717E-09
  6.0615968977381533E+02  1.3824913981463746E-08  9.3753204860086792E-09
  6.1219867751192555E+02  1.3320134725928275E-08  9.0347708100992409E-09
  6.1829782987911733E+02  1.2830364999790191E-08  8.7039510167784230E-09
  6.2445774627760272E+02  1.2355281590466905E-08  8.3826831960247317E-09
  6.3067903208125745E+02  1.1894564638784314E-08  8.0707894543521246E-09
  6.3696229869511342E+02  1.1447897509324880E-08  7.7680919274788307E-09
  6.4330816361544817E+02  1.1014966912308691E-08  7.4744128788734454E-09
  6.4971725049047382E+02  1.0595463124957646E-08  7.1895747899472297E-09
  6.5619018918161953E+02  1.0189080024120360E-08  6.9134004385032556E-09
  6.6272761582543501E+02  9.7955147464864450E-09  6.6457129613428282E-09
  6.6933017289611280E+02  9.4144674796181631E-09  6.3863358960761311E-09
  6.7599850926861916E+02  9.0456416917857097E-09  6.1350932029489096E-09
  6.8273328028246794E+02  8.6887442280856873E-09  5.8918092722442866E-09
  6.8953514780612852E+02  8.3434850465553310E-09  5.6563089255045082E-09
  6.9640478030206395E+02  8.0095770167221139E-09  5.4284174659825519E-09
  7.0334285289242860E+02  7.6867365138477843E-09  5.2079611543290773E-09
  7.1035004742542174E+02  7.3746841905752581E-09  4.9947677486673068E-09
  7.1742705254228770E+02  7.0731450439801474E-09  4.7886666061116838E-09
  7.2457456374499770E+02  6.7818483397781176E-09  4.5894887154619917E-09
  7.3179328346460557E+02  6.5005275382879494E-09  4.3970667196917560E-09
  7.3908392113027116E+02  6.2289202979744027E-09  4.2112349235833941E-09
  7.4644719323898516E+02  5.9667685212252093E-09  4.0318292807689941E-09
  7.5388382342598766E+02  5.7138181960095995E-09  3.8586873533648305E-09
  7.6139454253587598E+02  5.4698190097980930E-09  3.6916482417467658E-09
  7.6898008869443356E+02  5.2345241002670932E-09  3.5305524952825571E-09
  7.7664120738117492E+02  5.0076899252583302E-09  3.3752420153718992E-09
  7.8437865150259961E+02  4.7890761009243464E-09  3.2255599847884626E-09
  7.9219318146618912E+02  4.5784458981476403E-09  3.0813512712831904E-09
  8.0008556525514234E+02  4.3755675373739706E-09  2.9424633523034623E-09
  8.0805657850384023E+02  4.1802144184635147E-09  2.8087465334500284E-09
  8.1610700457407734E+02  3.9921650070257131E-09  2.6800539185313650E-09
  8.2423763463205194E+02  3.8112027623112065E-09  2.5562413834613590E-09
  8.3244926772611041E+02  3.6371160732672716E-09  2.4371675581614323E-09
  8.4074271086527801E+02  3.4696981812023052E-09  2.3226938185629073E-09
  8.4911877909857367E+02  3.3087471273239607E-09  2.2126842910021630E-09
  8.5757829559510742E+02  3.1540657306231766E-09  2.1070058707641099E-09
  8.6612209172496637E+02  3.0054615557842699E-09  2.0055282493554965E-09
  8.7475100714094026E+02  2.8627468950706149E-09  1.9081239446579276E-09
  8.8346588986102802E+02  2.7257387718439984E-09  1.8146683242479435E-09
  8.9226759635176802E+02  2.5942587779048165E-09  1.7250395117459737E-09
  9.0115699161242901E+02  2.4681324147705793E-09  1.6391179726865907E-09
  9.1013494926000919E+02  2.3471887554160503E-09  1.5567863156544653E-09
  9.1920235161508049E+02  2.2312604274973126E-09  1.4779293038991736E-09
  9.2836008978852215E+02  2.1201836032337062E-09  1.4024338734235936E-09
  9.3760906376908247E+02  2.0137979753605217E-09  1.3301891483852538E-09
  9.4695018251182512E+02  1.9119467191233069E-09  1.2610864535433081E-09
  9.5638436402746095E+02  1.8144764628109254E-09  1.1950193234230565E-09
  9.6591253547257304E+02  1.7212372984156918E-09  1.1318835077804459E-09
  9.7553563324072240E+02  1.6320827969327443E-09  1.0715769734365232E-09
  9.8525460305447905E+02  1.5468699202324228E-09  1.0139999028127664E-09
  9.9507040005837007E+02  1.4654589067016877E-09  9.5905468971962932E-10
  1.0049839889127360E+03  1.3877133197558587E-09  9.0664593845499399E-10
  1.0149963438885396E+03  1.3135001675118829E-09  8.5668050207877936E-10
  1.0251084489631207E+03  1.2426898945309528E-09  8.0906751825795886E-10
  1.0353212979168841E+03  1.1751562993656062E-09  7.6371840337202227E-10
  1.0456358944309723E+03  1.1107764918517973E-09  7.2054684043063948E-10
  1.0560532521859088E+03  1.0494308666586750E-09  6.7946876560752374E-10
  1.0665743949612070E+03  9.9100307236663902E-10  6.4040235348820979E-10
  1.0772003567359889E+03  9.3537997378985330E-10  6.0326800114234771E-10
  1.0879321817906086E+03  8.8245161456248923E-10  5.6798831114197695E-10
  1.0987709248092660E+03  8.3211119282041184E-10  5.3448807352568062E-10
  1.1097176509836645E+03  7.8425504142228327E-10  5.0269424646907973E-10
  1.1207734361177008E+03  7.3878256904590484E-10  4.7253593542690149E-10
  1.1319393667331769E+03  6.9559616764593864E-10  4.4394437001325055E-10
  1.1432165401765869E+03  6.5460115240393063E-10  4.1685287014360903E-10
  1.1546060647269669E+03  6.1570573951657930E-10  3.9119680402815877E-10
  1.1661090597047989E+03  5.7882101492685815E-10  3.6691355913823689E-10
  1.1777266555820192E+03  5.4386087030703380E-10  3.4394251593144268E-10
  1.1894599940931266E+03  5.1074195030183535E-10  3.2222502040643197E-10
  1.2013102283473702E+03  4.7938361435723571E-10  3.0170435557951872E-10
  1.2132785229420833E+03  4.4970789143253723E-10  2.8232571201551651E-10
  1.2253660540771414E+03  4.2163942553329417E-10  2.6403615755383989E-10
  1.2375740096705395E+03  3.9510542226868320E-10  2.4678460635182414E-10
  1.2499035894751448E+03  3.7003560352547064E-10  2.3052178717623783E-10
  1.2623560051966115E+03  3.4636217223194162E-10  2.1520021086240180E-10
  1.2749324806124462E+03  3.2401977049276456E-10  2.0077413673305716E-10
  1.2876342516922859E+03  3.0294540225297147E-10  1.8719953436586916E-10
  1.3004625667193686E+03  2.8307835623068840E-10  1.7443403590771835E-10
  1.3134186864132068E+03  2.6436017898754446E-10  1.6243689557514006E-10
  1.3265038840534696E+03  2.4673463089409191E-10  1.5116895427411125E-10
  1.3397194456051463E+03  2.3014761663994075E-10  1.4059260376071565E-10
  1.3530666698449106E+03  2.1454712998440331E-10  1.3067175022482401E-10
  1.3665468684887444E+03  1.9988320940543094E-10  1.2137177736540531E-10
  1.3801613663208786E+03  1.8610789111260872E-10  1.1265950902046010E-10
  1.3939115013239755E+03  1.7317515763820480E-10  1.0450317140886021E-10
  1.4077986248105994E+03  1.6104088501896255E-10  9.6872355073521176E-11
  1.4218241015560561E+03  1.4966279222058093E-10  8.9737976629200813E-11
  1.4359893099324968E+03  1.3900039411813131E-10  8.3072240435408686E-11
  1.4502956420443759E+03  1.2901495160628169E-10  7.6848600721737759E-11
  1.4647445038652684E+03  1.1966941612995701E-10  7.1041726328949963E-11
  1.4793373153760526E+03  1.1092837556556931E-10  6.5627464954486688E-11
  1.4940755107044426E+03  1.0275800838711800E-10  6.0582805189240968E-11
  1.5089605382659386E+03  9.5126040612167950E-11  5.5885838644942321E-11
  1.5239938609061796E+03  8.8001695584013846E-11  5.1515722460188892E-11
  1.5391769560446899E+03  8.1355639993273465E-11  4.7452642237385463E-11
  1.5545113158200818E+03  7.5159933828819137E-11  4.3677775461422852E-11
  1.5699984472367089E+03  6.9387983895795346E-11  4.0173255449771923E-11
  1.5856398723127481E+03  6.4014497635008551E-11  3.6922135871090208E-11
  1.6014371282297896E+03  5.9015436284052228E-11  3.3908355850934599E-11
  1.6173917674839117E+03  5.4367968590837862E-11  3.1116705678444041E-11
  1.6335053580382398E+03  5.0050427360591648E-11  2.8532793067215479E-11
  1.6497794834770446E+03  4.6042266867247619E-11  2.6143009180968492E-11
  1.6662157431613846E+03  4.2324013881149687E-11  2.3934494913559812E-11
  1.6828157523862642E+03  3.8877217733580708E-11  2.1895109205804214E-11
  1.6995811425393890E+03  3.5684412795864867E-11  2.0013398364676510E-11
  1.7165135612615020E+03  3.2729084328037756E-11  1.8278566090135958E-11
  1.7336146726082889E+03  2.9995626704140942E-11  1.6680444228148180E-11
  1.7508861572139240E+03  2.7469301417002704E-11  1.5209464266713392E-11
  1.7683297124562478E+03  2.5136199572394253E-11  1.3856629588786832E-11
  1.7859470526235584E+03  2.2983207419834484E-11  1.2613488493802016E-11
  1.8037399090830959E+03  2.0997972454675289E-11  1.1472108000751893E-11
  1.8217100304512044E+03  1.9168868232308230E-11  1.0425048442672200E-11
  1.8398591827651558E+03  1.7484958454384398E-11  9.4653388631571605E-12
  1.8581891496567380E+03  1.5935963118684573E-11  8.5864533252051730E-12
  1.8767017325275178E+03  1.4512228049599283E-11  7.7822882287470100E-12
  1.8953987507258873E+03  1.3204695638067813E-11  7.0471401918475974E-12
  1.9142820417258738E+03  1.2004875876292646E-11  6.3756846024353498E-12
  1.9333534613076977E+03  1.0904817072471626E-11  5.7629549738951430E-12
  1.9526148837401622E+03  9.8970764206162005E-12  5.2043231002382328E-12
  1.9720682019648625E+03  8.9746930960585722E-12  4.6954800015236333E-12
  1.9917153277821931E+03  8.1311635769762434E-12  4.2324176488532329E-12
  2.0115581920392437E+03  7.3604172393149973E-12  3.8114114570332904E-12
  2.0315987448195685E+03  6.6567925236997442E-12  3.4290035314194564E-12
  2.0518389556348088E+03  6.0150142409224366E-12  3.0819866545246824E-12
  2.0722808136182616E+03  5.4301715517168721E-12  2.7673889969838396E-12
  2.0929263277203768E+03  4.8976963927345200E-12  2.4824595308926796E-12
  2.1137775269061640E+03  4.4133430191316528E-12  2.2246541059856447E-12
  2.1348364603546038E+03  3.9731691253731328E-12  1.9916222148888871E-12
  2.1561051976600484E+03  3.5735180158822635E-12  1.7811944410697716E-12
  2.1775858290355868E+03  3.2110012809393174E-12  1.5913705436498754E-12
  2.1992804655184741E+03  2.8824819050348787E-12  1.4203081579993529E-12
  2.2211912391776136E+03  2.5850579894496319E-12  1.2663120928785710E-12
  2.2433203033230552E+03  2.3160474703894037E-12  1.1278242045748922E-12
  2.2656698327176509E+03  2.0729740075187556E-12  1.0034138282263154E-12
  2.2882420237907500E+03  1.8535537183471673E-12  8.9176874651818166E-13
  2.3110390948540717E+03  1.6556824562496018E-12  7.9168667597325648E-13
  2.3340632863197266E+03  1.4774237199323906E-12  7.0206725099023706E-13
  2.3573168609203640E+03  1.3169972039200133E-12  6.2190448696427330E-13
  2.3808021039315654E+03  1.1727678179342475E-12  5.5027971591994107E-13
  2.4045213233964419E+03  1.0432352113572255E-12  4.8635496316037788E-13
  2.4284768503524338E+03  9.2702398701429867E-13  4.2936672123602645E-13
  2.4526710390604112E+03  8.2287465428239619E-13  3.7862012113333148E-13
  2.4771062672360549E+03  7.2963516410368959E-13  3.3348348593412120E-13
  2.5017849362835022E+03  6.4625292419591034E-13  2.9338324817911800E-13
  2.5267094715313606E+03  5.7176728657886032E-13  2.5779921258779996E-13
  2.5518823224710777E+03  5.0530247865359032E-13  2.2626014624457263E-13
  2.5773059629976360E+03  4.4606093724003053E-13  1.9833967883433162E-13
  2.6029828916526944E+03  3.9331708252357881E-13  1.7365249597721671E-13
  2.6289156318701494E+03  3.4641156867594929E-13  1.5185080925256691E-13
  2.6551067322241020E+03  3.0474595079938491E-13  1.3262108700128614E-13
  2.6815587666793317E+03  2.6777771526414664E-13  1.1568102926991751E-13
  2.7082743348442777E+03  2.3501566224496065E-13  1.0077677169581660E-13
  2.7352560622264782E+03  2.0601559318705482E-13  8.7680309213043322E-14
  2.7625066004906398E+03  1.8037625595761697E-13  7.6187123909486657E-14
  2.7900286277191954E+03  1.5773557637484568E-13  6.6114002544265450E-14
  2.8178248486755124E+03  1.3776721014999996E-13  5.7297031299173445E-14
  2.8458979950697230E+03  1.2017739219307287E-13  4.9589755925847857E-14
  2.8742508258271555E+03  1.0470203371983213E-13  4.2861496005391652E-14
  2.9028861273594844E+03  9.1104032950557263E-14  3.6995802586179490E-14
  2.9318067138385877E+03  7.9170781844549749E-14  3.1889049006529671E-14
  2.9610154274730808E+03  6.8711863313784297E-14  2.7449145240721592E-14
  2.9905151387876522E+03  5.9556947895836087E-14  2.3594366628639197E-14
  3.0203087469051870E+03  5.1553887383356208E-14  2.0252288373584983E-14
  3.0503991798316479E+03  4.4566969925808354E-14  1.7358817733691700E-14
  3.0807893947438447E+03  3.8475302184158736E-14  1.4857316195327659E-14
  3.1114823782800745E+03  3.3171318978677514E-14  1.2697804420921861E-14
  3.1424811468336002E+03  2.8559434145612087E-14  1.0836243280127813E-14
  3.1737887468491072E+03  2.4554826072413265E-14  9.2338846719175174E-15
  3.2054082551221195E+03  2.1082335607602018E-14  7.8566862595894730E-15
  3.2373427791013346E+03  1.8075459061164463E-14  6.6747846404058286E-15
  3.2695954571940320E+03  1.5475430291362651E-14  5.6620218535615872E-15
  3.3021694590745246E+03  1.3230393342594097E-14  4.7955204944511723E-15
  3.3350679859956167E+03  1.1294661615039416E-14  4.0553030494866532E-15
  3.3682942711032624E+03  9.6280462295926707E-15  3.4239513941138876E-15
  3.4018515797542641E+03  8.1952414036348951E-15  2.8863027073424013E-15
  3.4357432098371942E+03  6.9652708155628384E-15  2.4291783478832457E-15
  3.4699724920965273E+03  5.9109967056541367E-15  2.0411425128822731E-15
  3.5045427904599260E+03  5.0086824275782289E-15  1.7122877650518056E-15