 #p(MeV) \t \delta f_\\nu \t \delta f_\\nubar
  1.2884102280810097E+00  4.7782268018125511E-07  3.6133175275568317E-07
  1.3012462739288262E+00  4.6785236975669499E-07  3.5474651849407881E-07
  1.3142102014632477E+00  4.5809862560414799E-07  3.4827822055146392E-07
  1.3273032847312809E+00  4.4855645302240946E-07  3.4192484092607734E-07
  1.3405268104728789E+00  4.3922099135428718E-07  3.3568440415184711E-07
  1.3538820782474026E+00  4.3008754321096101E-07  3.2955500582912829E-07
  1.3673704005613325E+00  4.2115153697381556E-07  3.2353478279603460E-07
  1.3809931029972586E+00  4.1240850754711855E-07  3.1762189750318199E-07
  1.3947515243441564E+00  4.0385409693263059E-07  3.1181453994837434E-07
  1.4086470167289522E+00  3.9548405146397651E-07  3.0611092737399798E-07
  1.4226809457494114E+00  3.8729421910677202E-07  3.0050930395549133E-07
  1.4368546906083401E+00  3.7928054683597939E-07  2.9500794049042592E-07
  1.4511696442491289E+00  3.7143907808800793E-07  2.8960513408828396E-07
  1.4656272134926494E+00  3.6376595028516821E-07  2.8429920786104150E-07
  1.4802288191755058E+00  3.5625739243017500E-07  2.7908851061465622E-07
  1.4949758962896758E+00  3.4890972276048001E-07  2.7397141653376227E-07
  1.5098698941235305E+00  3.4171934379025645E-07  2.6894632235462885E-07
  1.5249122764042677E+00  3.3468272147111178E-07  2.6401162946921239E-07
  1.5401045214417639E+00  3.2779642804010036E-07  2.5916577851768207E-07
  1.5554481222738523E+00  3.2105714501092123E-07  2.5440725615797340E-07
  1.5709445868130580E+00  3.1446163071888142E-07  2.4973457271699361E-07
  1.5865954379947853E+00  3.0800671754066978E-07  2.4514626123072382E-07
  1.6024022139269893E+00  3.0168931012531295E-07  2.4064087717287860E-07
  1.6183664680413368E+00  2.9550638367027299E-07  2.3621699818505899E-07
  1.6344897692458658E+00  2.8945498224142367E-07  2.3187322380841864E-07
  1.6507737020791804E+00  2.8353221713566397E-07  2.2760817521686358E-07
  1.6672198668661662E+00  2.7773526528500073E-07  2.2342049495180882E-07
  1.6838298798752664E+00  2.7206136770279853E-07  2.1930884666032655E-07
  1.7006053734773268E+00  2.6650782850911400E-07  2.1527191535104881E-07
  1.7175479963060121E+00  2.6107202307952525E-07  2.1130841622015832E-07
  1.7346594134198345E+00  2.5575137073563191E-07  2.0741707478765378E-07
  1.7519413064657838E+00  2.5054330519783507E-07  2.0359660279664439E-07
  1.7693953738445962E+00  2.4544531667138703E-07  1.9984573074681098E-07
  1.7870233308776693E+00  2.4045495519564258E-07  1.9616321121917423E-07
  1.8048269099756300E+00  2.3556982909741046E-07  1.9254781851349182E-07
  1.8228078608086000E+00  2.3078760348818032E-07  1.8899834829097879E-07
  1.8409679504781364E+00  2.2610599880385671E-07  1.8551361722229693E-07
  1.8593089636909026E+00  2.2152278938566696E-07  1.8209246264073976E-07
  1.8778327029340622E+00  2.1703580210095953E-07  1.7873374220056306E-07
  1.8965409886524176E+00  2.1264291500258638E-07  1.7543633354032597E-07
  1.9154356594273174E+00  2.0834205593895377E-07  1.7219913386716470E-07
  1.9345185721573501E+00  2.0413119826108808E-07  1.6902105676053514E-07
  1.9537916022408255E+00  2.0000835694738837E-07  1.6590102911919815E-07
  1.9732566437600900E+00  1.9597159995773084E-07  1.6283800172384963E-07
  1.9929156096676621E+00  1.9201904258956891E-07  1.5983094573333051E-07
  2.0127704319742379E+00  1.8814884399156571E-07  1.5687885054023549E-07
  2.0328230619385557E+00  1.8435920606462006E-07  1.5398072345590972E-07
  2.0530754702591603E+00  1.8064837239524597E-07  1.5113558940252642E-07
  2.0735296472680820E+00  1.7701462721777757E-07  1.4834249061017048E-07
  2.0941876031264286E+00  1.7345629440455476E-07  1.4560048631885758E-07
  2.1150513680219429E+00  1.6997173648326396E-07  1.4290865248541238E-07
  2.1361229923685245E+00  1.6655935368064160E-07  1.4026608149513557E-07
  2.1574045470077290E+00  1.6321758300957840E-07  1.3767188189552070E-07
  2.1788981234122913E+00  1.5994489802452440E-07  1.3512517875884498E-07
  2.2006058338916601E+00  1.5673980931495460E-07  1.3262511460741408E-07
  2.2225298117995949E+00  1.5360087054399755E-07  1.3017085454266876E-07
  2.2446722117438189E+00  1.5052667323541101E-07  1.2776158244869998E-07
  2.2670352097977666E+00  1.4751584015520641E-07  1.2539649607425905E-07
  2.2896210037144447E+00  1.4456702446666561E-07  1.2307480672551847E-07
  2.3124318131424140E+00  1.4167890902705621E-07  1.2079573905892924E-07
  2.3354698798439282E+00  1.3885020570165073E-07  1.1855853087664032E-07
  2.3587374679152533E+00  1.3607965469459068E-07  1.1636243292446789E-07
  2.3822368640091636E+00  1.3336602389615205E-07  1.1420670869239659E-07
  2.4059703775596768E+00  1.3070810824597218E-07  1.1209063421759473E-07
  2.4299403410090052E+00  1.2810472910903023E-07  1.1001349788721778E-07
  2.4541491100367909E+00  1.2555473351239702E-07  1.0797460009302189E-07
  2.4785990637916053E+00  1.2305699552694033E-07  1.0597325484326957E-07
  2.5032926051247637E+00  1.2061042145785901E-07  1.0400879478151239E-07
  2.5282321608264753E+00  1.1821394391201869E-07  1.0208056608750778E-07
  2.5534201818643307E+00  1.1586651821466212E-07  1.0018792565228675E-07
  2.5788591436241775E+00  1.1356712181002678E-07  9.8330240845389364E-08
  2.6045515461533966E+00  1.1131475378349636E-07  9.6506889373463668E-08
  2.6304999144065881E+00  1.0910843439446344E-07  9.4717259139892732E-08
  2.6567067984937247E+00  1.0694720461964163E-07  9.2960748105467851E-08
  2.6831747739307570E+00  1.0483012570658102E-07  9.1236764150131550E-08
  2.7099064418927363E+00  1.0275627873714113E-07  8.9544724935805590E-08
  2.7369044294694396E+00  1.0072476420071305E-07  8.7884057770350846E-08
  2.7641713899235527E+00  9.8734701582024480E-08  8.6254199477533531E-08
  2.7917100029514295E+00  9.6785227618309030E-08  8.4654595009166127E-08
  2.8195229749464321E+00  9.4875486158003776E-08  8.3084688544038448E-08
  2.8476130392649117E+00  9.3004626033073471E-08  8.1543922247009618E-08
  2.8759829564948345E+00  9.1171813367293445E-08  8.0031747158940803E-08
  2.9046355147270742E+00  8.9376233399778723E-08  7.8547624917423472E-08
  2.9335735298294261E+00  8.7617090014064987E-08  7.7091027546998410E-08
  2.9627998457233273E+00  8.5893605279014080E-08  7.5661437253079047E-08
  2.9923173346633614E+00  8.4205019001905197E-08  7.4258346220076987E-08
  3.0221288975195204E+00  8.2550588293363545E-08  7.2881256413644852E-08
  3.0522374640622951E+00  8.0929587143790177E-08  7.1529679386946785E-08
  3.0826459932506114E+00  7.9341306010961791E-08  7.0203136090874539E-08
  3.1133574735226115E+00  7.7785051425196316E-08  6.8901156694656524E-08
  3.1443749230893521E+00  7.6260146290873810E-08  6.7623281069474949E-08
  3.1757013902314322E+00  7.4765936073293273E-08  6.6369064670354313E-08
  3.2073399535985492E+00  7.3301796470325875E-08  6.5138085217006123E-08
  3.2392937225120755E+00  7.1867121351042303E-08  6.3929932057512064E-08
  3.2715658372706153E+00  7.0461316696580248E-08  6.2744201086698028E-08
  3.3041594694586358E+00  6.9083800290840701E-08  6.1580494604073211E-08
  3.3370778222581454E+00  6.7734001492310511E-08  6.0438421236596386E-08
  3.3703241307634997E+00  6.6411361010157048E-08  5.9317595861602260E-08
  3.4039016622993343E+00  6.5115330684516498E-08  5.8217639529916557E-08
  3.4378137167416605E+00  6.3845373270899258E-08  5.7138179389188835E-08
  3.4720636268421656E+00  6.2600962228634138E-08  5.6078848607468114E-08
  3.5066547585557517E+00  6.1381581512360769E-08  5.5039286296169596E-08
  3.5415905113713158E+00  6.0186725159551894E-08  5.4019137231943862E-08
  3.5768743186458543E+00  5.9015894287421483E-08  5.3018049130522627E-08
  3.6125096479418635E+00  5.7868590005825756E-08  5.2035666445824591E-08
  3.6485000013681366E+00  5.6744317318648786E-08  5.1071634155435421E-08
  3.6848489159239244E+00  5.5642591862339338E-08  5.0125603773518916E-08
  3.7215599638465431E+00  5.4562940059030796E-08  4.9197233572952367E-08
  3.7586367529624458E+00  5.3504898860619338E-08  4.8286188451420366E-08
  3.7960829270417782E+00  5.2468015499334305E-08  4.7392139800211824E-08
  3.8339021661564767E+00  5.1451847244622431E-08  4.6514765375664371E-08
  3.8720981870419404E+00  5.0455961166177014E-08  4.5653749173202008E-08
  3.9106747434622857E+00  4.9479933902944479E-08  4.4808781303913622E-08
  3.9496356265792594E+00  4.8523351438042301E-08  4.3979557873709980E-08
  3.9889846653248213E+00  4.7585808908118275E-08  4.3165780892746144E-08
  4.0287257267774361E+00  4.6666911227642121E-08  4.2367158963964590E-08
  4.0688627165421138E+00  4.5766276226458708E-08  4.1583410236597042E-08
  4.1093995791342346E+00  4.4883535137228980E-08  4.0814262787309139E-08
  4.1503402983672144E+00  4.4018327518460489E-08  4.0059450144191014E-08
  4.1916888977440054E+00  4.3170300228889212E-08  3.9318710445648945E-08
  4.2334494408525156E+00  4.2339107279298504E-08  3.8591786368931186E-08
  4.2756260317649710E+00  4.1524409687397554E-08  3.7878425059541569E-08
  4.3182228154412350E+00  4.0725875335660721E-08  3.7178378061506542E-08
  4.3612439781361667E+00  3.9943178832065597E-08  3.6491401248493703E-08
  4.4046937478110362E+00  3.9176001373669766E-08  3.5817254755777314E-08
  4.4485763945490273E+00  3.8424030612967737E-08  3.5155702913048774E-08
  4.4928962309748792E+00  3.7686960526997303E-08  3.4506514178139363E-08
  4.5376576126787240E+00  3.6964491147804113E-08  3.3869460935541767E-08
  4.5828649386441427E+00  3.6256327140545555E-08  3.3244318210313038E-08
  4.6285226516804663E+00  3.5562176510500273E-08  3.2630862581446645E-08
  4.6746352388594063E+00  3.4881752513788601E-08  3.2028873982829552E-08
  4.7212072319560381E+00  3.4214774482192947E-08  3.1438136483695905E-08
  4.7682432078941464E+00  3.3560967698516518E-08  3.0858438220106261E-08
  4.8157477891960392E+00  3.2920063265159876E-08  3.0289571319087602E-08
  4.8637256444368395E+00  3.2291797975739167E-08  2.9731331824156440E-08
  4.9121814887032880E+00  3.1675914189672836E-08  2.9183519622200665E-08
  4.9611200840571161E+00  3.1072159709663284E-08  2.8645938371696623E-08
  5.0105462400030563E+00  3.0480287662003412E-08  2.8118395432237526E-08
  5.0604648139615058E+00  2.9900056379136878E-08  2.7600701794859841E-08
  5.1108807117458781E+00  2.9331229297996765E-08  2.7092672026253999E-08
  5.1617988880447401E+00  2.8773575572621930E-08  2.6594124895859618E-08
  5.2132243469087500E+00  2.8226870614386905E-08  2.6104883912630637E-08
  5.2651621422424171E+00  2.7690894921851830E-08  2.5624776245654716E-08
  5.3176173783007865E+00  2.7165433485755615E-08  2.5153632212113802E-08
  5.3705952101910812E+00  2.6650275673629072E-08  2.4691285203115431E-08
  5.4241008443793106E+00  2.6145215139371568E-08  2.4237571630961821E-08
  5.4781395392019459E+00  2.5650049734734342E-08  2.3792330877231738E-08
  5.5327166053826931E+00  2.5164581422668669E-08  2.3355405241664727E-08
  5.5878374065544163E+00  2.4688616192498630E-08  2.2926639891838474E-08
  5.6435073597862422E+00  2.4221963976878580E-08  2.2505882813629583E-08
  5.6997319361159384E+00  2.3764438570519999E-08  2.2092984762472374E-08
  5.7565166610875940E+00  2.3315857553823681E-08  2.1687799218382250E-08
  5.8138671152946317E+00  2.2876041850684555E-08  2.1290181986873328E-08
  5.8717889349282597E+00  2.2444815470715089E-08  2.0899990963415495E-08
  5.9302878123313789E+00  2.2022006649911478E-08  2.0517087238028774E-08
  5.9893694965580027E+00  2.1607447239803610E-08  2.0141334567970788E-08
  6.0490397939382383E+00  2.1200972506207456E-08  1.9772599214815532E-08
  6.1093045686489305E+00  2.0802421058972745E-08  1.9410749900206973E-08
  6.1701697432899696E+00  2.0411634783198864E-08  1.9055657762340408E-08
  6.2316412994663297E+00  2.0028458771887833E-08  1.8707196313161044E-08
  6.2937252783759279E+00  1.9652741260002859E-08  1.8365241396269144E-08
  6.3564277814033376E+00  1.9284333559903111E-08  1.8029671145521638E-08
  6.4197549707193931E+00  1.8923089998125565E-08  1.7700365944320376E-08
  6.4837130698867922E+00  1.8568867847360014E-08  1.7377208379730714E-08
  6.5483083644717368E+00  1.8221527333034870E-08  1.7060083268613724E-08
  6.6135472026616480E+00  1.7880931667924801E-08  1.6748877719597115E-08
  6.6794359958890190E+00  1.7546945630420544E-08  1.6443479821503921E-08
  6.7459812194615472E+00  1.7219436303899179E-08  1.6143779334116918E-08
  6.8131894131984820E+00  1.6898273540772817E-08  1.5849668129949078E-08
  6.8810671820733296E+00  1.6583329905274290E-08  1.5561040156158163E-08
  6.9496211968629726E+00  1.6274480614727929E-08  1.5277791394613277E-08
  7.0188581948032605E+00  1.5971603482148728E-08  1.4999819822725809E-08
  7.0887849802510949E+00  1.5674578860138854E-08  1.4727025375030084E-08
  7.1594084253531554E+00  1.5383289586049932E-08  1.4459309905499873E-08
  7.2307354707212648E+00  1.5097620928381504E-08  1.4196577150586506E-08
  7.3027731261144968E+00  1.4817460536904677E-08  1.3938732695357797E-08
  7.3755284711280336E+00  1.4542698455815267E-08  1.3685683999470256E-08
  7.4490086558889672E+00  1.4273227263345709E-08  1.3437340542990831E-08
  7.5232209017589691E+00  1.4008942745594521E-08  1.3193614467973602E-08
  7.5981725020439654E+00  1.3749743343434657E-08  1.2954420068110503E-08
  7.6738708227109109E+00  1.3495529513627247E-08  1.2719673203318213E-08
  7.7503233031116991E+00  1.3246203672405732E-08  1.2489291257355084E-08
  7.8275374567142473E+00  1.3001670157034545E-08  1.2263193111767292E-08
  7.9055208718409107E+00  1.2761835188117306E-08  1.2041299120232422E-08
  7.9842812124142339E+00  1.2526606832639820E-08  1.1823531083295830E-08
  8.0638262187101404E+00  1.2295894967733672E-08  1.1609812223495297E-08
  8.1441637081185778E+00  1.2069611245146462E-08  1.1400067160869226E-08
  8.2253015759118444E+00  1.1847669056233607E-08  1.1194221888685677E-08
  8.3072477960204623E+00  1.1629983456183714E-08  1.0992203710096708E-08
  8.3900104218168359E+00  1.1416470896390426E-08  1.0793940989147281E-08
  8.4735975869067133E+00  1.1207048827589765E-08  1.0599362784726941E-08
  8.5580175059285324E+00  1.1001635759006995E-08  1.0408398921080275E-08
  8.6432784753607041E+00  1.0800151826247059E-08  1.0220980528637280E-08
  8.7293888743369799E+00  1.0602518818734405E-08  1.0037040076700667E-08
  8.8163571654699151E+00  1.0408660144095203E-08  9.8565113470409772E-09
  8.9041918956825565E+00  1.0218500793341108E-08  9.6793294080186021E-09
  8.9929016970483566E+00  1.0031967306835600E-08  9.5054305892224584E-09
  9.0824952876395635E+00  9.8489877410241387E-09  9.3347524566143647E-09
  9.1729814723839667E+00  9.6694916359104796E-09  9.1672337881692315E-09
  9.2643691439302138E+00  9.4934099832632173E-09  9.0028145500025205E-09
  9.3566672835217446E+00  9.3206752019878178E-09  8.8414358790107928E-09
  9.4498849618794623E+00  9.1512212036486785E-09  8.6830401519967920E-09
  9.5440313400931327E+00  8.9849834324280414E-09  8.5275710334433200E-09
  9.6391156705217185E+00  8.8218981718221158E-09  8.3749728262367514E-09
  9.7351472977026834E+00  8.6619027907832564E-09  8.2251907032156005E-09
  9.8321356592703211E+00  8.5049359672099883E-09  8.0781709209860051E-09
  9.9300902868832317E+00  8.3509376601317703E-09  7.9338607987649767E-09
  1.0029020807161102E+01  8.1998490814930519E-09  7.7922086966869861E-09
  1.0128936942630750E+01  8.0516126685971689E-09  7.6531639945689969E-09
  1.0229848512681619E+01  7.9061720571935936E-09  7.5166770711238925E-09
  1.0331765434530777E+01  7.7634720551921752E-09  7.3826992836120441E-09
  1.0434697724197592E+01  7.6234586169887500E-09  7.2511829479216048E-09
  1.0538655497488016E+01  7.4860788190597835E-09  7.1220813197296103E-09
  1.0643648970988743E+01  7.3512808710937559E-09  6.9953486093923705E-09
  1.0749688463071291E+01  7.2190140391414077E-09  6.8709399119842496E-09
  1.0856784394906020E+01  7.0892285110749275E-09  6.7488110831051180E-09
  1.0964947291486272E+01  6.9618754977876605E-09  6.6289188389899547E-09
  1.1074187782662776E+01  6.8369072263236867E-09  6.5112207545924220E-09
  1.1184516604188284E+01  6.7142769144130071E-09  6.3956752429794308E-09
  1.1295944598772628E+01  6.5939387487634284E-09  6.2822415381341294E-09
  1.1408482717148321E+01  6.4758478638609099E-09  6.1708796781290617E-09
  1.1522142019146758E+01  6.3599603212654530E-09  6.0615504886609095E-09
  1.1636933674785121E+01  6.2462330893898875E-09  5.9542155669384065E-09
  1.1752868965364126E+01  6.1346240237492596E-09  5.8488372659153762E-09
  1.1869959284576732E+01  6.0250918476121691E-09  5.7453786788075685E-09
  1.1988216139627841E+01  5.9175960899347959E-09  5.6438035830730857E-09
  1.2107651152365191E+01  5.8120969712793417E-09  5.5440763347714521E-09
  1.2228276060421530E+01  5.7085564907166662E-09  5.4461628996020494E-09
  1.2350102718368131E+01  5.6069392793387743E-09  5.3500316667418735E-09
  1.2473143098879802E+01  5.5072107566798982E-09  5.2556517065538577E-09
  1.2597409293911531E+01  5.4093368999264451E-09  5.1629925543178023E-09
  1.2722913515886853E+01  5.3132842371145574E-09  5.0720242056188941E-09
  1.2849668098898018E+01  5.2190198403568086E-09  4.9827171117208042E-09
  1.2977685499918136E+01  5.1265113190987764E-09  4.8950421749246992E-09
  1.3106978300025441E+01  5.0357268134061238E-09  4.8089707439154778E-09
  1.3237559205639682E+01  4.9466349872831377E-09  4.7244746090967365E-09
  1.3369441049770838E+01  4.8592050220241105E-09  4.6415259979164352E-09
  1.3502636793280365E+01  4.7734066207005668E-09  4.5600975805980607E-09
  1.3637159526154907E+01  4.6892100309173426E-09  4.4801624920484227E-09
  1.3773022468792689E+01  4.6065857585387106E-09  4.4016940610657414E-09
  1.3910238973302853E+01  4.5255041638783331E-09  4.3246654271852568E-09
  1.4048822524817613E+01  4.4459360308030869E-09  4.2490500848881199E-09
  1.4188786742817477E+01  4.3678526876135105E-09  4.1748220002355443E-09
  1.4330145382469810E+01  4.2912259974379580E-09  4.1019556031939305E-09
  1.4472912335980601E+01  4.2160283487477704E-09  4.0304257800334710E-09
  1.4617101633959663E+01  4.1422326460313004E-09  3.9602078658372633E-09
  1.4762727446799696E+01  4.0698123006239431E-09  3.8912776371191103E-09
  1.4909804086068688E+01  3.9987412216916967E-09  3.8236113045488037E-09
  1.5058346005916498E+01  3.9289938073652903E-09  3.7571855057829815E-09
  1.5208367804495454E+01  3.8605449350901417E-09  3.6919772975531657E-09
  1.5359884225394804E+01  3.7933700279161695E-09  3.6279642208487673E-09
  1.5512910159089824E+01  3.7274451246587360E-09  3.5651243678294636E-09
  1.5667460644405146E+01  3.6627469583983559E-09  3.5034364562564626E-09
  1.5823550869992665E+01  3.5992528969611151E-09  3.4428797756152962E-09
  1.5981196175824328E+01  3.5369407050237985E-09  3.3834339616688390E-09
  1.6140412054699624E+01  3.4757885337093094E-09  3.3250789875548025E-09
  1.6301214153768132E+01  3.4157749149656804E-09  3.2677951594039392E-09
  1.6463618276067351E+01  3.3568787560058066E-09  3.2115631119895849E-09
  1.6627640382075711E+01  3.2990793338071214E-09  3.1563638044083884E-09
  1.6793296591281074E+01  3.2423562896702761E-09  3.1021785157918966E-09
  1.6960603183764984E+01  3.1866896238361236E-09  3.0489888410488200E-09
  1.7129576601802579E+01  3.1320596902283694E-09  2.9967766866951314E-09
  1.7300233451478398E+01  3.0784471300737941E-09  2.9455242083478919E-09
  1.7472590504318504E+01  3.0258324836776756E-09  2.8952134421858190E-09
  1.7646664698938654E+01  2.9741961320545010E-09  2.8458262515882057E-09
  1.7822473142708894E+01  2.9235181150643797E-09  2.7973441529912483E-09
  1.8000033113435016E+01  2.8737788377651100E-09  2.7497489894735295E-09
  1.8179362061056310E+01  2.8249591414972462E-09  2.7030229992555372E-09
  1.8360477609360593E+01  2.7770402933810644E-09  2.6571488064392653E-09
  1.8543397557716322E+01  2.7300039760987290E-09  2.6121094119932017E-09
  1.8728139882821612E+01  2.6838322779527872E-09  2.5678881849752098E-09
  1.8914722740471117E+01  2.6385076831921998E-09  2.5244688539857542E-09
  1.9103164467340246E+01  2.5940130625978292E-09  2.4818354988445945E-09
  1.9293483582787168E+01  2.5503316643164888E-09  2.4399725424819508E-09
  1.9485698790672934E+01  2.5074471161422501E-09  2.3988647536818566E-09
  1.9679828981199567E+01  2.4653437537813458E-09  2.3584975594967007E-09
  1.9875893232766476E+01  2.4240070143508355E-09  2.3188574227517955E-09
  2.0073910813845504E+01  2.3834230746787141E-09  2.2799314979145553E-09
  2.0273901184874529E+01  2.3435784060442590E-09  2.2417072051808460E-09
  2.0475884000169884E+01  2.3044597096254095E-09  2.2041721693115589E-09
  2.0679879109858053E+01  2.2660539130695824E-09  2.1673142168920647E-09
  2.0885906561826371E+01  2.2283481671185523E-09  2.1311213736260662E-09
  2.1093986603693239E+01  2.1913298422754662E-09  2.0955818616529570E-09
  2.1304139684798084E+01  2.1549865255132730E-09  2.0606840968885382E-09
  2.1516386458210977E+01  2.1193060170241469E-09  2.0264166863891222E-09
  2.1730747782762283E+01  2.0842763270092840E-09  1.9927684257388769E-09
  2.1947244725092784E+01  2.0498856717465623E-09  1.9597282957506542E-09
  2.2165898561723800E+01  2.0161224587038407E-09  1.9272854496641424E-09
  2.2386730781148248E+01  1.9829753959159197E-09  1.8954293186607750E-09
  2.2609763085942625E+01  1.9504324357330719E-09  1.8641486002623978E-09
  2.2835017394899545E+01  1.9184812023622286E-09  1.8334316676487910E-09
  2.3062515845182080E+01  1.8871095985333509E-09  1.8032671500823417E-09
  2.3292280794499259E+01  1.8563058071494177E-09  1.7736439349199506E-09
  2.3524334823303189E+01  1.8260582841264837E-09  1.7445511611935105E-09
  2.3758700737008361E+01  1.7963557514770688E-09  1.7159782134046897E-09
  2.3995401568232769E+01  1.7671871906260939E-09  1.6879147155243480E-09
  2.4234460579061434E+01  1.7385418359488767E-09  1.6603505251873429E-09
  2.4475901263332656E+01  1.7104091685213856E-09  1.6332757280739893E-09
  2.4719747348946800E+01  1.6827789101273260E-09  1.6066806325147964E-09
  2.4966022800198147E+01  1.6556409901179489E-09  1.5805557380708862E-09
  2.5214751820130150E+01  1.6289847024813364E-09  1.5548909332916883E-09
  2.5465958852913943E+01  1.6027992738809891E-09  1.5296760401982102E-09
  2.5719668586250553E+01  1.5770753610599977E-09  1.5049022438921967E-09
  2.5975905953797266E+01  1.5518039135861781E-09  1.4805610053690836E-09
  2.6234696137617945E+01  1.5269760692688820E-09  1.4566439616749424E-09
  2.6496064570657712E+01  1.5025831498511379E-09  1.4331429218895068E-09
  2.6760036939242713E+01  1.4786166568957930E-09  1.4100498632932998E-09
  2.7026639185604111E+01  1.4550682678536565E-09  1.3873569277072351E-09
  2.7295897510427764E+01  1.4319298323021002E-09  1.3650564179934952E-09
  2.7567838375429293E+01  1.4091933683434626E-09  1.3431407947073229E-09
  2.7842488505954289E+01  1.3868510591504022E-09  1.3216026728876759E-09
  2.8119874893605068E+01  1.3648952524093402E-09  1.3004348216343050E-09
  2.8400024798893234E+01  1.3433188787981374E-09  1.2796305604270257E-09
  2.8682965753918602E+01  1.3221161418772433E-09  1.2591844130319155E-09
  2.8968725565075182E+01  1.3012808135305437E-09  1.2390904845635693E-09
  2.9257332315783739E+01  1.2808065740640883E-09  1.2193427880885027E-09
  2.9548814369251705E+01  1.2606872106591144E-09  1.1999354344474323E-09
  2.9843200371260735E+01  1.2409166155166121E-09  1.1808626306719334E-09
  3.0140519252981854E+01  1.2214887840575798E-09  1.1621186784470168E-09
  3.0440800233818589E+01  1.2023978131848096E-09  1.1436979726253920E-09
  3.0744072824278753E+01  1.1836378996025159E-09  1.1255949997901236E-09
  3.1050366828874512E+01  1.1652033381903663E-09  1.1078043368625847E-09
  3.1359712349051389E+01  1.1470885204286386E-09  1.0903206497527731E-09
  3.1672139786146705E+01  1.1292879324663730E-09  1.0731386916871809E-09
  3.1987679844377205E+01  1.1117960793809880E-09  1.0562532325366133E-09
  3.2306363533856469E+01  1.0946070400594592E-09  1.0396586384668532E-09
  3.2628222173642669E+01  1.0777148106638576E-09  1.0233491970967895E-09
  3.2953287394816392E+01  1.0611135950249319E-09  1.0073193926229419E-09
  3.3281591143589083E+01  1.0447977237708171E-09  9.9156382864056293E-10
  3.3613165684442961E+01  1.0287616501912909E-09  9.7607722427046987E-10
  3.3948043603301471E+01  1.0129999473369370E-09  9.6085441146165321E-10
  3.4286257810731826E+01  9.9750730519285457E-10  9.4589033236224600E-10
  3.4627841545179606E+01  9.8227852792489740E-10  9.3118003675700207E-10
  3.4972828376234851E+01  9.6730853119643746E-10  9.1671867956950753E-10
  3.5321252207931501E+01  9.5259233955366554E-10  9.0250151842728169E-10
  3.5673147282079277E+01  9.3812508396962730E-10  8.8852391136249323E-10
  3.6028548181628686E+01  9.2390200884654704E-10  8.7478132291929506E-10
  3.6387489834069953E+01  9.0991859416168941E-10  8.6126943891980536E-10
  3.6750007514865437E+01  8.9617086039125004E-10  8.4798445743736181E-10
  3.7116136850916249E+01  8.8265514267652826E-10  8.3492287483381800E-10
  3.7485913824063822E+01  8.6936783161808152E-10  8.2208123888381123E-10
  3.7859374774625877E+01  8.5630536228820773E-10  8.0945613836554290E-10
  3.8236556404967750E+01  8.4346421414257928E-10  7.9704420303946892E-10
  3.8617495783109582E+01  8.3084091091418421E-10  7.8484210360810021E-10
  3.9002230346369124E+01  8.1843202049026937E-10  7.7284655165763563E-10
  3.9390797905040806E+01  8.0623415477299477E-10  7.6105429958212397E-10
  3.9783236646111838E+01  7.9424396952444760E-10  7.4946214049082864E-10
  4.0179585137014953E+01  7.8245816419453639E-10  7.3806690809787802E-10
  4.0579882329418538E+01  7.7087347921161833E-10  7.2686547447972945E-10
  4.0984167563055081E+01  7.5948667190163713E-10  7.1585472827341489E-10
  4.1392480569586809E+01  7.4829433189123345E-10  7.0503139901247707E-10
  4.1804861476510638E+01  7.3729280288612002E-10  6.9439198230864242E-10
  4.2221350811101978E+01  7.2647846504974989E-10  6.8393300825226580E-10
  4.2641989504397067E+01  7.1584777376659210E-10  6.7365107830733545E-10
  4.3066818895215981E+01  7.0539725795837779E-10  6.6354286373401445E-10
  4.3495880734225125E+01  6.9512351844106620E-10  6.5360510404861686E-10
  4.3929217188040155E+01  6.8502322632150000E-10  6.4383460552003654E-10
  4.4366870843370251E+01  6.7509312143268523E-10  6.3422823970170979E-10
  4.4808884711203248E+01  6.6533001080674745E-10  6.2478294199822750E-10
  4.5255302231032452E+01  6.5573076718457972E-10  6.1549571026569839E-10
  4.5706167275125978E+01  6.4629232817485192E-10  6.0636360394413600E-10
  4.6161524152838233E+01  6.3701169375073948E-10  5.9738374111948243E-10
  4.6621417614964358E+01  6.2788587573751270E-10  5.8855325182691989E-10
  4.7085892858138408E+01  6.1891191739833371E-10  5.7986929667502890E-10
  4.7554995529274962E+01  6.1008692664627487E-10  5.7132909788090343E-10
  4.8028771730055070E+01  6.0140807303158890E-10  5.6292993640060058E-10
  4.8507268021457143E+01  5.9287258627717212E-10  5.5466915054363400E-10
  4.8990531428332730E+01  5.8447775488110484E-10  5.4654413465046808E-10
  4.9478609444027690E+01  5.7622092475463867E-10  5.3855233780300452E-10
  4.9971550035050257E+01  5.6809949789468077E-10  5.3069126256717766E-10
  5.0469401645784338E+01  5.6011093108989736E-10  5.2295846376682199E-10
  5.0972213203250732E+01  5.5225273465950993E-10  5.1535154728794853E-10
  5.1480034121915850E+01  5.4452247116885391E-10  5.0786816886588796E-10
  5.1992914308547277E+01  5.3691775150862405E-10  5.0050603080645060E-10
  5.2510904167119023E+01  5.2943627367498605E-10  4.9326291829025737E-10
  5.3034054603764808E+01  5.2207597698787112E-10  4.8613684386259331E-10
  5.3562417031780768E+01  5.1483494596829098E-10  4.7912595718376121E-10
  5.4096043376678537E+01  5.0771129637518123E-10  4.7222843746412957E-10
  5.4634986081288055E+01  5.0070317111163210E-10  4.6544248960231470E-10
  5.5179298110911354E+01  4.9380873995988582E-10  4.5876634394276119E-10
  5.5729032958528080E+01  4.8702619931602529E-10  4.5219825603191017E-10
  5.6284244650052464E+01  4.8035377192455713E-10  4.4573650637312503E-10
  5.6844987749642584E+01  4.7378970661307964E-10  4.3937940018049272E-10
  5.7411317365063070E+01  4.6733227802721994E-10  4.3312526713163992E-10
  5.7983289153100749E+01  4.6097978636526984E-10  4.2697246111966488E-10
  5.8560959325034183E+01  4.5473055803519112E-10  4.2091936072971322E-10
  5.9144384652158301E+01  4.4858294014134100E-10  4.1496436387445088E-10
  5.9733622471363425E+01  4.4253524255933486E-10  4.0910583409697479E-10
  6.0328730690769959E+01  4.3658572863385496E-10  4.0334209166835824E-10
  6.0929767795420020E+01  4.3073268598568815E-10  3.9767148006573471E-10
  6.1536792853024338E+01  4.2497443406832977E-10  3.9209237306750562E-10
  6.2149865519767566E+01  4.1930932358328783E-10  3.8660317418462405E-10
  6.2769046046171489E+01  4.1373573590901688E-10  3.8120231610272483E-10
  6.3394395283015378E+01  4.0825208254353460E-10  3.7588826013489996E-10
  6.4025974687316861E+01  4.0285680456076671E-10  3.7065949568489569E-10
  6.4663846328371463E+01  3.9754837208078743E-10  3.6551453972054522E-10
  6.5308072893852369E+01  3.9232528375416985E-10  3.6045193625722749E-10
  6.5958717695971458E+01  3.8718606632437725E-10  3.5547025590436728E-10
  6.6615844677701290E+01  3.8212927622789304E-10  3.5056809707496840E-10
  6.7279518419058917E+01  3.7715349571108074E-10  3.4574408244701068E-10
  6.7949804143452980E+01  3.7225735335354375E-10  3.4099687833057449E-10
  6.8626767724093469E+01  3.6743951075337621E-10  3.3632518200220846E-10
  6.9310475690465239E+01  3.6269865374039279E-10  3.3172771340914061E-10
  7.0000995234866735E+01  3.5803349201364370E-10  3.2720321475612164E-10
  7.0698394219013181E+01  3.5344275882122928E-10  3.2275045012124476E-10
  7.1402741180705533E+01  3.4892521066055145E-10  3.1836820507826424E-10
  7.2114105340566610E+01  3.4447962700143832E-10  3.1405528632529635E-10
  7.2832556608843575E+01  3.4010481003517334E-10  3.0981052131980656E-10
  7.3558165592278215E+01  3.3579958445318257E-10  3.0563275791977533E-10
  7.4291003601046683E+01  3.3156279724748926E-10  3.0152086401878707E-10
  7.5031142655766615E+01  3.2739331359176774E-10  2.9747372393421775E-10
  7.5778655494575560E+01  3.2329000791818169E-10  2.9349023062231184E-10
  7.6533615580279857E+01  3.1925174328293205E-10  2.8956926527617539E-10
  7.7296097107573189E+01  3.1527738542302844E-10  2.8570970991584367E-10
  7.8066175010329218E+01  3.1136582518487662E-10  2.8191046781876033E-10
  7.8843924968965283E+01  3.0751597919081974E-10  2.7817046361892564E-10
  7.9629423417879920E+01  3.0372679004706220E-10  2.7448864286374565E-10
  8.0422747552964935E+01  2.9999722671932209E-10  2.7086397158072166E-10
  8.1223975339191696E+01  2.9632628512068234E-10  2.6729543585374441E-10
  8.2033185518273086E+01  2.9271298897111827E-10  2.6378204140876942E-10
  8.2850457616402323E+01  2.8915639100903070E-10  2.6032281320864812E-10
  8.3675871952068320E+01  2.8565557466462708E-10  2.5691679505766764E-10
  8.4509509643948846E+01  2.8220965775154265E-10  2.5356305031724640E-10
  8.5351452618883030E+01  2.7881779789931119E-10  2.5026066287317155E-10
  8.6201783619922622E+01  2.7547917703410967E-10  2.4700871959759374E-10
  8.7060586214463370E+01  2.7219301706467471E-10  2.4380631921925178E-10
  8.7927944802458299E+01  2.6895859465354271E-10  2.4065257816620051E-10
  8.8803944624711903E+01  2.6577525236065955E-10  2.3754663037314231E-10
  8.9688671771256949E+01  2.6264241393531225E-10  2.3448762690454169E-10
  9.0582213189816144E+01  2.5955960590119387E-10  2.3147473558653847E-10
  9.1484656694345759E+01  2.5652648828834578E-10  2.2850714064745231E-10
  9.2396090973666276E+01  2.5354289864723971E-10  2.2558404236665076E-10
  9.3316605600178903E+01  2.5060891504473067E-10  2.2270465673157621E-10
  9.4246291038667323E+01  2.4772494487932335E-10  2.1986821510273810E-10
  9.5185238655189082E+01  2.4489184409042963E-10  2.1707396378672238E-10
  9.6133540726054505E+01  2.4211105941979357E-10  2.1432116598679107E-10
  9.7091290446894902E+01  2.3938474540199556E-10  2.1160911931475457E-10
  9.8058581941822069E+01  2.3671558533125504E-10  2.0893714228520559E-10
  9.9035510272678209E+01  2.3410582406084730E-10  2.0630456491039651E-10
  1.0002217144837790E+02  2.3155479895406625E-10  2.0371072944628461E-10
  1.0101866243434418E+02  2.2905561104096815E-10  2.0115499015366474E-10
  1.0202508116203752E+02  2.2659522085365851E-10  1.9863671306211701E-10
  1.0304152653858006E+02  2.2416094094240969E-10  1.9615527573891177E-10
  1.0406809845647621E+02  2.2174663886822714E-10  1.9371006706275813E-10
  1.0510489780342961E+02  2.1935234602176268E-10  1.9130048700229365E-10
  1.0615202647225757E+02  2.1698071637335178E-10  1.8892594639920679E-10
  1.0720958737090545E+02  2.1463460747489888E-10  1.8658586676303576E-10
  1.0827768443255961E+02  2.1231624234428915E-10  1.8427967847554134E-10
  1.0935642262586140E+02  2.1002710061295247E-10  1.8200679337517390E-10
  1.1044590796522368E+02  2.0776802784510603E-10  1.7976659333259147E-10
  1.1154624752124920E+02  2.0553942983952731E-10  1.7755846562463362E-10
  1.1265754943125266E+02  2.0334142662083702E-10  1.7538181074109033E-10
  1.1377992290988927E+02  2.0117395392955615E-10  1.7323604213945522E-10
  1.1491347825988653E+02  1.9903682627105567E-10  1.7112058594057122E-10
  1.1605832688288504E+02  1.9692977348988185E-10  1.6903488063235361E-10
  1.1721458129038730E+02  1.9485244520326003E-10  1.6697837678135576E-10
  1.1838235511481346E+02  1.9280442771952698E-10  1.6495053675195707E-10
  1.1956176312066997E+02  1.9078530136012142E-10  1.6295083443293805E-10
  1.2075292121582774E+02  1.8879466454724318E-10  1.6097875497213607E-10
  1.2195594646291279E+02  1.8683211344545683E-10  1.5903379486698369E-10
  1.2317095709081140E+02  1.8489724332426754E-10  1.5711547495936641E-10
  1.2439807250628897E+02  1.8298965814871656E-10  1.5522335507501583E-10
  1.2563741330572434E+02  1.8110895279498390E-10  1.5335700977889749E-10
  1.2688910128696246E+02  1.7925472911861145E-10  1.5151602150346674E-10
  1.2815325946128374E+02  1.7742660686850875E-10  1.4969998036050984E-10
  1.2943001206549283E+02  1.7562421243988843E-10  1.4790848398434092E-10
  1.3071948457412893E+02  1.7384714789719733E-10  1.4614113737853106E-10
  1.3202180371179634E+02  1.7209499507388880E-10  1.4439755276608505E-10
  1.3333709746561897E+02  1.7036739211751540E-10  1.4267734944297826E-10
  1.3466549509781763E+02  1.6866402565832444E-10  1.4098015363497591E-10
  1.3600712715841451E+02  1.6698454276890794E-10  1.3930559835758259E-10
  1.3736212549806254E+02  1.6532858281258946E-10  1.3765332326512159E-10
  1.3873062328100292E+02  1.6369579397157673E-10  1.3602297176554927E-10
  1.4011275499815272E+02  1.6208579530523667E-10  1.3441417371446834E-10
  1.4150865648032192E+02  1.6049819610907845E-10  1.3282654612481649E-10
  1.4291846491156176E+02  1.5893262639188585E-10  1.3125971155645736E-10
  1.4434231884264750E+02  1.5738871867467819E-10  1.2971330060585373E-10
  1.4578035820469441E+02  1.5586607992403206E-10  1.2818695172141120E-10
  1.4723272432290949E+02  1.5436430821708066E-10  1.2668031102294550E-10
  1.4869955993048035E+02  1.5288303997128343E-10  1.2519303212583824E-10
  1.5018100918260288E+02  1.5142195194251149E-10  1.2372477596974593E-10
  1.5167721767064830E+02  1.4998073050184950E-10  1.2227521065173587E-10
  1.5318833243647049E+02  1.4855908109678650E-10  1.2084401126371985E-10
  1.5471450198685795E+02  1.4715670474092490E-10  1.1943085974243111E-10
  1.5625587630812780E+02  1.4577324692621200E-10  1.1803544526273349E-10
  1.5781260688086556E+02  1.4440839135007121E-10  1.1665747522073150E-10
  1.5938484669481306E+02  1.4306190469293595E-10  1.1529670115856216E-10
  1.6097275026390290E+02  1.4173353475092484E-10  1.1395289395908587E-10
  1.6257647364144407E+02  1.4042301214934741E-10  1.1262582781119994E-10
  1.6419617443545746E+02  1.3913011518544499E-10  1.1131527994656584E-10
  1.6583201182416607E+02  1.3785467681427523E-10  1.1002103060140550E-10
  1.6748414657163789E+02  1.3659652931608311E-10  1.0874286297871412E-10
  1.6915274104358483E+02  1.3535546645734417E-10  1.0748056321088965E-10
  1.7083795922332024E+02  1.3413126548977129E-10  1.0623392032276839E-10
  1.7253996672787426E+02  1.3292371297050624E-10  1.0500272619506906E-10
  1.7425893082426944E+02  1.3173260209681098E-10  1.0378677552748471E-10
  1.7599502044596022E+02  1.3055775110441484E-10  1.0258586579470879E-10
  1.7774840620943428E+02  1.2939896272738861E-10  1.0139979297470484E-10
  1.7951926043098061E+02  1.2825591561210833E-10  1.0022831187552131E-10
  1.8130775714362326E+02  1.2712830575103944E-10  9.9071140404091713E-11
  1.8311407211422579E+02  1.2601590772226549E-10  9.7928000584588947E-11
  1.8493838286076462E+02  1.2491846674384881E-10  9.6798621157809508E-11
  1.8678086866977389E+02  1.2383570181141388E-10  9.5682737415224488E-11
  1.8864171061396664E+02  1.2276735080763319E-10  9.4580091038026325E-11
  1.9052109157002909E+02  1.2171316586447637E-10  9.3490429941005034E-11
  1.9241919623659265E+02  1.2067287577310078E-10  9.2413508121085157E-11
  1.9433621115238660E+02  1.1964618302540731E-10  9.1349085510366233E-11
  1.9627232471456952E+02  1.1863280922892742E-10  9.0296927833535768E-11
  1.9822772719724480E+02  1.1763252011605927E-10  8.9256806462415406E-11
  2.0020261077015928E+02  1.1664509792176813E-10  8.8228499510986398E-11
  2.0219716951759000E+02  1.1567039000049165E-10  8.7211812792496026E-11
  2.0421159945741769E+02  1.1470832766906409E-10  8.6206597602752966E-11
  2.0624609856039004E+02  1.1375876825629283E-10  8.5212714270113385E-11
  2.0830086676957862E+02  1.1282152235285283E-10  8.4230024951798064E-11
  2.1037610602002817E+02  1.1189641885878744E-10  8.3258393609341437E-11
  2.1247202025860113E+02  1.1098330271971991E-10  8.2297685984730438E-11
  2.1458881546402228E+02  1.1008205466779668E-10  8.1347769576864534E-11
  2.1672669966712078E+02  1.0919257983156613E-10  8.0408513618333196E-11
  2.1888588297127419E+02  1.0831477424920768E-10  7.9479789052505581E-11
  2.2106657757305769E+02  1.0744853758066004E-10  7.8561468510927369E-11
  2.2326899778309738E+02  1.0659378360456099E-10  7.7653426299073198E-11
  2.2549336004713228E+02  1.0575040206122718E-10  7.6755538311209837E-11
  2.2773988296728490E+02  1.0491822527218700E-10  7.5867678320085819E-11
  2.3000878732354590E+02  1.0409704496758928E-10  7.4989708071843070E-11
  2.3230029609547114E+02  1.0328670842254239E-10  7.4121486493185945E-11
  2.3461463448409438E+02  1.0248714741889344E-10  7.3262875041353124E-11
  2.3695202993406048E+02  1.0169826487148650E-10  7.2413737705420186E-11
  2.3931271215597755E+02  1.0091992648943223E-10  7.1573940957323605E-11
  2.4169691314899083E+02  1.0015200319652378E-10  7.0743353703947319E-11
  2.4410486722358468E+02  9.9394370127573967E-11  6.9921847240245564E-11
  2.4653681102460817E+02  9.8646883222447485E-11  6.9109295203377250E-11
  2.4899298355453277E+02  9.7909392797443094E-11  6.8305573527825375E-11
  2.5147362619693928E+02  9.7181767428195899E-11  6.7510560400408041E-11
  2.5397898274024161E+02  9.6463908996341287E-11  6.6724136282958725E-11
  2.5650929940164480E+02  9.5755753579708954E-11  6.5946185286490144E-11
  2.5906482485134154E+02  9.5057234237098694E-11  6.5176598869960961E-11
  2.6164581023695206E+02  9.4368233589978611E-11  6.4415273107715072E-11
  2.6425250920820520E+02  9.3688609513652594E-11  6.3662105784688367E-11
  2.6688517794186538E+02  9.3018254292067063E-11  6.2916996263094564E-11
  2.6954407516691043E+02  9.2357070351897373E-11  6.2179845456089741E-11
  2.7222946218995730E+02  9.1704936456229086E-11  6.1450555801928658E-11
  2.7494160292094278E+02  9.1061776371587223E-11  6.0729031238600050E-11
  2.7768076389905889E+02  9.0427577192130296E-11  6.0015177178932160E-11
  2.8044721431894857E+02  8.9802292831358696E-11  5.9308900486158032E-11
  2.8324122605716047E+02  8.9185815777092848E-11  5.8610109449957467E-11
  2.8606307369886724E+02  8.8578007374890014E-11  5.7918713735728001E-11
  2.8891303456485224E+02  8.7978729346110656E-11  5.7234624080066960E-11
  2.9179138873876309E+02  8.7387912339667958E-11  5.6557751147604923E-11
  2.9469841909463605E+02  8.6805550512057782E-11  5.5888005262467303E-11
  2.9763441132469751E+02  8.6231608555405892E-11  5.5225298021153140E-11
  3.0059965396744002E+02  8.5665988004095304E-11  5.4569542482168496E-11
  3.0359443843597921E+02  8.5108557704248098E-11  5.3920653140388113E-11
  3.0661905904669135E+02  8.4559189184884360E-11  5.3278545901909656E-11
  3.0967381304813966E+02  8.4017789199846482E-11  5.2643138059386980E-11
  3.1275900065028617E+02  8.3484324230872281E-11  5.2014348267833676E-11
  3.1587492505399382E+02  8.2958790899801399E-11  5.1392096520885711E-11
  3.1902189248082601E+02  8.2441145855474322E-11  5.0776304127511556E-11
  3.2220021220314021E+02  8.1931299981731854E-11  5.0166893699469551E-11
  3.2541019657448089E+02  8.1429123343869360E-11  4.9563789278546174E-11
  3.2865216106027833E+02  8.0934482464366233E-11  4.8966917166213986E-11
  3.3192642426885027E+02  8.0447336291246265E-11  4.8376206630241005E-11
  3.3523330798271434E+02  7.9967713656302599E-11  4.7791588344015508E-11
  3.3857313719020999E+02  7.9495611813191337E-11  4.7212994009896351E-11
  3.4194624011743934E+02  7.9030961485913398E-11  4.6640356342148628E-11
  3.4535294826052319E+02  7.8573611828969730E-11  4.6073609050833575E-11
  3.4879359641817797E+02  7.8123399998538135E-11  4.5512686825975494E-11
  3.5226852272462042E+02  7.7680338942329361E-11  4.4957525321999950E-11
  3.5577806868279777E+02  7.7244551716983863E-11  4.4408061142438314E-11
  3.5932257919794762E+02  7.6815958256547772E-11  4.3864231824892531E-11
  3.6290240261149648E+02  7.6394407388930125E-11  4.3325975825014954E-11
  3.6651789073529204E+02  7.5979802156495186E-11  4.2793232461594253E-11
  3.7016939888617861E+02  7.5572079787194645E-11  4.2265942417051879E-11
  3.7385728592091476E+02  7.5171244865669719E-11  4.1744049892809834E-11
  3.7758191427144283E+02  7.4777325586111786E-11  4.1227501482619945E-11
  3.8134364998050614E+02  7.4390305963990964E-11  4.0716244464840058E-11
  3.8514286273762144E+02  7.4010097093274691E-11  4.0210226730886873E-11
  3.8897992591541259E+02  7.3636590000613251E-11  3.9709396777730804E-11
  3.9285521660630332E+02  7.3269737957753314E-11  3.9213703700485279E-11
  3.9676911565957522E+02  7.2909539707959674E-11  3.8723097185087867E-11
  4.0072200771879864E+02  7.2555960615103860E-11  3.8237527501072252E-11
  4.0471428125963229E+02  7.2208998285243972E-11  3.7756945494429842E-11
  4.0874632862800223E+02  7.1868694406681205E-11  3.7281302580570466E-11
  4.1281854607865847E+02  7.1534895413636809E-11  3.6810550755751467E-11
  4.1693133381411957E+02  7.1207479345882281E-11  3.6344642545306662E-11
  4.2108509602400255E+02  7.0886495789423889E-11  3.5883529552695820E-11
  4.2528024092474311E+02  7.0571936883066913E-11  3.5427161879237644E-11
  4.2951718079971664E+02  7.0263707634507952E-11  3.4975490100072232E-11
  4.3379633203975447E+02  6.9961736368542868E-11  3.4528465501150135E-11
  4.3811811518406404E+02  6.9666033085096950E-11  3.4086040068161509E-11
  4.4248295496156049E+02  6.9376625697330621E-11  3.3648166475640196E-11
  4.4689128033260567E+02  6.9093473871934611E-11  3.3214798076240247E-11
  4.5134352453116566E+02  6.8816484330219923E-11  3.2785888890180267E-11
  4.5584012510738563E+02  6.8545567024460395E-11  3.2361393594852631E-11
  4.6038152397059349E+02  6.8280690317648438E-11  3.1941267514593476E-11
  4.6496816743272757E+02  6.8021899704503801E-11  3.1525466608480443E-11
  4.6960050625219719E+02  6.7769225443000701E-11  3.1113947498953394E-11
  4.7427899567818434E+02  6.7522570206452222E-11  3.0706668097584861E-11
  4.7900409549538250E+02  6.7281819920672038E-11  3.0303589002829809E-11
  4.8377627006918112E+02  6.7046996731207087E-11  2.9904671857211563E-11
  4.8859598839130462E+02  6.6818140615852207E-11  2.9509878723950066E-11
  4.9346372412590114E+02  6.6595169788580712E-11  2.9119172080338397E-11
  4.9837995565609384E+02  6.6377956911640100E-11  2.8732514812895773E-11
  5.0334516613099220E+02  6.6166488957931001E-11  2.8349870212570709E-11
  5.0835984351317734E+02  6.5960835010517726E-11  2.7971201969992389E-11
  5.1342448062665574E+02  6.5760991175506838E-11  2.7596474170770456E-11
  5.1853957520529059E+02  6.5566869784987727E-11  2.7225651290841989E-11
  5.2370562994171996E+02  6.5378393094984782E-11  2.6858698192400123E-11
  5.2892315253675883E+02  6.5195501673002508E-11  2.6495580074411707E-11
  5.3419265574929170E+02  6.5018223074031050E-11  2.6136262446315381E-11
  5.3951465744666814E+02  6.4846701081571915E-11  2.5780710984071442E-11
  5.4488968065559493E+02  6.4680933110931646E-11  2.5428891478447528E-11
  5.5031825361353776E+02  6.4520762621477042E-11  2.5080770106277523E-11
  5.5580090982063302E+02  6.4366037111124348E-11  2.4736313434927444E-11
  5.6133818809212062E+02  6.4216710528812287E-11  2.4395488417121955E-11
  5.6693063261129601E+02  6.4072802956119245E-11  2.4058262385828452E-11
  5.7257879298298792E+02  6.3934358682894608E-11  2.3724603049198423E-11
  5.7828322428757588E+02  6.3801402247644198E-11  2.3394478485564289E-11
  5.8404448713553904E+02  6.3673888388613077E-11  2.3067857138491336E-11
  5.8986314772254923E+02  6.3551741330472374E-11  2.2744707811826454E-11
  5.9573977788511843E+02  6.3434913626023994E-11  2.2424999668210395E-11
  6.0167495515679411E+02  6.3323351743624950E-11  2.2108702329281902E-11
  6.0766926282491863E+02  6.3216982091545221E-11  2.1795785748045356E-11
  6.1372328998794933E+02  6.3115827789399111E-11  2.1486220129659851E-11
  6.1983763161335776E+02  6.3019963270266561E-11  2.1179976007335206E-11
  6.2601288859609815E+02  6.2929327185131191E-11  2.0877024244348252E-11
  6.3224966781765977E+02  6.2843790660492491E-11  2.0577336029600023E-11
  6.3854858220571248E+02  6.2763321486716532E-11  2.0280882873217096E-11
  6.4491025079434144E+02  6.2687953351646026E-11  1.9987636602197133E-11
  6.5133529878488093E+02  6.2617664416670425E-11  1.9697569356097214E-11
  6.5782435760736166E+02  6.2552387765223022E-11  1.9410653582763821E-11
  6.6437806498256202E+02  6.2492094482280498E-11  1.9126862034105061E-11
  6.7099706498468242E+02  6.2436779769772974E-11  1.8846167767403581E-11
  6.7768200810464009E+02  6.2386417724091830E-11  1.8568544167598990E-11
  6.8443355131400062E+02  6.2341001906531768E-11  1.8293965287672188E-11
  6.9125235812954099E+02  6.2300490203062157E-11  1.8022406613550352E-11
  6.9813909867845553E+02  6.2264711466337984E-11  1.7753844102629406E-11
  7.0509444976421696E+02  6.2233612204633348E-11  1.7488253887360153E-11
  7.1211909493308917E+02  6.2207356587250798E-11  1.7225612273760091E-11
  7.1921372454130085E+02  6.2185934834557111E-11  1.6965895740275602E-11
  7.2637903582289516E+02  6.2169201621665768E-11  1.6709080936631476E-11
  7.3361573295824940E+02  6.2157067837468234E-11  1.6455144682668200E-11
  7.4092452714327965E+02  6.2149480187748580E-11  1.6204063967166749E-11
  7.4830613665933231E+02  6.2146430406823304E-11  1.5955815946661233E-11
  7.5576128694377826E+02  6.2147937616790447E-11  1.5710377943124249E-11
  7.6329071066130371E+02  6.2154015049737980E-11  1.5467727390084960E-11
  7.7089514777591216E+02  6.2164609793291501E-11  1.5227841573731829E-11
  7.7857534562364924E+02  6.2179651972243830E-11  1.4990696770208166E-11
  7.8633205898604649E+02  6.2199081833404793E-11  1.4756268919371424E-11
  7.9416605016429537E+02  6.2222772842353034E-11  1.4524534239783711E-11
  8.0207808905416880E+02  6.2250611469773449E-11  1.4295469236105906E-11
  8.1006895322168111E+02  6.2282671109076948E-11  1.4069050694117747E-11
  8.1813942797950153E+02  6.2319069372763395E-11  1.3845255675789448E-11
  8.2629030646413787E+02  6.2359768705440448E-11  1.3624061514403440E-11
  8.3452238971387771E+02  6.2404619284212625E-11  1.3405445809725847E-11
  8.4283648674751589E+02  6.2453383612470255E-11  1.3189386423226107E-11
  8.5123341464385567E+02  6.2505952242218867E-11  1.2975861473378509E-11
  8.5971399862201577E+02  6.2562366172043458E-11  1.2764849342093773E-11
  8.6827907212252546E+02  6.2622641773714519E-11  1.2556328725484844E-11
  8.7692947688923073E+02  6.2686790569827638E-11  1.2350278950097164E-11
  8.8566606305202185E+02  6.2754780925761733E-11  1.2146680016946848E-11
  8.9448968921037977E+02  6.2826496057406707E-11  1.1945512139289348E-11
  9.0340122251775188E+02  6.2901841729403334E-11  1.1746755699412307E-11
  9.1240153876677937E+02  6.2980719268418422E-11  1.1550391246016522E-11
  9.2149152247536233E+02  6.3062902256782319E-11  1.1356399491607622E-11
  9.3067206697358938E+02  6.3148277793976682E-11  1.1164761309898364E-11
  9.3994407449152664E+02  6.3237073450683246E-11  1.0975457733221290E-11
  9.4930845624789174E+02  6.3329405696636728E-11  1.0788469949951516E-11
  9.5876613253960170E+02  6.3425084923922797E-11  1.0603779301939591E-11
  9.6831803283221382E+02  6.3523981752920481E-11  1.0421367281425146E-11
  9.7796509585127535E+02  6.3626048230339632E-11  1.0241215535312777E-11
  9.8770826967457606E+02  6.3731106001958261E-11  1.0063306049957078E-11
  9.9754851182531797E+02  6.3838981238933339E-11  9.8876213529471809E-12
  1.0074867893662232E+03  6.3949612132041334E-11  9.7141441574169336E-12
  1.0175240789945701E+03  6.4062979278976540E-11  9.5428572691427139E-12
  1.0276613671381806E+03  6.4179078448758578E-11  9.3737435853942975E-12
  1.0378996500523592E+03  6.4297838593395144E-11  9.2067860938153070E-12
  1.0482399339178071E+03  6.4419071639002241E-11  9.0419678712931012E-12
  1.0586832349395029E+03  6.4542599976723531E-11  8.8792720828186097E-12
  1.0692305794465685E+03  6.4668504294638940E-11  8.7186819803362513E-12
  1.0798830039931390E+03  6.4796903084401840E-11  8.5601809015839573E-12
  1.0906415554602288E+03  6.4927564790190302E-11  8.4037522687127651E-12
  1.1015072911586110E+03  6.5060213135709804E-11  8.2493795736238803E-12
  1.1124812789327334E+03  6.5194832347554068E-11  8.0970461782753056E-12
  1.1235645972656575E+03  6.5331400504309701E-11  7.9467347168331395E-12
  1.1347583353850505E+03  6.5469679496529338E-11  7.7984275949355545E-12
  1.1460635933702254E+03  6.5609502327472717E-11  7.6521073925378897E-12
  1.1574814822602596E+03  6.5750843505577102E-11  7.5077568658723868E-12
  1.1690131241631814E+03  6.5893650682434363E-11  7.3653589429240973E-12
  1.1806596523662417E+03  6.6037846332944510E-11  7.2248967189527747E-12
  1.1924222114472973E+03  6.6183293823660628E-11  7.0863534520602177E-12
  1.2043019573872918E+03  6.6329725055146524E-11  6.9497125588030303E-12
  1.2163000576838581E+03  6.6476943131072260E-11  6.8149576098507147E-12
  1.2284176914660616E+03  6.6625061856922440E-11  6.6820723257015717E-12
  1.2406560496102775E+03  6.6774160259871717E-11  6.5510405725120506E-12
  1.2530163348572275E+03  6.6923943172377882E-11  6.4218463497308166E-12
  1.2654997619301755E+03  6.7074059381445801E-11  6.2944742424668051E-12
  1.2781075576543137E+03  6.7224403292902694E-11  6.1689096078948593E-12
  1.2908409610773283E+03  6.7374952848707650E-11  6.0451379019419784E-12
  1.3037012235911584E+03  6.7525587937854733E-11  5.9231446206640565E-12
  1.3166896090549965E+03  6.7676130925773751E-11  5.8029152991261465E-12
  1.3298073939194887E+03  6.7826446006340252E-11  5.6844355102900862E-12
  1.3430558673521598E+03  6.7976436863556053E-11  5.5676908639098019E-12
  1.3564363313641429E+03  6.8125977124359043E-11  5.4526670054342950E-12
  1.3699501009381142E+03  6.8274866092399802E-11  5.3393496149198806E-12
  1.3835985041575257E+03  6.8422803927567850E-11  5.2277244059515968E-12
  1.3973828823371259E+03  6.8569542802580606E-11  5.1177771243373601E-12
  1.4113045901547900E+03  6.8715220657082555E-11  5.0094935573016904E-12
  1.4253649957846362E+03  6.8860057027227150E-11  4.9028594296980992E-12
  1.4395654810314913E+03  6.9003806095777738E-11  4.7978599364266240E-12
  1.4539074414666993E+03  6.9145981383039077E-11  4.6944802192780978E-12
  1.4683922865652555E+03  6.9286249984734816E-11  4.5927055088078902E-12
  1.4830214398443334E+03  6.9424491609793740E-11  4.4925211211286907E-12
  1.4977963390031910E+03  6.9560559228242818E-11  4.3939124547424732E-12
  1.5127184360644451E+03  6.9694276585624002E-11  4.2968649874236457E-12
  1.5277891975167802E+03  6.9825510445979363E-11  4.2013642731539524E-12
  1.5430101044590774E+03  6.9954104338792789E-11  4.1073959391103604E-12
  1.5583826527459546E+03  7.0079880791502543E-11  4.0149456827071313E-12
  1.5739083531347812E+03  7.0202679556496435E-11  3.9239992686621480E-12
  1.5895887314341612E+03  7.0322363381032267E-11  3.8345425197128899E-12
  1.6054253286538622E+03  7.0438818262373555E-11  3.7465612113957438E-12
  1.6214197011562728E+03  7.0551893754339364E-11  3.6600410870305023E-12
  1.6375734208093641E+03  7.0661320438137231E-11  3.5749679834876681E-12
  1.6538880751411473E+03  7.0766819644829885E-11  3.4913278101628801E-12
  1.6703652674957011E+03  7.0868213407858571E-11  3.4091065449428752E-12
  1.6870066171907517E+03  7.0965360032135397E-11  3.3282902308864013E-12
  1.7038137596767936E+03  7.1058108168887125E-11  3.2488649729896167E-12
  1.7207883466978253E+03  7.1146311316057419E-11  3.1708169350371819E-12
  1.7379320464536875E+03  7.1229809129164119E-11  3.0941323365406373E-12
  1.7552465437639862E+03  7.1308421240963357E-11  3.0187974497657521E-12
  1.7727335402336819E+03  7.1381943442213076E-11  2.9447985968514692E-12
  1.7903947544203268E+03  7.1450095908777837E-11  2.8721221466136762E-12
  1.8082319220029374E+03  7.1512511941678658E-11  2.8007545595693730E-12
  1.8262467959525811E+03  7.1568846128607235E-11  2.7306825261488687E-12
  1.8444411467046600E+03  7.1619042579990311E-11  2.6618928344769151E-12
  1.8628167623328973E+03  7.1663344364278521E-11  2.5943722801823815E-12
  1.8813754487250383E+03  7.1701693011859621E-11  2.5281076635024541E-12
  1.9001190297603703E+03  7.1733607984903834E-11  2.4630857885290363E-12
  1.9190493474889449E+03  7.1758612319488062E-11  2.3992934625278357E-12
  1.9381682623125844E+03  7.1776313112938285E-11  2.3367174953314875E-12
  1.9574776531677608E+03  7.1786524263192820E-11  2.2753446988081016E-12
  1.9769794177102292E+03  7.1789305197330990E-11  2.2151618864072232E-12
  1.9966754725014976E+03  7.1784702744364036E-11  2.1561558727841920E-12
  2.0165677531972265E+03  7.1772635210001206E-11  2.0983134735918334E-12
  2.0366582147374320E+03  7.1752932182878205E-11  2.0416214848827892E-12
  2.0569488315386047E+03  7.1725341521481257E-11  1.9860665319712099E-12
  2.0774415976877553E+03  7.1689486712465190E-11  1.9316351004423567E-12
  2.0981385271384006E+03  7.1644940526830356E-11  1.8783137002463641E-12
  2.1190416539084608E+03  7.1591607756297850E-11  1.8260888795435316E-12
  2.1401530322801696E+03  7.1529795763946418E-11  1.7749472229105693E-12
  2.1614747370019718E+03  7.1459447272544614E-11  1.7248753496853644E-12
  2.1830088634923982E+03  7.1379998835578928E-11  1.6758599124512503E-12
  2.2047575280460082E+03  7.1290969607653719E-11  1.6278875956613620E-12
  2.2267228680413832E+03  7.1192191097206071E-11  1.5809451144038717E-12
  2.2489070421511565E+03  7.1083732372224113E-11  1.5350192133087217E-12
  2.2713122305541706E+03  7.0965601198629719E-11  1.4900966655611068E-12
  2.2939406351497505E+03  7.0837616687276174E-11  1.4461642732369954E-12
  2.3167944797740743E+03  7.0699580946761036E-11  1.4032088982728150E-12
  2.3398760104187331E+03  7.0551359976682788E-11  1.3612174286779934E-12
  2.3631874954514751E+03  7.0392745191371650E-11  1.3201767574132145E-12
  2.3867312258391044E+03  7.0223395673044817E-11  1.2800738007798330E-12
  2.4105095153726420E+03  7.0043101979415409E-11  1.2408954987182751E-12
  2.4345247008947308E+03  6.9852063647928524E-11  1.2026288150346999E-12
  2.4587791425292653E+03  6.9650576946430650E-11  1.1652607377602958E-12
  2.4832752239133470E+03  6.9438512878965507E-11  1.1287782796421897E-12
  2.5080153524315560E+03  6.9215501289487044E-11  1.0931684787649305E-12
  2.5330019594525124E+03  6.8981343144107810E-11  1.0584183993013136E-12
  2.5582375005678318E+03  6.8735933410038352E-11  1.0245151323917536E-12
  2.5837244558334719E+03  6.8479085868592273E-11  9.9144579736320264E-13
  2.6094653300134300E+03  6.8210579799841112E-11  9.5919754139880736E-13
  2.6354626528259191E+03  6.7930262592762216E-11  9.2775758720442823E-13
  2.6617189791919932E+03  6.7638104733341020E-11  8.9711323490011595E-13
  2.6882368894866058E+03  6.7334194220566734E-11  8.6725180851468935E-13
  2.7150189897922132E+03  6.7018635942323093E-11  8.3816065545607474E-13
  2.7420679121549092E+03  6.6691397343296734E-11  8.0982714894697006E-13
  2.7693863148430596E+03  6.6352368810508702E-11  7.8223869054759526E-13
  2.7969768826085619E+03  6.6001661608387916E-11  7.5538271276192283E-13
  2.8248423269507057E+03  6.5639482364417473E-11  7.2924668172380198E-13
  2.8529853863826443E+03  6.5265719681314900E-11  7.0381809995910922E-13
  2.8814088267004822E+03  6.4880101902415390E-11  6.7908450921980816E-13
  2.9101154412551587E+03  6.4482451982075733E-11  6.5503349328206940E-13
  2.9391080512269341E+03  6.4072709295564000E-11  6.3165267776989614E-13
  2.9683895059026090E+03  6.3650973438508793E-11  6.0892969886763280E-13
  2.9979626829556096E+03  6.3217409203837930E-11  5.8685219395965991E-13
  3.0278304887287659E+03  6.2772098707284960E-11  5.6540786156914877E-13
  3.0579958585198920E+03  6.2315035215275817E-11  5.4458447122422691E-13
  3.0884617568703356E+03  6.1846190978218722E-11  5.2436986566641228E-13
  3.1192311778562766E+03  6.1365516658492908E-11  5.0475196313077183E-13
  3.1503071453829693E+03  6.0872929249702120E-11  4.8571875969184316E-13
  3.1816927134819289E+03  6.0368497019698000E-11  4.6725833166933464E-13
  3.2133909666110962E+03  5.9852621090682931E-11  4.4935883808749534E-13
  3.2454050199579219E+03  5.9325656244312683E-11  4.3200852318194628E-13
  3.2777380197455391E+03  5.8787588942680929E-11  4.1519571896905073E-13
  3.3103931435419804E+03  5.8238339861600931E-11  3.9890884927313776E-13
  3.3433736005724199E+03  5.7677895500154629E-11  3.8313644984923446E-13
  3.3766826320345808E+03  5.7106256736568477E-11  3.6786719430262503E-13
  3.4103235114172912E+03  5.6523550450738894E-11  3.5308985615015049E-13
  3.4442995448221486E+03  5.5930027187677927E-11  3.3879329848629916E-13
  3.4786140712884539E+03  5.5325910524553292E-11  3.2496647754855211E-13
  3.5132704631213760E+03  5.4711329766374639E-11  3.1159844627557094E-13
  3.5482721262233335E+03  5.4086339573328767E-11  2.9867835780997409E-13
  3.5836225004287303E+03  5.3450959674915834E-11  2.8619546893976822E-13
  3.6193250598420354E+03  5.2805261303868625E-11  2.7413914347264190E-13
  3.6553833131791584E+03  5.2149483489821224E-11  2.6249885553744927E-13
  3.6918008041122976E+03  5.1483945637962701E-11  2.5126419280636189E-13
  3.7285811116182185E+03  5.0808746314595111E-11  2.4042485944643256E-13
  3.7657278503299412E+03  5.0123762000668986E-11  2.2997067560717335E-13
  3.8032446708919924E+03  4.9428998652755293E-11  2.1989156919631348E-13
  3.8411352603192026E+03  4.8724675995201459E-11  2.1017758870731303E-13
  3.8794033423590049E+03  4.8011010663194886E-11  2.0081891524853758E-13
  3.9180526778574140E+03  4.7288125207929705E-11  1.9180586502789144E-13
  3.9570870651286536E+03  4.6556095015949722E-11  1.8312889147722505E-13
  3.9965103403283920E+03  4.5814960951930656E-11  1.7477858728320071E-13
  4.0363263778307692E+03  4.5064706833415460E-11  1.6674568632017446E-13
  4.0765390906091807E+03  4.4305238916008111E-11  1.5902106548096510E-13
  4.1171524306207812E+03  4.3536388086072248E-11  1.5159574640161951E-13
  4.1581703891948928E+03  4.2758097323791672E-11  1.4446089707656922E-13
  4.1995969974252757E+03  4.1970625866820585E-11  1.3760783340667353E-13
  4.2414363265662796E+03  4.1174177011543072E-11  1.3102802190692604E-13
  4.2836924884328919E+03  4.0368352353974602E-11  1.2471308821901642E-13
  4.3263696358049365E+03  3.9552378833035763E-11  1.1865481644437797E-13
  4.3694719628351404E+03  3.8725629046731564E-11  1.1284514063251917E-13
  4.4130037054612667E+03  3.7887694514703725E-11  1.0727614515193854E-13
  4.4569691418225138E+03  3.7038184280367622E-11  1.0194006581830857E-13
  4.5013725926799034E+03  3.6176519365014065E-11  9.6829290870668322E-14
  4.5462184218408474E+03  3.5301827319904830E-11  9.1936361795567160E-14
  4.5915110365881274E+03  3.4412921413679681E-11  8.7253973999421403E-14
  4.6372548881129524E+03  3.3508247320597045E-11  8.2774977329730395E-14
  4.6834544719524010E+03  3.2585800904647505E-11  7.8492376446037989E-14
  4.7301143284312429E+03  3.1643138082505291E-11  7.4399331040421085E-14
  4.7772390431081767E+03  3.0677471561603683E-11  7.0489155828885958E-14
  4.8248332472264183E+03  2.9685564698719788E-11  6.6755319413578923E-14
  4.8729016181688785E+03  2.8663237794231455E-11  6.3191443137808490E-14
  4.9214488799178635E+03  2.7604990782964592E-11  5.9791303066300442E-14
  4.9704798035192716E+03  2.6504047979425623E-11  5.6548829991155833E-14
  5.0199992075515083E+03  2.5352256114540713E-11  5.3458108710614619E-14
  5.0700119585990615E+03  2.4139635900735984E-11  5.0513377181750449E-14
  5.1205229717307166E+03  2.2854018555931908E-11  4.7709025550863417E-14
  5.1715372109826176E+03  2.1481095348835976E-11  4.5039595064843224E-14
  5.2230596898461527E+03  2.0005224568654243E-11  4.2499776867002631E-14
  5.2750954717605873E+03  1.8411769903392777E-11  4.0084410681076050E-14
  5.3276496706107228E+03  1.6692276167186493E-11  3.7788483387486884E-14
  5.3807274512294953E+03  1.4853772430960862E-11  3.5607127533320786E-14
  5.4343340299054962E+03  1.2931221634807351E-11  3.3535620365927306E-14
  5.4884746748956413E+03  1.0995884505009798E-11  3.1569383742001497E-14
  5.5431547069429453E+03  9.1465379447888788E-12  2.9703980345007653E-14
  5.5983794997993618E+03  7.4791192146520441E-12  2.7935110534362329E-14
  5.6541544807539303E+03  6.0536571278479593E-12  2.6258610459997988E-14
  5.7104851311661796E+03  4.8831365082152038E-12  2.4670450115598173E-14
  5.7673769870047518E+03  3.9457306191306179E-12  2.3166731309381082E-14
  5.8248356393914883E+03  3.2039826628782083E-12  2.1743685557888793E-14
  5.8828667351509412E+03  2.6187085683460378E-12  2.0397671908263706E-14
  5.9414759773652522E+03  2.1555776177762364E-12  1.9125174694495676E-14
  6.0006691259346644E+03  1.7869006897535176E-12  1.7922801233100510E-14
  6.0604519981436197E+03  1.4912174593415584E-12  1.6787279463635858E-14
  6.1208304692323909E+03  1.2521830637714820E-12  1.5715455530924271E-14
  6.1818104729745110E+03  1.0574132153622639E-12  1.4704291162280679E-14
  6.2433980022599517E+03  8.9750928412014615E-13  1.3750861196143367E-14
  6.3055991096840662E+03  7.6530019910728360E-13  1.2852351290796509E-14
  6.3684199081423303E+03  6.5527432246644895E-13  1.2006055374696358E-14
  6.4318665714312438E+03  5.6316043018072208E-13  1.1209373054171624E-14
  6.4959453348550005E+03  4.8562018265681037E-13  1.0459807003519159E-14
  6.5606624958381808E+03  4.2002215364058136E-13  9.7549603421603960E-15
  6.6260244145448059E+03  3.6427501713820348E-13  9.0925340033980218E-15
  6.6920375145033095E+03  3.1670359425637217E-13  8.4703240991852226E-15
  6.7587082832377364E+03  2.7595604564586778E-13  7.8862192851676644E-15
  6.8260432729054746E+03  2.4093382007294437E-13  7.3381981302124461E-15
  6.8940491009410844E+03  2.1073834291814955E-13  6.8243265028509646E-15
  6.9627324507066205E+03  1.8463011354416354E-13  6.3427550407024355E-15
  7.0321000721484734E+03  1.6199707149352781E-13  5.8917165843385552E-15
  7.1021587824607768E+03  1.4232993527736461E-13  5.4695234454206064E-15
  7.1729154667552848E+03  1.2520284284077373E-13  5.0745648333492842E-15
  7.2443770787380636E+03  1.1025804466889991E-13  4.7053043389774589E-15
  7.3165506413929161E+03  9.7193718619013813E-14  4.3602774456964391E-15
  7.3894432476714883E+03  8.5754207668225286E-14  4.0380890707573320E-15
  7.4630620611903842E+03  7.5722151250724838E-14  3.7374111395165441E-15
  7.5374143169352219E+03  6.6912106331039170E-14  3.4569801951135853E-15
  7.6125073219715732E+03  5.9165347930959859E-14  3.1955950459074565E-15
  7.6883484561631176E+03  5.2345609109587119E-14  2.9521144528317087E-15
  7.7649451728969580E+03  4.6335573556616686E-14  2.7254548595692950E-15
  7.8423049998160159E+03  4.1033974546231557E-14  2.5145881758619603E-15
  7.9204355395588691E+03  3.6353185142285225E-14  2.3185396200572962E-15
  7.9993444705069596E+03  3.2217206825000023E-14  2.1363855479083894E-15
  8.0790395475390969E+03  2.8559985063674280E-14  1.9672513481663113E-15
  8.1595286027936299E+03  2.5323993626293920E-14  1.8103094076764959E-15
  8.2408195464382097E+03  2.2459040205884892E-14  1.6647771263899062E-15
  8.3229203674470737E+03  1.9921255365731125E-14  1.5299149828718003E-15
  8.4058391343862186E+03  1.7672233931534737E-14  1.4050246510078121E-15
  8.4895839962064019E+03  1.5678303633319508E-14  1.2894471684621803E-15
  8.5741631830438964E+03  1.3909900344974030E-14  1.1825611573025813E-15
  8.6595850070293473E+03  1.2341032926355571E-14  1.0837810970702391E-15
  8.7458578631047440E+03  1.0948823627896612E-14  9.9255565025338419E-16
  8.8329902298482994E+03  9.7131124041474379E-15  9.0836603810661760E-16
  8.9209906703077795E+03  8.6161153569140433E-15  8.3072446086486578E-16
  9.0098678328420865E+03  7.6421295142647441E-15  7.5917258877635919E-16
  9.0996304519710793E+03  6.7772770759750282E-15  6.9328011057065456E-16
  9.1902873492340259E+03  6.0092831565729468E-15  6.3264331937306449E-16
  9.2818474340566099E+03  5.3272824045369343E-15  5.7688374915940139E-16
  9.3743197046264013E+03  4.7216504534724028E-15  5.2564686200975958E-16
  9.4677132487772233E+03  4.1838567663924901E-15  4.7860078547636626E-16
  9.5620372448823091E+03  3.7063359504906101E-15  4.3543509930972509E-16
  9.6573009627562951E+03  3.2823750521627947E-15  3.9585967072175709E-16
  9.7535137645660998E+03  2.9060147052014045E-15  3.5960353730495554E-16
  9.8506851057512195E+03  2.5719623110004477E-15  3.2641383669140521E-16
  9.9488245359528773E+03  2.2755156896782283E-15  2.9605478249403067E-16
  1.0047941699952389E+04  2.0124958815165143E-15  2.6830668837544654E-16
  1.0148046338619264E+04  1.7791878983831913E-15  2.4296503203256726E-16
  1.0249148289868386E+04  1.5722883643444488E-15  2.1983955347798005E-16
  1.0351257489626716E+04  1.3888593208501234E-15  1.9875340234871941E-16
  1.0454383972810008E+04  1.2262873933273543E-15  1.7954232674266055E-16
  1.0558537874308870E+04  1.0822476539253023E-15  1.6205390100813707E-16
  1.0663729429984738E+04  9.5467161379036492E-16  1.4614679132135866E-16
  1.0769968977675884E+04  8.4171885107553928E-16  1.3169005787358139E-16
  1.0877266958213433E+04  7.4175184366098596E-16  1.1856249248115598E-16
  1.0985633916447325E+04  6.5331362977778971E-16  1.0665199042658756E-16
  1.1095080502282684E+04  5.7510796663432984E-16  9.5854955336080916E-17
  1.1205617471726524E+04  5.0598169758385649E-16  8.6075735809298481E-17
  1.1317255687944673E+04  4.4490906858257091E-16  7.7226091540044397E-17
  1.1430006122329429E+04  3.9097776957694120E-16  6.9224688430440139E-17
  1.1543879855577863E+04  3.4337654683375002E-16  6.1996627721020312E-17
  1.1658888078780645E+04  3.0138416159697669E-16  5.5472999511000773E-17
  1.1775042094521939E+04  2.6435954644588694E-16  4.9590460608433427E-17
  1.1892353317990244E+04  2.3173303686193096E-16  4.4290837369197024E-17
  1.2010833278100095E+04  2.0299855868548415E-16  3.9520752425835044E-17
  1.2130493618625160E+04  1.7770666577767990E-16  3.5231274215049903E-17
  1.2251346099342609E+04  1.5545833428840269E-16  3.1377588237568042E-17
  1.2373402597188688E+04  1.3589943056231172E-16  2.7918689010217185E-17
  1.2496675107426006E+04  1.1871577907704359E-16  2.4817091697269384E-17
  1.2621175744822458E+04  1.0362876507493589E-16  2.2038562442795868E-17
  1.2746916744841679E+04  9.0391414262424290E-17  1.9551866578840931E-17
  1.2873910464845565E+04  7.8784899516951798E-17  1.7328534012333948E-17
  1.3002169385308791E+04  6.8615421744950097E-17  1.5342639440561866E-17
  1.3131706111045194E+04  5.9711428444994785E-17  1.3570597630474350E-17
  1.3262533372446602E+04  5.1921137564455716E-17  1.1990973590834180E-17
  1.3394664026734008E+04  4.5110330632853132E-17  1.0584306157797673E-17
  1.3528111059220944E+04  3.9160386085715467E-17  9.3329441925708161E-18
  1.3662887584589853E+04  3.3966527001926774E-17  8.2208946528294616E-18
  1.3799006848180750E+04  2.9436260250843654E-17  7.2336818295856541E-18
  1.3936482227293012E+04  2.5487986513301261E-17  6.3582170709469088E-18
  1.4075327232500136E+04  2.2049762838383955E-17  5.5826783437226003E-18
  1.4215555508977341E+04  1.9058201355523254E-17  4.8963990125644104E-18
  1.4357180837842636E+04  1.6457489468899463E-17  4.2897652292192433E-18
  1.4500217137511285E+04  1.4198518129102086E-17  3.7541212890090500E-18
  1.4644678465063473E+04  1.2238107336804015E-17  3.2816826687890304E-18
  1.4790579017625865E+04  1.0538318756336624E-17  2.8654562552123688E-18
  1.4937933133766946E+04  9.0658443904720010E-18  2.4991668865763920E-18
  1.5086755294905985E+04  7.7914637952859509E-18  2.1771899534729435E-18
  1.5237060126736296E+04  6.6895625154212354E-18  1.8944896579777397E-18
  1.5388862400662701E+04  5.7377050638360425E-18  1.6465625222288966E-18
  1.5542177035253009E+04  4.9162564806789177E-18  1.4293857608253033E-18
  1.5697019097704264E+04  4.2080471415026240E-18  1.2393701542021630E-18
  1.5853403805323585E+04  3.5980760536463305E-18  1.0733170820078509E-18
  1.6011346527023477E+04  3.0732483883896871E-18  9.2837939650612713E-19
  1.6170862784832318E+04  2.6221434528941857E-18  8.0202583672742078E-19
  1.6331968255419915E+04  2.2348097335507318E-18  6.9200870998413870E-19
  1.6494678771637922E+04  1.9025839680601874E-18  5.9633456915787206E-19
  1.6659010324076087E+04  1.6179314291067413E-18  5.1323761014791604E-19
  1.6824979062633516E+04  1.3743051984050190E-18  4.4115561611158025E-19
  1.6992601298105947E+04  1.1660222437777012E-18  3.7870822259364444E-19
  1.7161893503788786E+04  9.8815435189733151E-19  3.2467729671102029E-19
  1.7332872317095858E+04  8.3643221494571679E-19  2.7798924771126283E-19
  1.7505554541194571E+04  7.0716115633614311E-19  2.3769909966813466E-19
  1.7679957146657362E+04  5.9714714757176326E-19  2.0297616971808661E-19
  1.7856097273129304E+04  5.0363191752620758E-19  1.7309120715052985E-19
  1.8033992231012635E+04  4.2423608876624256E-19  1.4740485986559100E-19
  1.8213659503168052E+04  3.5690939460897909E-19  1.2535734521331192E-19
  1.8395116746632666E+04  2.9988713556605758E-19  1.0645921151157177E-19
  1.8578381794355362E+04  2.5165212650664941E-19  9.0283085382431872E-20
  1.8763472656949478E+04  2.1090149469762283E-19  7.6456316641761081E-20
  1.8950407524462596E+04  1.7651772589609625E-19  6.4654426960027403E-20
  1.9139204768164291E+04  1.4754343400921544E-19  5.4595280606524970E-20
  1.9329882942351735E+04  1.2315940654336598E-19  4.6033907685823532E-20
  1.9522460786172891E+04  1.0266552153010669E-19  3.8757913546819689E-20
  1.9716957225468246E+04  8.5464178692356874E-20  3.2583413909783404E-20
  1.9913391374630904E+04  7.1045929795707098E-20  2.7351440787798939E-20
  2.0111782538484789E+04  5.8977030585773704E-20  2.2924769382083314E-20
  2.0312150214182162E+04  4.8888669947315242E-20  1.9185120830888117E-20
  2.0514514093119484E+04  4.0467661386811169E-20  1.6030700013488841E-20
  2.0718894062872689E+04  3.3448408064821708E-20  1.3374031588320365E-20
  2.0925310209151819E+04  2.7605976012634485E-20  1.1140061196533622E-20
  2.1133782817774714E+04  2.2750129403550883E-20  9.2644916041804999E-21
  2.1344332376660750E+04  1.8720200576661717E-20  7.6923269452293310E-21
  2.1556979577844435E+04  1.5380685038487728E-20  6.3766015530246030E-21
  2.1771745319508722E+04  1.2617463330333768E-20  5.2772715013867044E-21
  2.1988650708038887E+04  1.0334564800479313E-20  4.3602495550395618E-21
  2.2207717060096966E+04  8.4513993227495517E-21  3.5965663439420263E-21
  2.2428965904716377E+04  6.9003925665698775E-21  2.9616424507700726E-21
  2.2652418985417862E+04  5.6249688204673711E-21  2.4346577944508695E-21
  2.2878098262346499E+04  4.5778327349751706E-21  1.9980062199785983E-21
  2.3106025914429592E+04  3.7195078013684607E-21  1.6368245795324450E-21
  2.3336224341556452E+04  3.0170950260748971E-21  1.3385868251184664E-21
  2.3568716166779937E+04  2.4432201917939034E-21  1.0927547406834997E-21
  2.3803524238539485E+04  1.9751423996950522E-21  8.9047793318592589E-22
  2.4040671632906680E+04  1.5940003375911740E-21  7.2433658797198122E-22
  2.4280181655853270E+04  1.2841759833589778E-21  5.8812128376085071E-22
  2.4522077845541233E+04  1.0327582902381231E-21  4.7664486561929421E-22
  2.4766383974636410E+04  8.2909186341010624E-22  3.8558199885955485E-22
  2.5013124052644460E+04  6.6439777186384409E-22  3.1133258052058631E-22
  2.5262322328270555E+04  5.3145548703224058E-22  2.5090567506141838E-22
  2.5514003291802637E+04  4.2433653630461437E-22  2.0182107360065793E-22
  2.5768191677517891E+04  3.3818183726326791E-22  1.6202595741084760E-22