 #p(MeV) \t \delta f_\\nu \t \delta f_\\nubar
  5.4422158906025392E-02  2.6826318646986691E-01  1.6376718313574400E-05
  5.4964350602140187E-02  2.6776659536961539E-01  1.6240089507436606E-05
  5.5511943991999650E-02  2.6734028655051362E-01  1.6104428831030270E-05
  5.6064992891063439E-02  2.6702705909471763E-01  1.5969734079259038E-05
  5.6623551650938408E-02  2.6668535367280710E-01  1.5836003526650931E-05
  5.7187675164720349E-02  2.6614844962192769E-01  1.5703235809632639E-05
  5.7757418872388451E-02  2.6561116887887315E-01  1.5571429784063604E-05
  5.8332838766253857E-02  2.6506207019311778E-01  1.5440584534116647E-05
  5.8913991396462438E-02  2.6461052712832284E-01  1.5310699458457260E-05
  5.9500933876552156E-02  2.6416859047255598E-01  1.5181773940006481E-05
  6.0093723889066163E-02  2.6372882329841524E-01  1.5053806670120898E-05
  6.0692419691221480E-02  2.6324610928773873E-01  1.4926795058143945E-05
  6.1297080120634347E-02  2.6279300943393569E-01  1.4800734966636000E-05
  6.1907764601102679E-02  2.6230145092395768E-01  1.4675620754668419E-05
  6.2524533148445791E-02  2.6183306250555743E-01  1.4551445498132179E-05
  6.3147446376402808E-02  2.6142443091324469E-01  1.4428201266874355E-05
  6.3776565502589283E-02  2.6097615280169506E-01  1.4305879385931883E-05
  6.4411952354513580E-02  2.6057084592294660E-01  1.4184470639256825E-05
  6.5053669375653142E-02  2.6012461691705319E-01  1.4063965505114300E-05
  6.5701779631591004E-02  2.5968757864507969E-01  1.3944354314761950E-05
  6.6356346816213829E-02  2.5925022605565934E-01  1.3825627051363735E-05
  6.7017435257971339E-02  2.5876794037876016E-01  1.3707773252012811E-05
  6.7685109926198403E-02  2.5825040900411711E-01  1.3590782369807412E-05
  6.8359436437500018E-02  2.5773202370269865E-01  1.3474644355509311E-05
  6.9040481062199649E-02  2.5725220208851129E-01  1.3359350116189396E-05
  6.9728310730852339E-02  2.5683936430178961E-01  1.3244891708987803E-05
  7.0422993040822127E-02  2.5642315690405615E-01  1.3131262309537801E-05
  7.1124596262925360E-02  2.5601886864910928E-01  1.3018456058406627E-05
  7.1833189348140244E-02  2.5551521191360083E-01  1.2906467868974249E-05
  7.2548841934382824E-02  2.5498544237191778E-01  1.2795293252584742E-05
  7.3271624353350995E-02  2.5451116138243524E-01  1.2684928131159626E-05
  7.4001607637436240E-02  2.5400740852292492E-01  1.2575368616158646E-05
  7.4738863526704516E-02  2.5355835332400811E-01  1.2466611085489269E-05
  7.5483464475946713E-02  2.5312743866128490E-01  1.2358652468950301E-05
  7.6235483661798983E-02  2.5268953486956153E-01  1.2251490307208769E-05
  7.6994994989934604E-02  2.5222536757759517E-01  1.2145122508394420E-05
  7.7762073102326801E-02  2.5184627831505457E-01  1.2039546998205248E-05
  7.8536793384584538E-02  2.5141824946025881E-01  1.1934761445578326E-05
  7.9319231973361104E-02  2.5098447329793100E-01  1.1830763129206362E-05
  8.0109465763836457E-02  2.5051784393354021E-01  1.1727548917067539E-05
  8.0907572417274143E-02  2.5002461642986995E-01  1.1625115310063152E-05
  8.1713630368653867E-02  2.4957734715896651E-01  1.1523458507783259E-05
  8.2527718834379357E-02  2.4913078708475592E-01  1.1422574476926656E-05
  8.3349917820063915E-02  2.4862147698340736E-01  1.1322459032848844E-05
  8.4180308128392597E-02  2.4819076331758938E-01  1.1223107883409477E-05
  8.5018971367063670E-02  2.4774346151045354E-01  1.1124516686494614E-05
  8.5865989956808372E-02  2.4727624171514118E-01  1.1026681263548608E-05
  8.6721447139491009E-02  2.4684964305078766E-01  1.0929597918483444E-05
  8.7585426986289849E-02  2.4640454142652909E-01  1.0833263694244914E-05
  8.8458014405959032E-02  2.4594119152353669E-01  1.0737676468396546E-05
  8.9339295153173237E-02  2.4546030677476449E-01  1.0642834896185326E-05
  9.0229355836955405E-02  2.4501727559779496E-01  1.0548738266188318E-05
  9.1128283929188175E-02  2.4459913518521251E-01  1.0455386331231770E-05
  9.2036167773210525E-02  2.4419940900998297E-01  1.0362779153196301E-05
  9.2953096592499521E-02  2.4374483579262962E-01  1.0270916977113197E-05
  9.3879160499439271E-02  2.4332377690992554E-01  1.0179800146644426E-05
  9.4814450504176445E-02  2.4284401778961717E-01  1.0089429013280138E-05
  9.5759058523564630E-02  2.4234056711467405E-01  9.9998036588383558E-06
  9.6713077390197619E-02  2.4185859200576015E-01  9.9109233880275057E-06
  9.7676600861532514E-02  2.4138703579184786E-01  9.8227861929223724E-06
  9.8649723629103875E-02  2.4105553319728226E-01  9.7353884294481019E-06
  9.9632541327829852E-02  2.4061965184434092E-01  9.6487247952286361E-06
  1.0062515054541052E-01  2.4016535485239399E-01  9.5627885420394712E-06
  1.0162764883182053E-01  2.3963759947996713E-01  9.4775717975299680E-06
  1.0264013470889549E-01  2.3919930125311173E-01  9.3930658938496568E-06
  1.0366270768001490E-01  2.3866440684915252E-01  9.3092616487455590E-06
  1.0469546823988046E-01  2.3825853404581065E-01  9.2261495849869983E-06
  1.0573851788439256E-01  2.3781424004880139E-01  9.1437200961097317E-06
  1.0679195912062504E-01  2.3734031806938069E-01  9.0619636063091934E-06
  1.0785589547689889E-01  2.3692424346355215E-01  8.9808708905377557E-06
  1.0893043151295684E-01  2.3651537920681570E-01  8.9004335552444632E-06
  1.1001567283023923E-01  2.3614367491014646E-01  8.8206444555893544E-06
  1.1111172608226175E-01  2.3568732991997476E-01  8.7414978696104218E-06
  1.1221869898509736E-01  2.3524420373657418E-01  8.6629894102666725E-06
  1.1333670032796188E-01  2.3477697873733736E-01  8.5851157713362906E-06
  1.1446583998390573E-01  2.3432877520586254E-01  8.5078744234738450E-06
  1.1560622892061159E-01  2.3389328747028548E-01  8.4312633396291381E-06
  1.1675797921129986E-01  2.3342529633615566E-01  8.3552807823144019E-06
  1.1792120404574322E-01  2.3301984955402757E-01  8.2799251529452920E-06
  1.1909601774138992E-01  2.3257713755035148E-01  8.2051948833335040E-06
  1.2028253575459887E-01  2.3213748967288383E-01  8.1310883257567027E-06
  1.2148087469198626E-01  2.3166197404237898E-01  8.0576035118763406E-06
  1.2269115232188493E-01  2.3121329655592332E-01  7.9847377938115475E-06
  1.2391348758591866E-01  2.3075312008233692E-01  7.9124876192327555E-06
  1.2514800061069076E-01  2.3031798082218669E-01  7.8408485884175907E-06
  1.2639481271959027E-01  2.2989340718639051E-01  7.7698157309836575E-06
  1.2765404644471467E-01  2.2948795868339925E-01  7.6993838456046376E-06
  1.2892582553891210E-01  2.2910355189589551E-01  7.6295477779003803E-06
  1.3021027498794346E-01  2.2866982367011732E-01  7.5603025909378422E-06
  1.3150752102276536E-01  2.2822644031653974E-01  7.4916436387130456E-06
  1.3281769113193548E-01  2.2776099781238787E-01  7.4235665738910720E-06
  1.3414091407414225E-01  2.2725884910048788E-01  7.3560673255604467E-06
  1.3547731989085807E-01  2.2679255410405960E-01  7.2891420842495173E-06
  1.3682703991911990E-01  2.2630357943373874E-01  7.2227873806285909E-06
  1.3819020680443611E-01  2.2588525192042813E-01  7.1570002659403724E-06
  1.3956695451382287E-01  2.2547253632327904E-01  7.0917783697714736E-06
  1.4095741834896938E-01  2.2503238594893335E-01  7.0271196829735916E-06
  1.4236173495953525E-01  2.2468490332731733E-01  6.9630221451869277E-06
  1.4378004235657990E-01  2.2425015342215168E-01  6.8994832253814598E-06
  1.4521247992612549E-01  2.2382673000363293E-01  6.8364996442027810E-06
  1.4665918844285547E-01  2.2339945799918765E-01  6.7740672771426089E-06
  1.4812031008394946E-01  2.2295978382102130E-01  6.7121811973966691E-06
  1.4959598844305569E-01  2.2249772389024658E-01  6.6508357976584352E-06
  1.5108636854440316E-01  2.2203845542318479E-01  6.5900249373912265E-06
  1.5259159685705359E-01  2.2163788777758989E-01  6.5297420776668051E-06
  1.5411182130929654E-01  2.2120433865252187E-01  6.4699803497953128E-06
  1.5564719130318661E-01  2.2074997399990520E-01  6.4107325349487378E-06
  1.5719785772922637E-01  2.2028743458068786E-01  6.3519911193172613E-06
  1.5876397298119563E-01  2.1984629601703159E-01  6.2937485835556673E-06
  1.6034569097112764E-01  2.1944461027583878E-01  6.2359978768835185E-06
  1.6194316714443513E-01  2.1901709880535122E-01  6.1787328935434009E-06
  1.6355655849518733E-01  2.1863845053156836E-01  6.1219487845567807E-06
  1.6518602358153811E-01  2.1823918987738050E-01  6.0656420427802713E-06
  1.6683172254130896E-01  2.1781722915505830E-01  6.0098104072557546E-06
  1.6849381710772657E-01  2.1732572397223282E-01  5.9544526658071682E-06
  1.7017247062531751E-01  2.1680338933782625E-01  5.8995684252166350E-06
  1.7186784806596095E-01  2.1631251645208241E-01  5.8451578949503671E-06
  1.7358011604510135E-01  2.1586763534105674E-01  5.7912217240229048E-06
  1.7530944283812347E-01  2.1547809465468323E-01  5.7377609383721642E-06
  1.7705599839688904E-01  2.1512346995336551E-01  5.6847769062285007E-06
  1.7881995436643941E-01  2.1475493485743299E-01  5.6322711806886686E-06
  1.8060148410186441E-01  2.1434867798898205E-01  5.5802451813658037E-06
  1.8240076268533859E-01  2.1393347139873731E-01  5.5286998077710777E-06
  1.8421796694332773E-01  2.1345168812675436E-01  5.4776351166144917E-06
  1.8605327546396708E-01  2.1299092802170913E-01  5.4270501582947208E-06
  1.8790686861461206E-01  2.1258285216460718E-01  5.3769429732459174E-06
  1.8977892855956394E-01  2.1216264976133906E-01  5.3273106986650855E-06
  1.9166963927797245E-01  2.1173128767372926E-01  5.2781497287905328E-06
  1.9357918658191686E-01  2.1130976432020987E-01  5.2294558840922369E-06
  1.9550775813466634E-01  2.1086378369016451E-01  5.1812245575774119E-06
  1.9745554346912306E-01  2.1044189144528042E-01  5.1334507814512603E-06
  1.9942273400644919E-01  2.1005211140537697E-01  5.0861291944830689E-06
  2.0140952307487842E-01  2.0962678478180824E-01  5.0392540075444117E-06
  2.0341610592871559E-01  2.0920527580184980E-01  4.9928190642543381E-06
  2.0544267976752631E-01  2.0875412173324240E-01  4.9468180120705683E-06
  2.0748944375551640E-01  2.0829814814084616E-01  4.9012445325981619E-06
  2.0955659904110469E-01  2.0790075234320499E-01  4.8560925476115114E-06
  2.1164434877669189E-01  2.0746859411239102E-01  4.8113563505742270E-06
  2.1375289813862547E-01  2.0704004502901244E-01  4.7670306591941804E-06
  2.1588245434736314E-01  2.0662065866686452E-01  4.7231106066675012E-06
  2.1803322668783812E-01  2.0619021426651649E-01  4.6795916980563271E-06
  2.2020542653002725E-01  2.0580364252677244E-01  4.6364697541588506E-06
  2.2239926734972287E-01  2.0542262028237793E-01  4.5937408777185818E-06
  2.2461496474951265E-01  2.0500027756049569E-01  4.5514014883271127E-06
  2.2685273647996884E-01  2.0455393758394474E-01  4.5094483909264592E-06
  2.2911280246104734E-01  2.0410001982805773E-01  4.4678787965817420E-06
  2.3139538480370070E-01  2.0364331834335500E-01  4.4266902537794910E-06
  2.3370070783170643E-01  2.0321726607922500E-01  4.3858805029022032E-06
  2.3602899810371311E-01  2.0277629727672167E-01  4.3454473069947481E-06
  2.3838048443550508E-01  2.0236234084532692E-01  4.3053883140071905E-06
  2.4075539792248982E-01  2.0196988683113271E-01  4.2657009734986082E-06
  2.4315397196240970E-01  2.0156271767239883E-01  4.2263825076162674E-06
  2.4557644227827863E-01  2.0118505287204697E-01  4.1874299211449031E-06
  2.4802304694154839E-01  2.0077927370187773E-01  4.1488400322874960E-06
  2.5049402639550572E-01  2.0039685554771428E-01  4.1106095095447215E-06
  2.5298962347890197E-01  1.9999634828506627E-01  4.0727348901394573E-06
  2.5551008344981802E-01  1.9955896425190489E-01  4.0352125880575053E-06
  2.5805565400976771E-01  1.9912598905291529E-01  3.9980389361222949E-06
  2.6062658532804139E-01  1.9866109057695036E-01  3.9612102861581145E-06
  2.6322313006629089E-01  1.9822596274029422E-01  3.9247231515416908E-06
  2.6584554340336047E-01  1.9778393204170019E-01  3.8885743501117591E-06
  2.6849408306036532E-01  1.9738380653168686E-01  3.8527611012903129E-06
  2.7116900932601867E-01  1.9698974111843576E-01  3.8172810608239481E-06
  2.7387058508221229E-01  1.9655816010152402E-01  3.7821322998048403E-06
  2.7659907582985199E-01  1.9615585393716370E-01  3.7473132469007650E-06
  2.7935474971494983E-01  1.9570160293060382E-01  3.7128226159490172E-06
  2.8213787755497566E-01  1.9528835199873781E-01  3.6786593315260320E-06
  2.8494873286547334E-01  1.9484502294226608E-01  3.6448224637152309E-06
  2.8778759188694059E-01  1.9442751215251131E-01  3.6113111843889126E-06
  2.9065473361197597E-01  1.9406214059091087E-01  3.5781247458534996E-06
  2.9355043981269807E-01  1.9371375600838475E-01  3.5452624727671272E-06
  2.9647499506843733E-01  1.9331854818430205E-01  3.5127237549490977E-06
  2.9942868679370227E-01  1.9293825337028611E-01  3.4805080317730361E-06
  3.0241180526642647E-01  1.9250860422514496E-01  3.4486147727399944E-06
  3.0542464365649591E-01  1.9207903018375508E-01  3.4170434576661322E-06
  3.0846749805456070E-01  1.9163472283124408E-01  3.3857935583321576E-06
  3.1154066750113263E-01  1.9120325997641402E-01  3.3548645249401557E-06
  3.1464445401597563E-01  1.9077667311982879E-01  3.3242557774314520E-06
  3.1777916262778616E-01  1.9035832879967665E-01  3.2939667002011915E-06
  3.2094510140416982E-01  1.8994848969872302E-01  3.2639966379317345E-06
  3.2414258148191777E-01  1.8953252388406983E-01  3.2343449281666648E-06
  3.2737191709758467E-01  1.8912656214087467E-01  3.2050110856601784E-06
  3.3063342561836917E-01  1.8874375150773037E-01  3.1759952260485926E-06
  3.3392742757330474E-01  1.8834706111684324E-01  3.1472986861312740E-06
  3.3725424668475978E-01  1.8793243769991055E-01  3.1189246796666731E-06
  3.4061420990025237E-01  1.8754346956326820E-01  3.0908787946473207E-06
  3.4400764742457968E-01  1.8713566548028870E-01  3.0631692010878451E-06
  3.4743489275227163E-01  1.8672457898258440E-01  3.0358065505881636E-06
  3.5089628270036427E-01  1.8629828201240162E-01  3.0088036418412408E-06
  3.5439215744150065E-01  1.8589576977911562E-01  2.9821749644796627E-06
  3.5792286053736233E-01  1.8547609166566875E-01  2.9559362229056492E-06
  3.6148873897243355E-01  1.8506596755050220E-01  2.9301039075218769E-06
  3.6509014318810057E-01  1.8460688122953647E-01  2.9046949369125066E-06
  3.6872742711709267E-01  1.8422802610940336E-01  2.8797263093920693E-06
  3.7240094821826519E-01  1.8384157359593659E-01  2.8552146933859349E-06
  3.7611106751172957E-01  1.8343874699110943E-01  2.8311759375013994E-06
  3.7985814961433145E-01  1.8304458731370862E-01  2.8076245488705535E-06
  3.8364256277548608E-01  1.8266775921603556E-01  2.7845732418421725E-06
  3.8746467891336750E-01  1.8227117238080962E-01  2.7620326859229223E-06
  3.9132487365145890E-01  1.8186907931830640E-01  2.7400114791617679E-06
  3.9522352635546787E-01  1.8140379485605540E-01  2.7185163166556655E-06
  3.9916102017060967E-01  1.8100794586499180E-01  2.6975522865353817E-06
  4.0313774205926034E-01  1.8059735255588041E-01  2.6771232157767417E-06
  4.0715408283898613E-01  1.8016088777673653E-01  2.6572320010583234E-06
  4.1121043722095246E-01  1.7979501097446085E-01  2.6378809027534741E-06
  4.1530720384871411E-01  1.7937425552560191E-01  2.6190719554201547E-06
  4.1944478533739127E-01  1.7903281147810879E-01  2.6008077819141492E-06
  4.2362358831323932E-01  1.7865349188185897E-01  2.5830929564341130E-06
  4.2784402345360933E-01  1.7823807308806350E-01  2.5659357936639582E-06
  4.3210650552730762E-01  1.7787021591635374E-01  2.5493502085003986E-06
  4.3641145343535787E-01  1.7745435268271600E-01  2.5333571809398045E-06
  4.4075929025217042E-01  1.7706214825898633E-01  2.5179855039933451E-06
  4.4515044326711856E-01  1.7667667880492000E-01  2.5032717430678951E-06
  4.4958534402653177E-01  1.7627605342053346E-01  2.4892595585558841E-06
  4.5406442837610722E-01  1.7587902728818727E-01  2.4759986653994394E-06
  4.5858813650374253E-01  1.7546816237503621E-01  2.4635437015486629E-06
  4.6315691298279443E-01  1.7510955405040454E-01  2.4519532097576731E-06
  4.6777120681577244E-01  1.7474709583017886E-01  2.4412887664881709E-06
  4.7243147147846354E-01  1.7437310249195515E-01  2.4316140573727222E-06
  4.7713816496449790E-01  1.7400153516189076E-01  2.4229937397780855E-06
  4.8189174983035932E-01  1.7364876323997172E-01  2.4154920385099301E-06
  4.8669269324084430E-01  1.7328166033087083E-01  2.4091711709367409E-06
  4.9154146701497176E-01  1.7294443520312205E-01  2.4040899587358389E-06
  4.9643854767235229E-01  1.7259419362323686E-01  2.4003029930228609E-06
  5.0138441648001986E-01  1.7224775214444066E-01  2.3978604749803804E-06
  5.0637955949972713E-01  1.7188005220702354E-01  2.3968087199397344E-06
  5.1142446763571447E-01  1.7152526677399330E-01  2.3971911547330774E-06
  5.1651963668295531E-01  1.7114171168504078E-01  2.3990495774882730E-06
  5.2166556737587977E-01  1.7076813071972388E-01  2.4024254775512567E-06
  5.2686276543758503E-01  1.7039030513282763E-01  2.4073612316151849E-06
  5.3211174162953645E-01  1.7002050345484243E-01  2.4139010134983760E-06
  5.3741301180176360E-01  1.6964159986826013E-01  2.4220912137331463E-06
  5.4276709694355496E-01  1.6933799408010902E-01  2.4319802933160786E-06
  5.4817452323465943E-01  1.6902039752385950E-01  2.4436181805064987E-06
  5.5363582209699846E-01  1.6872748585165170E-01  2.4570554248209683E-06
  5.5915153024689068E-01  1.6841888071255279E-01  2.4723423014273371E-06
  5.6472218974779786E-01  1.6812584655462395E-01  2.4895281926311893E-06
  5.7034834806359935E-01  1.6777371099692590E-01  2.5086614195617922E-06
  5.7603055811239345E-01  1.6746928423223434E-01  2.5297895294654882E-06
  5.8176937832083464E-01  1.6710981416076320E-01  2.5529599268079255E-06
  5.8756537267901665E-01  1.6680697950898202E-01  2.5782206878479464E-06
  5.9341911079589804E-01  1.6647339820148185E-01  2.6056213919247299E-06
  5.9933116795527919E-01  1.6613291263831462E-01  2.6352137549831316E-06
  6.0530212517234272E-01  1.6581922659979673E-01  2.6670517053678942E-06
  6.1133256925075230E-01  1.6550365787619276E-01  2.7011905433379790E-06
  6.1742309284031771E-01  1.6520184587760958E-01  2.7376850246183488E-06
  6.2357429449524671E-01  1.6487313666382281E-01  2.7765864897404862E-06
  6.2978677873295952E-01  1.6456306378009891E-01  2.8179392996756084E-06
  6.3606115609350256E-01  1.6426660022137218E-01  2.8617771805533599E-06
  6.4239804319955429E-01  1.6394976327514188E-01  2.9081201107702584E-06
  6.4879806281701591E-01  1.6362065744777571E-01  2.9569721417115291E-06
  6.5526184391622155E-01  1.6332003479579796E-01  3.0083202368294699E-06
  6.6179002173374890E-01  1.6300686827514099E-01  3.0621339410595122E-06
  6.6838323783484554E-01  1.6266123848196720E-01  3.1183655136364646E-06
  6.7504214017648412E-01  1.6234128329954037E-01  3.1769502174675859E-06
  6.8176738317103835E-01  1.6200678340964580E-01  3.2378067110194361E-06
  6.8855962775059520E-01  1.6170522105459539E-01  3.3008374791763420E-06
  6.9541954143191209E-01  1.6138558337820530E-01  3.3659294972648058E-06
  7.0234779838201655E-01  1.6107567455543045E-01  3.4329554879634098E-06
  7.0934507948445846E-01  1.6076771016880703E-01  3.5017755859107967E-06
  7.1641207240622884E-01  1.6045495707443541E-01  3.5722390720714533E-06
  7.2354947166533956E-01  1.6009484437469665E-01  3.6441859899545313E-06
  7.3075797869907544E-01  1.5980077786750710E-01  3.7174482335476268E-06
  7.3803830193293352E-01  1.5943337676420413E-01  3.7918498287261594E-06
  7.4539115685024215E-01  1.5908084430520769E-01  3.8672063620639578E-06
  7.5281726606247312E-01  1.5874111996244109E-01  3.9433237327513742E-06
  7.6031735938026590E-01  1.5838975008515033E-01  4.0199965933330596E-06
  7.6789217388514008E-01  1.5804649116398226E-01  4.0970068563687806E-06
  7.7554245400193833E-01  1.5770699216932635E-01  4.1741228727427178E-06
  7.8326895157198984E-01  1.5737752379339132E-01  4.2510997994484689E-06
  7.9107242592698890E-01  1.5703857517910114E-01  4.3276814666852136E-06
  7.9895364396362745E-01  1.5665365346355126E-01  4.4036039359551322E-06
  8.0691338021895997E-01  1.5634342740867216E-01  4.4786007517704176E-06
  8.1495241694651954E-01  1.5606224907965977E-01  4.5524090610891294E-06
  8.2307154419319961E-01  1.5568956635764686E-01  4.6247755471983155E-06
  8.3127155987689461E-01  1.5542677854587450E-01  4.6954611237249635E-06
  8.3955326986491430E-01  1.5509607261589159E-01  4.7642436797278120E-06
  8.4791748805318534E-01  1.5477081634369705E-01  4.8309187329887563E-06
  8.5636503644623674E-01  1.5444604486538971E-01  4.8952984629033743E-06
  8.6489674523797966E-01  1.5410355747336824E-01  4.9572096921210357E-06
  8.7351345289330218E-01  1.5375347135424874E-01  5.0164916852223169E-06
  8.8221600623046681E-01  1.5340701786861594E-01  5.0729945822758418E-06
  8.9100526050433082E-01  1.5305461735022394E-01  5.1265787313019319E-06
  8.9988207949040266E-01  1.5269028404694290E-01  5.1771148124934161E-06
  9.0884733556972752E-01  1.5234399122729717E-01  5.2244854428865818E-06
  9.1790190981461905E-01  1.5197648541030656E-01  5.2685877719549827E-06
  9.2704669207525670E-01  1.5159274754447319E-01  5.3093363628727655E-06
  9.3628258106712592E-01  1.5126842373615473E-01  5.3466657514225135E-06
  9.4561048445934581E-01  1.5092765547442130E-01  5.3805321001865289E-06
  9.5503131896387716E-01  1.5059589810186788E-01  5.4109136060045924E-06
  9.6454601042560129E-01  1.5028605706740883E-01  5.4378097051844014E-06
  9.7415549391331868E-01  1.4999617112371472E-01  5.4612393608088487E-06
  9.8386071381164142E-01  1.4964027104588457E-01  5.4812387973824872E-06
  9.9366262391379945E-01  1.4933140388675223E-01  5.4978592243687802E-06
  1.0035621875153828E+00  1.4901811079133717E-01  5.5111647464305406E-06
  1.0135603775090074E+00  1.4867942964964209E-01  5.5212302576453770E-06
  1.0236581764799242E+00  1.4833665172885746E-01  5.5281396349729817E-06
  1.0338565768025902E+00  1.4798603154364662E-01  5.5319842828249416E-06
  1.0441565807381932E+00  1.4764214214511909E-01  5.5328617365774267E-06
  1.0545592005331450E+00  1.4730511735726509E-01  5.5308743552083973E-06
  1.0650654585185699E+00  1.4694267827751170E-01  5.5261281849358461E-06
  1.0756763872107715E+00  1.4660309355343978E-01  5.5187320775236065E-06
  1.0863930294127007E+00  1.4628496909567437E-01  5.5087971094779257E-06
  1.0972164383164462E+00  1.4594834849701124E-01  5.4964362416879391E-06
  1.1081476776067347E+00  1.4560051374172941E-01  5.4817641173939448E-06
  1.1191878215654605E+00  1.4526260868363644E-01  5.4648968180137728E-06
  1.1303379551772761E+00  1.4492177177305518E-01  5.4459514402390268E-06
  1.1415991742362037E+00  1.4457039388035728E-01  5.4250454390422516E-06
  1.1529725854533348E+00  1.4424526729579323E-01  5.4022956974835261E-06
  1.1644593065655990E+00  1.4388716671277249E-01  5.3778173322511082E-06
  1.1760604664455965E+00  1.4356862898097159E-01  5.3517224356495363E-06
  1.1877772052125524E+00  1.4322591073461732E-01  5.3241189513045374E-06
  1.1996106743443589E+00  1.4290563135041751E-01  5.2951099022969402E-06
  1.2115620367907343E+00  1.4257547418811681E-01  5.2647930968239288E-06
  1.2236324670875209E+00  1.4224001673132300E-01  5.2332613237230654E-06
  1.2358231514721107E+00  1.4193684691251021E-01  5.2006029211586456E-06
  1.2481352880000200E+00  1.4160418797546104E-01  5.1669025823284792E-06
  1.2605700866626379E+00  1.4127209714242153E-01  5.1322421676637968E-06
  1.2731287695061362E+00  1.4092641243240867E-01  5.0967013265068567E-06
  1.2858125707515624E+00  1.4057879801243159E-01  5.0603578589440691E-06
  1.2986227369161447E+00  1.4024627790569633E-01  5.0232878022109521E-06
  1.3115605269357884E+00  1.3990819686305594E-01  4.9855650881662156E-06
  1.3246272122887974E+00  1.3958366648959433E-01  4.9472608816175928E-06
  1.3378240771208378E+00  1.3923446636667819E-01  4.9084427203217525E-06
  1.3511524183711348E+00  1.3888768233342125E-01  4.8691736268361644E-06
  1.3646135458999273E+00  1.3857340998937381E-01  4.8295113838372417E-06
  1.3782087826172040E+00  1.3820796532744606E-01  4.7895081684791458E-06
  1.3919394646127108E+00  1.3790054527812898E-01  4.7492106127602495E-06
  1.4058069412872498E+00  1.3754833496950483E-01  4.7086602674071911E-06
  1.4198125754853104E+00  1.3722737448887043E-01  4.6678943700807887E-06
  1.4339577436289856E+00  1.3691130016399453E-01  4.6269467042257391E-06
  1.4482438358532497E+00  1.3658780076508659E-01  4.5858484257273895E-06
  1.4626722561425844E+00  1.3625951538582745E-01  4.5446289281243508E-06
  1.4772444224689403E+00  1.3591983011963912E-01  4.5033165081823347E-06
  1.4919617669311027E+00  1.3557551445872670E-01  4.4619388253954764E-06
  1.5068257358954298E+00  1.3527002060950860E-01  4.4205233228611470E-06
  1.5218377901379907E+00  1.3496144977910676E-01  4.3790976196678034E-06
  1.5369994049881344E+00  1.3464223899124547E-01  4.3376898546068744E-06
  1.5523120704734745E+00  1.3430496753831325E-01  4.2963289568331995E-06
  1.5677772914663199E+00  1.3398227189390180E-01  4.2550447744313286E-06
  1.5833965878315774E+00  1.3365796365924848E-01  4.2138680106520386E-06
  1.5991714945761129E+00  1.3331759750330210E-01  4.1728299310789786E-06
  1.6151035619996013E+00  1.3299046853972071E-01  4.1319619490968044E-06
  1.6311943558468960E+00  1.3263827573090489E-01  4.0912951889727826E-06
  1.6474454574618971E+00  1.3228736691401510E-01  4.0508599779432970E-06
  1.6638584639429563E+00  1.3196192102881885E-01  4.0106853181789635E-06
  1.6804349882998442E+00  1.3158393397748605E-01  3.9707984606164393E-06
  1.6971766596122644E+00  1.3127205458804639E-01  3.9312244648218900E-06
  1.7140851231899488E+00  1.3093548967416943E-01  3.8919857603725769E-06
  1.7311620407343693E+00  1.3062761871720688E-01  3.8531017455838355E-06
  1.7484090905020224E+00  1.3030262219094346E-01  3.8145885110852859E-06
  1.7658279674693733E+00  1.2997691243221116E-01  3.7764587809043209E-06
  1.7834203834994402E+00  1.2961416153173694E-01  3.7387221309328369E-06
  1.8011880675100089E+00  1.2932187728662795E-01  3.7013854358704649E-06
  1.8191327656435630E+00  1.2898698364451963E-01  3.6644533809233435E-06
  1.8372562414388816E+00  1.2865856473161602E-01  3.6279289716088390E-06
  1.8555602760043479E+00  1.2836006439287648E-01  3.5918140275649640E-06
  1.8740466681930008E+00  1.2801542204586519E-01  3.5561096629524884E-06
  1.8927172347793146E+00  1.2770024098932947E-01  3.5208165603574557E-06
  1.9115738106377382E+00  1.2732580136742216E-01  3.4859351126206365E-06
  1.9306182489230319E+00  1.2702052770000560E-01  3.4514655054030653E-06
  1.9498524212523827E+00  1.2669298635401635E-01  3.4174077280128878E-06
  1.9692782178893342E+00  1.2634152287889083E-01  3.3837615306498459E-06
  1.9888975479295670E+00  1.2598834924851718E-01  3.3505263386033852E-06
  2.0087123394885094E+00  1.2564756405594948E-01  3.3177011917108790E-06
  2.0287245398908231E+00  1.2531135599631041E-01  3.2852847595721640E-06
  2.0489361158617880E+00  1.2497057701078995E-01  3.2532754005271755E-06
  2.0693490537205803E+00  1.2459899014252954E-01  3.2216711947149707E-06
  2.0899653595754719E+00  1.2431364085655795E-01  3.1904699712634774E-06
  2.1107870595210061E+00  1.2398798486982177E-01  3.1596693513880079E-06
  2.1318161998370884E+00  1.2366426844038290E-01  3.1292668052625785E-06
  2.1530548471900972E+00  1.2335435807984550E-01  3.0992597180858865E-06
  2.1745050888360051E+00  1.2297712957983853E-01  3.0696454764894796E-06
  2.1961690328254750E+00  1.2266620639822542E-01  3.0404215538818798E-06
  2.2180488082110590E+00  1.2233812911277248E-01  3.0115855878300186E-06
  2.2401465652564205E+00  1.2198728832346857E-01  2.9831354107457560E-06
  2.2624644756476524E+00  1.2162978881931490E-01  2.9550690029487039E-06
  2.2850047327067120E+00  1.2125771548324629E-01  2.9273844026181715E-06
  2.3077695516069685E+00  1.2092402319557877E-01  2.9000796952714776E-06
  2.3307611695908936E+00  1.2053450103003861E-01  2.8731530204115315E-06
  2.3539818461899435E+00  1.2021491735932281E-01  2.8466025226090633E-06
  2.3774338634466115E+00  1.1986289311624829E-01  2.8204262816951554E-06
  2.4011195261386900E+00  1.1955819949854124E-01  2.7946222460007974E-06
  2.4250411620057903E+00  1.1920783158165149E-01  2.7691881888837976E-06
  2.4492011219780987E+00  1.1889139377204805E-01  2.7441216662362029E-06
  2.4736017804074075E+00  1.1853597816415290E-01  2.7194199827308480E-06
  2.4982455353004740E+00  1.1820714193398037E-01  2.6950801660071948E-06
  2.5231348085546794E+00  1.1783495701933816E-01  2.6710989683991285E-06
  2.5482720461960340E+00  1.1749173018371890E-01  2.6474728660321022E-06
  2.5736597186195924E+00  1.1714359589996774E-01  2.6241980094335941E-06
  2.5993003208322012E+00  1.1677464372062291E-01  2.6012701937652474E-06
  2.6251963726977121E+00  1.1637148610725248E-01  2.5786849477281202E-06
  2.6513504191846451E+00  1.1602882513373114E-01  2.5564376138536802E-06
  2.6777650306162615E+00  1.1567565953437740E-01  2.5345234112651869E-06
  2.7044428029231939E+00  1.1531262428229316E-01  2.5129374936986714E-06
  2.7313863578985571E+00  1.1495876100473046E-01  2.4916749759035353E-06
  2.7585983434555983E+00  1.1459419177415828E-01  2.4707309528018598E-06
  2.7860814338879401E+00  1.1424134498117131E-01  2.4501005345087408E-06
  2.8138383301323939E+00  1.1388696536326469E-01  2.4297789013980759E-06
  2.8418717600343881E+00  1.1352914836002596E-01  2.4097613526025705E-06
  2.8701844786160668E+00  1.1316174561592220E-01  2.3900433263766915E-06
  2.8987792683470377E+00  1.1279361546485514E-01  2.3706204049357886E-06
  2.9276589394178112E+00  1.1242185961003641E-01  2.3514882436488337E-06
  2.9568263300159954E+00  1.1205043675200008E-01  2.3326424950883887E-06
  2.9862843066052127E+00  1.1166985815375870E-01  2.3140787927100319E-06
  3.0160357642067952E+00  1.1128632218806921E-01  2.2957927371656533E-06
  3.0460836266843168E+00  1.1090240898414802E-01  2.2777798914879143E-06
  3.0764308470309305E+00  1.1051329759843888E-01  2.2600357962002392E-06
  3.1070804076595628E+00  1.1012993105349005E-01  2.2425559906981010E-06
  3.1380353206960536E+00  1.0973264057852122E-01  2.2253360267712867E-06
  3.1692986282751292E+00  1.0933866989807456E-01  2.2083714529358733E-06
  3.2008734028393970E+00  1.0896772303699459E-01  2.1916578103370905E-06
  3.2327627474413108E+00  1.0855340369538756E-01  2.1751906894838828E-06
  3.2649697960480824E+00  1.0817770438224551E-01  2.1589658155677338E-06
  3.2974977138497192E+00  1.0778206554543117E-01  2.1429790832708126E-06
  3.3303496975700670E+00  1.0737861305777836E-01  2.1272265017714272E-06
  3.3635289757809668E+00  1.0697473692532683E-01  2.1117041464182611E-06
  3.3970388092195658E+00  1.0658758038939224E-01  2.0964081550394167E-06
  3.4308824911087585E+00  1.0618105842381828E-01  2.0813347189359632E-06
  3.4650633474808266E+00  1.0577769617881222E-01  2.0664800661673220E-06
  3.4995847375043256E+00  1.0536510565871057E-01  2.0518404480768701E-06
  3.5344500538142034E+00  1.0494239847440091E-01  2.0374121390661057E-06
  3.5696627228452051E+00  1.0453134707558270E-01  2.0231914609539746E-06
  3.6052262051686310E+00  1.0411330263233454E-01  2.0091748188820032E-06
  3.6411439958324183E+00  1.0368334792254290E-01  1.9953586980575778E-06
  3.6774196247046111E+00  1.0326173299159043E-01  1.9817396387734792E-06
  3.7140566568202842E+00  1.0282412542361254E-01  1.9683142621850934E-06
  3.7510586927318914E+00  1.0238206228994673E-01  1.9550792891178213E-06
  3.7884293688630977E+00  1.0194846561497563E-01  1.9420314478631855E-06
  3.8261723578661981E+00  1.0150586199691561E-01  1.9291674397961646E-06
  3.8642913689829999E+00  1.0105105780230351E-01  1.9164839364360771E-06
  3.9027901484093777E+00  1.0060468642263098E-01  1.9039775845847044E-06
  3.9416724796634584E+00  1.0015548506329462E-01  1.8916450132010695E-06
  3.9809421839574020E+00  9.9712996446809796E-02  1.8794828375434676E-06
  4.0206031205729778E+00  9.9261091041742938E-02  1.8674876568389487E-06
  4.0606591872408266E+00  9.8790290756290797E-02  1.8556560502298478E-06
  4.1011143205235010E+00  9.8349722343433157E-02  1.8439845988008026E-06
  4.1419724962023601E+00  9.7871615244778012E-02  1.8324699470145617E-06
  4.1832377296682877E+00  9.7399421148048199E-02  1.8211088651114720E-06
  4.2249140763162885E+00  9.6942558508425869E-02  1.8098982847105024E-06
  4.2670056319440732E+00  9.6482515445467834E-02  1.7988352424532189E-06
  4.3095165331545564E+00  9.6002595512841349E-02  1.7879168392327452E-06
  4.3524509577623789E+00  9.5517957881688209E-02  1.7771402354160237E-06
  4.3958131252045138E+00  9.5024852477948313E-02  1.7665026385851170E-06
  4.4396072969549207E+00  9.4539833868528184E-02  1.7560012897767865E-06
  4.4838377769433393E+00  9.4065754470966850E-02  1.7456334506509091E-06
  4.5285089119782862E+00  9.3558458300204456E-02  1.7353963911041349E-06
  4.5736250921742316E+00  9.3062416437532922E-02  1.7252873770511676E-06
  4.6191907513830293E+00  9.2569867753345497E-02  1.7153036557282441E-06
  4.6652103676296885E+00  9.2079158428502381E-02  1.7054424323920560E-06
  4.7116884635524423E+00  9.1564441866165122E-02  1.6957008444755876E-06
  4.7586296068471965E+00  9.1072969641943807E-02  1.6860759651246492E-06
  4.8060384107164795E+00  9.0558675509337952E-02  1.6765648225812504E-06
  4.8539195343227473E+00  9.0031331027919437E-02  1.6671644017449702E-06
  4.9022776832462993E+00  8.9533826532296787E-02  1.6578716761808201E-06
  4.9511176099477527E+00  8.8999670720575227E-02  1.6486836680887903E-06
  5.0004441142350364E+00  8.8474796525017815E-02  1.6395975187053320E-06
  5.0502620437351471E+00  8.7951745245263654E-02  1.6306105559354388E-06
  5.1005762943705424E+00  8.7394127917082315E-02  1.6217203719252585E-06
  5.1513918108402752E+00  8.6914516135314396E-02  1.6129249130313562E-06
  5.2027135871059711E+00  8.6364349045817551E-02  1.6042225816896937E-06
  5.2545466668826046E+00  8.5822150294408331E-02  1.5956123481091727E-06
  5.3068961441341553E+00  8.5297058163957537E-02  1.5870938755147372E-06
  5.3597671635742623E+00  8.4745558911304544E-02  1.5786676391473668E-06
  5.4131649211718047E+00  8.4209116065021142E-02  1.5703349291543711E-06
  5.4670946646615306E+00  8.3648347711624535E-02  1.5620977554462873E-06
  5.5215616940598204E+00  8.3097903524388658E-02  1.5539587421710423E-06
  5.5765713621855202E+00  8.2565072434530609E-02  1.5459209541712852E-06
  5.6321290751860236E+00  8.2005160165839613E-02  1.5379876591898806E-06
  5.6882402930685299E+00  8.1460896853215753E-02  1.5301621631385471E-06
  5.7449105302366803E+00  8.0897583904983278E-02  1.5224476707543594E-06
  5.8021453560324661E+00  8.0340731371425445E-02  1.5148471583022220E-06
  5.8599503952835530E+00  7.9791574273240018E-02  1.5073632524604324E-06
  5.9183313288560990E+00  7.9236227831430209E-02  1.4999981042819562E-06
  5.9772938942130320E+00  7.8678780051899586E-02  1.4927532597377086E-06
  6.0368438859778948E+00  7.8125799221328701E-02  1.4856295460972108E-06
  6.0969871565043414E+00  7.7572521966317351E-02  1.4786270375751159E-06
  6.1577296164512791E+00  7.7023391874044958E-02  1.4717450784426051E-06
  6.2190772353637378E+00  7.6474747212990815E-02  1.4649823557743177E-06
  6.2810360422595322E+00  7.5930501080287593E-02  1.4583370476053144E-06
  6.3436121262217871E+00  7.5388289243701931E-02  1.4518070804686710E-06
  6.4068116369973502E+00  7.4839543838810405E-02  1.4453903206431832E-06
  6.4706407856011339E+00  7.4306364567090305E-02  1.4390846968564199E-06
  6.5351058449265560E+00  7.3764246801268349E-02  1.4328882919887099E-06
  6.6002131503619959E+00  7.3227968466771112E-02  1.4267994033515730E-06
  6.6659691004133919E+00  7.2700640906681865E-02  1.4208165935974926E-06
  6.7323801573331066E+00  7.2164958816513275E-02  1.4149387448556987E-06
  6.7994528477549796E+00  7.1607807661279985E-02  1.4091651067105063E-06
  6.8671937633357629E+00  7.1095434835134474E-02  1.4034953224852162E-06
  6.9356095614028899E+00  7.0539522144388037E-02  1.3979294136776936E-06
  7.0047069656087810E+00  7.0027980482108509E-02  1.3924677258860841E-06
  7.0744927665915913E+00  6.9496759724206089E-02  1.3871108464056991E-06
  7.1449738226425534E+00  6.8964858595239861E-02  1.3818594666255658E-06
  7.2161570603800271E+00  6.8441648626521412E-02  1.3767142382718019E-06
  7.2880494754301992E+00  6.7897082751276372E-02  1.3716756587279716E-06
  7.3606581331145664E+00  6.7383807417633862E-02  1.3667439521720362E-06
  7.4339901691443337E+00  6.6878222798168074E-02  1.3619189298169101E-06
  7.5080527903216536E+00  6.6363665731538013E-02  1.3571998162234878E-06
  7.5828532752479036E+00  6.5851290235863266E-02  1.3525850361384081E-06
  7.6583989750389652E+00  6.5344819166548593E-02  1.3480719871698180E-06
  7.7346973140477147E+00  6.4838997485174646E-02  1.3436568427644530E-06
  7.8117557905936357E+00  6.4343572136457250E-02  1.3393344458756236E-06
  7.8895819776996996E+00  6.3845362421527427E-02  1.3350983111564028E-06
  7.9681835238366707E+00  6.3350919767609107E-02  1.3309407462646091E-06
  8.0475681536747352E+00  6.2834053558942352E-02  1.3268531711493487E-06
  8.1277436688426405E+00  6.2363906835745581E-02  1.3228265810206200E-06
  8.2087179486944439E+00  6.1871265459241043E-02  1.3188518672551881E-06
  8.2904989510838512E+00  6.1376930233697793E-02  1.3149200912157063E-06
  8.3730947131462905E+00  6.0884385063062797E-02  1.3110227725269299E-06
  8.4565133520887414E+00  6.0389893944603874E-02  1.3071522231939377E-06
  8.5407630659875124E+00  5.9885087639081118E-02  1.3033019475653994E-06
  8.6258521345939005E+00  5.9388542020177994E-02  1.2994670841684150E-06
  8.7117889201478622E+00  5.8897079649486782E-02  1.2956448374230949E-06
  8.7985818681998698E+00  5.8402255173287260E-02  1.2918347931488569E-06
  8.8862395084408980E+00  5.7901120958563188E-02  1.2880390474821653E-06
  8.9747704555406500E+00  5.7399860725482664E-02  1.2842621313218879E-06
  9.0641834099942358E+00  5.6897735493351857E-02  1.2805106619694134E-06
  9.1544871589771990E+00  5.6398591761074195E-02  1.2767925835206456E-06
  9.2456905772090536E+00  5.5879623728277643E-02  1.2731165911531246E-06
  9.3378026278255231E+00  5.5381760540990525E-02  1.2694917300976116E-06
  9.4308323632593574E+00  5.4896297094663045E-02  1.2659270592615496E-06
  9.5247889261300003E+00  5.4391514532112856E-02  1.2624313589508699E-06
  9.6196815501420527E+00  5.3893097802781474E-02  1.2590128244145575E-06
  9.7155195609927762E+00  5.3397028024467427E-02  1.2556787234963832E-06
  9.8123123772885688E+00  5.2928421415827938E-02  1.2524350493649484E-06
  9.9100695114705619E+00  5.2445368078763342E-02  1.2492862304398537E-06
  1.0008800570749516E+01  5.1966610007288409E-02  1.2462349702854703E-06
  1.0108515258049966E+01  5.1494322931198509E-02  1.2432822488551837E-06
  1.0209223372963747E+01  5.1025534569698251E-02  1.2404275101927606E-06
  1.0310934812713135E+01  5.0561835569807527E-02  1.2376692183518727E-06
  1.0413659573123454E+01  5.0105151555618864E-02  1.2350054418997491E-06
  1.0517407749605459E+01  4.9649053010647530E-02  1.2324342252143646E-06
  1.0622189538147440E+01  4.9199863891868777E-02  1.2299538472794477E-06
  1.0728015236317290E+01  4.8754434743834930E-02  1.2275628764737412E-06
  1.0834895244274501E+01  4.8316237321472021E-02  1.2252601022710932E-06
  1.0942840065792204E+01  4.7880500261930442E-02  1.2230445399232628E-06
  1.1051860309289520E+01  4.7446549483690856E-02  1.2209155132657575E-06
  1.1161966688874076E+01  4.7020357519427611E-02  1.2188727006579226E-06
  1.1273170025394910E+01  4.6591812153697086E-02  1.2169161070919332E-06
  1.1385481247505991E+01  4.6153463696561509E-02  1.2150459872247281E-06
  1.1498911392740172E+01  4.5748087045233352E-02  1.2132627051523713E-06
  1.1613471608593967E+01  4.5320808635733990E-02  1.2115664891616133E-06
  1.1729173153623028E+01  4.4907036620801227E-02  1.2099570963829123E-06
  1.1846027398548665E+01  4.4494898587924984E-02  1.2084335390564998E-06
  1.1964045827375287E+01  4.4080602500066214E-02  1.2069939765758897E-06
  1.2083240038518962E+01  4.3669508818725847E-02  1.2056358693856174E-06
  1.2203621745947350E+01  4.3255767732039201E-02  1.2043564818349956E-06
  1.2325202780330871E+01  4.2846629000951014E-02  1.2031531875795303E-06
  1.2447995090205339E+01  4.2440686193057277E-02  1.2020233961210984E-06
  1.2572010743146286E+01  4.2017753282558482E-02  1.2009644813183565E-06
  1.2697261926954887E+01  4.1632673763118605E-02  1.1999738878910020E-06
  1.2823760950855750E+01  4.1228617936957403E-02  1.1990492151355422E-06
  1.2951520246706563E+01  4.0833058561417217E-02  1.1981883131160959E-06
  1.3080552370219934E+01  4.0433474365922976E-02  1.1973893977629856E-06
  1.3210870002197284E+01  4.0036894357550153E-02  1.1966511793832866E-06
  1.3342485949775028E+01  3.9639094104652300E-02  1.1959730466625715E-06
  1.3475413147683286E+01  3.9249298462440227E-02  1.1953551318524228E-06
  1.3609664659517033E+01  3.8861353836421995E-02  1.1947981352826946E-06
  1.3745253679019893E+01  3.8471409081834364E-02  1.1943027357255627E-06
  1.3882193531380848E+01  3.8070099200994828E-02  1.1938691270641691E-06
  1.4020497674543744E+01  3.7703082492886182E-02  1.1934972397160589E-06
  1.4160179700529914E+01  3.7324017634212017E-02  1.1931870697731124E-06
  1.4301253336773884E+01  3.6944295137525666E-02  1.1929386041070962E-06
  1.4443732447472557E+01  3.6557303278032166E-02  1.1927517613648290E-06
  1.4587631034947682E+01  3.6193852330536819E-02  1.1926263882572696E-06
  1.4732963241021908E+01  3.5824240089729308E-02  1.1925622156355473E-06
  1.4879743348408676E+01  3.5444086721228507E-02  1.1925588040681606E-06
  1.5027985782115834E+01  3.5090475528748846E-02  1.1926154379889527E-06
  1.5177705110863227E+01  3.4727883856982326E-02  1.1927310590637961E-06
  1.5328916048514538E+01  3.4355317832438038E-02  1.1929043417735958E-06
  1.5481633455523260E+01  3.3995276469991752E-02  1.1931340515560570E-06
  1.5635872340393167E+01  3.3653688034486103E-02  1.1934194703385307E-06
  1.5791647861153207E+01  3.3298818460563873E-02  1.1937603158298458E-06
  1.5948975326847291E+01  3.2953700678093875E-02  1.1941564524288531E-06
  1.6107870199038764E+01  3.2605281806549383E-02  1.1946079710607464E-06
  1.6268348093329841E+01  3.2260437771554080E-02  1.1951151906658116E-06
  1.6430424780896370E+01  3.1918576003257357E-02  1.1956784975784124E-06
  1.6594116190037710E+01  3.1577017451753037E-02  1.1962983227095325E-06
  1.6759438407742049E+01  3.1240408158064066E-02  1.1969751312623772E-06
  1.6926407681267481E+01  3.0905867550098030E-02  1.1977094275694482E-06
  1.7095040419738655E+01  3.0573319523985728E-02  1.1985017833491737E-06
  1.7265353195759442E+01  3.0245102090013336E-02  1.1993528283022043E-06
  1.7437362747041558E+01  2.9913986417239635E-02  1.2002631396785653E-06
  1.7611085978049580E+01  2.9593584581672806E-02  1.2012330388593232E-06
  1.7786539961662228E+01  2.9264481812083513E-02  1.2022625049927311E-06
  1.7963741940850142E+01  2.8952415756419072E-02  1.2033512251907931E-06
  1.8142709330370575E+01  2.8633599403240992E-02  1.2044985846173373E-06
  1.8323459718478805E+01  2.8306994551934726E-02  1.2057037677090574E-06
  1.8506010868656578E+01  2.8009816519125586E-02  1.2069659477228709E-06
  1.8690380721357965E+01  2.7683910491532435E-02  1.2082843177241667E-06
  1.8876587395772379E+01  2.7391436346007953E-02  1.2096580903919787E-06
  1.9064649191605334E+01  2.7082751541326451E-02  1.2110864885090751E-06
  1.9254584590876771E+01  2.6777856283753999E-02  1.2125687204152518E-06
  1.9446412259737532E+01  2.6479911893789156E-02  1.2141039573099891E-06
  1.9640151050303736E+01  2.6171676073558209E-02  1.2156913308663793E-06
  1.9835820002509440E+01  2.5873329187034316E-02  1.2173299929356702E-06
  2.0033438345977935E+01  2.5590689455285240E-02  1.2190192217378151E-06
  2.0233025501911488E+01  2.5288919096104982E-02  1.2207585376979607E-06
  2.0434601084999944E+01  2.5013825919820914E-02  1.2225477131083221E-06
  2.0638184905348503E+01  2.4722439347301884E-02  1.2243866238678036E-06
  2.0843796970424481E+01  2.4432160871890304E-02  1.2262751755016727E-06
  2.1051457487023654E+01  2.4154223192252730E-02  1.2282133231882542E-06
  2.1261186863255983E+01  2.3875933327242083E-02  1.2302010688871033E-06
  2.1473005710551387E+01  2.3610160839126003E-02  1.2322384480568016E-06
  2.1686934845685315E+01  2.3336290545247173E-02  1.2343255207566113E-06
  2.1902995292824446E+01  2.3066459325204805E-02  1.2364623696679625E-06
  2.2121208285593010E+01  2.2797206870112621E-02  1.2386490919412473E-06
  2.2341595269159495E+01  2.2527290649004557E-02  1.2408857707256625E-06
  2.2564177902344120E+01  2.2272231529404971E-02  1.2431724092007940E-06
  2.2788978059747517E+01  2.2011561899717421E-02  1.2455088505867013E-06
  2.3016017833900410E+01  2.1755567707158190E-02  1.2478947966840097E-06
  2.3245319537434810E+01  2.1501170215863410E-02  1.2503299662687265E-06
  2.3476905705276753E+01  2.1241316726166793E-02  1.2528141315438021E-06
  2.3710799096861063E+01  2.0992743509303347E-02  1.2553470711776317E-06
  2.3947022698368013E+01  2.0748408537380695E-02  1.2579285665809334E-06
  2.4185599724982247E+01  2.0502237295368143E-02  1.2605584046550203E-06
  2.4426553623174428E+01  2.0268384559083981E-02  1.2632363770928801E-06
  2.4669908073005381E+01  2.0028908764672108E-02  1.2659622732729219E-06
  2.4915686990453239E+01  1.9784423506445895E-02  1.2687358713114426E-06
  2.5163914529763936E+01  1.9551946137938189E-02  1.2715569351454394E-06
  2.5414615085824916E+01  1.9327306821011615E-02  1.2744252254596561E-06
  2.5667813296562624E+01  1.9091041205310706E-02  1.2773405145524296E-06
  2.5923534045363713E+01  1.8872230379524249E-02  1.2803025634793149E-06
  2.6181802463520647E+01  1.8648625960850537E-02  1.2833110493665707E-06
  2.6442643932701468E+01  1.8427184134217418E-02  1.2863656058633885E-06
  2.6706084087444076E+01  1.8207857444762481E-02  1.2894658934303484E-06
  2.6972148817675709E+01  1.7992362992739864E-02  1.2926116052500723E-06
  2.7240864271257212E+01  1.7778804524723010E-02  1.2958024646875957E-06
  2.7512256856552643E+01  1.7566836993580109E-02  1.2990382191655814E-06
  2.7786353245024802E+01  1.7357405452525884E-02  1.3023186395550632E-06
  2.8063180373856252E+01  1.7150370248297967E-02  1.3056435196674857E-06
  2.8342765448596694E+01  1.6945689501950571E-02  1.3090126719499851E-06
  2.8625135945836494E+01  1.6743367402984783E-02  1.3124259110818052E-06
  2.8910319615907156E+01  1.6543408923082224E-02  1.3158830299719306E-06
  2.9198344485608430E+01  1.6345523822562037E-02  1.3193837822537383E-06
  2.9489238860962637E+01  1.6149588372026950E-02  1.3229278915734251E-06
  2.9783031329996579E+01  1.5956075875206532E-02  1.3265150440272584E-06
  3.0079750765551054E+01  1.5763871680500689E-02  1.3301449274477609E-06
  3.0379426328118235E+01  1.5574704650833474E-02  1.3338172750855073E-06
  3.0682087468707646E+01  1.5387539730461976E-02  1.3375318712796378E-06
  3.0987763931740400E+01  1.5201631546812927E-02  1.3412885443775619E-06
  3.1296485757972395E+01  1.5018458438270080E-02  1.3450871559673033E-06
  3.1608283287446518E+01  1.4837452252923169E-02  1.3489275890207516E-06
  3.1923187162474512E+01  1.4658620039847513E-02  1.3528097388505506E-06
  3.2241228330648319E+01  1.4479691203841289E-02  1.3567335129810118E-06
  3.2562438047881393E+01  1.4305234718447192E-02  1.3606988357121439E-06
  3.2886847881480591E+01  1.4132009015900004E-02  1.3647056453960498E-06
  3.3214489713248426E+01  1.3960545679837316E-02  1.3687538689469520E-06
  3.3545395742616158E+01  1.3791115483408072E-02  1.3728433932780716E-06
  3.3879598489808465E+01  1.3623179348240651E-02  1.3769740924123644E-06
  3.4217130799039303E+01  1.3453278278634124E-02  1.3811458604054494E-06
  3.4558025841739600E+01  1.3294094734210914E-02  1.3853586164286941E-06
  3.4902317119817447E+01  1.3131516626996053E-02  1.3896123052670179E-06
  3.5250038468950365E+01  1.2971329672019763E-02  1.3939068988033063E-06
  3.5601224061910678E+01  1.2812874997880488E-02  1.3982423991455888E-06
  3.5955908411923701E+01  1.2651942601192649E-02  1.4026188402945679E-06
  3.6314126376059811E+01  1.2496759269853115E-02  1.4070362855844502E-06
  3.6675913158659945E+01  1.2343593272274446E-02  1.4114948176367258E-06
  3.7041304314795248E+01  1.2196718358305844E-02  1.4159945276011677E-06
  3.7410335753761522E+01  1.2047117617380521E-02  1.4205355024193677E-06
  3.7783043742608164E+01  1.1899107641069486E-02  1.4251178042751910E-06
  3.8159464909702201E+01  1.1752675388904314E-02  1.4297414528505435E-06
  3.8539636248328250E+01  1.1608012974617471E-02  1.4344064432478477E-06
  3.8923595120323931E+01  1.1465419788666017E-02  1.4391127491444844E-06
  3.9311379259751718E+01  1.1319636581200537E-02  1.4438603211002601E-06
  3.9703026776607132E+01  1.1183790939083371E-02  1.4486490882862869E-06
  4.0098576160564321E+01  1.1042828549959850E-02  1.4534789602695467E-06
  4.0498066284758544E+01  1.0906348575800180E-02  1.4583498289922764E-06
  4.0901536409606358E+01  1.0774252560055077E-02  1.4632615731073895E-06
  4.1309026186664227E+01  1.0640685600894251E-02  1.4682140633138851E-06
  4.1720575662525235E+01  1.0508968524798608E-02  1.4732071669213108E-06
  4.2136225282754552E+01  1.0378569355471190E-02  1.4782407446669761E-06
  4.2556015895864554E+01  1.0249717825908101E-02  1.4833146354308525E-06
  4.2979988757329103E+01  1.0122485933946403E-02  1.4884286378024077E-06
  4.3408185533638033E+01  9.9969497991196053E-03  1.4935825175539292E-06
  4.3840648306391834E+01  9.8721391528048090E-03  1.4987760144984316E-06
  4.4277419576437538E+01  9.7490861765200769E-03  1.5040088427273097E-06
  4.4718542268045390E+01  9.6241594771868354E-03  1.5092806945577474E-06
  4.5164059733127189E+01  9.5074198567841207E-03  1.5145912444022266E-06
  4.5614015755497000E+01  9.3887158769253107E-03  1.5199401434939346E-06
  4.6068454555173936E+01  9.2679772526100077E-03  1.5253270157847725E-06
  4.6527420792727774E+01  9.1553567986778876E-03  1.5307514481389361E-06
  4.6990959573668370E+01  9.0400923331597754E-03  1.5362129803947503E-06
  4.7459116452878227E+01  8.9243787752030859E-03  1.5417110901230235E-06
  4.7931937439089559E+01  8.8158834843948958E-03  1.5472451683718986E-06
  4.8409468999405696E+01  8.7040764811810653E-03  1.5528144772979488E-06
  4.8891758063867947E+01  8.5923668148203437E-03  1.5584180959119346E-06
  4.9378852030067613E+01  8.4872740780404694E-03  1.5640548797738409E-06
  4.9870798767803855E+01  8.3804436825932090E-03  1.5697234398046226E-06
  5.0367646623788488E+01  8.2745039142156588E-03  1.5754221642927406E-06
  5.0869444426397166E+01  8.1700010391914570E-03  1.5811492618592726E-06
  5.1376241490467891E+01  8.0667337778009534E-03  1.5869027926268226E-06
  5.1888087622147808E+01  7.9615615407120505E-03  1.5926806982808432E-06
  5.2405033123787746E+01  7.8617187349394931E-03  1.5984808274027094E-06
  5.2927128798885896E+01  7.7637902944431821E-03  1.6043009594988590E-06
  5.3454425957080325E+01  7.6647151577434016E-03  1.6101388356742543E-06
  5.3986976419191855E+01  7.5673777893446236E-03  1.6159922033243338E-06
  5.4524832522316686E+01  7.4710661424234959E-03  1.6218588780544568E-06
  5.5068047124969510E+01  7.3754083133325465E-03  1.6277368105936204E-06
  5.5616673612279008E+01  7.2809806725939461E-03  1.6336241535882076E-06
  5.6170765901234013E+01  7.1854362296200746E-03  1.6395193167412924E-06
  5.6730378445981486E+01  7.0927649480606895E-03  1.6454209633622392E-06
  5.7295566243179493E+01  7.0037014500889732E-03  1.6513279336626665E-06
  5.7866384837401213E+01  6.9130829568763118E-03  1.6572391845876645E-06
  5.8442890326593599E+01  6.8215324905152508E-03  1.6631537253346834E-06
  5.9025139367590640E+01  6.7325197903669014E-03  1.6690705585323689E-06
  5.9613189181681797E+01  6.6467013174853961E-03  1.6749886137494960E-06
  6.0207097560234772E+01  6.5595588255338904E-03  1.6809066673788624E-06
  6.0806922870375374E+01  6.4715394682259833E-03  1.6868232534645481E-06
  6.1412724060723995E+01  6.3877646624351430E-03  1.6927365678754201E-06
  6.2024560667188148E+01  6.3022900470749215E-03  1.6986443527217778E-06
  6.2642492818813786E+01  6.2190390921751304E-03  1.7045437602533351E-06
  6.3266581243694944E+01  6.1341890999140614E-03  1.7104312516261114E-06
  6.3896887274941108E+01  6.0516350438356700E-03  1.7163025822372703E-06
  6.4533472856705217E+01  5.9716083026132597E-03  1.7221529810073991E-06
  6.5176400550271651E+01  5.8890826621113097E-03  1.7279773209869392E-06
  6.5825733540203785E+01  5.8097766177086759E-03  1.7337702519991025E-06
  6.6481535640553872E+01  5.7309789637208933E-03  1.7395263186984312E-06
  6.7143871301134951E+01  5.6516300403881767E-03  1.7452400523296581E-06
  6.7812805613853783E+01  5.5738482273962652E-03  1.7509060681653315E-06
  6.8488404319108412E+01  5.4972329379014261E-03  1.7565191607339120E-06
  6.9170733812249196E+01  5.4192230277202921E-03  1.7620743738958713E-06
  6.9859861150103072E+01  5.3436473607285052E-03  1.7675670650354175E-06
  7.0555854057564147E+01  5.2688135367991102E-03  1.7729929502968796E-06
  7.1258780934249756E+01  5.1962736243536013E-03  1.7783481281151953E-06
  7.1968710861221794E+01  5.1224141081243103E-03  1.7836290662508831E-06
  7.2685713607776108E+01  5.0502580817814542E-03  1.7888324199928390E-06
  7.3409859638299594E+01  4.9783363253021896E-03  1.7939548130517355E-06
  7.4141220119194330E+01  4.9072841416877939E-03  1.7989927139007488E-06
  7.4879866925871994E+01  4.8363527002788665E-03  1.8039423429466462E-06
  7.5625872649817936E+01  4.7662284926813661E-03  1.8087995829041523E-06
  7.6379310605724328E+01  4.6963575767082688E-03  1.8135598532502204E-06
  7.7140254838695668E+01  4.6264645605300289E-03  1.8182179495717034E-06
  7.7908780131526029E+01  4.5577357991474204E-03  1.8227679954008609E-06
  7.8684962012048246E+01  4.4904321475815693E-03  1.8272035140963456E-06
  7.9468876760555418E+01  4.4228986361751531E-03  1.8315175410184875E-06
  8.0260601417299341E+01  4.3555214912622056E-03  1.8357027686785430E-06
  8.1060213790060843E+01  4.2880609189024895E-03  1.8397517381783947E-06
  8.1867792461795389E+01  4.2217711994167774E-03  1.8436570751029052E-06
  8.2683416798357925E+01  4.1554297039529944E-03  1.8474117278472326E-06
  8.3507166956301702E+01  4.0894725579858331E-03  1.8510090969894970E-06
  8.4339123890754720E+01  4.0235279758734860E-03  1.8544431088902040E-06
  8.5179369363377702E+01  3.9584809453994249E-03  1.8577082938415358E-06
  8.6027985950398246E+01  3.8936025220566634E-03  1.8607999281138467E-06
  8.6885057050725820E+01  3.8287936971308006E-03  1.8637142290134258E-06
  8.7750666894148267E+01  3.7658126017255877E-03  1.8664484501226593E-06
  8.8624900549610203E+01  3.7014395195368709E-03  1.8690007859171063E-06
  8.9507843933572147E+01  3.6395145859088023E-03  1.8713701884836004E-06
  9.0399583818454616E+01  3.5770849479678790E-03  1.8735561338251725E-06
  9.1300207841166355E+01  3.5143957574723466E-03  1.8755583702017373E-06
  9.2209804511715873E+01  3.4535023534599716E-03  1.8773766592914809E-06
  9.3128463221910465E+01  3.3929342563277245E-03  1.8790105420519175E-06
  9.4056274254141726E+01  3.3324272577492167E-03  1.8804592084496319E-06
  9.4993328790257308E+01  3.2728589434494896E-03  1.8817214873932626E-06
  9.5939718920522253E+01  3.2136098115422207E-03  1.8827958577185227E-06
  9.6895537652669944E+01  3.1541599805971956E-03  1.8836804360434984E-06
  9.7860878921041461E+01  3.0962422021151613E-03  1.8843729217770465E-06
  9.8835837595817623E+01  3.0390580175828699E-03  1.8848705572172804E-06
  9.9820509492343078E+01  2.9818764645356093E-03  1.8851701649234704E-06
  1.0081499138054150E+02  2.9253057788299732E-03  1.8852682145293573E-06
  1.0181938099442641E+02  2.8687013974049692E-03  1.8851608862010138E-06
  1.0283377704170665E+02  2.8132727321338430E-03  1.8848441587148469E-06
  1.0385827921348587E+02  2.7587047598484665E-03  1.8843139199225939E-06
  1.0489298819406034E+02  2.7041846616488699E-03  1.8835660792019180E-06
  1.0593800567081450E+02  2.6499867539086677E-03  1.8825966318425402E-06
  1.0699343434421324E+02  2.5965882423688662E-03  1.8814016636430739E-06
  1.0805937793789533E+02  2.5437147794649655E-03  1.8799773305633143E-06
  1.0913594120886792E+02  2.4916078532647755E-03  1.8783198815243340E-06
  1.1022322995780014E+02  2.4398591337337766E-03  1.8764257306612794E-06
  1.1132135103942166E+02  2.3886470648648746E-03  1.8742915635265085E-06
  1.1243041237302440E+02  2.3378136770767768E-03  1.8719144087708557E-06
  1.1355052295306739E+02  2.2879985251289580E-03  1.8692916581023517E-06
  1.1468179285988873E+02  2.2385138747942363E-03  1.8664210321866353E-06
  1.1582433327052480E+02  2.1896312505083823E-03  1.8633005214273308E-06
  1.1697825646963483E+02  2.1413428586417142E-03  1.8599283366433250E-06
  1.1814367586053648E+02  2.0934290559994147E-03  1.8563028381692400E-06
  1.1932070597635128E+02  2.0461492668716803E-03  1.8524224553948790E-06
  1.2050946249126027E+02  1.9999356390359431E-03  1.8482856449522787E-06
  1.2171006223187022E+02  1.9542592558981866E-03  1.8438908665851030E-06
  1.2292262318869803E+02  1.9088355564445630E-03  1.8392365522265823E-06
  1.2414726452776475E+02  1.8640521152076422E-03  1.8343210719153250E-06
  1.2538410660230544E+02  1.8204083395463968E-03  1.8291427157854442E-06
  1.2663327096459986E+02  1.7769785971601553E-03  1.8236997341417993E-06
  1.2789488037791693E+02  1.7342238605966064E-03  1.8179904309050914E-06
  1.2916905882857765E+02  1.6920887798680677E-03  1.8120132544906451E-06
  1.3045593153814326E+02  1.6504602381240002E-03  1.8057668530054456E-06
  1.3175562497571974E+02  1.6097484143009866E-03  1.7992501393437113E-06
  1.3306826687038640E+02  1.5692105131148691E-03  1.7924623633332655E-06
  1.3439398622374910E+02  1.5300300239493917E-03  1.7854031605984079E-06
  1.3573291332261911E+02  1.4909559949808004E-03  1.7780725419344980E-06
  1.3708517975181528E+02  1.4526441397255359E-03  1.7704708107316184E-06
  1.3845091840709671E+02  1.4148403091978673E-03  1.7625984939138874E-06
  1.3983026350822399E+02  1.3779901214613147E-03  1.7544563279095988E-06
  1.4122335061214838E+02  1.3415881908619834E-03  1.7460452871614529E-06
  1.4263031662633429E+02  1.3058445354943071E-03  1.7373666081641250E-06
  1.4405129982221530E+02  1.2707788613804051E-03  1.7284217660729224E-06
  1.4548643984878089E+02  1.2362291994443308E-03  1.7192124391449859E-06
  1.4693587774630188E+02  1.2026335325282819E-03  1.7097404282502400E-06
  1.4839975596019184E+02  1.1694858811787895E-03  1.7000075331363528E-06
  1.4987821835500458E+02  1.1368265369481967E-03  1.6900154329018491E-06
  1.5137141022857344E+02  1.1051227928376406E-03  1.6797656188584994E-06
  1.5287947832629158E+02  1.0739445545939962E-03  1.6692594163759304E-06
  1.5440257085553159E+02  1.0435828865081893E-03  1.6584981113705283E-06
  1.5594083750021196E+02  1.0135030417863446E-03  1.6474830760510536E-06
  1.5749442943550810E+02  9.8447354668396918E-04  1.6362157728810152E-06
  1.5906349934270762E+02  9.5584824676382034E-04  1.6246976668091967E-06
  1.6064820142421610E+02  9.2773698804844468E-04  1.6129301451932853E-06
  1.6224869141871258E+02  9.0057356294820498E-04  1.6009145322393825E-06
  1.6386512661645301E+02  8.7380142466173991E-04  1.5886521928148310E-06
  1.6549766587472911E+02  8.4768942382839392E-04  1.5761446981799667E-06
  1.6714646963348130E+02  8.2217810573847387E-04  1.5633939894805739E-06
  1.6881169993106417E+02  7.9721149723326621E-04  1.5504025133476527E-06
  1.7049352042017190E+02  7.7295502603902388E-04  1.5371733146102388E-06
  1.7219209638392269E+02  7.4920296580480487E-04  1.5237100462842945E-06
  1.7390759475209987E+02  7.2595336316801139E-04  1.5100168707500821E-06
  1.7564018411755836E+02  7.0342725876935128E-04  1.4960983032736171E-06
  1.7739003475279392E+02  6.8148163544895220E-04  1.4819591412615558E-06
  1.7915731862667670E+02  6.5990611333541335E-04  1.4676044723549933E-06
  1.8094220942134908E+02  6.3908021126480848E-04  1.4530396788209327E-06
  1.8274488254929884E+02  6.1869087445068816E-04  1.4382703781116057E-06
  1.8456551517059600E+02  5.9884725004260219E-04  1.4233023451668879E-06
  1.8640428621030117E+02  5.7953234443278297E-04  1.4081414845097239E-06
  1.8826137637605393E+02  5.6071915893506118E-04  1.3927938286802209E-06
  1.9013696817583030E+02  5.4244142508440556E-04  1.3772654942534241E-06
  1.9203124593587609E+02  5.2465773304611349E-04  1.3615626412947392E-06
  1.9394439581882691E+02  5.0735096494448960E-04  1.3456914797270948E-06
  1.9587660584200063E+02  4.9055925268954290E-04  1.3296583303811278E-06
  1.9782806589587457E+02  4.7419256226868828E-04  1.3134697197422376E-06
  1.9979896776274819E+02  4.5832551025450064E-04  1.2971324332874011E-06
  2.0178950513559175E+02  4.4289729351024572E-04  1.2806534690684057E-06
  2.0379987363707954E+02  4.2793632944871529E-04  1.2640399715594362E-06
  2.0583027083881601E+02  4.1340139964351515E-04  1.2472991903447811E-06
  2.0788089628075372E+02  3.9928300439469761E-04  1.2304384464890235E-06
  2.0995195149080072E+02  3.8555966293282360E-04  1.2134651045597028E-06
  2.1204364000462755E+02  3.7234686974022761E-04  1.1963866229395955E-06
  2.1415616738567090E+02  3.5945022396643354E-04  1.1792106004246350E-06
  2.1628974124533326E+02  3.4695005428862406E-04  1.1619447907550482E-06
  2.1844457126338745E+02  3.3486049431263827E-04  1.1445970913152131E-06
  2.2062086920858454E+02  3.2312762061739974E-04  1.1271754965091501E-06
  2.2281884895946291E+02  3.1175717203105180E-04  1.1096880314371616E-06
  2.2503872652536893E+02  3.0074613687293867E-04  1.0921427141583833E-06
  2.2728072006768687E+02  2.9008699515286728E-04  1.0745476063026336E-06
  2.2954504992127622E+02  2.7973180495225689E-04  1.0569108911575837E-06
  2.3183193861612685E+02  2.6977902502122911E-04  1.0392408803505683E-06
  2.3414161089922970E+02  2.6009122236257752E-04  1.0215459620555547E-06
  2.3647429375666141E+02  2.5069192017955716E-04  1.0038345404741135E-06
  2.3883021643589302E+02  2.4167587176594506E-04  9.8611500370777615E-07
  2.4120961046832105E+02  2.3288069766761398E-04  9.6839571748055137E-07
  2.4361270969201865E+02  2.2440752426464199E-04  9.5068501370770599E-07
  2.4603975027471762E+02  2.1621562712764809E-04  9.3299119008613258E-07
  2.4849097073701989E+02  2.0829836371043413E-04  9.1532253548051359E-07
  2.5096661197583535E+02  2.0066031296412108E-04  8.9768737081412299E-07
  2.5346691728805766E+02  1.9323851430227301E-04  8.8009407817834634E-07
  2.5599213239447622E+02  1.8609383234408672E-04  8.6255107358530006E-07
  2.5854250546392171E+02  1.7917356983029553E-04  8.4506672963540862E-07
  2.6111828713765664E+02  1.7249837600288501E-04  8.2764934027961031E-07
  2.6371973055400849E+02  1.6605961463921716E-04  8.1030712847389515E-07
  2.6634709137324683E+02  1.5981717873010288E-04  7.9304823199778714E-07
  2.6900062780270463E+02  1.5382966864676021E-04  7.7588066159224671E-07
  2.7168060062216074E+02  1.4801753164557876E-04  7.5881228406407310E-07
  2.7438727320946498E+02  1.4240884556513463E-04  7.4185081535845442E-07
  2.7712091156641850E+02  1.3701010512207832E-04  7.2500381045124378E-07
  2.7988178434492227E+02  1.3179546125484159E-04  7.0827864765458812E-07
  2.8267016287337583E+02  1.2676185124712428E-04  6.9168250855448953E-07
  2.8548632118333893E+02  1.2190275846005221E-04  6.7522236777275402E-07
  2.8833053603646943E+02  1.1722723203730381E-04  6.5890500624779769E-07
  2.9120308695171803E+02  1.1270236880266489E-04  6.4273705340431058E-07
  2.9410425623279821E+02  1.0834559651122708E-04  6.2672500785292496E-07
  2.9703432899593076E+02  1.0414851211245034E-04  6.1087521386116635E-07
  2.9999359319786601E+02  1.0010744913464452E-04  5.9519383727309964E-07
  3.0298233966417945E+02  9.6193367335228281E-05  5.7968684966683228E-07
  3.0600086211785481E+02  9.2432159037098607E-05  5.6435999836141615E-07
  3.0904945720815192E+02  8.8812972476634393E-05  5.4921879389321240E-07
  3.1212842453975662E+02  8.5313041778469181E-05  5.3426850820636530E-07
  3.1523806670222672E+02  8.1946697687409938E-05  5.1951417427692506E-07
  3.1837868929973109E+02  7.8706366990976333E-05  5.0496058655952582E-07
  3.2155060098107975E+02  7.5581894632653488E-05  4.9061229666980257E-07
  3.2475411347005848E+02  7.2573451113276005E-05  4.7647359751105918E-07
  3.2798954159606586E+02  6.9672257429992369E-05  4.6254849644131234E-07
  3.3125720332504966E+02  6.6881861951230062E-05  4.4884070181719212E-07
  3.3455741979075731E+02  6.4193989149163131E-05  4.3535365575624961E-07
  3.3789051532629782E+02  6.1608753562503586E-05  4.2209057258922296E-07
  3.4125681749601188E+02  5.9114468038688694E-05  4.0905444238651542E-07
  3.4465665712766577E+02  5.6718708997778891E-05  3.9624800772315431E-07
  3.4809036834496601E+02  5.4409373841831739E-05  3.8367374776559193E-07
  3.5155828860039151E+02  5.2188566036236833E-05  3.7133387601180421E-07
  3.5506075870835940E+02  5.0051720749007635E-05  3.5923033953060789E-07
  3.5859812287872097E+02  4.7992637737130395E-05  3.4736481840644549E-07
  3.6217072875058551E+02  4.6015100399796189E-05  3.3573872844576814E-07
  3.6577892742648618E+02  4.4110587935302259E-05  3.2435323130628614E-07
  3.6942307350688861E+02  4.2281695841074550E-05  3.1320925306255145E-07
  3.7310352512503403E+02  4.0519446160996165E-05  3.0230750354110996E-07
  3.7682064398213845E+02  3.8823810719664501E-05  2.9164847102869701E-07
  3.8057479538294103E+02  3.7194648884223490E-05  2.8123240596209075E-07
  3.8436634827160054E+02  3.5628375582832994E-05  2.7105932429102292E-07
  3.8819567526795618E+02  3.4122259781411013E-05  2.6112901328631998E-07
  3.9206315270414933E+02  3.2674575984875930E-05  2.5144102365814326E-07
  3.9596916066160384E+02  3.1282024152315357E-05  2.4199467246298119E-07
  3.9991408300838089E+02  2.9945324903380850E-05  2.3278904921011565E-07
  4.0389830743690629E+02  2.8658907354374618E-05  2.2382302241253875E-07
  4.0792222550206998E+02  2.7423887555412542E-05  2.1509524614985948E-07
  4.1198623265970167E+02  2.6237198186853853E-05  2.0660416537099829E-07
  4.1609072830544392E+02  2.5095331886891060E-05  1.9834801860258637E-07
  4.2023611581399877E+02  2.3998703119967525E-05  1.9032484093424111E-07
  4.2442280257876484E+02  2.2947275818560603E-05  1.8253247563006785E-07
  4.2865120005188425E+02  2.1934905803558550E-05  1.7496859555567190E-07
  4.3292172378467399E+02  2.0964939995164637E-05  1.6763071727205905E-07
  4.3723479346845915E+02  2.0032530381308534E-05  1.6051620538646197E-07
  4.4159083297582930E+02  1.9137381612834509E-05  1.5362227315001722E-07
  4.4599027040228935E+02  1.8276518665190480E-05  1.4694598759776135E-07
  4.5043353810832946E+02  1.7451378890264794E-05  1.4048427737879764E-07
  4.5492107276191825E+02  1.6658434585549383E-05  1.3423394062101047E-07
  4.5945331538141960E+02  1.5899266711540743E-05  1.2819165269893323E-07
  4.6403071137892840E+02  1.5169461493242058E-05  1.2235397439275663E-07
  4.6865371060404738E+02  1.4469759781420828E-05  1.1671736069875836E-07
  4.7332276738809901E+02  1.3797992205499106E-05  1.1127817013155529E-07
  4.7803834058877010E+02  1.3153190648708562E-05  1.0603267140452141E-07
  4.8280089363520926E+02  1.2535843953474166E-05  1.0097704631799246E-07
  4.8761089457357417E+02  1.1942630465296303E-05  9.6107397863179234E-08
  4.9246881611302342E+02  1.1374858471480699E-05  9.1419766554219473E-08
  4.9737513567217570E+02  1.0829875916904315E-05  8.6910140901644808E-08
  5.0233033542603147E+02  1.0307833461423155E-05  8.2574463227508292E-08
  5.0733490235335370E+02  9.8073718770382468E-06  7.8408636836288097E-08
  5.1238932828452903E+02  9.3276005663742488E-06  7.4408533246353234E-08
  5.1749410994990615E+02  8.8683440406886064E-06  7.0569999328994015E-08
  5.2264974902860695E+02  8.4280716931221976E-06  6.6888864296627134E-08
  5.2785675219783218E+02  8.0066377695193225E-06  6.3360946265435916E-08
  5.3311563118265906E+02  7.6031521392882060E-06  5.9982058428394443E-08
  5.3842690280632564E+02  7.2165150865899035E-06  5.6748015621857478E-08
  5.4379108904102566E+02  6.8467765895687537E-06  5.3654642650786350E-08
  5.4920871705920842E+02  6.4931060538325965E-06  5.0697782209069468E-08
  5.5468031928538198E+02  6.1544573778961219E-06  4.7873299340597461E-08
  5.6020643344844018E+02  5.8306952486990000E-06  4.5177084736519508E-08
  5.6578760263451261E+02  5.5212540681062491E-06  4.2605059006503432E-08
  5.7142437534032888E+02  5.2253709516865771E-06  4.0153177717425467E-08
  5.7711730552713232E+02  4.9427120750772757E-06  3.7817436312334532E-08
  5.8286695267511288E+02  4.6727090565827129E-06  3.5593874734419434E-08
  5.8867388183839432E+02  4.4148649628221196E-06  3.3478581755820330E-08
  5.9453866370056915E+02  4.1687686513438375E-06  3.1467699054507934E-08
  6.0046187463077649E+02  3.9339594579273898E-06  2.9557425082411546E-08
  6.0644409674034875E+02  3.7099455359768847E-06  2.7744018701021728E-08
  6.1248591794002311E+02  3.4964113669062567E-06  2.6023802267657572E-08
  6.1858793199771208E+02  3.2929175449684555E-06  2.4393164078001118E-08
  6.2475073859686006E+02  3.0990500524214253E-06  2.2848560804424136E-08
  6.3097494339538218E+02  2.9145689590369029E-06  2.1386521162415260E-08
  6.3726115808517864E+02  2.7389197941751335E-06  2.0003649981532623E-08
  6.4361000045225308E+02  2.5719447341269573E-06  1.8696630497144581E-08
  6.5002209443743004E+02  2.4131933290254363E-06  1.7462225980382555E-08
  6.5649807019766615E+02  2.2623948947388127E-06  1.6297281145202673E-08
  6.6303856416798340E+02  2.1192271713962238E-06  1.5198723344283351E-08
  6.6964421912401963E+02  1.9834394255384878E-06  1.4163563551530373E-08
  6.7631568424519003E+02  1.8546675707192664E-06  1.3188897122184528E-08
  6.8305361517849008E+02  1.7326743600383624E-06  1.2271904307985989E-08
  6.8985867410293451E+02  1.6171804807506633E-06  1.1409850546587530E-08
  6.9673152979462429E+02  1.5079572585480368E-06  1.0600086621997523E-08
  7.0367285769248167E+02  1.4046973922425629E-06  9.8400489050178246E-09
  7.1068333996462127E+02  1.3071845260224654E-06  9.1272593745776060E-09
  7.1776366557539416E+02  1.2151769082467480E-06  8.4593249160669817E-09
  7.2491453035310201E+02  1.1284400386486746E-06  7.8339366009323340E-09
  7.3213663705837109E+02  1.0467677325353898E-06  7.2488690262042783E-09
  7.3943069545322192E+02  9.6991696633490746E-07  6.7019795162002226E-09
  7.4679742237082598E+02  8.9768137858551173E-07  6.1912071838270934E-09
  7.5423754178594515E+02  8.2986165333797537E-07  5.7145718630208876E-09
  7.6175178488608492E+02  7.6626351342915175E-07  5.2701729155512750E-09
  7.6934089014335814E+02  7.0668187435473437E-07  4.8561879288599545E-09
  7.7700560338705009E+02  6.5092719603873478E-07  4.4708713087452027E-09
  7.8474667787691953E+02  5.9882376265485536E-07  4.1125527770422910E-09
  7.9256487437723251E+02  5.5019337083575420E-07  3.7796357452473985E-09
  8.0046096123151665E+02  5.0485634276273416E-07  3.4705955802180276E-09
  8.0843571443807627E+02  4.6264689721507950E-07  3.1839780010270562E-09
  8.1648991772626016E+02  4.2340536342446496E-07  2.9183974948607411E-09
  8.2462436263347320E+02  3.8697337206241387E-07  2.6725354725399915E-09
  8.3283984858297038E+02  3.5319417550657743E-07  2.4451383520899884E-09
  8.4113718296242700E+02  3.2191996958462294E-07  2.2350156092534282E-09
  8.4951718120327325E+02  2.9300841531618975E-07  2.0410378019187115E-09
  8.5798066686084587E+02  2.6631900710521083E-07  1.8621345754979696E-09
  8.6652847169531208E+02  2.4171582985835797E-07  1.6972926569157867E-09
  8.7516143575341664E+02  2.1906895050239834E-07  1.5455538427450405E-09
  8.8388040745104422E+02  1.9825280483746531E-07  1.4060129852049205E-09
  8.9268624365658809E+02  1.7914570847517909E-07  1.2778159791581507E-09
  9.0157980977516513E+02  1.6163088467955929E-07  1.1601577580601707E-09
  9.1056197983366951E+02  1.4559725564862374E-07  1.0522803179684415E-09
  9.1963363656665945E+02  1.3093942247870443E-07  9.5347076796455226E-10
  9.2879567150311277E+02  1.1755760540859907E-07  8.6305939375924005E-10
  9.3804898505404992E+02  1.0535780081803243E-07  7.8041774734788348E-10
  9.4739448660101141E+02  9.4251920592232338E-08  7.0495676912394221E-10
  9.5683309458543397E+02  8.4157699287473571E-08  6.3612494572872355E-10
  9.6636573659891781E+02  7.4998366851038565E-08  5.7340650692401593E-10
  9.7599334947437490E+02  6.6702215963240769E-08  5.1631966358583888E-10
  9.8571687937810304E+02  5.9202161648060446E-08  4.6441488937653688E-10
  9.9553728190277855E+02  5.2435334807917184E-08  4.1727324796386390E-10
  1.0054555221613556E+03  4.6342732045598325E-08  3.7450476809690262E-10
  1.0154725748819195E+03  4.0868933675012641E-08  3.3574686870282448E-10
  1.0255894245034870E+03  3.5961889399645863E-08  3.0066283616016179E-10
  1.0358070652727381E+03  3.1572758887758632E-08  2.6894036096275945E-10
  1.0461265013417426E+03  2.7655791259268807E-08  2.4029012309656884E-10
  1.0565487468666322E+03  2.4168228454546882E-08  2.1444442500111132E-10
  1.0670748261072715E+03  2.1070219459920940E-08  1.9115587826927598E-10
  1.0777057735279275E+03  1.8324735593662753E-08  1.7019614442735841E-10
  1.0884426338989178E+03  1.5897480334038022E-08  1.5135472957441878E-10