 #p(MeV) \t \delta f_\\nu \t \delta f_\\nubar
  6.9199249659512851E-02  2.6826318158933443E-01  1.6366193407483173E-05
  6.9888661092226301E-02  2.6776659047816015E-01  1.6229563571790164E-05
  7.0584940924899184E-02  2.6734028164961127E-01  1.6093901859254672E-05
  7.1288157585346609E-02  2.6702705418674655E-01  1.5959206066435184E-05
  7.1998380183109376E-02  2.6668534875716488E-01  1.5825474469514620E-05
  7.2715678516246177E-02  2.6614844469449817E-01  1.5692705706493207E-05
  7.3440123078192740E-02  2.6561116393964618E-01  1.5560898634248422E-05
  7.4171785064689827E-02  2.6506206524184145E-01  1.5430052336936922E-05
  7.4910736380780191E-02  2.6461052216705089E-01  1.5300166212307307E-05
  7.5657049647874869E-02  2.6416858550148775E-01  1.5171239642118885E-05
  7.6410798210890446E-02  2.6372881831759293E-01  1.5043271316559783E-05
  7.7172056145456899E-02  2.6324610429625245E-01  1.4916258643804535E-05
  7.7940898265197525E-02  2.6279300443240500E-01  1.4790197485244140E-05
  7.8717400129081488E-02  2.6230144591156584E-01  1.4665082198780130E-05
  7.9501638048849230E-02  2.6183305748278723E-01  1.4540905859133166E-05
  8.0293689096512424E-02  2.6142442588135040E-01  1.4417660534979516E-05
  8.1093631111928008E-02  2.6097614775983285E-01  1.4295337550184816E-05
  8.1901542710448097E-02  2.6057084087201565E-01  1.4173927687529225E-05
  8.2717503290646241E-02  2.6012461185618180E-01  1.4053421424085709E-05
  8.3541593042120041E-02  2.5968757357445293E-01  1.3933809090066665E-05
  8.4373892953372262E-02  2.5925022097526146E-01  1.3815080668147891E-05
  8.5214484819769759E-02  2.5876793528763364E-01  1.3697225695234397E-05
  8.6063451251582171E-02  2.5825040390150800E-01  1.3580233624253087E-05
  8.6920875682100732E-02  2.5773201858857941E-01  1.3464094405794289E-05
  8.7786842375837323E-02  2.5725219696368612E-01  1.3348798946757339E-05
  8.8661436436806254E-02  2.5683935916766321E-01  1.3234339304110713E-05
  8.9544743816887498E-02  2.5642315176054775E-01  1.3120708653315914E-05
  9.0436851324273898E-02  2.5601886349646075E-01  1.3007901134768301E-05
  9.1337846632002506E-02  2.5551520674970291E-01  1.2895911661675868E-05
  9.2247818286570457E-02  2.5498543719620814E-01  1.2784735745219765E-05
  9.3166855716637340E-02  2.5451115619607578E-01  1.2674369307422921E-05
  9.4095049241813597E-02  2.5400740332528265E-01  1.2564808460492507E-05
  9.5032490081536927E-02  2.5355834811622935E-01  1.2456049583219741E-05
  9.5979270364037209E-02  2.5312743344374405E-01  1.2348089606087633E-05
  9.6935483135390035E-02  2.5268952964210195E-01  1.2240926070417220E-05
  9.7901222368661528E-02  2.5222536233965276E-01  1.2134556884992580E-05
  9.8876582973143154E-02  2.5184627306842022E-01  1.2028979976166514E-05
  9.9861660803679309E-02  2.5141824420388992E-01  1.1924193013531266E-05
  1.0085655267008765E-01  2.5098446803169805E-01  1.1820193276435140E-05
  1.0186135634667300E-01  2.5051783865674071E-01  1.1716977633512326E-05
  1.0287617058183630E-01  2.5002461114193375E-01  1.1614542586320531E-05
  1.0390109510777945E-01  2.4957734186085920E-01  1.1512884335104156E-05
  1.0493623065030624E-01  2.4913078177648579E-01  1.1411998847017416E-05
  1.0598167893872179E-01  2.4862147166363902E-01  1.1311881937014913E-05
  1.0703754271582959E-01  2.4819075798797940E-01  1.1212529311993342E-05
  1.0810392574802917E-01  2.4774345617064292E-01  1.1113936628980628E-05
  1.0918093283551358E-01  2.4727623636469967E-01  1.1016099708638457E-05
  1.1026866982256878E-01  2.4684963769056686E-01  1.0919014854096726E-05
  1.1136724360797591E-01  2.4640453605612811E-01  1.0822679107518696E-05
  1.1247676215551654E-01  2.4594118614255914E-01  1.0727090345684870E-05
  1.1359733450458308E-01  2.4546030138282882E-01  1.0632247223058749E-05
  1.1472907078089496E-01  2.4501727019569272E-01  1.0538149027433394E-05
  1.1587208220732108E-01  2.4459912977346060E-01  1.0444795510850587E-05
  1.1702648111481068E-01  2.4419940358896070E-01  1.0352186734405894E-05
  1.1819238095343242E-01  2.4374483036116240E-01  1.0260322942405248E-05
  1.1936989630352435E-01  2.4332377146871231E-01  1.0169204478265209E-05
  1.2055914288695398E-01  2.4284401233740099E-01  1.0078831693659977E-05
  1.2176023757849118E-01  2.4234056165094015E-01  9.9892046703751545E-06
  1.2297329841729433E-01  2.4185858653095174E-01  9.9003227128786774E-06
  1.2419844461851058E-01  2.4138703030617345E-01  9.8121838129917900E-06
  1.2543579658499185E-01  2.4105552770370225E-01  9.7247843263859588E-06
  1.2668547591912788E-01  2.4061964634062744E-01  9.6381189504312207E-06
  1.2794760543479641E-01  2.4016534933814324E-01  9.5521809366489925E-06
  1.2922230916943342E-01  2.3963759395360590E-01  9.4669624124343811E-06
  1.3050971239622244E-01  2.3919929571652657E-01  9.3824547096824937E-06
  1.3180994163640658E-01  2.3866440130027783E-01  9.2986486458857063E-06
  1.3312312467172205E-01  2.3825852848737389E-01  9.2155347435545436E-06
  1.3444939055695632E-01  2.3781423447997238E-01  9.1331033958890750E-06
  1.3578886963263123E-01  2.3734031248951559E-01  9.0513450266192341E-06
  1.3714169353781216E-01  2.3692423787386641E-01  8.9702504102727029E-06
  1.3850799522304511E-01  2.3651537360744815E-01  8.8898111529918525E-06
  1.3988790896342282E-01  2.3614366930187305E-01  8.8100201096503158E-06
  1.4128157037178030E-01  2.3568732430098063E-01  8.7308715579995207E-06
  1.4268911641202306E-01  2.3524419810712513E-01  8.6523611107117043E-06
  1.4411068541258665E-01  2.3477697309690521E-01  8.5744854612780101E-06
  1.4554641708003185E-01  2.3432876955483642E-01  8.4972420800657034E-06
  1.4699645251277391E-01  2.3389328180892024E-01  8.4206289397370359E-06
  1.4846093421494927E-01  2.3342529066374312E-01  8.3446443025164297E-06
  1.4994000611042085E-01  2.3301984387188340E-01  8.2692865695275004E-06
  1.5143381355692168E-01  2.3257713185766563E-01  8.1945541720429273E-06
  1.5294250336034040E-01  2.3213748396970396E-01  8.1204454608358415E-06
  1.5446622378914915E-01  2.3166196832792241E-01  8.0469584657677623E-06
  1.5600512458897406E-01  2.3121329083074263E-01  7.9740905377877249E-06
  1.5755935699731263E-01  2.3075311434616697E-01  7.9018381236106250E-06
  1.5912907375839591E-01  2.3031797507554086E-01  7.8301968225598910E-06
  1.6071442913820036E-01  2.2989340142947345E-01  7.7591616632977606E-06
  1.6231557893960810E-01  2.2948795291659740E-01  7.6887274435413391E-06
  1.6393268051771862E-01  2.2910354611963618E-01  7.6188890079525873E-06
  1.6556589279531361E-01  2.2866981788332555E-01  7.5496414186392606E-06
  1.6721537627847463E-01  2.2822643451898594E-01  7.4809800286366672E-06
  1.6888129307235722E-01  2.2776099200357708E-01  7.4129004896478711E-06
  1.7056380689712250E-01  2.2725884327961118E-01  7.3453987300352851E-06
  1.7226308310402622E-01  2.2679254827185874E-01  7.2784709418227182E-06
  1.7397928869166959E-01  2.2630357358970707E-01  7.2121136599411159E-06
  1.7571259232241060E-01  2.2588524606605606E-01  7.1463239396640639E-06
  1.7746316433894022E-01  2.2547253045866908E-01  7.0810994139318575E-06
  1.7923117678102241E-01  2.2503238007348322E-01  7.0164380769188833E-06
  1.8101680340240198E-01  2.2468489744299533E-01  6.9523378715919847E-06
  1.8282021968788054E-01  2.2425014752707917E-01  6.8887962702517884E-06
  1.8464160287056194E-01  2.2382672409804186E-01  6.8258099968786495E-06
  1.8648113194927066E-01  2.2339945208298717E-01  6.7633749303031758E-06
  1.8833898770614302E-01  2.2295977789393920E-01  6.7014861470641466E-06
  1.9021535272439344E-01  2.2249771795179824E-01  6.6401380432022751E-06
  1.9211041140625870E-01  2.2203844947342671E-01  6.5793244814685761E-06
  1.9402434999111945E-01  2.2163788181777755E-01  6.5190389244165080E-06
  1.9595735657380409E-01  2.2120433268194442E-01  6.4592744998873086E-06
  1.9790962112307317E-01  2.2074996801810859E-01  6.4000239827755795E-06
  1.9988133550028928E-01  2.2028742858748535E-01  6.3412798529441418E-06
  2.0187269347827264E-01  2.1984629001286712E-01  6.2830345847381459E-06
  2.0388389076034388E-01  2.1944460426154058E-01  6.2252811210606882E-06
  2.0591512499955722E-01  2.1901709278034320E-01  6.1680133498310919E-06
  2.0796659581812557E-01  2.1863844449687420E-01  6.1112264157406158E-06
  2.1003850482703784E-01  2.1823918383252885E-01  6.0549168053085242E-06
  2.1213105564587303E-01  2.1781722309952878E-01  5.9990822512319837E-06
  2.1424445392281125E-01  2.1732571790449434E-01  5.9437215349823650E-06
  2.1637890735484397E-01  2.1680338325717477E-01  5.8888342569883003E-06
  2.1853462570818552E-01  2.1631251035914953E-01  5.8344206210616061E-06
  2.2071182083888821E-01  2.1586762923678615E-01  5.7804812746297000E-06
  2.2291070671366325E-01  2.1547808854022213E-01  5.7270172468760570E-06
  2.2513149943090785E-01  2.1512346382942535E-01  5.6740299109412007E-06
  2.2737441724194291E-01  2.1475492872367755E-01  5.6215208249767980E-06
  2.2963968057246234E-01  2.1434867184456455E-01  5.5694914136577658E-06
  2.3192751204419507E-01  2.1393346524343299E-01  5.5179425815631925E-06
  2.3423813649678357E-01  2.1345168195909897E-01  5.4668743904773808E-06
  2.3657178100988083E-01  2.1299092184212839E-01  5.4162858958798905E-06
  2.3892867492546646E-01  2.1258284597421304E-01  5.3661751432925496E-06
  2.4130904987038537E-01  2.1216264355984904E-01  5.3165392750070347E-06
  2.4371313977911155E-01  2.1173128146088449E-01  5.2673746903629545E-06
  2.4614118091673845E-01  2.1130975809620745E-01  5.2186772147794230E-06
  2.4859341190219778E-01  2.1086377745446272E-01  5.1704422444177711E-06
  2.5107007373171014E-01  2.1044188519838561E-01  5.1226648112871641E-06
  2.5357140980246989E-01  2.1005210514796860E-01  5.0753395524440712E-06
  2.5609766593656463E-01  2.0962677851310266E-01  5.0284606771686423E-06
  2.5864909040513351E-01  2.0920526952191298E-01  4.9820220275175772E-06
  2.6122593395276744E-01  2.0875411544141542E-01  4.9360172493839169E-06
  2.6382844982215065E-01  2.0829814183700579E-01  4.8904400228056828E-06
  2.6645689377894799E-01  2.0790074602859948E-01  4.8452842679878875E-06
  2.6911152413694145E-01  2.0746858778624741E-01  4.8005442768223759E-06
  2.7179260178341630E-01  2.0704003869138737E-01  4.7562147654428546E-06
  2.7450039020479938E-01  2.0662065231793403E-01  4.7122908654688607E-06
  2.7723515551255390E-01  2.0619020790601744E-01  4.6687680803780921E-06
  2.7999716646933276E-01  2.0580363615563194E-01  4.6256422293545629E-06
  2.8278669451539007E-01  2.0542261390069155E-01  4.5829094135235950E-06
  2.8560401379525807E-01  2.0500027116734035E-01  4.5405660504096604E-06
  2.8844940118468954E-01  2.0455393117877071E-01  4.4986089420237314E-06
  2.9132313631786722E-01  2.0410001341066952E-01  4.4570352963245635E-06
  2.9422550161488553E-01  2.0364331191365914E-01  4.4158426586870916E-06
  2.9715678230950587E-01  2.0321725963785270E-01  4.3750287663771236E-06
  3.0011726647718867E-01  2.0277629082331211E-01  4.3345913793176273E-06
  3.0310724506340364E-01  2.0236233438042917E-01  4.2945281423314041E-06
  3.0612701191222313E-01  2.0196988035517452E-01  4.2548365018447312E-06
  3.0917686379520065E-01  2.0156271118501795E-01  4.2155136768664569E-06
  3.1225710044053540E-01  2.0118504637384210E-01  4.1765566690478948E-06
  3.1536802456252921E-01  2.0077926719219066E-01  4.1379622940032558E-06
  3.1850994189133602E-01  2.0039684902700838E-01  4.0997272198409153E-06
  3.2168316120300816E-01  1.9999634175290190E-01  4.0618479856217871E-06
  3.2488799434984089E-01  1.9955895770743382E-01  4.0243210081984104E-06
  3.2812475629102078E-01  1.9912598249619101E-01  3.9871426234699911E-06
  3.3139376512357893E-01  1.9866108400723481E-01  3.9503091863453101E-06
  3.3469534211365176E-01  1.9822595615819832E-01  3.9138172132909162E-06
  3.3802981172805402E-01  1.9778392544703566E-01  3.8776635252408359E-06
  3.4139750166616684E-01  1.9738379992533450E-01  3.8418453447179904E-06
  3.4479874289214180E-01  1.9698973450049506E-01  3.8063603305756940E-06
  3.4823386966742731E-01  1.9655815347114228E-01  3.7712065570186825E-06
  3.5170321958361900E-01  1.9615584729495197E-01  3.7363824558323152E-06
  3.5520713359563688E-01  1.9570159627539563E-01  3.7018867437207670E-06
  3.5874595605523180E-01  1.9528834533140382E-01  3.6677183462591581E-06
  3.6232003474482904E-01  1.9484501626211773E-01  3.6338763319845439E-06
  3.6592972091170617E-01  1.9442750546008430E-01  3.6003598702972990E-06
  3.6957536930251200E-01  1.9406213388731819E-01  3.5671682110178236E-06
  3.7325733819813006E-01  1.9371374929396709E-01  3.5343006763165389E-06
  3.7697598944888988E-01  1.9331854145799646E-01  3.5017566535197651E-06
  3.8073168851012679E-01  1.9293824663238432E-01  3.4695355795028072E-06
  3.8452480447809867E-01  1.9250859747452315E-01  3.4376369212629524E-06
  3.8835571012625913E-01  1.9207902342037447E-01  3.4060601561070402E-06
  3.9222478194189264E-01  1.9163471605473806E-01  3.3748047533007975E-06
  3.9613240016311274E-01  1.9120325318702153E-01  3.3438701605256170E-06
  4.0007894881623263E-01  1.9077666631761170E-01  3.3132557952177522E-06
  4.0406481575350478E-01  1.9035832198476993E-01  3.2829610397024575E-06
  4.0809039269123726E-01  1.8994848287126695E-01  3.2529852376163695E-06
  4.1215607524829034E-01  1.8953251704388110E-01  3.2233277257386375E-06
  4.1626226298495783E-01  1.8912655528812544E-01  3.1939880176463826E-06
  4.2040935944223212E-01  1.8874374464288288E-01  3.1649662277217235E-06
  4.2459777218146416E-01  1.8834705423954035E-01  3.1362636915065499E-06
  4.2882791282441707E-01  1.8793243080970412E-01  3.1078836214985421E-06
  4.3310019709371878E-01  1.8754346266067370E-01  3.0798316044261093E-06
  4.3741504485371613E-01  1.8713565856483574E-01  3.0521158090363513E-06
  4.4177288015174021E-01  1.8672457205414569E-01  3.0247468856581782E-06
  4.4617413125977873E-01  1.8629827507058414E-01  2.9977376317099575E-06
  4.5061923071656451E-01  1.8589576282439058E-01  2.9711025355555255E-06
  4.5510861537008468E-01  1.8547608469759769E-01  2.9448573005394673E-06
  4.5964272642051279E-01  1.8506596056923927E-01  2.9190184164043039E-06
  4.6422200946356695E-01  1.8460687423393454E-01  2.8936028014820316E-06
  4.6884691453430261E-01  1.8422801910118844E-01  2.8686274545524495E-06
  4.7351789615133993E-01  1.8384156657488240E-01  2.8441090447310201E-06
  4.7823541336153264E-01  1.8343873995679422E-01  2.8200634213190376E-06
  4.8299992978507955E-01  1.8304458026626844E-01  2.7965050921434100E-06
  4.8781191366109028E-01  1.8266775215580047E-01  2.7734467722485985E-06
  4.9267183789360036E-01  1.8227116530728257E-01  2.7508991318378648E-06
  4.9758018009804666E-01  1.8186907223130833E-01  2.7288707696577401E-06
  5.0253742264820545E-01  1.8140378775411725E-01  2.7073683815037399E-06
  5.0754405272359959E-01  1.8100793874960933E-01  2.6863970562044989E-06
  5.1260056235737517E-01  1.8059734542666811E-01  2.6659606212234432E-06
  5.1770744848465744E-01  1.8016088063305846E-01  2.6460619728880375E-06
  5.2286521299138800E-01  1.7979500381784169E-01  2.6267033707570106E-06
  5.2807436276364828E-01  1.7937424835475421E-01  2.6078868484875286E-06
  5.3333540973747295E-01  1.7903280429475427E-01  2.5896150279515265E-06
  5.3864887094916347E-01  1.7865348468508951E-01  2.5718924823532669E-06
  5.4401526858609939E-01  1.7823806587700836E-01  2.5547275253785112E-06
  5.4943513003805644E-01  1.7787020869202175E-01  2.5381340709220382E-06
  5.5490898794903654E-01  1.7745434544396579E-01  2.5221330979744589E-06
  5.6043738026961620E-01  1.7706214100628820E-01  2.5067533985373103E-06
  5.6602085030981109E-01  1.7667667153836297E-01  2.4920315370038917E-06
  5.7165994679247223E-01  1.7627604613971204E-01  2.4780111727489166E-06
  5.7735522390721339E-01  1.7587901999311778E-01  2.4647420197398519E-06
  5.8310724136487335E-01  1.7546815506534058E-01  2.4522787152541774E-06
  5.8891656445252138E-01  1.7510954672719817E-01  2.4406798012634570E-06
  5.9478376408901434E-01  1.7474708849330869E-01  2.4300068526338558E-06
  6.0070941688110269E-01  1.7437309514109223E-01  2.4203235529169477E-06
  6.0669410518009692E-01  1.7400152779702052E-01  2.4116945573551658E-06
  6.1273841713909949E-01  1.7364875586144951E-01  2.4041840886222495E-06
  6.1884294677080731E-01  1.7328165293829914E-01  2.3978543619469895E-06
  6.2500829400588720E-01  1.7294442779710598E-01  2.3927641968590340E-06
  6.3123506475193580E-01  1.7259418620340558E-01  2.3889681823182141E-06
  6.3752387095302709E-01  1.7224774471080403E-01  2.3865165173429984E-06
  6.4387533064984970E-01  1.7188004475901891E-01  2.3854555150921250E-06
  6.5029006804044676E-01  1.7152525931183454E-01  2.3858286002242000E-06
  6.5676871354156086E-01  1.7114170420798946E-01  2.3876775689064790E-06
  6.6331190385058780E-01  1.7076812322792401E-01  2.3910439091795977E-06
  6.6992028200814868E-01  1.7039029762609786E-01  2.3959699970846291E-06
  6.7659449746128586E-01  1.7002049593328170E-01  2.4025000060968278E-06
  6.8333520612728949E-01  1.6964159233157503E-01  2.4106803264372850E-06
  6.9014307045815648E-01  1.6933798652994003E-01  2.4205594187889825E-06
  6.9701875950569503E-01  1.6902038995980256E-01  2.4321872110952129E-06
  7.0396294898727707E-01  1.6872747827418974E-01  2.4456142525540340E-06
  7.1097632135224487E-01  1.6841887312124149E-01  2.4608908180123023E-06
  7.1805956584897745E-01  1.6812583894973740E-01  2.4780662894520950E-06
  7.2521337859263146E-01  1.6777370337701827E-01  2.4971889876766353E-06
  7.3243846263355084E-01  1.6746927659831845E-01  2.5183064595992634E-06
  7.3973552802635745E-01  1.6710980651148294E-01  2.5414661090560879E-06
  7.4710529189973729E-01  1.6680697184555643E-01  2.5667160109111171E-06
  7.5454847852691520E-01  1.6647339052311194E-01  2.5941057431692897E-06
  7.6206581939683116E-01  1.6613290494475039E-01  2.6236870208439746E-06
  7.6965805328603298E-01  1.6581921889156784E-01  2.6555137714952008E-06
  7.7732592633127873E-01  1.6550365015316482E-01  2.6896412945974984E-06
  7.8507019210286000E-01  1.6520183814001047E-01  2.7261243450860235E-06
  7.9289161167867017E-01  1.6487312891093575E-01  2.7650142626969515E-06
  8.0079095371898901E-01  1.6456305601226370E-01  2.8063554076005269E-06
  8.0876899454202855E-01  1.6426659243881223E-01  2.8501815051195892E-06
  8.1682651820023222E-01  1.6394975547728849E-01  2.8965125328379018E-06
  8.2496431655731783E-01  1.6362064963424708E-01  2.9453525413213777E-06
  8.3318318936610769E-01  1.6332002696716294E-01  2.9966884933355798E-06
  8.4148394434712248E-01  1.6300686043101040E-01  3.0504899335991425E-06
  8.4986739726795824E-01  1.6266123062148355E-01  3.1067091203375290E-06
  8.5833437202346252E-01  1.6234127542320481E-01  3.1652813142846206E-06
  8.6688570071670057E-01  1.6200677551701589E-01  3.2261251713368255E-06
  8.7552222374072908E-01  1.6170521314634104E-01  3.2891431737664892E-06
  8.8424478986119215E-01  1.6138557545379700E-01  3.3542222942745316E-06
  8.9305425629973245E-01  1.6107566661498990E-01  3.4212352529001448E-06
  9.0195148881823251E-01  1.6076770221227135E-01  3.4900421816285392E-06
  9.1093736180390439E-01  1.6045494910158081E-01  3.5604923587565161E-06
  9.2001275835521878E-01  1.6009483638429053E-01  3.6324258251110271E-06
  9.2917857036868912E-01  1.5980076986099453E-01  3.7056744719827778E-06
  9.3843569862653042E-01  1.5943336873973127E-01  3.7800623224770298E-06
  9.4778505288518111E-01  1.5908083626300396E-01  3.8554049597328617E-06
  9.5722755196470755E-01  1.5874111190268586E-01  3.9315082795399721E-06
  9.6676412383911214E-01  1.5838974200744069E-01  4.0081669322505285E-06
  9.7639570572751933E-01  1.5804648306838301E-01  4.0851628287115972E-06
  9.8612324418628705E-01  1.5770698405579808E-01  4.1622643181242838E-06
  9.9594769520203708E-01  1.5737751566204297E-01  4.2392265557865115E-06
  1.0058700242855936E+00  1.5703856702957492E-01  4.3157933701888931E-06
  1.0158912065668799E+00  1.5665364529461318E-01  4.3917008211119889E-06
  1.0260122268907472E+00  1.5634341922197473E-01  4.4666824513332371E-06
  1.0362340799137593E+00  1.5606224087576534E-01  4.5404754060626931E-06
  1.0465577702019473E+00  1.5568955813422208E-01  4.6128263668256372E-06
  1.0569843123295348E+00  1.5542677030542226E-01  4.6834962454680221E-06
  1.0675147309786415E+00  1.5509606435663884E-01  4.7522629288871743E-06
  1.0781500610399912E+00  1.5477080806563162E-01  4.8189219311873804E-06
  1.0888913477146156E+00  1.5444603656837563E-01  4.8832854263147640E-06
  1.0997396466165674E+00  1.5410354915682484E-01  4.9451802305237461E-06
  1.1106960238766705E+00  1.5375346301783330E-01  5.0044456018385156E-06
  1.1217615562472911E+00  1.5340700951225283E-01  5.0609316737279902E-06
  1.1329373312081539E+00  1.5305460897359996E-01  5.1144987875678490E-06
  1.1442244470732226E+00  1.5269027564959337E-01  5.1650176168600697E-06
  1.1556240130986342E+00  1.5234398280948183E-01  5.2123707719025909E-06
  1.1671371495917082E+00  1.5197647697132333E-01  5.2564553953818226E-06
  1.1787649880210596E+00  1.5159273908373447E-01  5.2971860436342017E-06
  1.1905086711277795E+00  1.5126841525491797E-01  5.3344972455535779E-06
  1.2023693530377462E+00  1.5092764697208430E-01  5.3683451559823002E-06
  1.2143481993750576E+00  1.5059588957844269E-01  5.3987079590682931E-06
  1.2264463873765665E+00  1.5028604852321362E-01  5.4255850741906926E-06
  1.2386651060075891E+00  1.4999616255900908E-01  5.4489954467403683E-06
  1.2510055560787483E+00  1.4964026245879483E-01  5.4689752834012453E-06
  1.2634689503639800E+00  1.4933139527817929E-01  5.4855757756600076E-06
  1.2760565137197284E+00  1.4901810216089978E-01  5.4988610100469559E-06
  1.2887694832053154E+00  1.4867942099642437E-01  5.5089058623439540E-06
  1.3016091082045118E+00  1.4833664305245595E-01  5.5157941910437420E-06
  1.3145766505483290E+00  1.4798602284355025E-01  5.5196173819111863E-06
  1.3276733846390236E+00  1.4764213342116506E-01  5.5204729514868328E-06
  1.3409005975753365E+00  1.4730510860928064E-01  5.5184632397149610E-06
  1.3542595892789933E+00  1.4694266950450174E-01  5.5136942731043563E-06
  1.3677516726224501E+00  1.4660308475559675E-01  5.5062748763599526E-06
  1.3813781735579149E+00  1.4628496027312979E-01  5.4963160861655334E-06
  1.3951404312476656E+00  1.4594833964885859E-01  5.4839308159992369E-06
  1.4090397981956533E+00  1.4560050486720660E-01  5.4692336588973704E-06
  1.4230776403804155E+00  1.4526259978247666E-01  5.4523406453156022E-06
  1.4372553373893358E+00  1.4492176284462971E-01  5.4333688203563174E-06
  1.4515742825542055E+00  1.4457038492380453E-01  5.4124355867317147E-06
  1.4660358830881641E+00  1.4424525831114773E-01  5.3896577745224005E-06
  1.4806415602240039E+00  1.4388715769852153E-01  5.3651504466662455E-06
  1.4953927493538233E+00  1.4356861993741193E-01  5.3390256408908177E-06
  1.5102909001701097E+00  1.4322590166037619E-01  5.3113912453600635E-06
  1.5253374768082033E+00  1.4290562224527464E-01  5.2823502266409271E-06
  1.5405339579901818E+00  1.4257546505097582E-01  5.2520003302682934E-06
  1.5558818371701939E+00  1.4224000756114200E-01  5.2204342616507395E-06
  1.5713826226812249E+00  1.4193683770914517E-01  5.1877402559229037E-06
  1.5870378378833268E+00  1.4160417873708492E-01  5.1540028940019404E-06
  1.6028490213133357E+00  1.4127208786789930E-01  5.1193039207886521E-06
  1.6188177268360719E+00  1.4092640312014712E-01  5.0837228677413497E-06
  1.6349455237970396E+00  1.4057878866105036E-01  5.0473374145214127E-06
  1.6512339971766692E+00  1.4024626851417116E-01  5.0102234751798239E-06
  1.6676847477460766E+00  1.3990818742972549E-01  4.9724548553948669E-06
  1.6842993922243767E+00  1.3958365701320607E-01  4.9341025905426874E-06
  1.7010795634375790E+00  1.3923445684486466E-01  4.8952340854238308E-06
  1.7180269104790500E+00  1.3888767276442865E-01  4.8559122258148154E-06
  1.7351430988715748E+00  1.3857340037215179E-01  4.8161946541240124E-06
  1.7524298107310494E+00  1.3820795565858388E-01  4.7761333987986539E-06
  1.7698887449317884E+00  1.3790053555702669E-01  4.7357749172565299E-06
  1.7875216172734745E+00  1.3754832519263055E-01  4.6951605579585647E-06
  1.8053301606498031E+00  1.3722736465459434E-01  4.6543273423982850E-06
  1.8233161252187611E+00  1.3691129026980497E-01  4.6133088304468637E-06
  1.8414812785746344E+00  1.3658779080795880E-01  4.5721359467473672E-06
  1.8598274059217348E+00  1.3625950536262513E-01  4.5308378452765392E-06
  1.8783563102498171E+00  1.3591982002684963E-01  4.4894425742148451E-06
  1.8970698125112915E+00  1.3557550429282586E-01  4.4479775346872398E-06
  1.9159697518001726E+00  1.3527001036799768E-01  4.4064699008168571E-06
  1.9350579855328134E+00  1.3496143945809813E-01  4.3649470112225366E-06
  1.9543363896304558E+00  1.3464222858641028E-01  4.3234367139083061E-06
  1.9738068587035844E+00  1.3430495704488576E-01  4.2819676584895317E-06
  1.9934713062381155E+00  1.3398226130785248E-01  4.2405694258415239E-06
  2.0133316647834598E+00  1.3365795297585487E-01  4.1992724268041522E-06
  2.0333898861424395E+00  1.3331758671716157E-01  4.1581076032501498E-06
  2.0536479415630988E+00  1.3299045764603454E-01  4.1171060275735242E-06
  2.0741078219324427E+00  1.3263826472344847E-01  4.0762984670662455E-06
  2.0947715379720879E+00  1.3228735578705914E-01  4.0357148748566465E-06
  2.1156411204358641E+00  1.3196190977707858E-01  3.9953838606345583E-06
  2.1367186203093995E+00  1.3158392259294230E-01  3.9553322631473209E-06
  2.1580061090116787E+00  1.3127204306604187E-01  3.9155847086242966E-06
  2.1795056785986073E+00  1.3093547800685834E-01  3.8761631706062455E-06
  2.2012194419686311E+00  1.3062760689807260E-01  3.8370865676339874E-06
  2.2231495330703597E+00  1.3030261021162717E-01  3.7983705103450167E-06
  2.2452981071122946E+00  1.2997690028454645E-01  3.7600273008199198E-06
  2.2676673407746479E+00  1.2961414920602407E-01  3.7220661267582220E-06
  2.2902594324232313E+00  1.2932186477646523E-01  3.6844934545784068E-06
  2.3130766023255247E+00  1.2898697093934358E-01  3.6473135369566117E-06
  2.3361210928688707E+00  1.2865855182216762E-01  3.6105289264510439E-06
  2.3593951687808392E+00  1.2836005127036948E-01  3.5741409685328271E-06
  2.3829011173518109E+00  1.2801540869840547E-01  3.5381502810510128E-06
  2.4066412486597559E+00  1.2770022740732412E-01  3.5025570271338992E-06
  2.4306178957972535E+00  1.2732578753756357E-01  3.4673610559492922E-06
  2.4548334151007944E+00  1.2702051361333377E-01  3.4325619841256922E-06
  2.4792901863823444E+00  1.2669297199767340E-01  3.3981592053837183E-06
  2.5039906131632179E+00  1.2634150823941398E-01  3.3641518514884732E-06
  2.5289371229103002E+00  1.2598833431280859E-01  3.3305387482057689E-06
  2.5541321672746036E+00  1.2564754881105605E-01  3.2973184030365199E-06
  2.5795782223321986E+00  1.2531134042858424E-01  3.2644890044072113E-06
  2.6052777888275691E+00  1.2497056110580644E-01  3.2320484316359847E-06
  2.6312333924193680E+00  1.2459897388429284E-01  3.1999942733988697E-06
  2.6574475839286205E+00  1.2431362423382419E-01  3.1683238551291349E-06
  2.6839229395894368E+00  1.2398796786536537E-01  3.1370342826673877E-06
  2.7106620613021621E+00  1.2366425103840664E-01  3.1061224997182003E-06
  2.7376675768890952E+00  1.2335434026468479E-01  3.0755853545344743E-06
  2.7649421403527605E+00  1.2297711133143543E-01  3.0454196869747657E-06
  2.7924884321366954E+00  1.2266618770255223E-01  3.0156224145295499E-06
  2.8203091593889074E+00  1.2233810995126361E-01  2.9861906074514023E-06
  2.8484070562279089E+00  1.2198726867670183E-01  2.9571214974393098E-06
  2.8767848840114092E+00  1.2162976866814985E-01  2.9284124629738184E-06
  2.9054454316077081E+00  1.2125769480763572E-01  2.9000610259320653E-06
  2.9343915156697649E+00  1.2092400197803407E-01  2.8720648221048196E-06
  2.9636259809120031E+00  1.2053447924735552E-01  2.8444215547800685E-06
  2.9931517003898933E+00  1.2021489499520044E-01  2.8171289420407044E-06
  3.0229715757822988E+00  1.1986287014804931E-01  2.7901846494824074E-06
  3.0530885376766328E+00  1.1955817590814878E-01  2.7635862261035183E-06
  3.0835055458568830E+00  1.1920780734481870E-01  2.7373310636049519E-06
  3.1142255895944806E+00  1.1889136886925955E-01  2.7114163567916633E-06
  3.1452516879420656E+00  1.1853595257078355E-01  2.6858390728305934E-06
  3.1765868900302054E+00  1.1820711562949643E-01  2.6605959274394811E-06
  3.2082342753670425E+00  1.1783492997801931E-01  2.6356833555562011E-06
  3.2401969541409277E+00  1.1749170238459467E-01  2.6110974539346812E-06
  3.2724780675261087E+00  1.1714356731931218E-01  2.5868339896188024E-06
  3.3050807879913955E+00  1.1677461433314026E-01  2.5628884481836965E-06
  3.3380083196119537E+00  1.1637145588617787E-01  2.5392560973745057E-06
  3.3712638983842140E+00  1.1602879405964334E-01  2.5159320535707046E-06
  3.4048507925438471E+00  1.1567562758203485E-01  2.4929113479210887E-06
  3.4387723028869930E+00  1.1531259142626273E-01  2.4701889881222027E-06
  3.4730317630946352E+00  1.1495872722107060E-01  2.4477599887053694E-06
  3.5076325400602153E+00  1.1459415703706384E-01  2.4256193942056456E-06
  3.5425780342205373E+00  1.1424130926681263E-01  2.4037623183062906E-06
  3.5778716798899390E+00  1.1388692864659863E-01  2.3821840030206091E-06
  3.6135169455977967E+00  1.1352911061582699E-01  2.3608798552908491E-06
  3.6495173344294165E+00  1.1316170681830735E-01  2.3398453955601184E-06
  3.6858763843702973E+00  1.1279357558874144E-01  2.3190762225741874E-06
  3.7225976686538180E+00  1.1242181862996213E-01  2.2985679999350070E-06
  3.7596847961124240E+00  1.1205039464289107E-01  2.2783164400796700E-06
  3.7971414115322810E+00  1.1166981488948415E-01  2.2583172884648827E-06
  3.8349711960114550E+00  1.1128627774320241E-01  2.2385663123255044E-06
  3.8731778673217057E+00  1.1090236333365075E-01  2.2190592992557505E-06
  3.9117651802738393E+00  1.1051325071683114E-01  2.1997920757776252E-06
  3.9507369270867043E+00  1.1012988291682876E-01  2.1807605322332080E-06
  3.9900969377599202E+00  1.0973259116063316E-01  2.1619606398599284E-06
  4.0298490804502221E+00  1.0933861917525518E-01  2.1433884387034002E-06
  4.0699972618516345E+00  1.0896767098862802E-01  2.1250400336548042E-06
  4.1105454275794324E+00  1.0855335029222811E-01  2.1069116068748225E-06
  4.1514975625578430E+00  1.0817764960668232E-01  2.0889994228841754E-06
  4.1928576914117235E+00  1.0778200937198046E-01  2.0712998418121010E-06
  4.2346298788620622E+00  1.0737855546286262E-01  2.0538093302251709E-06
  4.2768182301254347E+00  1.0697467788675501E-01  2.0365244679012831E-06
  4.3194268913174767E+00  1.0658751988804545E-01  2.0194419505191613E-06
  4.3624600498603305E+00  1.0618099643537178E-01  2.0025585825589121E-06
  4.4059219348941641E+00  1.0577763268290989E-01  1.9858712624792551E-06
  4.4498168176928150E+00  1.0536504063345968E-01  1.9693769711120516E-06
  4.4941490120835441E+00  1.0494233189821715E-01  1.9530727732739014E-06
  4.5389228748709742E+00  1.0453127893122773E-01  1.9369558439240632E-06
  4.5841428062652794E+00  1.0411323290001327E-01  1.9210235050908713E-06
  4.6298132503146121E+00  1.0368327658218492E-01  1.9052732092955485E-06
  4.6759386953418360E+00  1.0326166002753710E-01  1.8897024871555850E-06
  4.7225236743856458E+00  1.0282405081633711E-01  1.8743089245734813E-06
  4.7695727656460445E+00  1.0238198602267018E-01  1.8590901465282741E-06
  4.8170905929342576E+00  1.0194838767415097E-01  1.8440438036674880E-06
  4.8650818261271871E+00  1.0150578236624568E-01  1.8291675634360921E-06
  4.9135511816262998E+00  1.0105097646547641E-01  1.8144591076821319E-06
  4.9625034228211540E+00  1.0060460336839241E-01  1.7999161380507856E-06
  5.0119433605575656E+00  1.0015540027888900E-01  1.7855363830481130E-06
  5.0618758536103359E+00  9.9712909922449369E-02  1.7713176023009612E-06
  5.1123058091608033E+00  9.9261002764999176E-02  1.7572575842692919E-06
  5.1632381832790912E+00  9.8790200713391410E-02  1.7433541420759617E-06
  5.2146779814111470E+00  9.8349630532905852E-02  1.7296051272309562E-06
  5.2666302588706984E+00  9.7871521650312501E-02  1.7160084423494046E-06
  5.3191001213360520E+00  9.7399325764379208E-02  1.7025620489384115E-06
  5.3720927253518429E+00  9.6942461333575328E-02  1.6892639777765915E-06
  5.4256132788358364E+00  9.6482416473839094E-02  1.6761123360498807E-06
  5.4796670415907238E+00  9.6002494735377919E-02  1.6631053094494618E-06
  5.5342593258210240E+00  9.5517855293918777E-02  1.6502411581422347E-06
  5.5893954966551735E+00  9.5024748075245566E-02  1.6375182036667427E-06
  5.6450809726727833E+00  9.4539727651539479E-02  1.6249348143018510E-06
  5.7013212264371340E+00  9.4065646442159034E-02  1.6124893913393023E-06
  5.7581217850330342E+00  9.3558348450828138E-02  1.6001803557769254E-06
  5.8154882306099864E+00  9.3062304771948656E-02  1.5880061351570238E-06
  5.8734262009307630E+00  9.2569754274800659E-02  1.5759651472430327E-06
  5.9319413899254974E+00  9.2079043140785924E-02  1.5640557726438531E-06
  5.9910395482512477E+00  9.1564324766430644E-02  1.5522763315383908E-06
  6.0507264838571242E+00  9.1072850742210387E-02  1.5406250737953651E-06
  6.1110080625551371E+00  9.0558554808875397E-02  1.5291001839530514E-06
  6.1718902085965954E+00  9.0031208529704115E-02  1.5176998009723638E-06
  6.2333789052543516E+00  8.9533702253545455E-02  1.5064220523576279E-06
  6.2954801954108515E+00  8.8999544658789287E-02  1.4952651130076723E-06
  6.3582001821519292E+00  8.8474668692986896E-02  1.4842272744929359E-06
  6.4215450293666638E+00  8.7951615654462398E-02  1.4733070115586094E-06
  6.4855209623531174E+00  8.7393996568020230E-02  1.4625030585651754E-06
  6.5501342684301171E+00  8.6914383066606732E-02  1.4518144983238121E-06
  6.6153912975551847E+00  8.6364214247896420E-02  1.4412408627832525E-06
  6.6812984629485737E+00  8.5822013784655607E-02  1.4307822400104446E-06
  6.7478622417235092E+00  8.5296919963970097E-02  1.4204393725822097E-06
  6.8150891755227816E+00  8.4745419028588717E-02  1.4102137286488868E-06
  6.8829858711616128E+00  8.4208974522248903E-02  1.4001075142758880E-06
  6.9515590012769248E+00  8.3648204518415273E-02  1.3901236253858947E-06
  7.0208153049831523E+00  8.3097758703378918E-02  1.3802655501517016E-06
  7.0907615885344981E+00  8.2564926011914438E-02  1.3705371946899813E-06
  7.1614047259938562E+00  8.2005012152351231E-02  1.3609426445005290E-06
  7.2327516599083248E+00  8.1460747275911308E-02  1.3514859990062310E-06
  7.3048094019915490E+00  8.0897432778831185E-02  1.3421712315192333E-06
  7.3775850338127782E+00  8.0340578721560932E-02  1.3330020612920561E-06
  7.4510857074927968E+00  7.9791420126040791E-02  1.3239818317799867E-06
  7.5253186464068529E+00  7.9236072208697411E-02  1.3151133837254556E-06
  7.6002911458945208E+00  7.8678622977626664E-02  1.3063989280067697E-06
  7.6760105739766438E+00  7.8125640722713247E-02  1.2978399396084424E-06
  7.7524843720794685E+00  7.7572362069352654E-02  1.2894371057016530E-06
  7.8297200557659474E+00  7.7023230607085380E-02  1.2811903446676185E-06
  7.9077252154743380E+00  7.6474584603540216E-02  1.2730988875495427E-06
  7.9865075172641502E+00  7.5930337157983169E-02  1.2651614263242974E-06
  8.0660747035695675E+00  7.5388124037788898E-02  1.2573763711541739E-06
  8.1464345939603362E+00  7.4839377375558749E-02  1.2497420413923387E-06
  8.2275950859102132E+00  7.4306196882277339E-02  1.2422567880870095E-06
  8.3095641555731454E+00  7.3764077921119775E-02  1.2349190855295350E-06
  8.3923498585671226E+00  7.3227798424020746E-02  1.2277275914192444E-06
  8.4759603307658136E+00  7.2700469735813275E-02  1.2206811973608177E-06
  8.5604037890981992E+00  7.2164786545171070E-02  1.2137790789300494E-06
  8.6456885323560506E+00  7.1607634311847496E-02  1.2070207373556604E-06
  8.7318229420095363E+00  7.1095260458311785E-02  1.2004060224005524E-06
  8.8188154830308694E+00  7.0539346753716065E-02  1.1939351220287308E-06
  8.9066747047262869E+00  7.0027804128822105E-02  1.1876085160597495E-06
  8.9954092415761995E+00  6.9496582432415438E-02  1.1814268946772291E-06
  9.0850278140837428E+00  6.8964680397354580E-02  1.1753910211096744E-06
  9.1755392296318412E+00  6.8441469559184398E-02  1.1695015881948318E-06
  9.2669523833487428E+00  6.7896902838204695E-02  1.1637591040565442E-06
  9.3592762589821739E+00  6.7383626705604202E-02  1.1581637736323547E-06
  9.4525199297822748E+00  6.6878041323820650E-02  1.1527153593381490E-06
  9.5466925593932590E+00  6.6363483524258152E-02  1.1474130076836764E-06
  9.6418034027539985E+00  6.5851107329960537E-02  1.1422550353880896E-06
  9.7378618070075174E+00  6.5344635597997816E-02  1.1372387033749753E-06
  9.8348772124196699E+00  6.4838813287614247E-02  1.1323600186077910E-06
  9.9328591533068504E+00  6.4343387347822079E-02  1.1276136259709962E-06
  1.0031817258972964E+01  6.3845177073820092E-02  1.1229928145796664E-06
  1.0131761254655828E+01  6.3350733895656389E-02  1.1184896406485082E-06
  1.0232700962482893E+01  6.2833867185706910E-02  1.1140952474369617E-06
  1.0334646302436497E+01  6.2363720015065668E-02  1.1098003288937520E-06
  1.0437607293328828E+01  6.1871078213733749E-02  1.1055954512559305E-06
  1.0541594053786492E+01  6.1376742595117807E-02  1.1014713275778760E-06
  1.0646616803244960E+01  6.0884197064522409E-02  1.0974191067328331E-06
  1.0752685862952848E+01  6.0389705617297451E-02  1.0934307082395108E-06
  1.0859811656986318E+01  5.9884899010160704E-02  1.0894992211474504E-06
  1.0968004713273489E+01  5.9388353124912988E-02  1.0856193400193705E-06
  1.1077275664629042E+01  5.8896890521409187E-02  1.0817877972184257E-06
  1.1187635249799248E+01  5.8402065841777429E-02  1.0780036848976098E-06
  1.1299094314517300E+01  5.7900931451317160E-02  1.0742685873884988E-06
  1.1411663812569142E+01  5.7399671072635744E-02  1.0705865068843650E-06
  1.1525354806870055E+01  5.6897545724326176E-02  1.0669635159130823E-06
  1.1640178470551838E+01  5.6398401906641984E-02  1.0634069985521135E-06
  1.1756146088060822E+01  5.5879433808466966E-02  1.0599250755380876E-06
  1.1873269056266940E+01  5.5381570593956445E-02  1.0565262040589782E-06
  1.1991558885583718E+01  5.4896107154169677E-02  1.0532188421945928E-06
  1.2111027201099507E+01  5.4391324617113462E-02  1.0500111574516352E-06
  1.2231685743719895E+01  5.3892907943393867E-02  1.0469107197965603E-06
  1.2353546371321643E+01  5.3396838248505739E-02  1.0439241549491718E-06
  1.2476621059917990E+01  5.2928231761931510E-02  1.0410567984098022E-06
  1.2600921904835579E+01  5.2445178566133309E-02  1.0383124064015529E-06
  1.2726461121903208E+01  5.1966420663051537E-02  1.0356929994251966E-06
  1.2853251048652330E+01  5.1494133782911934E-02  1.0331988672009356E-06
  1.2981304145529494E+01  5.1025345643025070E-02  1.0308287573238872E-06
  1.3110632997120993E+01  5.0561646890558809E-02  1.0285804319463152E-06
  1.3241250313389573E+01  5.0104963149889964E-02  1.0264512530291965E-06
  1.3373168930923555E+01  4.9648864901078199E-02  1.0244385543717348E-06
  1.3506401814198313E+01  4.9199676103333999E-02  1.0225399011218315E-06
  1.3640962056850446E+01  4.8754247299209186E-02  1.0207531452533817E-06
  1.3776862882964547E+01  4.8316050244569947E-02  1.0190763594743099E-06
  1.3914117648372763E+01  4.7880313573856824E-02  1.0175078538333909E-06
  1.4052739841967446E+01  4.7446363204661543E-02  1.0160462451932434E-06
  1.4192743087026750E+01  4.7020171671676027E-02  1.0146904881307895E-06
  1.4334141142553433E+01  4.6591626754387737E-02  1.0134398599933286E-06
  1.4476947904627128E+01  4.6153278759000285E-02  1.0122938888478718E-06
  1.4621177407769935E+01  4.5747902600797336E-02  1.0112522140628963E-06
  1.4766843826325717E+01  4.5320624691213569E-02  1.0103143416288645E-06
  1.4913961475853050E+01  4.4906853197801327E-02  1.0094793093585648E-06
  1.5062544814532172E+01  4.4494715702256701E-02  1.0087454136789126E-06
  1.5212608444585861E+01  4.4080420165290214E-02  1.0081101021785644E-06
  1.5364167113714414E+01  4.3669327050102451E-02  1.0075701280104773E-06
  1.5517235716545111E+01  4.3255586541703889E-02  1.0071220508960785E-06
  1.5671829296095952E+01  4.2846448403474853E-02  1.0067624822844437E-06
  1.5827963045253975E+01  4.2440506201630965E-02  1.0064879673692821E-06
  1.5985652308268456E+01  4.2017573901048585E-02  1.0062950126374519E-06
  1.6144912582258822E+01  4.1632495017804125E-02  1.0061801803484000E-06
  1.6305759518737695E+01  4.1228439829284494E-02  1.0061401881588556E-06
  1.6468208925148971E+01  4.0832881103634977E-02  1.0061720159761799E-06
  1.6632276766421441E+01  4.0433297564247794E-02  1.0062730214836620E-06
  1.6797979166537704E+01  4.0036718220371116E-02  1.0064410688887041E-06
  1.6965332410118737E+01  3.9638918637840137E-02  1.0066747131233482E-06
  1.7134352944024357E+01  3.9249123674923704E-02  1.0069732651925303E-06
  1.7305057378969551E+01  3.8861179733826329E-02  1.0073366168140674E-06
  1.7477462491156825E+01  3.8471235667471473E-02  1.0077646510236313E-06
  1.7651585223925029E+01  3.8069926473697571E-02  1.0082568259066818E-06
  1.7827442689414415E+01  3.7702910469506523E-02  1.0088124794462003E-06
  1.8005052170248394E+01  3.7323846312158931E-02  1.0094309970517356E-06
  1.8184431121231924E+01  3.6944124518304658E-02  1.0101117806110949E-06
  1.8365597171067026E+01  3.6557133360002977E-02  1.0108542101853965E-06
  1.8548568124085207E+01  3.6193683123887495E-02  1.0116576049782271E-06
  1.8733361961997154E+01  3.5824071592250421E-02  1.0125211777858502E-06
  1.8919996845659998E+01  3.5443918928529924E-02  1.0134439805882637E-06
  1.9108491116862087E+01  3.5090308450624171E-02  1.0144247986891368E-06
  1.9298863300125447E+01  3.4727717488698670E-02  1.0154620840533207E-06
  1.9491132104526436E+01  3.4355152168460641E-02  1.0165540308369508E-06
  1.9685316425534324E+01  3.3995111513134314E-02  1.0176989335069738E-06
  1.9881435346868329E+01  3.3653523789339897E-02  1.0188955972500489E-06
  2.0079508142372976E+01  3.3298654918837635E-02  1.0201431639590488E-06
  2.0279554277912414E+01  3.2953537839783345E-02  1.0214408492538049E-06
  2.0481593413283367E+01  3.2605119665827319E-02  1.0227879288080788E-06
  2.0685645404147177E+01  3.2260276324291882E-02  1.0241837459628434E-06
  2.0891730303981269E+01  3.1918415244146355E-02  1.0256277127984098E-06
  2.1099868366049861E+01  3.1576857373535140E-02  1.0271193057506327E-06
  2.1310080045394326E+01  3.1240248754320833E-02  1.0286580549039911E-06
  2.1522386000843561E+01  3.0905708812415514E-02  1.0302435483442286E-06
  2.1736807097044174E+01  3.0573161443033677E-02  1.0318754598760706E-06
  2.1953364406511042E+01  3.0244944656458050E-02  1.0335535390280665E-06
  2.2172079211698126E+01  2.9913829618197586E-02  1.0352774999701412E-06
  2.2392973007090180E+01  2.9593428408464604E-02  1.0370468205162738E-06
  2.2616067501315094E+01  2.9264326248100141E-02  1.0388607385352871E-06
  2.2841384619277253E+01  2.8952260794029957E-02  1.0407184581925777E-06
  2.3068946504312368E+01  2.8633445025858646E-02  1.0426191966828544E-06
  2.3298775520363591E+01  2.8306840742625027E-02  1.0445621849442818E-06
  2.3530894254179284E+01  2.8009663274529382E-02  1.0465466694855704E-06
  2.3765325517532901E+01  2.7683757787165125E-02  1.0485719148622857E-06
  2.4002092349464739E+01  2.7391284179946851E-02  1.0506372035307749E-06
  2.4241218018546199E+01  2.7082599893702902E-02  1.0527418263931124E-06
  2.4482726025166428E+01  2.6777705141954745E-02  1.0548850582982874E-06
  2.4726640103841987E+01  2.6479761246345986E-02  1.0570661353861021E-06
  2.4972984225549343E+01  2.6171525902852731E-02  1.0592842527374464E-06
  2.5221782600080545E+01  2.5873179482683698E-02  1.0615386239104642E-06
  2.5473059678422647E+01  2.5590540208940672E-02  1.0638285600575605E-06
  2.5726840155160570E+01  2.5288770286870245E-02  1.0661534493746527E-06
  2.5983148970903923E+01  2.5013677542678286E-02  1.0685127290684563E-06
  2.6242011314738235E+01  2.4722291381602493E-02  1.0709058883283137E-06
  2.6503452626700330E+01  2.4432013302757648E-02  1.0733324705577136E-06
  2.6767498600278540E+01  2.4154076008365902E-02  1.0757920723426616E-06
  2.7034175184937659E+01  2.3875786512416695E-02  1.0782843380805482E-06
  2.7303508588669317E+01  2.3610014381295341E-02  1.0808089461915164E-06
  2.7575525280567540E+01  2.3336144424728759E-02  1.0833655997015564E-06
  2.7850251993429922E+01  2.3066313526174304E-02  1.0859540237329916E-06
  2.8127715726385020E+01  2.2797061375140343E-02  1.0885739568080500E-06
  2.8407943747545637E+01  2.2527145439831288E-02  1.0912251218182565E-06
  2.8690963596688547E+01  2.2272086592779225E-02  1.0939071690860040E-06
  2.8976803087961159E+01  2.2011417214971671E-02  1.0966196925873077E-06
  2.9265490312614897E+01  2.1755423257046966E-02  1.0993622841423000E-06
  2.9557053641765954E+01  2.1501025981899496E-02  1.1021345362744943E-06
  2.9851521729183379E+01  2.1241172687192788E-02  1.1049360401984834E-06
  3.0148923514105235E+01  2.0992599649733375E-02  1.1077663854105240E-06
  3.0449288224082569E+01  2.0748264838948365E-02  1.1106251606657126E-06
  3.0752645377851692E+01  2.0502093737461057E-02  1.1135119564390788E-06
  3.1059024788235341E+01  2.0268241125751187E-02  1.1164263639298715E-06
  3.1368456565072499E+01  2.0028765433494852E-02  1.1193679676488869E-06
  3.1680971118177375E+01  1.9784280254961505E-02  1.1223363361547956E-06
  3.1996599160328156E+01  1.9551802949326489E-02  1.1253310188117654E-06
  3.2315371710285227E+01  1.9327163676745189E-02  1.1283515563612556E-06
  3.2637320095839641E+01  1.9090898079830814E-02  1.1313974971464363E-06
  3.2962475956891758E+01  1.8872087257137557E-02  1.1344684062222907E-06
  3.3290871248560912E+01  1.8648482817987630E-02  1.1375638684857479E-06
  3.3622538244325746E+01  1.8427040949651127E-02  1.1406834912624547E-06
  3.3957509539195783E+01  1.8207714197170110E-02  1.1438269061241805E-06
  3.4295818052915024E+01  1.7992219661313459E-02  1.1469937694540500E-06
  3.4637497033197029E+01  1.7778661087898426E-02  1.1501837599071664E-06
  3.4982580058992234E+01  1.7566693429569590E-02  1.1533965722285618E-06
  3.5331101043788301E+01  1.7357261739763742E-02  1.1566319165802167E-06
  3.5683094238942722E+01  1.7150226365052441E-02  1.1598895179628822E-06
  3.6038594237049111E+01  1.6945545426349989E-02  1.1631691118343467E-06
  3.6397635975336605E+01  1.6743223113025764E-02  1.1664704277300536E-06
  3.6760254739103637E+01  1.6543264396631115E-02  1.1697931744272509E-06
  3.7126486165185497E+01  1.6345379037286747E-02  1.1731370587412301E-06
  3.7496366245456528E+01  1.6149443305499896E-02  1.1765018022646375E-06
  3.7869931330367443E+01  1.5955930505178795E-02  1.1798871497814465E-06
  3.8247218132517631E+01  1.5763725984360384E-02  1.1832928777557794E-06
  3.8628263730263029E+01  1.5574558606625584E-02  1.1867188021414331E-06
  3.9013105571360235E+01  1.5387393315884661E-02  1.1901647826370867E-06
  3.9401781476646647E+01  1.5201484739310690E-02  1.1936307158059788E-06
  3.9794329643757365E+01  1.5018311215839342E-02  1.1971165245032430E-06
  4.0190788650879007E+01  1.4837304593360157E-02  1.2006221462094423E-06
  4.0591197460541238E+01  1.4658471920951596E-02  1.2041475241732484E-06
  4.0995595423445749E+01  1.4479542602560199E-02  1.2076926074642201E-06
  4.1404022282333408E+01  1.4305085613415739E-02  1.2112573557865338E-06
  4.1816518175890224E+01  1.4131859384533256E-02  1.2148417416010333E-06
  4.2233123642691950E+01  1.3960395499758535E-02  1.2184457506647227E-06
  4.2653879625187905E+01  1.3790964732408012E-02  1.2220693832777257E-06
  4.3078827473724935E+01  1.3623028003999118E-02  1.2257126560880361E-06
  4.3508008950611014E+01  1.3453126317589690E-02  1.2293756044305583E-06
  4.3941466234219369E+01  1.3293942137779268E-02  1.2330582851538443E-06
  4.4379241923133904E+01  1.3131363371241506E-02  1.2367607774692760E-06
  4.4821379040335387E+01  1.2971175735323240E-02  1.2404831847838147E-06
  4.5267921037429780E+01  1.2812720358449227E-02  1.2442256381727781E-06
  4.5718911798918221E+01  1.2651787235639873E-02  1.2479882983904875E-06
  4.6174395646510177E+01  1.2496603158128701E-02  1.2517713536513764E-06
  4.6634417343479022E+01  1.2343436392933557E-02  1.2555750098404233E-06
  4.7099022099061138E+01  1.2196560691715930E-02  1.2593994794653267E-06
  4.7568255572899119E+01  1.2046959140340019E-02  1.2632449728376069E-06
  4.8042163879528943E+01  1.1898948332210970E-02  1.2671116933907129E-06
  4.8520793592911758E+01  1.1752515226980433E-02  1.2709998330643109E-06
  4.9004191751011341E+01  1.1607851938595409E-02  1.2749095677431286E-06
  4.9492405860416554E+01  1.1465257857776917E-02  1.2788410532601811E-06
  4.9985483901010262E+01  1.1319473732584446E-02  1.2827944240671969E-06
  5.0483474330684409E+01  1.1183627155593352E-02  1.2867697953781730E-06
  5.0986426090102569E+01  1.1042663808180163E-02  1.2907672653677194E-06
  5.1494388607509521E+01  1.0906182856569394E-02  1.2947869175634732E-06
  5.2007411803588710E+01  1.0774085844350524E-02  1.2988288255936632E-06
  5.2525546096368572E+01  1.0640517867287565E-02  1.3028930588997977E-06
  5.3048842406177300E+01  1.0508799753467626E-02  1.3069796858947046E-06
  5.3577352160646925E+01  1.0378399526515088E-02  1.3110887683823161E-06
  5.4111127299767745E+01  1.0249546919696843E-02  1.3152203574442033E-06
  5.4650220280992627E+01  1.0122313931079003E-02  1.3193744902563118E-06
  5.5194684084392378E+01  9.9967766804437714E-03  1.3235511871352794E-06
  5.5744572217862256E+01  9.8719648989372376E-03  1.3277504495267575E-06
  5.6299938722380851E+01  9.7489107687815067E-03  1.3319722603881828E-06
  5.6860838177320865E+01  9.6239828954090400E-03  1.3362165885838846E-06
  5.7427325705812784E+01  9.5072420858308138E-03  1.3404833932007721E-06
  5.7999456980162549E+01  9.3885368970821718E-03  1.3447726187182126E-06
  5.8577288227322640E+01  9.2677970443438389E-03  1.3490841913477725E-06
  5.9160876234417650E+01  9.1551753476994679E-03  1.3534180096687736E-06
  5.9750278354325523E+01  9.0399096201818664E-03  1.3577739315469285E-06
  6.0345552511313713E+01  8.9241947822466094E-03  1.3621517340537039E-06
  6.0946757206731860E+01  8.8156981975840935E-03  1.3665510728992171E-06
  6.1553951524760919E+01  8.7038898815113425E-03  1.3709714510603064E-06
  6.2167195138220016E+01  8.5921788851857743E-03  1.3754121863906897E-06
  6.2786548314430767E+01  8.4870848049470662E-03  1.3798723815183348E-06
  6.3412071921139869E+01  8.3802530484153627E-03  1.3843509034826946E-06
  6.4043827432501402E+01  8.2743119029139757E-03  1.3888464060789851E-06
  6.4681876935118026E+01  8.1698076352524022E-03  1.3933573731603990E-06
  6.5326283134142514E+01  8.0665389658504637E-03  1.3978821501432335E-06
  6.5977109359440476E+01  7.9613653038949142E-03  1.4024189744032155E-06
  6.6634419571813979E+01  7.8615210606612293E-03  1.4069660009419366E-06
  6.7298278369287544E+01  7.7635911685320635E-03  1.4115213268370147E-06
  6.7968750993456226E+01  7.6645145645856064E-03  1.4160830241102588E-06
  6.8645903335897827E+01  7.5671757152617550E-03  1.4206491871464025E-06
  6.9329801944648310E+01  7.4708625736584263E-03  1.4252179930157053E-06
  7.0020514030741310E+01  7.3752032362476424E-03  1.4297877681428053E-06
  7.0718107474814474E+01  7.2807740742423148E-03  1.4343570543445508E-06
  7.1422650833780040E+01  7.1852280960092033E-03  1.4389246637896396E-06
  7.2134213347561314E+01  7.0925552679746706E-03  1.4434896758575145E-06
  7.2852864945899228E+01  7.0034902132013214E-03  1.4480513607404367E-06
  7.3578676255223598E+01  6.9128701501027755E-03  1.4526091195744815E-06
  7.4311718605593981E+01  6.8213181015404694E-03  1.4571624202512404E-06
  7.5052064037709968E+01  6.7323038094963504E-03  1.4617107388806709E-06
  7.5799785309991549E+01  6.6464837359437165E-03  1.4662534933677087E-06
  7.6554955905728676E+01  6.5593396321073803E-03  1.4707899531609251E-06
  7.7317650040303306E+01  6.4713186523850342E-03  1.4753191193169700E-06
  7.8087942668483549E+01  6.3875422174379274E-03  1.4798396191728691E-06
  7.8865909491788940E+01  6.3020659626082057E-03  1.4843495994489549E-06
  7.9651626965930674E+01  6.2188133609289015E-03  1.4888466183919081E-06
  8.0445172308325780E+01  6.1339617123520223E-03  1.4933275553772421E-06
  8.1246623505684866E+01  6.0514059934959445E-03  1.4977885966370143E-06
  8.2056059321676784E+01  5.9713775836510753E-03  1.5022254147183228E-06
  8.2873559304669797E+01  5.8888502655488366E-03  1.5066333392590835E-06
  8.3699203795548243E+01  5.8095425390828357E-03  1.5110074897928766E-06
  8.4533073935608684E+01  5.7307431970987435E-03  1.5153428939604873E-06
  8.5375251674534681E+01  5.6513925795168979E-03  1.5196345794138789E-06
  8.6225819778449434E+01  5.5736090680687548E-03  1.5238776682037856E-06
  8.7084861838050330E+01  5.4969920761075994E-03  1.5280674555173290E-06
  8.7952462276824363E+01  5.4189804579545279E-03  1.5321994724395569E-06
  8.8828706359343968E+01  5.3434030808663588E-03  1.5362695501248445E-06
  8.9713680199647015E+01  5.2685675438814035E-03  1.5402738774538204E-06
  9.0607470769700356E+01  5.1960259171282171E-03  1.5442090366591688E-06
  9.1510165907945947E+01  5.1221646829427018E-03  1.5480719912694441E-06
  9.2421854327933900E+01  5.0500069379041052E-03  1.5518599043846713E-06
  9.3342625627041471E+01  4.9780834613096141E-03  1.5555699196331565E-06
  9.4272570295277205E+01  4.9070295572010651E-03  1.5591990375658445E-06
  9.5211779724174576E+01  4.8360963948246372E-03  1.5627440228704715E-06
  9.6160346215774112E+01  4.7659704669086858E-03  1.5662013147783414E-06
  9.7118362991693445E+01  4.6960978313515412E-03  1.5695669005684268E-06
  9.8085924202289220E+01  4.6262030966290257E-03  1.5728361409716468E-06
  9.9063124935910437E+01  4.5574726193182650E-03  1.5760037050638337E-06
  1.0005006122824302E+02  4.4901672552157476E-03  1.5790636438486135E-06
  1.0104683007174650E+02  4.4226320336966749E-03  1.5820095142734253E-06
  1.0205352942518853E+02  4.3552531819514686E-03  1.5848345383987810E-06
  1.0307025822327067E+02  4.2877909063392993E-03  1.5875317969619543E-06
  1.0409711638635007E+02  4.2214994888976707E-03  1.5900944652400118E-06
  1.0513420483026178E+02  4.1551563001846151E-03  1.5925160513334649E-06
  1.0618162547623515E+02  4.0891974666514902E-03  1.5947905254835940E-06
  1.0723948126090897E+02  4.0232512028711307E-03  1.5969123936044502E-06
  1.0830787614645028E+02  3.9582024980878011E-03  1.5988767753544445E-06
  1.0938691513076989E+02  3.8933224076827780E-03  1.6006795457543612E-06
  1.1047670425784096E+02  3.8285119234347572E-03  1.6023175174387000E-06
  1.1157735062812104E+02  3.7655291788205665E-03  1.6037885053851028E-06
  1.1268896240907819E+02  3.7011544547487841E-03  1.6050912289007893E-06
  1.1381164884581990E+02  3.6392278910717724E-03  1.6062251406497044E-06
  1.1494552027183008E+02  3.5767966323330199E-03  1.6071902163464192E-06
  1.1609068811981275E+02  3.5141058310362719E-03  1.6079867102576962E-06
  1.1724726493264201E+02  3.4532108289796865E-03  1.6086148963701993E-06
  1.1841536437442294E+02  3.3926411455105008E-03  1.6090748341359079E-06
  1.1959510124166275E+02  3.3321325725418883E-03  1.6093662380756726E-06
  1.2078659147455136E+02  3.2725626973378313E-03  1.6094884675751673E-06
  1.2198995216835603E+02  3.2133120178754861E-03  1.6094405377228888E-06
  1.2320530158492987E+02  3.1538606526772032E-03  1.6092211070017360E-06
  1.2443275916433279E+02  3.0959413558498817E-03  1.6088284216242269E-06
  1.2567244553657029E+02  3.0387556685389189E-03  1.6082602639092222E-06
  1.2692448253344928E+02  2.9815726279436750E-03  1.6075139679799765E-06
  1.2818899320054976E+02  2.9250004711618522E-03  1.6065864836179338E-06
  1.2946610180931810E+02  2.8683946348356574E-03  1.6054744605821086E-06
  1.3075593386928068E+02  2.8129645328543768E-03  1.6041743496805360E-06
  1.3205861614037693E+02  2.7583951421934626E-03  1.6026825137291538E-06
  1.3337427664541775E+02  2.7038736434347121E-03  1.6009953398247546E-06
  1.3470304468266772E+02  2.6496743538164686E-03  1.5991093035433147E-06
  1.3604505083855071E+02  2.5962744802386930E-03  1.5970209733386750E-06
  1.3740042700048386E+02  2.5433996753179643E-03  1.5947269899871554E-06
  1.3876930636984025E+02  2.4912914279957362E-03  1.5922240891681416E-06
  1.4015182347503745E+02  2.4395414082331603E-03  1.5895091748097843E-06
  1.4154811418475953E+02  2.3883280608302149E-03  1.5865794333149235E-06
  1.4295831572131033E+02  2.3374934165454617E-03  1.5834323900965636E-06
  1.4438256667409777E+02  2.2876770315834274E-03  1.5800658991618036E-06
  1.4582100701325450E+02  2.2381911712440880E-03  1.5764781168792974E-06
  1.4727377810339465E+02  2.1893073608593105E-03  1.5726674661243109E-06
  1.4874102271750490E+02  2.1410178073000743E-03  1.5686325898097619E-06
  1.5022288505097643E+02  2.0931028675520635E-03  1.5643722797467262E-06
  1.5171951073577659E+02  2.0458219668097310E-03  1.5598853959330902E-06
  1.5323104685476088E+02  1.9996072540484564E-03  1.5551708244802548E-06
  1.5475764195612533E+02  1.9539298123883121E-03  1.5502274532125491E-06
  1.5629944606800913E+02  1.9085050808796309E-03  1.5450541404656861E-06
  1.5785661071323705E+02  1.8637206351913144E-03  1.5396496816622160E-06
  1.5942928892420846E+02  1.8200758840704486E-03  1.5340128171009973E-06
  1.6101763525794070E+02  1.7766451943422572E-03  1.5281423084755681E-06
  1.6262180581125651E+02  1.7338895399776329E-03  1.5220369925149907E-06
  1.6424195823612257E+02  1.6917535715542239E-03  1.5156958337534555E-06
  1.6587825175514695E+02  1.6501241726767550E-03  1.5091179873498801E-06
  1.6753084717722467E+02  1.6094115236522895E-03  1.5023028695443628E-06
  1.6919990691334104E+02  1.5688728285430857E-03  1.4952502294337947E-06
  1.7088559499253330E+02  1.5296915795054973E-03  1.4879601973651287E-06
  1.7258807707801219E+02  1.4906168231243501E-03  1.4804332738275916E-06
  1.7430752048344024E+02  1.4523042747581886E-03  1.4726702463814041E-06
  1.7604409418937610E+02  1.4144997856073598E-03  1.4646721200921235E-06
  1.7779796885988219E+02  1.3776489752379470E-03  1.4564401030772691E-06
  1.7956931685929493E+02  1.3412464577097221E-03  1.4479756482740513E-06
  1.8135831226916503E+02  1.3055022522758962E-03  1.4392805371893370E-06
  1.8316513090536682E+02  1.2704360658518663E-03  1.4303568627000508E-06
  1.8498995033537435E+02  1.2358859299190399E-03  1.4212069405359061E-06
  1.8683294989571354E+02  1.2022898290932095E-03  1.4118331993520201E-06
  1.8869431070958743E+02  1.1691417837684901E-03  1.4022380559485587E-06
  1.9057421570467429E+02  1.1364820864399336E-03  1.3924237951039746E-06
  1.9247284963110619E+02  1.1047780319704168E-03  1.3823925015595486E-06
  1.9439039907962666E+02  1.0735995260608931E-03  1.3721460809710179E-06
  1.9632705249992586E+02  1.0432376344942913E-03  1.3616863854904508E-06
  1.9828300021916181E+02  1.0131576101415484E-03  1.3510153385911822E-06
  2.0025843446066634E+02  9.8412798181848828E-04  1.3401349380934713E-06
  2.0225354936283364E+02  9.5550259447006042E-04  1.3290471715441153E-06
  2.0426854099820065E+02  9.2739129523832843E-04  1.3177539785128897E-06
  2.0630360739271759E+02  9.0022787854133405E-04  1.3062573102934061E-06
  2.0835894854520689E+02  8.7345579733532014E-04  1.2945592235599496E-06
  2.1043476644701923E+02  8.4734390399112324E-04  1.2826619937205160E-06
  2.1253126510188616E+02  8.2183274473750451E-04  1.2705682441206930E-06
  2.1464865054596603E+02  7.9686634733681819E-04  1.2582810777260980E-06
  2.1678713086809390E+02  7.7261014097762364E-04  1.2458041684146430E-06
  2.1894691623023294E+02  7.4885839980778717E-04  1.2331417695391694E-06
  2.2112821888812579E+02  7.2560917144852053E-04  1.2202986136756370E-06
  2.2333125321215559E+02  7.0308349809893988E-04  1.2072797547156627E-06
  2.2555623570841442E+02  6.8113836317375319E-04  1.1940904956982233E-06
  2.2780338503998027E+02  6.5956338713812348E-04  1.1807363952692624E-06
  2.3007292204840320E+02  6.3873809076176445E-04  1.1672232729913944E-06
  2.3236506977541447E+02  6.1834941928892077E-04  1.1535571812839664E-06
  2.3468005348484331E+02  5.9850652112814872E-04  1.1397443682210573E-06
  2.3701810068475237E+02  5.7919240361155625E-04  1.1257912305145241E-06
  2.3937944114980189E+02  5.6038006893282090E-04  1.1117042592293803E-06
  2.4176430694382847E+02  5.4210324964471728E-04  1.0974899832362119E-06
  2.4417293244264818E+02  5.2432053666101673E-04  1.0831549269887808E-06
  2.4660555435709642E+02  5.0701481287676760E-04  1.0687056153285895E-06
  2.4906241175628730E+02  4.9022421109692275E-04  1.0541486330128947E-06
  2.5154374609110803E+02  4.7385869774684177E-04  1.0394907179851652E-06
  2.5404980121794878E+02  4.5799289030681287E-04  1.0247388132816065E-06
  2.5658082342266954E+02  4.4256598605683657E-04  1.0099000191979612E-06
  2.5913706144480125E+02  4.2760640305343213E-04  9.9498152152953047E-07
  2.6171876650199226E+02  4.1307292320325961E-04  9.7999053943145997E-07
  2.6432619231469891E+02  3.9895604719880612E-04  9.6493432051876242E-07
  2.6695959513111700E+02  3.8523429462316867E-04  9.4982015387527519E-07
  2.6961923375236637E+02  3.7202316076492061E-04  9.3465538697935884E-07
  2.7230536955792684E+02  3.5912824440470487E-04  9.1944744440015508E-07
  2.7501826653132201E+02  3.4662987475716914E-04  9.0420384040496710E-07
  2.7775819128606440E+02  3.3454218566187813E-04  8.8893216679009039E-07
  2.8052541309185909E+02  3.2281125360006071E-04  8.7364004549060877E-07
  2.8332020390106288E+02  3.1144281744607637E-04  8.5833506159987384E-07
  2.8614283837541257E+02  3.0043386545510235E-04  8.4302472508831698E-07
  2.8899359391301942E+02  2.8977687747541459E-04  8.2771652099937916E-07
  2.9187275067562757E+02  2.7942391117229045E-04  8.1241798142847516E-07
  2.9478059161614868E+02  2.6947342533322074E-04  7.9713665398526463E-07
  2.9771740250647144E+02  2.5978798589007724E-04  7.8188004986289865E-07
  3.0068347196554265E+02  2.5039111554151368E-04  7.6665562663671305E-07
  3.0367909148773344E+02  2.4137756732580312E-04  7.5147077295876537E-07
  3.0670455547148788E+02  2.3258496034757114E-04  7.3633279286271343E-07
  3.0976016124825213E+02  2.2411442060124811E-04  7.2124889339758063E-07
  3.1284620911169623E+02  2.1592522257472279E-04  7.0622618503436013E-07
  3.1596300234722850E+02  2.0801072270530224E-04  6.9127170800324448E-07
  3.1911084726179706E+02  2.0037549889878194E-04  6.7639247427111122E-07
  3.2229005321399467E+02  1.9295658912405020E-04  6.6159549787354563E-07
  3.2550093264446292E+02  1.8581485705729782E-04  6.4688776902097327E-07
  3.2874380110659439E+02  1.7889760387835497E-04  6.3227617792057092E-07
  3.3201897729754569E+02  1.7222547752429774E-04  6.1776746944272134E-07
  3.3532678308955911E+02  1.6578984019412048E-04  6.0336822379415739E-07
  3.3866754356159481E+02  1.5955058301344449E-04  5.8908484868476959E-07
  3.4204158703127302E+02  1.5356630491374855E-04  5.7492357360941909E-07
  3.4544924508714848E+02  1.4775745093476974E-04  5.6089044454963170E-07
  3.4889085262129367E+02  1.4215209718924590E-04  5.4699131846107695E-07
  3.5236674786220635E+02  1.3675673649858903E-04  5.3323185564312731E-07
  3.5587727240805793E+02  1.3154551767061140E-04  5.1961750663350743E-07
  3.5942277126026016E+02  1.2651537592220919E-04  5.0615349482587087E-07
  3.6300359285736653E+02  1.2165979247363285E-04  4.9284480899764735E-07
  3.6662008910932394E+02  1.1698781436510860E-04  4.7969621943748350E-07
  3.7027261543205208E+02  1.1246653602512204E-04  4.6671232282672410E-07
  3.7396153078237177E+02  1.0811338304039957E-04  4.5389755459633415E-07
  3.7768719769328334E+02  1.0391994994143277E-04  4.4125614019632815E-07
  3.8144998230959709E+02  9.9882567773430637E-05  4.2879207637317061E-07
  3.8525025442391251E+02  9.5972193582092083E-05  4.1650912994938066E-07
  3.8908838751296196E+02  9.2214717284395896E-05  4.0441083770055181E-07
  3.9296475877431737E+02  8.8599284468235219E-05  3.9250050700236681E-07
  3.9687974916345485E+02  8.5103126516045390E-05  3.8078121742982805E-07
  4.0083374343119584E+02  8.1740571659130420E-05  3.6925582357362045E-07
  4.0482713016152178E+02  7.8504044025330330E-05  3.5792695865428351E-07
  4.0886030180975774E+02  7.5383385877178063E-05  3.4679703333993888E-07
  4.1293365474114358E+02  7.2378765104963723E-05  3.3586822296956967E-07
  4.1704758926979025E+02  6.9481400039326474E-05  3.2514244376335793E-07
  4.2120250969801589E+02  6.6694836478860592E-05  3.1462134357281603E-07
  4.2539882435608166E+02  6.4010796254384224E-05  3.0430633469284166E-07
  4.2963694564232378E+02  6.1429391304241896E-05  2.9419861194382660E-07
  4.3391729006367694E+02  5.8938931769573475E-05  2.8429915413195929E-07
  4.3824027827661013E+02  5.6546991518548286E-05  2.7460872488080179E-07
  4.4260633512846942E+02  5.4241465290089990E-05  2.6512787363269391E-07
  4.4701588969922540E+02  5.2024454031939699E-05  2.5585693679298771E-07
  4.5146937534364395E+02  4.9891390386949093E-05  2.4679603925021665E-07
  4.5596722973387779E+02  4.7836071619172473E-05  2.3794509597637149E-07
  4.6050989490247366E+02  4.5862278763217441E-05  2.2930381675910351E-07
  4.6509781728581618E+02  4.3961488607169266E-05  2.2087171822311663E-07
  4.6973144776800535E+02  4.2136294383176925E-05  2.1264814415247144E-07
  4.7441124172516135E+02  4.0377715831798042E-05  2.0463228586000796E-07
  4.7913765907018097E+02  3.8685722596986654E-05  1.9682317211411501E-07
  4.8391116429793823E+02  3.7060171915663286E-05  1.8921965296807542E-07
  4.8873222653092785E+02  3.5497476609124653E-05  1.8182040265727800E-07
  4.9360131956537168E+02  3.3994903597598668E-05  1.7462392540994815E-07
  4.9851892191778472E+02  3.2550725422427658E-05  1.6762856147585209E-07
  5.0348551687199574E+02  3.1161640143564095E-05  1.6083249336587507E-07
  5.0850159252664594E+02  2.9828366598436727E-05  1.5423375232993217E-07
  5.1356764184315932E+02  2.8545332145055226E-05  1.4783022511059134E-07
  5.1868416269418833E+02  2.7313651220016976E-05  1.4161966055139807E-07
  5.2385165791253519E+02  2.6130254935309325E-05  1.3559967478999039E-07
  5.2907063534058159E+02  2.4991634440697740E-05  1.2976775370482803E-07
  5.3434160788019085E+02  2.3898202835804173E-05  1.2412125551114328E-07
  5.3966509354310813E+02  2.2849922771168329E-05  1.1865742183732450E-07
  5.4504161550188041E+02  2.1840648803778675E-05  1.1337339396780577E-07
  5.5047170214126709E+02  2.0873726757871343E-05  1.0826622125389281E-07
  5.5595588711016001E+02  1.9944307520392334E-05  1.0333286757957992E-07
  5.6149470937404192E+02  1.9052094775195196E-05  9.8570217807627739E-08
  5.6708871326794679E+02  1.8194112593231507E-05  9.3975084199734055E-08
  5.7273844854995298E+02  1.7371797558992164E-05  8.9544212762180614E-08
  5.7844447045521451E+02  1.6581621238558574E-05  8.5274289450568617E-08
  5.8420733975053076E+02  1.5825164004879991E-05  8.1161946171082032E-08
  5.9002762278944931E+02  1.5098011516151427E-05  7.7203767073196150E-08
  5.9590589156792885E+02  1.4400904199116918E-05  7.3396295401177980E-08
  6.0184272378055653E+02  1.3731672310621215E-05  6.9736040753117292E-08
  6.0783870287731406E+02  1.3089347458763900E-05  6.6219484382022978E-08
  6.1389441812092093E+02  1.2474418320162655E-05  6.2843085164712207E-08
  6.2001046464474894E+02  1.1883563120719772E-05  5.9603286489840761E-08
  6.2618744351130124E+02  1.1318090158559276E-05  5.6496521877042083E-08
  6.3242596177128780E+02  1.0775347410434516E-05  5.3519220362487394E-08
  6.3872663252328653E+02  1.0255485671159062E-05  5.0667811731435479E-08
  6.4509007497398966E+02  9.7571458963606139E-06  4.7938731600358458E-08
  6.5151691449906025E+02  9.2794377431266050E-06  4.5328426375501482E-08
  6.5800778270459602E+02  8.8221860494335560E-06  4.2833358091155560E-08
  6.6456331748919388E+02  8.3838605783724296E-06  4.0450009075792384E-08
  6.7118416310664315E+02  7.9643160222001420E-06  3.8174886177786345E-08
  6.7787097022924536E+02  7.5626627431140857E-06  3.6004524592924960E-08
  6.8462439601175140E+02  7.1778015686034880E-06  3.3935492030564552E-08
  6.9144510415594868E+02  6.8097830845995109E-06  3.1964393528956138E-08
  6.9833376497589086E+02  6.4577773355288686E-06  3.0087875196752202E-08
  7.0529105546376604E+02  6.1207388985639867E-06  2.8302627568129776E-08
  7.1231765935643341E+02  5.7985331964691692E-06  2.6605388798821721E-08
  7.1941426720262166E+02  5.4905954041921404E-06  2.4992947659227956E-08
  7.2658157643078471E+02  5.1961634480782234E-06  2.3462146319250502E-08
  7.3382029141765327E+02  4.9149043586364496E-06  2.2009882912276972E-08
  7.4113112355744852E+02  4.6462506406213778E-06  2.0633113853335547E-08
  7.4851479133179930E+02  4.3897062803730202E-06  1.9328855916016406E-08
  7.5597202038035664E+02  4.1448610859442656E-06  1.8094188115590672E-08
  7.6350354357209824E+02  3.9112553695957457E-06  1.6926253445405595E-08
  7.7111010107735581E+02  3.6883982847356509E-06  1.5822260453926853E-08
  7.7879244044056168E+02  3.4759753377635816E-06  1.4779484688125402E-08
  7.8655131665370504E+02  3.2735481678070089E-06  1.3795270345881125E-08
  7.9438749223053469E+02  3.0807038221594125E-06  1.2867031369089756E-08
  8.0230173728150021E+02  2.8972034534707565E-06  1.1992252194507635E-08
  8.1029482958942708E+02  2.7224936782886383E-06  1.1168488331794700E-08
  8.1836755468595811E+02  2.5564177735743601E-06  1.0393366775878641E-08
  8.2652070592875816E+02  2.3985263898702403E-06  9.6645862610677581E-09
  8.3475508457947205E+02  2.2485499492328438E-06  8.9799173672245218E-09
  8.4307149988247488E+02  2.1061672978316344E-06  8.3372024865397437E-09
  8.5147076914440663E+02  1.9711288083837448E-06  7.7343556494502740E-09
  8.5995371781448398E+02  1.8430714955895186E-06  7.1693622012206556E-09
  8.6852117956562677E+02  1.7217592112602768E-06  6.6402783069929341E-09
  8.7717399637639448E+02  1.6069137342228047E-06  6.1452303195189449E-09
  8.8591301861372040E+02  1.4983074748079071E-06  5.6824141129289030E-09
  8.9473910511649603E+02  1.3956342050918248E-06  5.2500943089510944E-09
  9.0365312327996253E+02  1.2986786325611106E-06  4.8466033665184077E-09
  9.1265594914096062E+02  1.2072000559023018E-06  4.4703405727034086E-09
  9.2174846746403000E+02  1.1209650118451972E-06  4.1197709432335348E-09
  9.3093157182834841E+02  1.0397683385540037E-06  3.7934240393568697E-09
  9.4020616471555684E+02  9.6336801868011641E-07  3.4898927079155620E-09
  9.4957315759845585E+02  8.9155868075055515E-07  3.2078317492187674E-09
  9.5903347103057172E+02  8.2414198097501963E-07  2.9459565224394014E-09
  9.6858803473662999E+02  7.6092459555489335E-07  2.7030414898023953E-09
  9.7823778770393153E+02  7.0170237336762238E-07  2.4779187141304084E-09
  9.8798367827462130E+02  6.4628668754639930E-07  2.2694763148402488E-09
  9.9782666423889282E+02  5.9450271471756638E-07  2.0766569281885248E-09
  1.0077677129291238E+03  5.4617312241509842E-07  1.8984561337916909E-09
  1.0178078013149285E+03  5.0111908173119773E-07  1.7339208170573367E-09
  1.0279479160991773E+03  4.5917563798523989E-07  1.5821475101389593E-09
  1.0381890538149726E+03  4.2018392367256267E-07  1.4422807214032718E-09
  1.0485322209235724E+03  3.8398634903553222E-07  1.3135112585376363E-09
  1.0589784339133059E+03  3.5042692214490653E-07  1.1950745500551546E-09
  1.0695287193994795E+03  3.1935857069364838E-07  1.0862489697944338E-09
  1.0801841142252517E+03  2.9063966359391844E-07  9.8635416884607082E-10
  1.0909456655635472E+03  2.6413037907180756E-07  8.9474941940985062E-10
  1.1018144310199564E+03  2.3969546189986494E-07  8.1083197571470399E-10
  1.1127914787366767E+03  2.1720561505153293E-07  7.3403545501196806E-10
  1.1238778874974942E+03  1.9653588666645875E-07  6.6382824008996653E-10
  1.1350747468337881E+03  1.7756518118405053E-07  5.9971190731057208E-10
  1.1463831571316136E+03  1.6017728746949480E-07  5.4121968539445717E-10
  1.1578042297398492E+03  1.4426167039057843E-07  4.8791494606058785E-10
  1.1693390870794037E+03  1.2971345108706158E-07  4.3938972847547589E-10
  1.1809888627535295E+03  1.1643334757753244E-07  3.9526329964468416E-10
  1.1927547016592359E+03  1.0432783216509544E-07  3.5518075265543871E-10
  1.2046377600997923E+03  9.3309271240124228E-08  3.1881164450530339E-10
  1.2166392058983715E+03  8.3295832905876041E-08  2.8584867477870617E-10
  1.2287602185128269E+03  7.4211160177014136E-08  2.5600640654251905E-10
  1.2410019891515904E+03  6.5983938819214841E-08  2.2902002973310188E-10
  1.2533657208907464E+03  5.8547457476419655E-08  2.0464416786515936E-10
  1.2658526287922757E+03  5.1839201742847855E-08  1.8265172910394302E-10
  1.2784639400234498E+03  4.5800504546886215E-08  1.6283280451866570E-10
  1.2912008939774405E+03  4.0376264726401256E-08  1.4499360924150315E-10
  1.3040647423951314E+03  3.5514733275099720E-08  1.2895546686992049E-10
  1.3170567494881159E+03  3.1167354484286115E-08  1.1455383844158290E-10
  1.3301781920629596E+03  2.7288646013384004E-08  1.0163739565164707E-10
  1.3434303596466630E+03  2.3836102857400497E-08  9.0067137786887288E-11
  1.3568145546133967E+03  2.0770112172464755E-08  7.9715551712316911E-11
  1.3703320923125061E+03  1.8053869160505390E-08  7.0465814170468538E-11
  1.3839843011977591E+03  1.5653287492656964E-08  6.2211035479928169E-11