 #p(MeV) \t \delta f_\\nu \t \delta f_\\nubar
  1.1979272178969336E+00  8.3309500163447182E-07  5.7400833115178023E-07
  1.2098618085701034E+00  8.1520669285222576E-07  5.6373315781353343E-07
  1.2219153000015224E+00  7.9772296507362546E-07  5.5363534270552515E-07
  1.2340888767638933E+00  7.8063399215004410E-07  5.4371197925361439E-07
  1.2463837352314595E+00  7.6393021842223887E-07  5.3396021379196827E-07
  1.2588010836975863E+00  7.4760238280711261E-07  5.2437727350747040E-07
  1.2713421424935021E+00  7.3164146575497547E-07  5.1496042944599130E-07
  1.2840081441082307E+00  7.1603866977014765E-07  5.0570698306023231E-07
  1.2968003333097173E+00  7.0078542629008009E-07  4.9661427429956150E-07
  1.3097199672671558E+00  6.8587338941465577E-07  4.8767968140648306E-07
  1.3227683156745427E+00  6.7129442950781981E-07  4.7890062050715389E-07
  1.3359466608754549E+00  6.5704062700522165E-07  4.7027454520220880E-07
  1.3492562979890741E+00  6.4310426642039140E-07  4.6179894615800887E-07
  1.3626985350374701E+00  6.2947783054229242E-07  4.5347135069846053E-07
  1.3762746930741419E+00  6.1615399481740427E-07  4.4528932239754450E-07
  1.3899861063138530E+00  6.0312562190172160E-07  4.3725046066489058E-07
  1.4038341222637472E+00  5.9038575370633133E-07  4.2935239781949032E-07
  1.4178201018557786E+00  5.7792758802664789E-07  4.2159278133699299E-07
  1.4319454195804624E+00  5.6574454613719378E-07  4.1396932641772339E-07
  1.4462114636219483E+00  5.5383029312916478E-07  4.0647983597177132E-07
  1.4606196359944528E+00  5.4217865385387257E-07  3.9912214663065599E-07
  1.4751713526800385E+00  5.3078360185341892E-07  3.9189412390363462E-07
  1.4898680437677738E+00  5.1963925554601465E-07  3.8479366196496602E-07
  1.5047111535942796E+00  5.0873987451833706E-07  3.7781868343792844E-07
  1.5197021408856670E+00  4.9807985592155112E-07  3.7096713917573932E-07
  1.5348424789009025E+00  4.8765373096771818E-07  3.6423700803952418E-07
  1.5501336555765890E+00  4.7745616152348710E-07  3.5762629667348433E-07
  1.5655771736731965E+00  4.6748193679988056E-07  3.5113303927922447E-07
  1.5811745509227508E+00  4.5772597067329283E-07  3.4475529790372059E-07
  1.5969273201779854E+00  4.4818330817871883E-07  3.3849117129220855E-07
  1.6128370295629890E+00  4.3884908370793097E-07  3.3233876616545915E-07
  1.6289052426253467E+00  4.2971844756472046E-07  3.2629614400061462E-07
  1.6451335384898000E+00  4.2078665124252271E-07  3.2036138376800560E-07
  1.6615235120134408E+00  4.1204906674002557E-07  3.1453259710481990E-07
  1.6780767739424414E+00  4.0350118321314026E-07  3.0880792779987129E-07
  1.6947949510703606E+00  3.9513860371186893E-07  3.0318555127347598E-07
  1.7116796863980119E+00  3.8695704201777889E-07  2.9766367406496030E-07
  1.7287326392949354E+00  3.7895231957864758E-07  2.9224053332769868E-07
  1.7459554856624755E+00  3.7112036253696203E-07  2.8691439633159908E-07
  1.7633499180984784E+00  3.6345719884903835E-07  2.8168355997287558E-07
  1.7809176460636365E+00  3.5595895540496189E-07  2.7654635020699565E-07
  1.7986603960494900E+00  3.4862185229391313E-07  2.7150111870331353E-07
  1.8165799117480956E+00  3.4144219817197754E-07  2.6654624010527522E-07
  1.8346779542233955E+00  3.3441640707376338E-07  2.6168012733364488E-07
  1.8529563020842816E+00  3.2754098842956399E-07  2.5690122582125665E-07
  1.8714167516593985E+00  3.2081253694180367E-07  2.5220800742335933E-07
  1.8900611171736725E+00  3.1422773019434938E-07  2.4759896990425493E-07
  1.9088912309266113E+00  3.0778332645779125E-07  2.4307263652111457E-07
  1.9279089434723766E+00  3.0147616255844022E-07  2.3862755561386890E-07
  1.9471161238016459E+00  2.9530315180901149E-07  2.3426230020110602E-07
  1.9665146595252911E+00  2.8926128199902674E-07  2.2997546758189540E-07
  1.9861064570598901E+00  2.8334761344304358E-07  2.2576567894347184E-07
  2.0058934418150756E+00  2.7755927710268869E-07  2.2163157899203738E-07
  2.0258775583827635E+00  2.7189347340637722E-07  2.1757183621350339E-07
  2.0460607707282552E+00  2.6634747195611833E-07  2.1358514378873856E-07
  2.0664450623832535E+00  2.6091862260632541E-07  2.0967022903335823E-07
  2.0870324366407931E+00  2.5560435209081225E-07  2.0582585154001444E-07
  2.1078249167521164E+00  2.5040214742549734E-07  2.0205079143167012E-07
  2.1288245461255171E+00  2.4530955341883581E-07  1.9834384832730041E-07
  2.1500333885271514E+00  2.4032417125885746E-07  1.9470384107585511E-07
  2.1714535282838612E+00  2.3544365713754619E-07  1.9112960749260204E-07
  2.1930870704880152E+00  2.3066572091148297E-07  1.8762000409787651E-07
  2.2149361412043849E+00  2.2598812479770238E-07  1.8417390585823850E-07
  2.2370028876790937E+00  2.2140868210374584E-07  1.8079020593005580E-07
  2.2592894785506306E+00  2.1692525598814008E-07  1.7746781540280771E-07
  2.2817981040629869E+00  2.1253575809877168E-07  1.7420566289415983E-07
  2.3045309762808963E+00  2.0823814937326381E-07  1.7100269610266047E-07
  2.3274903293072318E+00  2.0403044580991740E-07  1.6785788764310053E-07
  2.3506784195025689E+00  1.9991071534063768E-07  1.6477023245275992E-07
  2.3740975257069246E+00  1.9587706996021287E-07  1.6173874207855085E-07
  2.3977499494637189E+00  1.9192766331194457E-07  1.5876244340386456E-07
  2.4216380152459633E+00  1.8806068973289996E-07  1.5584037846401571E-07
  2.4457640706846946E+00  1.8427438332288050E-07  1.5297160426266931E-07
  2.4701304867996998E+00  1.8056701703596151E-07  1.5015519258891307E-07
  2.4947396582325232E+00  1.7693690179400890E-07  1.4739022983503013E-07
  2.5195940034818105E+00  1.7338238562159087E-07  1.4467581681501893E-07
  2.5446959651409840E+00  1.6990185280175366E-07  1.4201106858394112E-07
  2.5700480101382914E+00  1.6649372305717635E-07  1.3939511426299759E-07
  2.5956526299792562E+00  1.6315644941118256E-07  1.3682709560653286E-07
  2.6215123409915191E+00  1.5988850636133660E-07  1.3430615702678138E-07
  2.6476296845721432E+00  1.5668837576255374E-07  1.3183143513815992E-07
  2.6740072274373734E+00  1.5355456499394227E-07  1.2940207443700819E-07
  2.7006475618748755E+00  1.5048561672226084E-07  1.2701723546852125E-07
  2.7275533059985091E+00  1.4748010813564475E-07  1.2467609462826463E-07
  2.7547271040056116E+00  1.4453665005567883E-07  1.2237784385577051E-07
  2.7821716264368752E+00  1.4165388607429590E-07  1.2012169033418423E-07
  2.8098895704387852E+00  1.3883049171475018E-07  1.1790685619584476E-07
  2.8378836600286914E+00  1.3606517361593551E-07  1.1573257823367609E-07
  2.8661566463625183E+00  1.3335666873934219E-07  1.1359810761827285E-07
  2.8947113080051303E+00  1.3070374360468176E-07  1.1150270962709943E-07
  2.9235504512034005E+00  1.2810519423261892E-07  1.0944566403838162E-07
  2.9526769101620078E+00  1.2555985222749557E-07  1.0742627112424450E-07
  2.9820935473219570E+00  1.2306660103253425E-07  1.0544386547928223E-07
  3.0118032536419035E+00  1.2062436598167940E-07  1.0349780731835009E-07
  3.0418089488822533E+00  1.1823209553248093E-07  1.0158746735315286E-07
  3.0721135818921179E+00  1.1588875971744106E-07  9.9712225808663184E-08
  3.1027201308991064E+00  1.1359334970538733E-07  9.7871472323440664E-08
  3.1336316038020193E+00  1.1134487737176656E-07  9.6064605849573017E-08
  3.1648510384664577E+00  1.0914237487767471E-07  9.4291034552299718E-08
  3.1963815030233649E+00  1.0698489425743767E-07  9.2550175709376095E-08
  3.2282260961705549E+00  1.0487150701456060E-07  9.0841455610230919E-08
  3.2603879474772470E+00  1.0280130372495452E-07  8.9164309454093370E-08
  3.2928702176916156E+00  1.0077339344032290E-07  8.7518181046629175E-08
  3.3256760990514316E+00  9.8786900499359821E-08  8.5902520043457665E-08
  3.3588088155977687E+00  9.6840953812828157E-08  8.4316772857177920E-08
  3.3922716234918644E+00  9.4934683439812326E-08  8.2760380475840475E-08
  3.4260678113351126E+00  9.3067236630335745E-08  8.1232792243457012E-08
  3.4602007004922597E+00  9.1237780211027256E-08  7.9733468034843144E-08
  3.4946736454178198E+00  8.9445500101739118E-08  7.8261878050284492E-08
  3.5294900339857302E+00  8.7689600844961586E-08  7.6817502614206976E-08
  3.5646532878223036E+00  8.5969305147746940E-08  7.5399831977834709E-08
  3.6001668626424963E+00  8.4283853435782356E-08  7.4008366125755806E-08
  3.6360342485895152E+00  8.2632503419265460E-08  7.2642614586319449E-08
  3.6722589705778206E+00  8.1014529670339161E-08  7.1302096245875337E-08
  3.7088445886395438E+00  7.9429223240447128E-08  6.9986339194521131E-08
  3.7457946982743531E+00  7.7875892097935915E-08  6.8694881352187008E-08
  3.7831129308028006E+00  7.6353864901740403E-08  6.7427274054033833E-08
  3.8208029537231996E+00  7.4862497065797548E-08  6.6183087240541305E-08
  3.8588684710720575E+00  7.3401161731206074E-08  6.4961901755131932E-08
  3.8973132237880841E+00  7.1969244989982621E-08  6.3763305431064683E-08
  3.9361409900798443E+00  7.0566145577523575E-08  6.2586892959952691E-08
  3.9753555857970686E+00  6.9191274610619780E-08  6.1432265794451801E-08
  4.0149608648056549E+00  6.7844055330977723E-08  6.0299032051825062E-08
  4.0549607193664112E+00  6.6523922854124984E-08  5.9186806418392193E-08
  4.0953590805175821E+00  6.5230323923583195E-08  5.8095210054869179E-08
  4.1361599184611704E+00  6.3962716670196374E-08  5.7023870502607837E-08
  4.1773672429531103E+00  6.2720570376527862E-08  5.5972421590811031E-08
  4.2189851036973351E+00  6.1503365104883145E-08  5.4940503208620409E-08
  4.2610175907437728E+00  6.0310590070940503E-08  5.3927759902592383E-08
  4.3034688348902925E+00  5.9141739431683401E-08  5.2933837335350932E-08
  4.3463430080886631E+00  5.7996313843939360E-08  5.1958383829846769E-08
  4.3896443238545721E+00  5.6873824663146707E-08  5.1001054091724555E-08
  4.4333770376816952E+00  5.5773793928574993E-08  5.0061509290334579E-08
  4.4775454474599172E+00  5.4695754116762403E-08  4.9139416938631488E-08
  4.5221538938977242E+00  5.3639247901001073E-08  4.8234450775257961E-08
  4.5672067609487801E+00  5.2603827916714179E-08  4.7346290648776057E-08
  4.6127084762427604E+00  5.1589056532568443E-08  4.6474622404007971E-08
  4.6586635115204977E+00  5.0594505627172677E-08  4.5619137770449489E-08
  4.7050763830734450E+00  4.9619756370714007E-08  4.4779534252229251E-08
  4.7519516521875085E+00  4.8664399024982565E-08  4.3955515032687029E-08
  4.7992939255913232E+00  4.7728033462229191E-08  4.3146789564340417E-08
  4.8471078559089920E+00  4.6810270290559102E-08  4.2353074660434275E-08
  4.8953981421173127E+00  4.5910730740920160E-08  4.1574094382297457E-08
  4.9441695300075814E+00  4.5029044297921102E-08  4.0809578026140771E-08
  4.9934268126520047E+00  4.4164848140426016E-08  4.0059259700990473E-08
  5.0431748308747277E+00  4.3317786977970956E-08  3.9322878248698146E-08
  5.0934184737275778E+00  4.2487512890771730E-08  3.8600177165110341E-08
  5.1441626789705435E+00  4.1673685173240918E-08  3.7890904522385806E-08
  5.1954124335570464E+00  4.0875970180933032E-08  3.7194812892448726E-08
  5.2471727741240271E+00  4.0094041180839633E-08  3.6511659271566542E-08
  5.2994487874869325E+00  3.9327578204980608E-08  3.5841205006064384E-08
  5.3522456111396393E+00  3.8576267910390585E-08  3.5183215722140425E-08
  5.4055684337593330E+00  3.7839803074732493E-08  3.4537460901910089E-08
  5.4594224957164359E+00  3.7117882360253327E-08  3.3903713696871160E-08
  5.5138130895896218E+00  3.6410211789796076E-08  3.3281752360041605E-08
  5.5687455606859420E+00  3.5716503741280525E-08  3.2671359396460965E-08
  5.6242253075661370E+00  3.5036476494234437E-08  3.2072321203166117E-08
  5.6802577825751959E+00  3.4369854106124066E-08  3.1484428003209947E-08
  5.7368484923781971E+00  3.3716366292089167E-08  3.0907473781345538E-08
  5.7940029985014698E+00  3.3075748307229752E-08  3.0341256220665790E-08
  5.8517269178791649E+00  3.2447740831389311E-08  2.9785576640187882E-08
  5.9100259234052812E+00  3.1832089856379164E-08  2.9240239933371624E-08
  5.9689057444911509E+00  3.1228546575592262E-08  2.8705054507561970E-08
  6.0283721676285191E+00  3.0636867269827764E-08  2.8179832218498397E-08
  6.0884310369582266E+00  3.0056813268722386E-08  2.7664388377073793E-08
  6.1490882548445427E+00  2.9488150883644349E-08  2.7158541740360180E-08
  6.2103497824552099E+00  2.8930648874175949E-08  2.6662112220844002E-08
  6.2722216403473192E+00  2.8384079282350241E-08  2.6174921679047804E-08
  6.3347099090589687E+00  2.7848218965700915E-08  2.5696795340892968E-08
  6.3978207297068357E+00  2.7322849543044748E-08  2.5227561781046727E-08
  6.4615603045897041E+00  2.6807757287792572E-08  2.4767052858327757E-08
  6.5259348977980167E+00  2.6302733023784071E-08  2.4315103652355774E-08
  6.5909508358294655E+00  2.5807572023583731E-08  2.3871552401421424E-08
  6.6566145082107502E+00  2.5322073909175106E-08  2.3436240441553113E-08
  6.7229323681255160E+00  2.4846042554994387E-08  2.3009012146757886E-08
  6.7899109330485556E+00  2.4379285995762524E-08  2.2589714872806913E-08
  6.8575567853862927E+00  2.3921616398392309E-08  2.2178198961289095E-08
  6.9258765731237144E+00  2.3472850162311173E-08  2.1774317864799909E-08
  6.9948770104776967E+00  2.3032808617645374E-08  2.1377928825693201E-08
  7.0645648785568413E+00  2.2601317462680945E-08  2.0988892371860972E-08
  7.1349470260279038E+00  2.2178205989397488E-08  2.0607071621108554E-08
  7.2060303697888770E+00  2.1763306983380833E-08  2.0232332212161192E-08
  7.2778218956487226E+00  2.1356456650456448E-08  1.9864542259637078E-08
  7.3503286590139316E+00  2.0957494544915673E-08  1.9503572309777640E-08
  7.4235577855819059E+00  2.0566263499298604E-08  1.9149295296924362E-08
  7.4975164720412453E+00  2.0182609555698130E-08  1.8801586500730768E-08
  7.5722119867789814E+00  1.9806381898550816E-08  1.8460323504098415E-08
  7.6476516705949376E+00  1.9437432788709451E-08  1.8125386151667707E-08
  7.7238429374231261E+00  1.9075617457490117E-08  1.7796656469561903E-08
  7.8007932750603564E+00  1.8720793809587218E-08  1.7474018399807006E-08
  7.8785102459021248E+00  1.8372821947042380E-08  1.7157357371693467E-08
  7.9570014876858197E+00  1.8031564008530752E-08  1.6846560180164785E-08
  8.0362747142413102E+00  1.7696884895196179E-08  1.6541515680621848E-08
  8.1163377162490526E+00  1.7368652355204057E-08  1.6242114883072853E-08
  8.1971983620057216E+00  1.7046736920845591E-08  1.5948250909690110E-08
  8.2788645981974920E+00  1.6731011846949623E-08  1.5659818953071160E-08
  8.3613444506809671E+00  1.6421353050732802E-08  1.5376716235339053E-08
  8.4446460252719859E+00  1.6117639053051695E-08  1.5098841968063808E-08
  8.5287775085422002E+00  1.5819750921023146E-08  1.4826097312989124E-08
  8.6137471686236253E+00  1.5527572211980306E-08  1.4558385343548952E-08
  8.6995633560211960E+00  1.5240988925184048E-08  1.4295611013193795E-08
  8.7862345044334464E+00  1.4959889544259039E-08  1.4037681210491877E-08
  8.8737691315813176E+00  1.4684164953402248E-08  1.3784504699637026E-08
  8.9621758400452514E+00  1.4413706195934687E-08  1.3535990049324669E-08
  9.0514633181106436E+00  1.4148405075608242E-08  1.3292046195806266E-08
  9.1416403406216720E+00  1.3888155789106468E-08  1.3052583960059271E-08
  9.2327157698436491E+00  1.3632854919567894E-08  1.2817516053106721E-08
  9.3246985563340044E+00  1.3382401377688860E-08  1.2586757032758252E-08
  9.4175977398218933E+00  1.3136696344411982E-08  1.2360223261416430E-08
  9.5114224500965818E+00  1.2895643215153164E-08  1.2137832864919908E-08
  9.6061819079046948E+00  1.2659147545522012E-08  1.1919505692395517E-08
  9.7018854258564140E+00  1.2427116998491385E-08  1.1705163277092203E-08
  9.7985424093406568E+00  1.2199461293647030E-08  1.1494728798832652E-08
  9.8961623574494162E+00  1.1976092192758296E-08  1.1288127080714564E-08
  9.9947548639113108E+00  1.1756923402362760E-08  1.1085284505410791E-08
  1.0094329618034415E+01  1.1541870827728061E-08  1.0886129256999109E-08
  1.0194896405658447E+01  1.1330853019859224E-08  1.0690591747667461E-08
  1.0296465110116555E+01  1.1123790368903765E-08  1.0498603879527071E-08
  1.0399045713206574E+01  1.0920604952770628E-08  1.0310098911686472E-08
  1.0502648296171994E+01  1.0721220498553539E-08  1.0125011431554862E-08
  1.0607283040692721E+01  1.0525562344906542E-08  9.9432773267900085E-09
  1.0712960229885709E+01  1.0333557405346053E-08  9.7648337578750250E-09
  1.0819690249315515E+01  1.0145134132454781E-08  9.5896191313090421E-09
  1.0927483588014971E+01  9.9602224829633791E-09  9.4175730733968540E-09
  1.1036350839516022E+01  9.7787538836295849E-09  9.2486364045699914E-09
  1.1146302702890790E+01  9.6006611547847615E-09  9.0827510734127602E-09
  1.1257349983803048E+01  9.4258783823141610E-09  8.9198600413732034E-09
  1.1369503595570183E+01  9.2543427169993488E-09  8.7599089835403709E-09
  1.1482774560235697E+01  9.0859977113672834E-09  8.6028494279496679E-09
  1.1597174009652408E+01  8.9207889245230611E-09  8.4486346355281065E-09
  1.1712713186576449E+01  8.7586626367306929E-09  8.2972184021694432E-09
  1.1829403445772192E+01  8.5995658459401999E-09  8.1485550591679094E-09
  1.1947256255128114E+01  8.4434462653643512E-09  8.0025994745610218E-09
  1.2066283196783829E+01  8.2902523208078684E-09  7.8593070541756513E-09
  1.2186495968268369E+01  8.1399331477575049E-09  7.7186337423852394E-09
  1.2307906383649748E+01  7.9924385882416017E-09  7.5805360225859924E-09
  1.2430526374695969E+01  7.8477191874681691E-09  7.4449709174007224E-09
  1.2554367992047711E+01  7.7057262013517571E-09  7.3118959990312767E-09
  1.2679443406402587E+01  7.5664116220699549E-09  7.1812694155374891E-09
  1.2805764909711188E+01  7.4297279205642207E-09  7.0530496487627707E-09
  1.2933344916385170E+01  7.2956280085453541E-09  6.9271954759964321E-09
  1.3062195964517267E+01  7.1640656978152629E-09  6.8036664134030619E-09
  1.3192330717113437E+01  7.0349955013725673E-09  6.6824225347687765E-09
  1.3323761963337422E+01  6.9083726181783761E-09  6.5634244600493257E-09
  1.3456502619767580E+01  6.7841529277371300E-09  6.4466333530451773E-09
  1.3590565731666214E+01  6.6622929845587410E-09  6.3320109189083605E-09
  1.3725964474261783E+01  6.5427500125073877E-09  6.2195194014861709E-09
  1.3862712154043518E+01  6.4254818990431351E-09  6.1091215805080375E-09
  1.4000822210069220E+01  6.3104471893611779E-09  6.0007807686204567E-09
  1.4140308215286097E+01  6.1976050795023488E-09  5.8944608074288505E-09
  1.4281183877864466E+01  6.0869154851669267E-09  5.7901261363913459E-09
  1.4423463042545102E+01  5.9783391164144409E-09  5.6877418653285284E-09
  1.4567159691999800E+01  5.8718376380497431E-09  5.5872739276003844E-09
  1.4712287948205482E+01  5.7673736287587112E-09  5.4886890452265844E-09
  1.4858862073832153E+01  5.6649102394480185E-09  5.3919544066094435E-09
  1.5006896473644531E+01  5.5644111773890831E-09  5.2970376536770004E-09
  1.5156405695917652E+01  5.4658407025458738E-09  5.2039068805205880E-09
  1.5307404433866711E+01  5.3691636237548670E-09  5.1125306318468780E-09
  1.5459907527091021E+01  5.2743452947641864E-09  5.0228779012512592E-09
  1.5613929963032328E+01  5.1813516101383737E-09  4.9349181293191384E-09
  1.5769486878447834E+01  5.0901490010354944E-09  4.8486212015617196E-09
  1.5926593560897720E+01  5.0007044309313392E-09  4.7639574462502507E-09
  1.6085265450247512E+01  4.9129853300495983E-09  4.6808975737312091E-09
  1.6245518140185549E+01  4.8269592075306657E-09  4.5994123092926101E-09
  1.6407367379755428E+01  4.7425931066206833E-09  4.5194718802219499E-09
  1.6570829074903685E+01  4.6598520957607829E-09  4.4410445864213654E-09
  1.6735919290043167E+01  4.5787014894385554E-09  4.3640989069629255E-09
  1.6902654249631560E+01  4.4991074121062000E-09  4.2886040356715542E-09
  1.7071050339765975E+01  4.4210367778349590E-09  4.2145298637994826E-09
  1.7241124109793397E+01  4.3444572703691704E-09  4.1418469630084789E-09
  1.7412892273936901E+01  4.2693373237354349E-09  4.0705265688090616E-09
  1.7586371712938433E+01  4.1956461033895749E-09  4.0005405644427742E-09
  1.7761579475717728E+01  4.1233534878851145E-09  3.9318614651945110E-09
  1.7938532781047744E+01  4.0524300510444250E-09  3.8644624031199607E-09
  1.8117249019246994E+01  3.9828470558234765E-09  3.7983171228200417E-09
  1.8297745753888524E+01  3.9145767743991163E-09  3.7334002870757691E-09
  1.8480040723525963E+01  3.8475928775725437E-09  3.6696878514251992E-09
  1.8664151843436883E+01  3.7818700813707638E-09  3.6071567289281628E-09
  1.8850097207383431E+01  3.7173836767295290E-09  3.5457843412920280E-09
  1.9037895089390421E+01  3.6541094532522774E-09  3.4855485473898988E-09
  1.9227563945541380E+01  3.5920236890347186E-09  3.4264276349294300E-09
  1.9419122415792277E+01  3.5311031404857923E-09  3.3684003120727761E-09
  1.9612589325803317E+01  3.4713250323803034E-09  3.3114456992313102E-09
  1.9807983688789207E+01  3.4126670481367515E-09  3.2555433210305860E-09
  2.0005324707387611E+01  3.3551073203146323E-09  3.2006730984415326E-09
  2.0204631775546265E+01  3.2986244213252465E-09  3.1468153410737197E-09
  2.0405924480429125E+01  3.2431973535883464E-09  3.0939507389168926E-09
  2.0609222604341110E+01  3.1888055288975821E-09  3.0420603447110488E-09
  2.0814546126672308E+01  3.1354288503083810E-09  2.9911256539150939E-09
  2.1021915225861633E+01  3.0830458872085195E-09  2.9411268625474936E-09
  2.1231350281379594E+01  3.0316340998680654E-09  2.8920430839002674E-09
  2.1442871875731367E+01  2.9811714708203540E-09  2.8438539035427511E-09
  2.1656500796479463E+01  2.9316365779029000E-09  2.7965394498216650E-09
  2.1872258038286603E+01  2.8830085763536086E-09  2.7500803778721442E-09
  2.2090164804979125E+01  2.8352671815595181E-09  2.7044578542023353E-09
  2.2310242511630737E+01  2.7883926524299251E-09  2.6596535418268653E-09
  2.2532512786667059E+01  2.7423657753668805E-09  2.6156495859255145E-09
  2.2756997473991326E+01  2.6971678488074205E-09  2.5724286000046272E-09
  2.2983718635131041E+01  2.6527806683670027E-09  2.5299736525847202E-09
  2.3212698551406039E+01  2.6091864851656310E-09  2.4882682281541745E-09
  2.3443959726118351E+01  2.5663671558728839E-09  2.4472954187166172E-09
  2.3677524886763688E+01  2.5243054018612032E-09  2.4070391269687289E-09
  2.3913416987264917E+01  2.4829877295272844E-09  2.3674868511771871E-09
  2.4151659210228058E+01  2.4424014118206763E-09  2.3286268076365532E-09
  2.4392274969220502E+01  2.4025339051020062E-09  2.2904473756412313E-09
  2.4635287911071913E+01  2.3633728475410898E-09  2.2529370962343519E-09
  2.4880721918198414E+01  2.3249060576154544E-09  2.2160846710509148E-09
  2.5128601110949358E+01  2.2871215326828737E-09  2.1798789612296847E-09
  2.5378949849977925E+01  2.2500074476185030E-09  2.1443089863844645E-09
  2.5631792738635347E+01  2.2135521535081755E-09  2.1093639236262692E-09
  2.5887154625388504E+01  2.1777441763872713E-09  2.0750331066263733E-09
  2.6145060606262238E+01  2.1425722187784916E-09  2.0413060273696746E-09
  2.6405536027305573E+01  2.1080255801670441E-09  2.0081727345562362E-09
  2.6668606487082556E+01  2.0740946908280668E-09  1.9756243389376368E-09
  2.6934297839188176E+01  2.0407683226168356E-09  1.9436503570889946E-09
  2.7202636194789029E+01  2.0080346396226800E-09  1.9122397152646081E-09
  2.7473647925189393E+01  1.9758820577609979E-09  1.8813815692137021E-09
  2.7747359664423048E+01  1.9442992452966967E-09  1.8510653051116410E-09
  2.8023798311870678E+01  1.9132751165954350E-09  1.8212805340275840E-09
  2.8302991034903371E+01  1.8827988260841639E-09  1.7920170865744154E-09
  2.8584965271552708E+01  1.8528597624118632E-09  1.7632650077329702E-09
  2.8869748733207157E+01  1.8234475428019281E-09  1.7350145518429818E-09
  2.9157369407335388E+01  1.7945520075879625E-09  1.7072561777534874E-09
  2.9447855560236938E+01  1.7661632145200568E-09  1.6799805437637269E-09
  2.9741235739820027E+01  1.7382713593854723E-09  1.6531784336729490E-09
  3.0037538778407068E+01  1.7108663357992862E-09  1.6268403412938304E-09
  3.0336793795568369E+01  1.6839382900279911E-09  1.6009569971834656E-09
  3.0639030200983807E+01  1.6574779234222476E-09  1.5755196553354482E-09
  3.0944277697332982E+01  1.6314761539017947E-09  1.5505197706654190E-09
  3.1252566283214630E+01  1.6059240941413112E-09  1.5259489784378184E-09
  3.1563926256094376E+01  1.5808130470205310E-09  1.5017990901314332E-09
  3.1878388215282413E+01  1.5561345011893702E-09  1.4780620894073050E-09
  3.2195983064940926E+01  1.5318801267450276E-09  1.4547301281762934E-09
  3.2516742017120784E+01  1.5080417710180221E-09  1.4317955227637091E-09
  3.2840696594829332E+01  1.4846114544641463E-09  1.4092507501683291E-09
  3.3167878635128204E+01  1.4615813667515916E-09  1.3870884444877626E-09
  3.3498320292262058E+01  1.4389438723418464E-09  1.3653014017803984E-09
  3.3832054040818782E+01  1.4166916316436393E-09  1.3438826939915496E-09
  3.4169112678920861E+01  1.3948180060736015E-09  1.3228260553948708E-09
  3.4509529331448576E+01  1.3733169876540622E-09  1.3021258166760660E-09
  3.4853337453295595E+01  1.3521827019572082E-09  1.2817764315865303E-09
  3.5200570832656673E+01  1.3314093486620261E-09  1.2617724204772165E-09
  3.5551263594348143E+01  1.3109912013336542E-09  1.2421083702339533E-09
  3.5905450203161791E+01  1.2909226071760018E-09  1.2227789341831607E-09
  3.6263165467251824E+01  1.2711979867587582E-09  1.2037788319691379E-09
  3.6624444541555562E+01  1.2518118337199128E-09  1.1851028494040305E-09
  3.6989322931248566E+01  1.2327587144447773E-09  1.1667458382915310E-09
  3.7357836495233840E+01  1.2140332677204626E-09  1.1487027162238391E-09
  3.7730021449665784E+01  1.1956302018460055E-09  1.1309684642377541E-09
  3.8105914371509762E+01  1.1775442703642786E-09  1.1135381049032666E-09
  3.8485552202136276E+01  1.1597700508228268E-09  1.0964064918713036E-09
  3.8868972250951671E+01  1.1423016687044388E-09  1.0795680469825653E-09
  3.9256212199064983E+01  1.1251332312661024E-09  1.0630171729087483E-09
  3.9647310102990581E+01  1.1082589704428307E-09  1.0467483891828024E-09
  4.0042304398388680E+01  1.0916732405807103E-09  1.0307563301263517E-09
  4.0441233903842466E+01  1.0753705156187901E-09  1.0150357422494547E-09
  4.0844137824672970E+01  1.0593453863411916E-09  9.9958148171373620E-10
  4.1251055756792212E+01  1.0435925576975435E-09  9.8438851185725470E-10
  4.1662027690594456E+01  1.0281068461899454E-09  9.6945190077949942E-10
  4.2077094014886178E+01  1.0128831773247023E-09  9.5476681898494816E-10
  4.2496295520855575E+01  9.9791658374069154E-10  9.4032853758276288E-10
  4.2919673406081259E+01  9.8320220170199210E-10  9.2613242443961133E-10
  4.3347269278580889E+01  9.6873522031911461E-10  9.1217389727255336E-10
  4.3779125160900456E+01  9.5451091393000020E-10  8.9844845445955522E-10
  4.4215283494244041E+01  9.4052467316078088E-10  8.8495170405961380E-10
  4.4655787142644606E+01  9.2677198665991135E-10  8.7167934649400266E-10
  4.5100679397176791E+01  9.1324843813089421E-10  8.5862717177066806E-10
  4.5550003980211272E+01  8.9994970414894851E-10  8.4579105745105276E-10
  4.6003805049711445E+01  8.8687155203216846E-10  8.3316696666668937E-10
  4.6462127203573608E+01  8.7400983776570873E-10  8.2075094618425117E-10
  4.6925015484009307E+01  8.6136050397766679E-10  8.0853912451783850E-10
  4.7392515381972146E+01  8.4891957796524601E-10  7.9652771008720435E-10
  4.7864672841628796E+01  8.3668316971482908E-10  7.8471298937401572E-10
  4.8341534264873573E+01  8.2464746730245302E-10  7.7309132302691530E-10
  4.8823146515889221E+01  8.1280877542146727E-10  7.6165918195239368E-10
  4.9309556925752283E+01  8.0116372323164605E-10  7.5041334260851002E-10
  4.9800813297084531E+01  7.8970922848974702E-10  7.3935085376321363E-10
  5.0296963908751131E+01  7.7844227366550606E-10  7.2846882478186141E-10
  5.0798057520605113E+01  7.6735988405344381E-10  7.1776440493281452E-10
  5.1304143378279221E+01  7.5645912737799808E-10  7.0723478304786974E-10
  5.1815271218025849E+01  7.4573711339651433E-10  6.9687718717875015E-10
  5.2331491271604804E+01  7.3519099350043271E-10  6.8668888424998524E-10
  5.2852854271219748E+01  7.2481796031498179E-10  6.7666717970841951E-10
  5.3379411454504272E+01  7.1461524729767869E-10  6.6680941716960797E-10
  5.3911214569557181E+01  7.0458012833518520E-10  6.5711297806135412E-10
  5.4448315880027963E+01  6.9470991826130195E-10  6.4757528199001314E-10
  5.4990768170253382E+01  6.8500196720351462E-10  6.3819378126391009E-10
  5.5538624750444754E+01  6.7545359176325515E-10  6.2896589693450555E-10
  5.6091939461926884E+01  6.6606201962606802E-10  6.1988896643815881E-10
  5.6650766682429989E+01  6.5682450074536573E-10  6.1096034825839938E-10
  5.7215161331432988E+01  6.4773833588612106E-10  6.0217744885973266E-10
  5.7785178875561179E+01  6.3880087574617820E-10  5.9353772185539411E-10
  5.8360875334037580E+01  6.3000952003621956E-10  5.8503866713346726E-10
  5.8942307284187592E+01  6.2136171657998063E-10  5.7667782999932147E-10
  5.9529531866999818E+01  6.1285496043460026E-10  5.6845280033401667E-10
  6.0122606792741443E+01  6.0448679303119717E-10  5.6036121176843029E-10
  6.0721590346629618E+01  5.9625480133573122E-10  5.5240074087277332E-10
  6.1326541394559840E+01  5.8815661709399250E-10  5.4456910641443052E-10
  6.1937519388890948E+01  5.8018991812028241E-10  5.3686407028402526E-10
  6.2554584374287671E+01  5.7235242527014751E-10  5.2928343476993073E-10
  6.3177796993621925E+01  5.6464193867360894E-10  5.2182507669494966E-10
  6.3807218493932474E+01  5.5705631970241524E-10  5.1448693029977979E-10
  6.4442910732443806E+01  5.4959346778744873E-10  5.0726696541079999E-10
  6.5084936182645635E+01  5.4225131937871576E-10  5.0016318639854929E-10
  6.5733357940432370E+01  5.3502784742048989E-10  4.9317363160975200E-10
  6.6388239730303738E+01  5.2792106084958205E-10  4.8629637280800710E-10
  6.7049645911627820E+01  5.2092900411915211E-10  4.7952951462301637E-10
  6.7717641484965853E+01  5.1404975675107461E-10  4.7287119400825459E-10
  6.8392292098459919E+01  5.0728143292059792E-10  4.6631957970695906E-10
  6.9073664054285416E+01  5.0062218106537116E-10  4.5987287171417347E-10
  6.9761824315166066E+01  4.9407017957766650E-10  4.5352929749402296E-10
  7.0456840510955175E+01  4.8762362756133554E-10  4.4728710390110332E-10
  7.1158780945282516E+01  4.8128071516164784E-10  4.4114452833683360E-10
  7.1867714602265934E+01  4.7503963159363785E-10  4.3509980572590934E-10
  7.2583711153291787E+01  4.6889860197212966E-10  4.2915120243686745E-10
  7.3306840963861546E+01  4.6285588942956941E-10  4.2329701774299772E-10
  7.4037175100506957E+01  4.5690979509318665E-10  4.1753558316598219E-10
  7.4774785337774588E+01  4.5105865823429082E-10  4.1186526183330270E-10
  7.5519744165279334E+01  4.4530085663408888E-10  4.0628444784912386E-10
  7.6272124794828244E+01  4.3963480722542119E-10  4.0079156567834881E-10
  7.7032001167615931E+01  4.3405896709065908E-10  3.9538506954355629E-10
  7.7799447961490984E+01  4.2857183492553111E-10  3.9006344283530415E-10
  7.8574540598294917E+01  4.2317195452519256E-10  3.8482519863718192E-10
  7.9357355251274655E+01  4.1785792001495060E-10  3.7966888050582246E-10
  8.0147968852568440E+01  4.1262835799838792E-10  3.7459304276299091E-10
  8.0946459100766148E+01  4.0748193470903204E-10  3.6959625143084223E-10
  8.1752904468545736E+01  4.0241737829660672E-10  3.6467709708592406E-10
  8.2567384210384972E+01  3.9743349339389210E-10  3.5983419785614574E-10
  8.3389978370349979E+01  3.9252917619712513E-10  3.5506619884595124E-10
  8.4220767789962522E+01  3.8770343583824370E-10  3.5037177156901989E-10
  8.5059834116143804E+01  3.8295542490861730E-10  3.4574961339379104E-10
  8.5907259809238866E+01  3.7828448326940889E-10  3.4119844700147782E-10
  8.6763128151121037E+01  3.7369020084820288E-10  3.3671701985628281E-10
  8.7627523253375443E+01  3.6917250625924845E-10  3.3230410368753167E-10
  8.8500530065566124E+01  3.6473178582188576E-10  3.2795849388368672E-10
  8.9382234383584233E+01  3.6036902563524909E-10  3.2367901126773158E-10
  9.0272722858079462E+01  3.5608592781896835E-10  3.1946451891385020E-10
  9.1172083002976265E+01  3.5188472495045238E-10  3.1531390261022325E-10
  9.2080403204074216E+01  3.4776721512367930E-10  3.1122606355331856E-10
  9.2997772727733818E+01  3.4373229772503160E-10  3.0719992355619466E-10
  9.3924281729650019E+01  3.3977264452243984E-10  3.0323442474371319E-10
  9.4860021263711886E+01  3.3587479531231084E-10  2.9932852913878991E-10
  9.5805083290950961E+01  3.3202565025165000E-10  2.9548121825767220E-10
  9.6759560688579256E+01  3.2821867267089620E-10  2.9169149271403116E-10
  9.7723547259116756E+01  3.2445349771725973E-10  2.8795837183167084E-10
  9.8697137739609545E+01  3.2073239093323968E-10  2.8428089326565101E-10
  9.9680427810940898E+01  3.1705782909094266E-10  2.8065811263877512E-10
  1.0067351410723410E+02  3.1343166191278230E-10  2.7708910159125277E-10
  1.0167649422534903E+02  3.0985500304329582E-10  2.7357292019953080E-10
  1.0268946673447421E+02  3.0632833893324303E-10  2.7010860515067772E-10
  1.0371253118581348E+02  3.0285172319269409E-10  2.6669520516082259E-10
  1.0474578812236916E+02  2.9942493057545945E-10  2.6333178876835461E-10
  1.0578933908882416E+02  2.9604755828819973E-10  2.6001744391810844E-10
  1.0684328664152012E+02  2.9271908889627722E-10  2.5675127752154622E-10
  1.0790773435853677E+02  2.8943892675824860E-10  2.5353241502807431E-10
  1.0898278684987197E+02  2.8620640232272365E-10  2.5036000000718748E-10
  1.1006854976772094E+02  2.8302078891326404E-10  2.4723319374115115E-10
  1.1116512981686056E+02  2.7988135991987161E-10  2.4415117482791106E-10
  1.1227263476513549E+02  2.7678741275911028E-10  2.4111313879486266E-10
  1.1339117345404891E+02  2.7373824839105837E-10  2.3811829807121150E-10
  1.1452085580945960E+02  2.7073317255993603E-10  2.3516589486718984E-10
  1.1566179285238492E+02  2.6777150511515996E-10  2.3225521556404923E-10
  1.1681409670991098E+02  2.6485256176367655E-10  2.2938556604498928E-10
  1.1797788062621294E+02  2.6197567044225698E-10  2.2655626509576895E-10
  1.1915325897368376E+02  2.5914018223565312E-10  2.2376664421581612E-10
  1.2034034726417403E+02  2.5634546001948852E-10  2.2101604735692944E-10
  1.2153926216034473E+02  2.5359084737561515E-10  2.1830383066783188E-10
  1.2275012148713189E+02  2.5087567258672965E-10  2.1562936224445184E-10
  1.2397304424332634E+02  2.4819932507868124E-10  2.1299202188578993E-10
  1.2520815061326783E+02  2.4556124748858382E-10  2.1039120085524114E-10
  1.2645556197865717E+02  2.4296084752623999E-10  2.0782630164716755E-10
  1.2771540093048478E+02  2.4039752972649731E-10  2.0529673774467260E-10
  1.2898779128107799E+02  2.3787071188351919E-10  2.0280193064513292E-10
  1.3027285807626978E+02  2.3537978626597185E-10  2.0034129179218307E-10
  1.3157072760768739E+02  2.3292413249555257E-10  1.9791421746277221E-10
  1.3288152742516337E+02  2.3050315127099494E-10  1.9552011009192782E-10
  1.3420538634927146E+02  2.2811625037883807E-10  1.9315838455276019E-10
  1.3554243448398620E+02  2.2576281659135052E-10  1.9082846793445927E-10
  1.3689280322946917E+02  2.2344223222988531E-10  1.8852979926477016E-10
  1.3825662529498214E+02  2.2115392229549731E-10  1.8626182923952682E-10
  1.3963403471192996E+02  2.1889735637030233E-10  1.8402401995903486E-10
  1.4102516684703230E+02  2.1667201779991367E-10  1.8181584467112961E-10
  1.4243015841562649E+02  2.1447741306256835E-10  1.7963678752071141E-10
  1.4384914749510446E+02  2.1231304816900868E-10  1.7748634331395143E-10
  1.4528227353848175E+02  2.1017837748706830E-10  1.7536401782790139E-10
  1.4672967738810223E+02  2.0807289801077810E-10  1.7326933926859550E-10
  1.4819150128948039E+02  2.0599621690008699E-10  1.7120190439850083E-10
  1.4966788890528005E+02  2.0394795669664519E-10  1.6916135992456560E-10
  1.5115898532943336E+02  2.0192772623223327E-10  1.6714735899816660E-10
  1.5266493710139952E+02  1.9993518294626958E-10  1.6515955870223828E-10
  1.5418589222056696E+02  1.9797003988580786E-10  1.6319762002718155E-10
  1.5572200016079773E+02  1.9603201038621562E-10  1.6126120784636169E-10
  1.5727341188511687E+02  1.9412077024473621E-10  1.5934999089121378E-10
  1.5884027986054934E+02  1.9223597973124869E-10  1.5746364172596673E-10
  1.6042275807310347E+02  1.9037730941946888E-10  1.5560183672200999E-10
  1.6202100204290369E+02  1.8854443753192534E-10  1.5376425603116051E-10
  1.6363516883947543E+02  1.8673706834788534E-10  1.5195058355113877E-10
  1.6526541709718060E+02  1.8495489163672166E-10  1.5016050263168301E-10
  1.6691190703080804E+02  1.8319745156008369E-10  1.4839363668410535E-10
  1.6857480045131811E+02  1.8146423992181949E-10  1.4664951134226998E-10
  1.7025426078174593E+02  1.7975481712602320E-10  1.4492764807925416E-10
  1.7195045307326143E+02  1.7806871990404115E-10  1.4322758058363006E-10
  1.7366354402138938E+02  1.7640546429302758E-10  1.4154885444099851E-10
  1.7539370198239291E+02  1.7476459059119467E-10  1.3989102682510670E-10
  1.7714109698981812E+02  1.7314565857108721E-10  1.3825366619877796E-10
  1.7890590077120410E+02  1.7154820974556225E-10  1.3663635202429935E-10
  1.8068828676496040E+02  1.6997176427031615E-10  1.3503867448292896E-10
  1.8248843013741154E+02  1.6841586622444401E-10  1.3346023420322420E-10
  1.8430650780001193E+02  1.6688010848987857E-10  1.3190064199078066E-10
  1.8614269842673136E+02  1.6536410500365898E-10  1.3035951980257451E-10
  1.8799718247161542E+02  1.6386754529192548E-10  1.2883652679421531E-10
  1.8987014218651947E+02  1.6239025605966980E-10  1.2733141392913509E-10
  1.9176176163901906E+02  1.6093201704394320E-10  1.2584396469665323E-10
  1.9367222673050046E+02  1.5949256226097626E-10  1.2437396536774766E-10
  1.9560172521442996E+02  1.5807164476554392E-10  1.2292120472055488E-10
  1.9755044671480476E+02  1.5666903438584048E-10  1.2148547401555619E-10
  1.9951858274479000E+02  1.5528453746292210E-10  1.2006656697090712E-10
  2.0150632672553908E+02  1.5391798545892290E-10  1.1866427973791418E-10
  2.0351387400520204E+02  1.5256920146846939E-10  1.1727841087665659E-10
  2.0554142187812465E+02  1.5123801292884057E-10  1.1590876133175565E-10
  2.0758916960423704E+02  1.4992426211479809E-10  1.1455513441634330E-10
  2.0965731842863673E+02  1.4862776797931502E-10  1.1321733572499132E-10
  2.1174607160136526E+02  1.4734829235622774E-10  1.1189516907042624E-10
  2.1385563439738422E+02  1.4608554586199837E-10  1.1058841732182956E-10
  2.1598621413674829E+02  1.4483928272474637E-10  1.0929685056462324E-10
  2.1813802020497920E+02  1.4360934260553416E-10  1.0802024241052374E-10
  2.2031126407364459E+02  1.4239553801925644E-10  1.0675837067249223E-10
  2.2250615932114030E+02  1.4119764596019311E-10  1.0551101728150770E-10
  2.2472292165367895E+02  1.4001545028752808E-10  1.0427796820518541E-10
  2.2696176892649058E+02  1.3884874068758798E-10  1.0305901336819388E-10
  2.2922292116523127E+02  1.3769728923455516E-10  1.0185394657442966E-10
  2.3150660058760732E+02  1.3656086392929105E-10  1.0066256543090177E-10
  2.3381303162521289E+02  1.3543925255042059E-10  9.9484671272216729E-11
  2.3614244094558762E+02  1.3433227766990091E-10  9.8320069153423002E-11
  2.3849505747449214E+02  1.3323979751581616E-10  9.7168569197484260E-11
  2.4087111241840518E+02  1.3216166936218942E-10  9.6029990791609453E-11
  2.4327083928724733E+02  1.3109770298292608E-10  9.4904160569849946E-11
  2.4569447391732862E+02  1.3004768493770351E-10  9.3790908331186187E-11
  2.4814225449452493E+02  1.2901143744168291E-10  9.2690066665250538E-11
  2.5061442157768772E+02  1.2798879407535670E-10  9.1601470902741436E-11
  2.5311121812228390E+02  1.2697956595451091E-10  9.0524959066825583E-11
  2.5563288950427338E+02  1.2598361037404111E-10  8.9460371825502310E-11
  2.5817968354422271E+02  1.2500084910942966E-10  8.8407552444913042E-11
  2.6075185053166132E+02  1.2403117188622000E-10  8.7366346743570930E-11
  2.6334964324967842E+02  1.2307440811323423E-10  8.6336603047519968E-11
  2.6597331699976462E+02  1.2213035714469135E-10  8.5318172119163769E-11
  2.6862312962690402E+02  1.2119881977742578E-10  8.4310906832736691E-11
  2.7129934154491298E+02  1.2027966661224174E-10  8.3314660873729681E-11
  2.7400221576203217E+02  1.1937283170876160E-10  8.2329287718338117E-11
  2.7673201790677535E+02  1.1847822027065551E-10  8.1354642783147682E-11
  2.7948901625403352E+02  1.1759567539428823E-10  8.0390583972855313E-11
  2.8227348175144073E+02  1.1672500852012490E-10  7.9436971636888774E-11
  2.8508568804600009E+02  1.1586603478370081E-10  7.8493668524846386E-11
  2.8792591151097901E+02  1.1501860553779667E-10  7.7560539742833467E-11
  2.9079443127306916E+02  1.1418263283619260E-10  7.6637452710679237E-11
  2.9369152923981704E+02  1.1335805982697455E-10  7.5724277120011840E-11
  2.9661749012733048E+02  1.1254479062094318E-10  7.4820884893170212E-11
  2.9957260148825912E+02  1.1174268448152344E-10  7.3927150153243719E-11
  3.0255715374005251E+02  1.1095156075351954E-10  7.3042949334265111E-11
  3.0557144019350324E+02  1.1017123610068578E-10  7.2168161977611484E-11
  3.0861575708157147E+02  1.0940161992030027E-10  7.1302670995453556E-11
  3.1169040358849816E+02  1.0864269174003942E-10  7.0446361062835753E-11
  3.1479568187920620E+02  1.0789440035354966E-10  6.9599118717183277E-11
  3.1793189712899840E+02  1.0715662888794940E-10  6.8760832353635873E-11
  3.2109935755354780E+02  1.0642917974715398E-10  6.7931392192679569E-11
  3.2429837443918711E+02  1.0571184416659325E-10  6.7110690248405103E-11
  3.2752926217350256E+02  1.0500458998697081E-10  6.6298620297380320E-11
  3.3079233827623000E+02  1.0430749595591754E-10  6.5495077848123005E-11
  3.3408792343045849E+02  1.0362043848107022E-10  6.4699960111158892E-11
  3.3741634151414769E+02  1.0294322363146743E-10  6.3913165968412888E-11
  3.4077791963195619E+02  1.0227571244341138E-10  6.3134595904016207E-11
  3.4417298814738905E+02  1.0161780088710939E-10  6.2364152498409507E-11
  3.4760188071526295E+02  1.0096945446169867E-10  6.1601743675168020E-11
  3.5106493431449871E+02  1.0033066618071314E-10  6.0847282891613934E-11
  3.5456248928123750E+02  9.9701385869338693E-11  6.0100685164081529E-11
  3.5809488934228659E+02  9.9081490924744164E-11  5.9361866609226658E-11
  3.6166248164890180E+02  9.8470839162394550E-11  5.8630744428932644E-11
  3.6526561681090294E+02  9.7869351120732013E-11  5.7907236895442411E-11
  3.6890464893112966E+02  9.7276993280001880E-11  5.7191263336710490E-11
  3.7257993564024343E+02  9.6693699203880027E-11  5.6482744121972385E-11
  3.7629183813187262E+02  9.6119435153722990E-11  5.5781600647526670E-11
  3.8004072119811008E+02  9.5554211921424715E-11  5.5087755322738174E-11
  3.8382695326536219E+02  9.4997845486021121E-11  5.4401131574628033E-11
  3.8765090643055845E+02  9.4450183866370456E-11  5.3721653789379551E-11
  3.9151295649771890E+02  9.3911246544639352E-11  5.3049245475481586E-11
  3.9541348301488551E+02  9.3380993198303527E-11  5.2383826995657092E-11
  3.9935286931142497E+02  9.2859295901026596E-11  5.1725318965796713E-11
  4.0333150253569994E+02  9.2346050606049777E-11  5.1073643267501467E-11
  4.0734977369311508E+02  9.1841235497097677E-11  5.0428723029278775E-11
  4.1140807768454647E+02  9.1344847216283087E-11  4.9790482605624528E-11
  4.1550681334514900E+02  9.0856814694419423E-11  4.9158847556477719E-11
  4.1964638348355317E+02  9.0377014442340026E-11  4.8533744627037874E-11
  4.2382719492145048E+02  8.9905326717678475E-11  4.7915101727938058E-11
  4.2804965853357635E+02  8.9441690695264340E-11  4.7302847915764305E-11
  4.3231418928808847E+02  8.8986123178970929E-11  4.6696913371783841E-11
  4.3662120628734681E+02  8.8538626224276537E-11  4.6097229421673306E-11
  4.4097113280910418E+02  8.8099074908425653E-11  4.5503729243276337E-11
  4.4536439634810307E+02  8.7667330006395091E-11  4.4916350577154291E-11
  4.4980142865808682E+02  8.7243390539916870E-11  4.4335033763392897E-11
  4.5428266579423382E+02  8.6827273736636591E-11  4.3759719918310847E-11
  4.5880854815600918E+02  8.6418875370884070E-11  4.3190350880737685E-11
  4.6337952053044654E+02  8.6018045971187477E-11  4.2626869202616315E-11
  4.6799603213585874E+02  8.5624750678151514E-11  4.2069218139727314E-11
  4.7265853666598736E+02  8.5239037039544650E-11  4.1517341642530240E-11
  4.7736749233458926E+02  8.4860879918832769E-11  4.0971184347121892E-11
  4.8212336192046649E+02  8.4490170693850231E-11  4.0430691566308437E-11
  4.8692661281294937E+02  8.4126810950557462E-11  3.9895809281324459E-11
  4.9177771705782834E+02  8.3770720866465320E-11  3.9366484088205172E-11
  4.9667715140374349E+02  8.3421907878059617E-11  3.8842663164309765E-11
  5.0162539734904038E+02  8.3080495548916557E-11  3.8324293867322686E-11
  5.0662294118908841E+02  8.2746460660045807E-11  3.7811323471481321E-11
  5.1167027406407254E+02  8.2419626258995706E-11  3.7303699881101614E-11
  5.1676789200725921E+02  8.2099819733766032E-11  3.6801371688755325E-11
  5.2191629599374721E+02  8.1786975220594724E-11  3.6304288165292620E-11
  5.2711599198970100E+02  8.1481093280979234E-11  3.5812399249999985E-11
  5.3236749100207237E+02  8.1182198972800499E-11  3.5325655540889998E-11
  5.3767130912882476E+02  8.0890297886286611E-11  3.4844008285120323E-11
  5.4302796760965100E+02  8.0605326090760683E-11  3.4367409369539588E-11
  5.4843799287719764E+02  8.0327189417074722E-11  3.3895811311300078E-11
  5.5390191660880362E+02  8.0055822295145136E-11  3.3429167252002795E-11
  5.5942027577875001E+02  7.9791153337284837E-11  3.2967431053599333E-11
  5.6499361271103260E+02  7.9533091328413996E-11  3.2510557146788897E-11
  5.7062247513265720E+02  7.9281641884201333E-11  3.2058500376341598E-11
  5.7630741622747155E+02  7.9036862151545256E-11  3.1611216141336615E-11
  5.8204899469052907E+02  7.8798673754191712E-11  3.1168660422980321E-11
  5.8784777478299259E+02  7.8566931046528353E-11  3.0730789776030526E-11
  5.9370432638759269E+02  7.8341585298129711E-11  3.0297561320284116E-11
  5.9961922506463065E+02  7.8122653923638658E-11  2.9868932732169161E-11
  6.0559305210854120E+02  7.7910099055181675E-11  2.9444862236438798E-11
  6.1162639460502373E+02  7.7703837987285219E-11  2.9025308597963845E-11
  6.1771984548873615E+02  7.7503826252865820E-11  2.8610231113623842E-11
  6.2387400360156767E+02  7.7310043735202350E-11  2.8199589609793223E-11
  6.3008947375148853E+02  7.7122449442074916E-11  2.7793344460850272E-11
  6.3636686677199134E+02  7.6941022193047660E-11  2.7391457000170534E-11
  6.4270679958212065E+02  7.6765706846146507E-11  2.6993891128761777E-11
  6.4910989524709885E+02  7.6596320449380209E-11  2.6600612030695146E-11
  6.5557678303956266E+02  7.6432797852616010E-11  2.6211585196563145E-11
  6.6210809850140424E+02  7.6275291684574581E-11  2.5826776403386471E-11
  6.6870448350622723E+02  7.6123780742021531E-11  2.5446151712315884E-11
  6.7536658632243223E+02  7.5978108392621070E-11  2.5069677466325511E-11
  6.8209506167692348E+02  7.5838174333154423E-11  2.4697320287897618E-11
  6.8889057081945430E+02  7.5703914191838763E-11  2.4329047076698284E-11
  6.9575378158760918E+02  7.5575308739186591E-11  2.3964825007244539E-11
  7.0268536847244116E+02  7.5452366246491542E-11  2.3604621525446858E-11
  7.0968601268475595E+02  7.5335089207289158E-11  2.3248404293587777E-11
  7.1675640222205664E+02  7.5223414064330023E-11  2.2896140919964393E-11
  7.2389723193616169E+02  7.5117259443282028E-11  2.2547797543796406E-11
  7.3110920360149078E+02  7.5016552703553355E-11  2.2203339209737215E-11
  7.3839302598402992E+02  7.4921154479187582E-11  2.1862731340913735E-11
  7.4574941491099094E+02  7.4830938614289229E-11  2.1525939833140979E-11
  7.5317909334115814E+02  7.4745966077896643E-11  2.1192931046480580E-11
  7.6068279143593566E+02  7.4666342257661223E-11  2.0863671796891746E-11
  7.6826124663111000E+02  7.4592017570243314E-11  2.0538129347971900E-11
  7.7591520370931846E+02  7.4522830359138813E-11  2.0216271402785775E-11
  7.8364541487324675E+02  7.4458531485964880E-11  1.9898066095779982E-11
  7.9145263981954793E+02  7.4399000050344733E-11  1.9583481984815903E-11
  7.9933764581350829E+02  7.4344265785484543E-11  1.9272488054367703E-11
  8.0730120776444858E+02  7.4294333982610897E-11  1.8965053763175013E-11
  8.1534410830187744E+02  7.4249205597843368E-11  1.8661149537381670E-11
  8.2346713785240911E+02  7.4208839869937026E-11  1.8360747311234367E-11
  8.3167109471744243E+02  7.4173111331445048E-11  1.8063819505066179E-11
  8.3995678515161126E+02  7.4141917168743388E-11  1.7770338792974783E-11
  8.4832502344202646E+02  7.4115150234601763E-11  1.7480278098802326E-11
  8.5677663198829646E+02  7.4092575741267042E-11  1.7193610592201630E-11
  8.6531244138335251E+02  7.4074072521418179E-11  1.6910309684714456E-11
  8.7393329049507167E+02  7.4059859981702232E-11  1.6630349025861717E-11
  8.8264002654872388E+02  7.4050046530096065E-11  1.6353702499244712E-11
  8.9143350521023103E+02  7.4044434598732867E-11  1.6080344218657678E-11
  9.0031459067025605E+02  7.4042886949394980E-11  1.5810248523681631E-11
  9.0928415572913741E+02  7.4045347871121443E-11  1.5543389982641044E-11
  9.1834308188266289E+02  7.4051631449594696E-11  1.5279743624735759E-11
  9.2749225940869633E+02  7.4061557378642676E-11  1.5019285583819160E-11
  9.3673258745467615E+02  7.4075058033401406E-11  1.4761992516482697E-11
  9.4606497412597730E+02  7.4092108242645666E-11  1.4507841191848771E-11
  9.5549033657515793E+02  7.4112698043193249E-11  1.4256808484956021E-11
  9.6500960109208984E+02  7.4136750692574739E-11  1.4008871375864805E-11
  9.7462370319499678E+02  7.4164072461160705E-11  1.3764006948730422E-11
  9.8433358772239103E+02  7.4194480124087967E-11  1.3522192390845052E-11
  9.9414020892592521E+02  7.4228048794176348E-11  1.3283404991648252E-11
  1.0040445305641790E+03  7.4264891429575659E-11  1.3047622141706363E-11
  1.0140475259973708E+03  7.4304770983727625E-11  1.2814821331450315E-11
  1.0241501782830121E+03  7.4347405733382417E-11  1.2584980136609903E-11
  1.0343534802725262E+03  7.4392774464815740E-11  1.2358076001222931E-11
  1.0446584347088171E+03  7.4440848389707523E-11  1.2134084982489891E-11
  1.0550660543248173E+03  7.4491380615753585E-11  1.1912982046976963E-11
  1.0655773619430117E+03  7.4544195388823129E-11  1.1694742390423087E-11
  1.0761933905759629E+03  7.4599258647326801E-11  1.1479341513677767E-11
  1.0869151835278287E+03  7.4656509658295934E-11  1.1266755214655645E-11
  1.0977437944968913E+03  7.4715862695699741E-11  1.1056959580368582E-11
  1.1086802876791164E+03  7.4777173107010549E-11  1.0849930979034156E-11
  1.1197257378727370E+03  7.4840164953839879E-11  1.0645646052259753E-11
  1.1308812305838755E+03  7.4904633679369189E-11  1.0444081707301524E-11
  1.1421478621332303E+03  7.4970685605448066E-11  1.0245215109410014E-11
  1.1535267397638145E+03  7.5038392450914630E-11  1.0049023674317739E-11
  1.1650189817497733E+03  7.5107451915506773E-11  9.8554850532902434E-12
  1.1766257175062792E+03  7.5177507091711151E-11  9.6645781054317689E-12
  1.1883480877005338E+03  7.5248450912728118E-11  9.4762842148964530E-12
  1.2001872443638665E+03  7.5320260689064249E-11  9.2905851562230279E-12
  1.2121443510049419E+03  7.5392815605799358E-11  9.1074626455934671E-12
  1.2242205827241223E+03  7.5465937255700022E-11  8.9268983426331195E-12
  1.2364171263289468E+03  7.5539488994984520E-11  8.7488738521884887E-12
  1.2487351804507455E+03  7.5613373608753077E-11  8.5733707260624835E-12
  1.2611759556624718E+03  7.5687463767543593E-11  8.4003704647066076E-12
  1.2737406745976509E+03  7.5761557764851396E-11  8.2298545188719483E-12
  1.2864305720705363E+03  7.5835354700397696E-11  8.0618042912184296E-12
  1.2992468951974663E+03  7.5908605640458330E-11  7.8962011376459179E-12
  1.3121909035194337E+03  7.5981447375705235E-11  7.7330263790739632E-12
  1.3252638691258546E+03  7.6054097827635463E-11  7.5722610432202993E-12
  1.3384670767795910E+03  7.6126305987886444E-11  7.4138842591143913E-12
  1.3518018240432214E+03  7.6197578456283777E-11  7.2578744684893384E-12
  1.3652694214065439E+03  7.6267575588996593E-11  7.1042102959019039E-12
  1.3788711924153747E+03  7.6336170557065020E-11  6.9528705503838154E-12
  1.3926084738016300E+03  7.6403209992919613E-11  6.8038342185764354E-12
  1.4064826156146769E+03  7.6468511503499018E-11  6.6570804579596690E-12
  1.4204949813540220E+03  7.6531935912011208E-11  6.5125885901755058E-12
  1.4346469481033171E+03  7.6593321003725145E-11  6.3703380944474130E-12
  1.4489399066656790E+03  7.6652483757409641E-11  6.2303086010971246E-12
  1.4633752617003793E+03  7.6709258571329317E-11  6.0924798851286839E-12
  1.4779544318608994E+03  7.6763503032242093E-11  5.9568318535056565E-12
  1.4926788499343315E+03  7.6815098191592026E-11  5.8233444435460394E-12
  1.5075499629821979E+03  7.6863889489140908E-11  5.6919978337143743E-12
  1.5225692324826709E+03  7.6909604321857282E-11  5.5627725879426438E-12
  1.5377381344741834E+03  7.6951961018385282E-11  5.4356493796276613E-12
  1.5530581597004984E+03  7.6990778741663030E-11  5.3106089688070514E-12
  1.5685308137572222E+03  7.7025913058876897E-11  5.1876321972098425E-12
  1.5841576172397506E+03  7.7057210017239370E-11  5.0666999834136932E-12
  1.5999401058927167E+03  7.7084520645399910E-11  4.9477933181110183E-12
  1.6158798307609277E+03  7.7107682265389680E-11  4.8308932594865706E-12
  1.6319783583417766E+03  7.7126512313458502E-11  4.7159809287096045E-12
  1.6482372707392021E+03  7.7140804522098596E-11  4.6030375055440588E-12
  1.6646581658191803E+03  7.7150277148505116E-11  4.4920442236713980E-12
  1.6812426573667396E+03  7.7154561716010979E-11  4.3829824142435079E-12
  1.6979923752445643E+03  7.7153311125780740E-11  4.2758336281143916E-12
  1.7149089655531816E+03  7.7146467789110306E-11  4.1705794733540264E-12
  1.7319940907927289E+03  7.7134273198436106E-11  4.0672015638132510E-12
  1.7492494300263145E+03  7.7116667466105285E-11  3.9656815244275371E-12
  1.7666766790450713E+03  7.7093168796053259E-11  3.8660009889109238E-12
  1.7842775505347927E+03  7.7063299127911760E-11  3.7681415975643193E-12
  1.8020537742442264E+03  7.7026664626495201E-11  3.6720849952007897E-12
  1.8200070971551120E+03  7.6983078423481159E-11  3.5778128291904623E-12
  1.8381392836538453E+03  7.6932599348441349E-11  3.4853067476287959E-12
  1.8564521157048541E+03  7.6875273804334119E-11  3.3945483976304472E-12
  1.8749473930257675E+03  7.6811019845185599E-11  3.3055194238390325E-12
  1.8936269332642594E+03  7.6739666985463225E-11  3.2182014465977999E-12
  1.9124925721766767E+03  7.6660963178238232E-11  3.1325759070275092E-12
  1.9315461638084569E+03  7.6574532132104666E-11  3.0486240877653020E-12
  1.9507895806763504E+03  7.6479947014999569E-11  2.9663272860346245E-12
  1.9702247139524197E+03  7.6377113211547415E-11  2.8856668299742861E-12
  1.9898534736499098E+03  7.6266338878133004E-11  2.8066240757817555E-12
  2.0096777888109675E+03  7.6147567736094987E-11  2.7291804050720879E-12
  2.0296996076961987E+03  7.6020237548005916E-11  2.6533172224382385E-12
  2.0499208979761465E+03  7.5883868893747453E-11  2.5790159532145957E-12
  2.0703436469246785E+03  7.5738294929358472E-11  2.5062580414458603E-12
  2.0909698616142682E+03  7.5583586599382724E-11  2.4350249480632215E-12
  2.1118015691132496E+03  7.5419753782418938E-11  2.3652981492341545E-12
  2.1328408166850445E+03  7.5246617945869596E-11  2.2970591361023788E-12
  2.1540896719893381E+03  7.5063983778092990E-11  2.2302894398577231E-12
  2.1755502232852878E+03  7.4871719499713533E-11  2.1649704874287612E-12
  2.1972245796367674E+03  7.4669618418016587E-11  2.1010835926314798E-12
  2.2191148711196088E+03  7.4457341811019252E-11  2.0386100977376941E-12
  2.2412232490309548E+03  7.4234682776524822E-11  1.9775313784658443E-12
  2.2635518861006894E+03  7.4001843747130442E-11  1.9178288426385767E-12
  2.2861029767049426E+03  7.3759124252697186E-11  1.8594839290809694E-12
  2.3088787370817572E+03  7.3506398939066977E-11  1.8024781067588489E-12
  2.3318814055489061E+03  7.3243301685916436E-11  1.7467928741567820E-12
  2.3551132427238404E+03  7.2969637904479088E-11  1.6924097588949105E-12
  2.3785765317458654E+03  7.2685307433412599E-11  1.6393103175841327E-12
  2.4022735785005366E+03  7.2390129370322154E-11  1.5874761361308170E-12
  2.4262067118462405E+03  7.2083888779759337E-11  1.5368888290288533E-12
  2.4503782838430875E+03  7.1766439790760400E-11  1.4875301538116352E-12
  2.4747906699840701E+03  7.1437761184689612E-11  1.4393820897504536E-12
  2.4994462694284953E+03  7.1097949890768187E-11  1.3924266336535086E-12
  2.5243475052377748E+03  7.0747120231921494E-11  1.3466457752247509E-12
  2.5494968246135732E+03  7.0385249627305684E-11  1.3020215010002124E-12
  2.5748966991382781E+03  7.0012239015588186E-11  1.2585357984300231E-12
  2.6005496250179126E+03  6.9628210831222447E-11  1.2161706601013073E-12
  2.6264581233274644E+03  6.9233383535105359E-11  1.1749080880971214E-12
  2.6526247402586446E+03  6.8827658275980916E-11  1.1347300984861591E-12
  2.6790520473700763E+03  6.8410776709705890E-11  1.0956187259375329E-12
  2.7057426418400860E+03  6.7982575928698551E-11  1.0575560283510231E-12
  2.7326991467219123E+03  6.7543010336600341E-11  1.0205240885624736E-12
  2.7599242112014535E+03  6.7092195384616591E-11  9.8450497063297159E-13
  2.7874205108576894E+03  6.6630312026353605E-11  9.4948064971299022E-13
  2.8151907479255942E+03  6.6157459424942967E-11  9.1543313532172594E-13
  2.8432376515616647E+03  6.5673649149956921E-11  8.8234451494462662E-13
  2.8715639781122040E+03  6.5178873113659298E-11  8.5019695734273438E-13
  2.9001725113841635E+03  6.4673103111943085E-11  8.1897271589591078E-13
  2.9290660629187182E+03  6.4156278868728898E-11  7.8865413208281330E-13
  2.9582474722675875E+03  6.3628493117835788E-11  7.5922363908869917E-13
  2.9877196072721135E+03  6.3090173337348489E-11  7.3066376553184786E-13
  3.0174853643450660E+03  6.2541702726368129E-11  7.0295713929919218E-13
  3.0475476687553096E+03  6.1983098417280663E-11  6.7608649150282391E-13
  3.0779094749153051E+03  6.1414314222549810E-11  6.5003466194921683E-13
  3.1085737666714235E+03  6.0835372514862207E-11  6.2478462308799608E-13
  3.1395435575972056E+03  6.0246313515267563E-11  6.0031954161057202E-13
  3.1708218912895418E+03  5.9647307120586466E-11  5.7662273011639278E-13
  3.2024118416677493E+03  5.9038650497511767E-11  5.5367760473407142E-13
  3.2343165132756858E+03  5.8420617818552115E-11  5.3146768991326292E-13
  3.2665390415868696E+03  5.7793393390427590E-11  5.0997662445275680E-13
  3.2990825933125834E+03  5.7157091770763367E-11  4.8918816746742618E-13
  3.3319503667131094E+03  5.6511798036925269E-11  4.6908620428417135E-13
  3.3651455919120604E+03  5.5857654850211542E-11  4.4965475225716326E-13
  3.3986715312137831E+03  5.5194979467451103E-11  4.3087796649282486E-13
  3.4325314794239885E+03  5.4524177139561645E-11  4.1274014547408512E-13
  3.4667287641735716E+03  5.3845440836005775E-11  3.9522573638880153E-13
  3.5012667462455988E+03  5.3158751074557979E-11  3.7831933687972351E-13
  3.5361488199056121E+03  5.2464228566948102E-11  3.6200568185860002E-13
  3.5713784132352289E+03  5.1762219808529854E-11  3.4626965355423747E-13
  3.6069589884689967E+03  5.1053082144697046E-11  3.3109631009840949E-13
  3.6428940423346689E+03  5.0337094740705639E-11  3.1647089176691892E-13
  3.6791871063968765E+03  4.9614507753240645E-11  3.0237882493473573E-13
  3.7158417474041494E+03  4.8885557610904257E-11  2.8880572590307026E-13
  3.7528615676394661E+03  4.8150447589785130E-11  2.7573740459031391E-13
  3.7902502052742971E+03  4.7409330958297905E-11  2.6315986807922527E-13
  3.8280113347261040E+03  4.6662317506801907E-11  2.5105932401308705E-13
  3.8661486670194704E+03  4.5909666172230624E-11  2.3942218383393583E-13
  3.9046659501508243E+03  4.5151995372207089E-11  2.2823506590222978E-13
  3.9435669694567696E+03  4.4389918217180088E-11  2.1748479972189870E-13
  3.9828555479860383E+03  4.3623505778524913E-11  2.0715843798856252E-13
  4.0225355468753019E+03  4.2852525273109780E-11  1.9724326413471058E-13
  4.0626108657285840E+03  4.2076973360424638E-11  1.8772677691949720E-13
  4.1030854430004447E+03  4.1297165515813526E-11  1.7859668900558794E-13
  4.1439632563831419E+03  4.0513554618391871E-11  1.6984092953554221E-13
  4.1852483231974911E+03  3.9726550170925927E-11  1.6144764647652630E-13
  4.2269447007876206E+03  3.8936443710830763E-11  1.5340520872733483E-13
  4.2690564869198206E+03  3.8143426657691548E-11  1.4570220798678203E-13
  4.3115878201851901E+03  3.7347585684865210E-11  1.3832746038313907E-13
  4.3545428804063567E+03  3.6548882092339290E-11  1.3127000786470026E-13
  4.3979258890482715E+03  3.5747239872212895E-11  1.2451911935067528E-13
  4.4417411096331052E+03  3.4942741955400086E-11  1.1806429156340741E-13
  4.4859928481591987E+03  3.4135650618932763E-11  1.1189524851731747E-13
  4.5306854535242637E+03  3.3326073848046790E-11  1.0600193968326998E-13
  4.5758233179528124E+03  3.2513788386593078E-11  1.0037454332034504E-13
  4.6214108774277429E+03  3.1698528758490166E-11  9.5003468150769399E-14
  4.6674526121263298E+03  3.0880167799499880E-11  8.9879353004526169E-14
  4.7139530468605381E+03  3.0058559328547860E-11  8.4993066223249456E-14
  4.7609167515216550E+03  2.9233388630528881E-11  8.0335704859181297E-14
  4.8083483415294277E+03  2.8404152691469131E-11  7.5898593673436196E-14
  4.8562524782856808E+03  2.7570172141088705E-11  7.1673283938229453E-14
  4.9046338696323583E+03  2.6730566639281985E-11  6.7651552048082453E-14
  4.9534972703142312E+03  2.5884183920591521E-11  6.3825397945575552E-14
  5.0028474824461946E+03  2.5029531511569643E-11  6.0187043404716608E-14
  5.0526893559851542E+03  2.4164790088246135E-11  5.6728930784638005E-14
  5.1030277892066824E+03  2.3287877200399396E-11  5.3443723677398049E-14
  5.1538677291864378E+03  2.2396320658859950E-11  5.0324303039648075E-14
  5.2052141722862843E+03  2.1486920647246771E-11  4.7363761563910829E-14
  5.2570721646453449E+03  2.0555553509374273E-11  4.4555401094977145E-14
  5.3094468026759487E+03  1.9597096226964918E-11  4.1892730120970765E-14
  5.3623432335644266E+03  1.8605297648519090E-11  3.9369461114016865E-14
  5.4157666557769844E+03  1.7572629997710122E-11  3.6979507728872884E-14
  5.4697223195706292E+03  1.6490220446916939E-11  3.4716981867978937E-14
  5.5242155275090736E+03  1.5348126620054398E-11  3.2576190621444316E-14
  5.5792516349838870E+03  1.4136434711073338E-11  3.0551633090505011E-14
  5.6348360507408370E+03  1.2847911686093957E-11  2.8637997102976696E-14
  5.6909742374113748E+03  1.1483082933709539E-11  2.6830155820682208E-14
  5.7476717120495150E+03  1.0057910363126323E-11  2.5123164020224181E-14
  5.8049340466740541E+03  8.6113878037476061E-12  2.3512254374994233E-14
  5.8627668688161593E+03  7.2056232134669208E-12  2.1992834335272679E-14
  5.9211758620723349E+03  5.9111413157522283E-12  2.0560482509276138E-14
  5.9801667666631311E+03  4.7826592338253342E-12  1.9210944881577736E-14
  6.0397453799971981E+03  3.8430224023438418E-12  1.7940130984455832E-14
  6.0999175572409622E+03  3.0851451795809093E-12  1.6744110029868004E-14
  6.1606892118941969E+03  2.4847051203568493E-12  1.5619107009549269E-14
  6.2220663163711024E+03  2.0123325290241238E-12  1.4561498770566702E-14
  6.2840549025871842E+03  1.6406493981346685E-12  1.3567810073453407E-14
  6.3466610625521926E+03  1.3469010462411389E-12  1.2634709639941615E-14
  6.4098909489687367E+03  1.1132055750745332E-12  1.1759006205468473E-14
  6.4737507758369356E+03  9.2587658572198894E-13  1.0937644656691527E-14
  6.5382468190651352E+03  7.7454622167891771E-13  1.0167702211026309E-14
  6.6033854170867171E+03  6.5137091861238581E-13  9.4463842529802939E-15
  6.6691729714829426E+03  5.5039496873768365E-13  8.7710203286711695E-15
  6.7356159476121084E+03  4.6706720909792403E-13  8.1390602796389819E-15
  6.8027208752449869E+03  3.9788277845293461E-13  7.5480704073230355E-15
  6.8704943492064631E+03  3.4012007455268649E-13  6.9957296718701974E-15
  6.9389430300236872E+03  2.9164788328587532E-13  6.4798259301005050E-15
  7.0080736445806942E+03  2.5078351622837558E-13  5.9982522171764795E-15
  7.0778929867794131E+03  2.1618786989654780E-13  5.5490030762380244E-15
  7.1484079182073810E+03  1.8678724290103171E-13  5.1301709399943077E-15
  7.2196253688121269E+03  1.6171463003697982E-13  4.7399425689019591E-15
  7.2915523375821303E+03  1.4026528163968592E-13  4.3765955583308738E-15
  7.3641958932346997E+03  1.2186278731251860E-13  4.0384949367706312E-15
  7.4375631749107060E+03  1.0603298094808817E-13  3.7240897523791092E-15
  7.5116613928760999E+03  9.2383707104754646E-14  3.4319097229485110E-15
  7.5864978292305568E+03  8.0589016274392380E-14  3.1605620001064042E-15
  7.6620798386231781E+03  7.0376729906474615E-14  2.9087280070739711E-15
  7.7384148489751906E+03  6.1518589659831099E-14  2.6751603496530241E-15
  7.8155103622099768E+03  5.3822403063316685E-14  2.4586798020696842E-15
  7.8933739549903867E+03  4.7125742342765156E-14  2.2581723690604289E-15
  7.9720132794632545E+03  4.1290859737587032E-14  2.0725864253503425E-15
  8.0514360640114537E+03  3.6200561758334638E-14  1.9009299334439521E-15
  8.1316501140134869E+03  3.1754844016446869E-14  1.7422677402386231E-15
  8.2126633126104480E+03  2.7868132819459874E-14  1.5957189508609040E-15
  8.2944836214808165E+03  2.4467013365693550E-14  1.4604543704582305E-15
  8.3771190816229428E+03  2.1488350695113536E-14  1.3356940422093774E-15
  8.4605778141451865E+03  1.8877729399512471E-14  1.2207048886150123E-15
  8.5448680210640814E+03  1.6588152083599699E-14  1.1147984078544139E-15
  8.6299979861104548E+03  1.4578949854397459E-14  1.0173284458500481E-15
  8.7159760755434090E+03  1.2814867134193718E-14  9.2768904727155009E-16
  8.8028107389725901E+03  1.1265290329834561E-14  8.4531238471942425E-16
  8.8905105101886111E+03  9.9035956857045201E-15  7.6966676519827036E-16
  8.9790840080017078E+03  8.7065962513430000E-15  7.0025471286736378E-16
  9.0685399370886353E+03  7.6540715697983512E-15  6.3661112694380031E-16
  9.1588870888483507E+03  6.7283666404508655E-15  5.7830151354872744E-16
  9.2501343422658938E+03  5.9140490864081641E-15  5.2492029070007895E-16
  9.3422906647848613E+03  5.1976154091531163E-15  4.7608916860060509E-16
  9.4353651131889183E+03  4.5672387380183205E-15  4.3145559944010905E-16
  9.5293668344917696E+03  4.0125515178435941E-15  3.9069127827708598E-16
  9.6243050668359538E+03  3.5244581667126048E-15  3.5349071979156971E-16
  9.7201891404009839E+03  3.0949732516277416E-15  3.1956990459151081E-16
  9.8170284783201460E+03  2.7170814015061537E-15  2.8866498846516977E-16
  9.9148325976065389E+03  2.3846158307705570E-15  2.6053107282089730E-16
  1.0013611110088419E+04  2.0921528322398106E-15  2.3494103455872446E-16
  1.0113373723353878E+04  1.8349200017170483E-15  2.1168441359079526E-16
  1.0214130241704735E+04  1.6087162938405992E-15  1.9056635620694400E-16
  1.0315890567120148E+04  1.4098422911827423E-15  1.7140661246595570E-16
  1.0418664700229789E+04  1.2350393055895954E-15  1.5403858569292050E-16
  1.0522462741296546E+04  1.0814361246432512E-15  1.3830843109189478E-16
  1.0627294891209212E+04  9.4650237112410457E-16  1.2407420039983141E-16
  1.0733171452485050E+04  8.2800769788907028E-16  1.1120504181882309E-16
  1.0840102830282149E+04  7.2398600915522067E-16  9.9580444339124481E-17
  1.0948099533422088E+04  6.3270401240641415E-16  8.9089520263462702E-17
  1.1057172175422749E+04  5.5263358971307474E-16  7.9630329044601882E-17
  1.1167331475541261E+04  4.8242750813936771E-16  7.1109240886974297E-17
  1.1278588259827497E+04  4.2089805090358007E-16  6.3440338370976225E-17
  1.1390953462188103E+04  3.6699820617638362E-16  5.6544854392015462E-17
  1.1504438125460896E+04  3.1980509785670644E-16  5.0350644742345661E-17
  1.1619053402500187E+04  2.7850538352382713E-16  4.4791693701897481E-17
  1.1734810557272905E+04  2.4238238001994267E-16  3.9807651051056303E-17
  1.1851720965965449E+04  2.1080470800212943E-16  3.5343399085410748E-17
  1.1969796118101754E+04  1.8321627634595549E-16  3.1348648641740363E-17
  1.2089047617672522E+04  1.5912743734417734E-16  2.7777560930756663E-17
  1.2209487184275475E+04  1.3810716859426326E-16  2.4588393670938442E-17
  1.2331126654267178E+04  1.1977617796046656E-16  2.1743172841554627E-17
  1.2453977981926353E+04  1.0380081478506933E-16  1.9207387375691333E-17
  1.2578053240628527E+04  8.9887691086870087E-17  1.6949705305631438E-17
  1.2703364624032758E+04  7.7778929548773398E-17  1.4941710139037002E-17
  1.2829924447279807E+04  6.7247965067867693E-17  1.3157656290970091E-17
  1.2957745148202499E+04  5.8095835368257066E-17  1.1574242443313957E-17
  1.3086839288548144E+04  5.0147903823695060E-17  1.0170401749566462E-17
  1.3217219555212914E+04  4.3250964343664262E-17  8.9271078486548860E-18
  1.3348898761488723E+04  3.7270684027146329E-17  7.8271956812418215E-18
  1.3481889848322569E+04  3.2089344014289168E-17  6.8551960544817308E-18
  1.3616205885588153E+04  2.7603844438879851E-17  5.9971832283699024E-18
  1.3751860073370419E+04  2.3723945711191983E-17  5.2406351130283668E-18
  1.3888865743262888E+04  2.0370714845995255E-17  4.5743044256823375E-18
  1.4027236359677685E+04  1.7475153903225079E-17  3.9881002453909190E-18
  1.4166985521168841E+04  1.4976990237574982E-17  3.4729793788856312E-18
  1.4308126961768809E+04  1.2823609843824707E-17  3.0208468422022179E-18
  1.4450674552338001E+04  1.0969117230236325E-17  2.6244648008863329E-18
  1.4594642301928074E+04  9.3735071528730450E-18  2.2773693490959846E-18
  1.4740044359158763E+04  8.0019352245674163E-18  1.9737945441602041E-18
  1.4886895013608180E+04  6.8240758995333428E-18  1.7086031480561884E-18
  1.5035208697217235E+04  5.8135576522776905E-18  1.4772235613909535E-18
  1.5184999985708031E+04  4.9474663591487685E-18  1.2755924751281428E-18
  1.5336283600016126E+04  4.2059089376624189E-18  1.1001027913542372E-18
  1.5489074407737466E+04  3.5716298821058512E-18  9.4755632161822877E-19
  1.5643387424589322E+04  3.0296747062961168E-18  8.1512093999732629E-19
  1.5799237815886065E+04  2.5670948449928051E-18  7.0029183889216992E-19
  1.5956640898029658E+04  2.1726889724770983E-18  6.0085651379505319E-19
  1.6115612140014691E+04  1.8367763994095700E-18  5.1486315845019121E-19
  1.6276167164948736E+04  1.5509987147604766E-18  4.4059217572740775E-19
  1.6438321751587799E+04  1.3081462833254562E-18  3.7653053109036415E-19
  1.6602091835886822E+04  1.1020066027970549E-18  3.2134869589899878E-19
  1.6767493512565896E+04  9.2723187322295696E-19  2.7387994697708214E-19
  1.6934543036692103E+04  7.7922344093188051E-19  2.3310180691827106E-19
  1.7103256825276796E+04  6.5403105171794130E-19  1.9811942598128273E-19
  1.7273651458889090E+04  5.4826508289268718E-19  1.6815072037297130E-19
  1.7445743683285476E+04  4.5902017911776094E-19  1.4251310877425815E-19
  1.7619550411055287E+04  3.8380887389440126E-19  1.2061169076450220E-19
  1.7795088723282937E+04  3.2050390628216054E-19  1.0192871456499309E-19
  1.7972375871226683E+04  2.6728816279347681E-19  8.6014212794755072E-20
  1.8151429278013798E+04  2.2261128257100845E-19  7.2477689450152954E-20
  1.8332266540352961E+04  1.8515207739212078E-19  6.0980750851127315E-20
  1.8514905430263712E+04  1.5378602140075188E-19  5.1230582969700988E-20
  1.8699363896822761E+04  1.2755715674433715E-19  4.2974186496917191E-20
  1.8885660067928238E+04  1.0565384185688713E-19  3.5993289253719559E-20
  1.9073812252081014E+04  8.7387840192290883E-20  3.0099863149778879E-20
  1.9263838940184054E+04  7.2176309874219973E-20  2.5132179891404879E-20
  1.9455758807359787E+04  5.9526310382728927E-20  2.0951346223528519E-20
  1.9649590714785194E+04  4.9021489784751293E-20  1.7438264889590557E-20
  1.9845353711545504E+04  4.0310657349677301E-20  1.4490972542731297E-20
  2.0043067036506414E+04  3.3097990062689408E-20  1.2022312706958764E-20
  2.0242750120204575E+04  2.7134649049276317E-20  9.9579045424961055E-21
  2.0444422586757257E+04  2.2211611619123813E-20  8.2343725193036596E-21
  2.0648104255791059E+04  1.8153550640290758E-20  6.7978060016053485E-21
  2.0853815144389482E+04  1.4813615135552728E-20  5.6024210914605953E-21
  2.1061575469060237E+04  1.2068985395300402E-20  4.6094001058927778E-21
  2.1271405647722182E+04  9.8170928572942206E-21  3.7858867955665246E-21
  2.1483326301711673E+04  7.9724098055188185E-21  3.1041178772548558E-21
  2.1697358257809268E+04  6.4637268477732093E-21  2.5406736697349892E-21
  2.1913522550286649E+04  5.2318473742356336E-21  2.0758326142946862E-21
  2.2131840422973524E+04  4.2276379803026447E-21  1.6930162463303646E-21
  2.2352333331345515E+04  3.4103823363286550E-21  1.3783127818978394E-21
  2.2575022944632874E+04  2.7463933633671259E-21  1.1200689095927339E-21
  2.2799931147949737E+04  2.2078449678588160E-21  9.0854064960552593E-22
  2.3027080044445265E+04  1.7717901231542899E-21  7.3559527287768517E-22
  2.3256491957475559E+04  1.4193368708296107E-21  5.9445727752446208E-22
  2.3488189432797612E+04  1.1349579459061621E-21  4.7949230955193629E-22
  2.3722195240785226E+04  9.0591329174975981E-22  3.8602370185859302E-22
  2.3958532378666470E+04  7.2176779673350874E-22  3.1017700008348269E-22