 #p(MeV) \t \delta f_\\nu \t \delta f_\\nubar
  8.2533116839254884E-03  2.6826319756162970E-01  1.6400638526404848E-05
  8.3355369603647922E-03  2.6776660648564682E-01  1.6264010872829867E-05
  8.4185814226466274E-03  2.6734029768745798E-01  1.6128351364115953E-05
  8.5024532320746062E-03  2.6702707024716815E-01  1.5993657791276171E-05
  8.5871606312609445E-03  2.6668536484213229E-01  1.5859928424928956E-05
  8.6727119449365592E-03  2.6614846081747573E-01  1.5727161897566863E-05
  8.7591155807691615E-03  2.6561118010066498E-01  1.5595357061096922E-05
  8.8463800301895375E-03  2.6506208144171894E-01  1.5464512995773468E-05
  8.9345138692260746E-03  2.6461053839906051E-01  1.5334629096517774E-05
  9.0235257593475511E-03  2.6416860176496715E-01  1.5205704743802093E-05
  9.1134244483143806E-03  2.6372883461239338E-01  1.5077738630293525E-05
  9.2042187710382924E-03  2.6324612062533914E-01  1.4950728169147739E-05
  9.2959176504505917E-03  2.6279302079374212E-01  1.4824669226867632E-05
  9.3885300983790991E-03  2.6230146230781509E-01  1.4699556166433802E-05
  9.4820652164337611E-03  2.6183307391236088E-01  1.4575382067621917E-05
  9.5765321969011642E-03  2.6142444234013784E-01  1.4452139004138156E-05
  9.6719403236478763E-03  2.6097616425058601E-01  1.4329818304912214E-05
  9.7682989730328591E-03  2.6057085739178698E-01  1.4208410757861628E-05
  9.8656176148289431E-03  2.6012462840781586E-01  1.4087906845289951E-05
  9.9639058131534598E-03  2.5968759015733867E-01  1.3968296902532286E-05
  1.0063173227408202E-02  2.5925023758944649E-01  1.3849570916814472E-05
  1.0163429613228673E-02  2.5876795193624647E-01  1.3731718428844913E-05
  1.0264684823442859E-02  2.5825042058701064E-01  1.3614728892515672E-05
  1.0366948809039545E-02  2.5773203531105859E-01  1.3498592255980788E-05
  1.0470231620146212E-02  2.5725221372050561E-01  1.3383299423117025E-05
  1.0574543407016785E-02  2.5683937595422318E-01  1.3268842448140213E-05
  1.0679894421029117E-02  2.5642316857710307E-01  1.3155214503985785E-05
  1.0786295015692468E-02  2.5601888034221054E-01  1.3042409728598006E-05
  1.0893755647665031E-02  2.5551522363153195E-01  1.2930423032599271E-05
  1.1002286877781547E-02  2.5498545411593931E-01  1.2819249924384091E-05
  1.1111899372091203E-02  2.5451117314989630E-01  1.2708886322800903E-05
  1.1222603902905838E-02  2.5400742031524526E-01  1.2599328336191481E-05
  1.1334411349858608E-02  2.5355836513857027E-01  1.2490572339335119E-05
  1.1447332700973225E-02  2.5312745049722213E-01  1.2382615258957427E-05
  1.1561379053743760E-02  2.5268954672721217E-01  1.2275454633885762E-05
  1.1676561616225333E-02  2.5222537945822154E-01  1.2169088373156220E-05
  1.1792891708135545E-02  2.5184629021458027E-01  1.2063514404464016E-05
  1.1910380761966958E-02  2.5141826138103662E-01  1.1958730398526164E-05
  1.2029040324110660E-02  2.5098448524024164E-01  1.1854733635504057E-05
  1.2148882055990958E-02  2.5051785589896691E-01  1.1751520984737715E-05
  1.2269917735211444E-02  2.5002462841969614E-01  1.1649088948699255E-05
  1.2392159256712472E-02  2.4957735917099533E-01  1.1547433728852655E-05
  1.2515618633940106E-02  2.4913079911896252E-01  1.1446551293930844E-05
  1.2640308000026806E-02  2.4862148904281361E-01  1.1346437461318056E-05
  1.2766239608983775E-02  2.4819077539843504E-01  1.1247087940831887E-05
  1.2893425836905292E-02  2.4774347361354704E-01  1.1148498392275406E-05
  1.3021879183184945E-02  2.4727625384145216E-01  1.1050664638734732E-05
  1.3151612271744042E-02  2.4684965519837951E-01  1.0953582984505672E-05
  1.3282637852272261E-02  2.4640455359630337E-01  1.0857250471890681E-05
  1.3414968801480614E-02  2.4594120371638251E-01  1.0761664977751050E-05
  1.3548618124366925E-02  2.4546031899153659E-01  1.0666825156908291E-05
  1.3683598955493946E-02  2.4501728783668869E-01  1.0572730297748498E-05
  1.3819924560280127E-02  2.4459914744504491E-01  1.0479380152855720E-05
  1.3957608336303339E-02  2.4419942128988228E-01  1.0386774783656698E-05
  1.4096663814617487E-02  2.4374484809524191E-01  1.0294914434627315E-05
  1.4237104661082349E-02  2.4332378923365328E-01  1.0203799448956396E-05
  1.4378944677706560E-02  2.4284403013729206E-01  1.0113430177821312E-05
  1.4522197804004038E-02  2.4234057948744606E-01  1.0023806702834018E-05
  1.4666878118363922E-02  2.4185860440260992E-01  9.9349283284375457E-06
  1.4812999839434130E-02  2.4138704821228676E-01  9.8467930463817297E-06
  1.4960577327518701E-02  2.4105554563459183E-01  9.7593972125438940E-06
  1.5109625085989118E-02  2.4061966430354836E-01  9.6727355246843275E-06
  1.5260157762709585E-02  2.4016536733439628E-01  9.5868012345635864E-06
  1.5412190151476634E-02  2.3963761198830699E-01  9.5015864695523948E-06
  1.5565737193472927E-02  2.3919931378350071E-01  9.4170825614099230E-06
  1.5720813978735700E-02  2.3866441940624611E-01  9.3332803275272504E-06
  1.5877435747639692E-02  2.3825854662341775E-01  9.2501702903159801E-06
  1.6035617892394941E-02  2.3781425264878001E-01  9.1677428428271578E-06
  1.6195375958559490E-02  2.3734033069316626E-01  9.0859884085863012E-06
  1.6356725646567108E-02  2.3692425610837331E-01  9.0048977617385041E-06
  1.6519682813270285E-02  2.3651539187233517E-01  8.9244625079558719E-06
  1.6684263473498627E-02  2.3614368759458659E-01  8.8446755022646983E-06
  1.6850483801632659E-02  2.3568734262741689E-01  8.7655310235561311E-06
  1.7018360133193453E-02  2.3524421646639354E-01  8.6870246859587181E-06
  1.7187908966447962E-02  2.3477699149070530E-01  8.6091531845002120E-06
  1.7359146964030472E-02  2.3432878798187637E-01  8.5319139912028958E-06
  1.7532090954580099E-02  2.3389330026834668E-01  8.4553050804401564E-06
  1.7706757934394631E-02  2.3342530915784268E-01  8.3793247161605549E-06
  1.7883165069100947E-02  2.3301986239634501E-01  8.3039713012675671E-06
  1.8061329695341879E-02  2.3257715041510887E-01  8.2292432691913770E-06
  1.8241269322480064E-02  2.3213750255995044E-01  8.1551389740015088E-06
  1.8423001634318713E-02  2.3166198695349985E-01  8.0816564492989966E-06
  1.8606544490839431E-02  2.3121330948982557E-01  8.0087930492395494E-06
  1.8791915929957530E-02  2.3075313303959466E-01  7.9365452235032642E-06
  1.8979134169294625E-02  2.3031799380161527E-01  7.8649085734150219E-06
  1.9168217607969103E-02  2.2989342018750161E-01  7.7938781285296144E-06
  1.9359184828404229E-02  2.2948797170529292E-01  7.7234486873073033E-06
  1.9552054598154386E-02  2.2910356493757802E-01  7.6536150954041365E-06
  1.9746845871749536E-02  2.2866983673398619E-01  7.5843724160766468E-06
  1.9943577792557919E-02  2.2822645340308165E-01  7.5157160035662479E-06
  2.0142269694667422E-02  2.2776101092268763E-01  7.4476415107749238E-06
  2.0342941104785704E-02  2.2725886223633682E-01  7.3801448669443822E-06
  2.0545611744159135E-02  2.2679256726375210E-01  7.3132222626145726E-06
  2.0750301530511002E-02  2.2630359261839036E-01  7.2468702283170216E-06
  2.0957030579998873E-02  2.2588526512665483E-01  7.1810858150115379E-06
  2.1165819209191628E-02  2.2547254955083143E-01  7.1158666513769544E-06
  2.1376687937066003E-02  2.2503239919915499E-01  7.0512107268913858E-06
  2.1589657487023177E-02  2.2468491659575873E-01  6.9871159808148986E-06
  2.1804748788925399E-02  2.2425016671304251E-01  6.9235798820506549E-06
  2.2021982981152849E-02  2.2382674331644725E-01  6.8605991504007936E-06
  2.2241381412681078E-02  2.2339947133412999E-01  6.7981696599762687E-06
  2.2462965645179109E-02  2.2295979717870890E-01  6.7362864824285132E-06
  2.2686757455128399E-02  2.2249773727177816E-01  6.6749440088385624E-06
  2.2912778835963023E-02  2.2203846882844283E-01  6.6141360970560650E-06
  2.3141052000231005E-02  2.2163790120375684E-01  6.5538562066224648E-06
  2.3371599381777401E-02  2.2120435210120559E-01  6.4940974674466121E-06
  2.3604443637948912E-02  2.2074998747212576E-01  6.4348526594317085E-06
  2.3839607651820624E-02  2.2028744807685474E-01  6.3761142681083994E-06
  2.4077114534444877E-02  2.1984630953612599E-01  6.3178747745894920E-06
  2.4316987627122491E-02  2.1944462381597007E-01  6.2601271281219911E-06
  2.4559250503696679E-02  2.1901711236778143E-01  6.2028652227287878E-06
  2.4803926972869848E-02  2.1863846411395135E-01  6.1460842103812838E-06
  2.5051041080543346E-02  2.1823920348072856E-01  6.0897805858604913E-06
  2.5300617112180651E-02  2.1781724278048589E-01  6.0339520904296488E-06
  2.5552679595194069E-02  2.1732573762312118E-01  5.9785975142519329E-06
  2.5807253301355186E-02  2.1680340301568760E-01  5.9237164665351376E-06
  2.6064363249229318E-02  2.1631253015541843E-01  5.8693091591806227E-06
  2.6324034706634261E-02  2.1586764906766734E-01  5.8153762435774780E-06
  2.6586293193123570E-02  2.1547810840191614E-01  5.7619187479558557E-06
  2.6851164482494434E-02  2.1512348371955756E-01  5.7089380427504562E-06
  2.7118674605320678E-02  2.1475494864328365E-01  5.6564356835384077E-06
  2.7388849851510993E-02  2.1434869179634608E-01  5.6044130938759134E-06
  2.7661716772892534E-02  2.1393348522808045E-01  5.5528711780190490E-06
  2.7937302185820367E-02  2.1345170198133431E-01  5.5018099963753074E-06
  2.8215633173812898E-02  2.1299094190054566E-01  5.4512286018481954E-06
  2.8496737090213553E-02  2.1258286606518709E-01  5.4011250369680964E-06
  2.8780641560878895E-02  2.1216266368428924E-01  5.3514964409513647E-06
  2.9067374486893640E-02  2.1173130161963064E-01  5.3023392100035988E-06
  2.9356964047312712E-02  2.1130977828862740E-01  5.2536491665266290E-06
  2.9649438701930493E-02  2.1086379768232605E-01  5.2054217054585426E-06
  2.9944827194077768E-02  2.1044190546006342E-01  5.1576518609552965E-06
  3.0243158553446607E-02  2.1005212544127047E-01  5.1103342735991548E-06
  3.0544462098943157E-02  2.0962679884058077E-01  5.0634631542536456E-06
  3.0848767441569055E-02  2.0920528988335982E-01  5.0170323428457584E-06
  3.1156104487331537E-02  2.0875413583896812E-01  4.9710354808093064E-06
  3.1466503440182453E-02  2.0829816227105905E-01  4.9254662440265516E-06
  3.1779994804986535E-02  2.0790076649509798E-01  4.8803185497102117E-06
  3.2096609390519379E-02  2.0746860828768332E-01  4.8355866874429089E-06
  3.2416378312495261E-02  2.0704005922755941E-01  4.7912653711979076E-06
  3.2739332996624945E-02  2.0662067288824973E-01  4.7473497303410672E-06
  3.3065505181704147E-02  2.0619022851130278E-01  4.7038352659641311E-06
  3.3394926922732798E-02  2.0580365679285276E-01  4.6607177947929296E-06
  3.3727630594065132E-02  2.0542263456950349E-01  4.6179934154511747E-06
  3.4063648892591392E-02  2.0500029187069199E-01  4.5756585434578443E-06
  3.4403014840951214E-02  2.0455395191839565E-01  4.5337099810857841E-06
  3.4745761790778901E-02  2.0410003418715006E-01  4.4921449407336564E-06
  3.5091923425981088E-02  2.0364333272724569E-01  4.4509609754625179E-06
  3.5441533766047098E-02  2.0321728048644855E-01  4.4101558305580793E-06
  3.5794627169392322E-02  2.0277631170803012E-01  4.3697272730541313E-06
  3.6151238336734691E-02  2.0236235529943497E-01  4.3296729540007066E-06
  3.6511402314505025E-02  2.0196990130702386E-01  4.2899903256334078E-06
  3.6875154498291311E-02  2.0156273217082041E-01  4.2506766128713547E-06
  3.7242530636317141E-02  2.0118506739159642E-01  4.2117288235877688E-06
  3.7613566832954970E-02  2.0077928824395860E-01  4.1731437793478116E-06
  3.7988299552274341E-02  2.0039687011122698E-01  4.1349181521713876E-06
  3.8366765621625450E-02  1.9999636287093098E-01  4.0970484828678854E-06
  3.8749002235258297E-02  1.9955897886196031E-01  4.0595311886693245E-06
  3.9135046957978099E-02  1.9912600368698996E-01  4.0223626035888291E-06
  3.9524937728837042E-02  1.9866110523664290E-01  3.9855390778988582E-06
  3.9918712864862690E-02  1.9822597742419548E-01  3.9490571226813687E-06
  4.0316411064823698E-02  1.9778394675018757E-01  3.9129135539974090E-06
  4.0718071413033040E-02  1.9738382126275675E-01  3.8771055901505371E-06
  4.1123733383188942E-02  1.9698975587183123E-01  3.8416308862606179E-06
  4.1533436842254294E-02  1.9655817487911448E-01  3.8064875127999603E-06
  4.1947222054374643E-02  1.9615586873755933E-01  3.7716738975032433E-06
  4.2365129684835232E-02  1.9570161775637818E-01  3.7371887529656407E-06
  4.2787200804057221E-02  1.9528836684792714E-01  3.7030310023382935E-06
  4.3213476891634232E-02  1.9484503781637566E-01  3.6691997141865505E-06
  4.3643999840408662E-02  1.9442752705031610E-01  3.6356940588037386E-06
  4.4078811960588722E-02  1.9406215550989814E-01  3.6025132872882435E-06
  4.4517955983906572E-02  1.9371377094775857E-01  3.5696567246890690E-06
  4.4961475067817919E-02  1.9331856314638615E-01  3.5371237624900136E-06
  4.5409412799743219E-02  1.9293826835438835E-01  3.5049138419352140E-06
  4.5861813201351374E-02  1.9250861923371748E-01  3.4730264342863793E-06
  4.6318720732886037E-02  1.9207904521683453E-01  3.4414610209053516E-06
  4.6780180297535015E-02  1.9163473788959287E-01  3.4102170751435583E-06
  4.7246237245843016E-02  1.9120327505944648E-01  3.3792940490870685E-06
  4.7716937380168779E-02  1.9077668822735047E-01  3.3486913649181412E-06
  4.8192326959186252E-02  1.9035834393132969E-01  3.3184084095227716E-06
  4.8672452702430646E-02  1.8994850485413800E-01  3.2884445302146878E-06
  4.9157361794889942E-02  1.8953253906359574E-01  3.2587990672828863E-06
  4.9647101891642141E-02  1.8912657734407287E-01  3.2294715386590455E-06
  5.0141721122538417E-02  1.8874376673351828E-01  3.2004620631779136E-06
  5.0641268096933312E-02  1.8834707636595613E-01  3.1717719799409663E-06
  5.1145791908461830E-02  1.8793245297328395E-01  3.1434045044751801E-06
  5.1655342139864252E-02  1.8754348485970057E-01  3.1153652263691405E-06
  5.2169968867858699E-02  1.8713568080076251E-01  3.0876623172095162E-06
  5.2689722668062815E-02  1.8672459432732025E-01  3.0603064300446979E-06
  5.3214654619963983E-02  1.8629829738220713E-01  3.0333103646755924E-06
  5.3744816311939170E-02  1.8589578517288372E-01  3.0066886114194031E-06
  5.4280259846324952E-02  1.8547610708430431E-01  2.9804568749989950E-06
  5.4821037844537970E-02  1.8506598299359769E-01  2.9546316458826269E-06
  5.5367203452246196E-02  1.8460689669956176E-01  2.9292298425590327E-06
  5.5918810344592049E-02  1.8422804160247438E-01  2.9042684627970487E-06
  5.6475912731467362E-02  1.8384158911248724E-01  2.8797641734150791E-06
  5.7038565362840958E-02  1.8343876253200514E-01  2.8557328213037519E-06
  5.7606823534139040E-02  1.8304460287858154E-01  2.8321889123543928E-06
  5.8180743091679803E-02  1.8266777480409024E-01  2.8091451595338848E-06
  5.8760380438161557E-02  1.8227118799307623E-01  2.7866122308530344E-06
  5.9345792538205794E-02  1.8186909495511352E-01  2.7645987232650301E-06
  5.9937036923955488E-02  1.8140381052057569E-01  2.7431113313166961E-06
  6.0534171700729222E-02  1.8100796155385965E-01  2.7221551430477481E-06
  6.1137255552731438E-02  1.8059736826988043E-01  2.7017339856742821E-06
  6.1746347748819735E-02  1.8016090351720354E-01  2.6818507563426153E-06
  6.2361508148329699E-02  1.7979502673796954E-01  2.6625077160440512E-06
  6.2982797206957569E-02  1.7937427131492029E-01  2.6437069001512943E-06
  6.3610275982701484E-02  1.7903282728937953E-01  2.6254509332514624E-06
  6.4244006141862264E-02  1.7865350771701419E-01  2.6077443922514821E-06
  6.4884049965103704E-02  1.7823808894895105E-01  2.5905955940892609E-06
  6.5530470353573123E-02  1.7787023180068740E-01  2.5740184564635357E-06
  6.6183330835083126E-02  1.7745436859293856E-01  2.5580339632818243E-06
  6.6842695570355090E-02  1.7706216419399845E-01  2.5426709109432567E-06
  6.7508629359324335E-02  1.7667669476446027E-01  2.5279658672351869E-06
  6.8181197647508560E-02  1.7627606940542628E-01  2.5139624944233641E-06
  6.8860466532439657E-02  1.7587904329832998E-01  2.5007105091933128E-06
  6.9546502770159502E-02  1.7546817841119117E-01  2.4882645512220927E-06
  7.0239373781780259E-02  1.7510957011005865E-01  2.4766831649741661E-06
  7.0939147660110655E-02  1.7474711191360115E-01  2.4660279285831668E-06
  7.1645893176347702E-02  1.7437311859979721E-01  2.4563625290034299E-06
  7.2359679786835190E-02  1.7400155129411171E-01  2.4477516235932056E-06
  7.3080577639889704E-02  1.7364877939571752E-01  2.4402594369963945E-06
  7.3808657582694656E-02  1.7328167651093307E-01  2.4339481862162121E-06
  7.4543991168262630E-02  1.7294445140609310E-01  2.4288766904713320E-06
  7.5286650662467466E-02  1.7259420984983959E-01  2.4250995382248933E-06
  7.6036709051146456E-02  1.7224776839456110E-01  2.4226669292122685E-06
  7.6794240047272824E-02  1.7188006848179452E-01  2.4216251779359464E-06
  7.7559318098200075E-02  1.7152528307284728E-01  2.4220177103931685E-06
  7.8332018392978570E-02  1.7114172800948504E-01  2.4238863237382187E-06
  7.9112416869744656E-02  1.7076814706933624E-01  2.4272725062796920E-06
  7.9900590223183576E-02  1.7039032150789379E-01  2.4322186336829749E-06
  8.0696615912066755E-02  1.7002051985503611E-01  2.4387688789454584E-06
  8.1500572166864349E-02  1.6964161629410957E-01  2.4469696331417390E-06
  8.2312537997433169E-02  1.6933801052793035E-01  2.4568693592529622E-06
  8.3132593200781549E-02  1.6902041399442597E-01  2.4685179876223366E-06
  8.3960818368911755E-02  1.6872750234380665E-01  2.4819660715626403E-06
  8.4797294896739997E-02  1.6841889722716100E-01  2.4972638913469280E-06
  8.5642104990095502E-02  1.6812586309099020E-01  2.5144608340854337E-06
  8.6495331673799844E-02  1.6777372755809489E-01  2.5336052253671862E-06
  8.7357058799826068E-02  1.6746930081590958E-01  2.5547446169520497E-06
  8.8227371055539086E-02  1.6710983076979552E-01  2.5779264179733793E-06
  8.9106353972018965E-02  1.6680699614063224E-01  2.6031987094470714E-06
  8.9994093932466365E-02  1.6647341485739195E-01  2.6306110755086525E-06
  9.0890678180691645E-02  1.6613292931893625E-01  2.6602152368329906E-06
  9.1796194829689454E-02  1.6581924330389272E-01  2.6920651255465612E-06
  9.2710732870297866E-02  1.6550367460396614E-01  2.7262160440347889E-06
  9.3634382179943673E-02  1.6520186262847944E-01  2.7627227498541612E-06
  9.4567233531476252E-02  1.6487315343925191E-01  2.8016365848571733E-06
  9.5509378602087219E-02  1.6456308057926197E-01  2.8430019099485865E-06
  9.6460909982320542E-02  1.6426661704369477E-01  2.8868524502824685E-06
  9.7421921185172747E-02  1.6394978012175951E-01  2.9332081827368615E-06
  9.8392506655281695E-02  1.6362067431941571E-01  2.9820731567659582E-06
  9.9372761778209279E-02  1.6332005169113373E-01  3.0334343336751975E-06
  1.0036278288981527E-01  1.6300688519491086E-01  3.0872612562064072E-06
  1.0136266728572450E-01  1.6266125542791504E-01  3.1435061813645705E-06
  1.0237251323088931E-01  1.6234130027047591E-01  3.2021043696971664E-06
  1.0339241996924635E-01  1.6200680040640716E-01  3.2629744775676489E-06
  1.0442248773346967E-01  1.6170523807562084E-01  3.3260189885766472E-06
  1.0546281775482177E-01  1.6138560042451017E-01  3.3911248765717096E-06
  1.0651351227310198E-01  1.6107569162662280E-01  3.4581648621093113E-06
  1.0757467454669382E-01  1.6076772726488756E-01  3.5269990782483370E-06
  1.0864640886271355E-01  1.6045497419574570E-01  3.5974768054249224E-06
  1.0972882054725880E-01  1.6009486152373881E-01  3.6694380877913737E-06
  1.1082201597575923E-01  1.5980079504103345E-01  3.7427148210566560E-06
  1.1192610258343150E-01  1.5943339396604070E-01  3.8171310333672282E-06
  1.1304118887583717E-01  1.5908086153470682E-01  3.8925023135584859E-06
  1.1416738443954583E-01  1.5874113721906102E-01  3.9686345630075290E-06
  1.1530479995290607E-01  1.5838976736959370E-01  4.0453224368442908E-06
  1.1645354719692114E-01  1.5804650847595003E-01  4.1223478511173068E-06
  1.1761373906623493E-01  1.5770700950874303E-01  4.1994791609683729E-06
  1.1878548958022764E-01  1.5737754115986582E-01  4.2764715286633637E-06
  1.1996891389421964E-01  1.5703859257324151E-01  4.3530687914860900E-06
  1.2116412831078979E-01  1.5665367088783433E-01  4.4290070188553518E-06
  1.2237125029120480E-01  1.5634344485942261E-01  4.5040197629667745E-06
  1.2359039846696243E-01  1.5606226655553243E-01  4.5778441775368419E-06
  1.2482169265145102E-01  1.5568958386346329E-01  4.6502269512188979E-06
  1.2606525385172379E-01  1.5542679607616097E-01  4.7209290020521983E-06
  1.2732120428039079E-01  1.5509609017427331E-01  4.7897282234734512E-06
  1.2858966736762997E-01  1.5477083393004973E-01  4.8564201379000550E-06
  1.2987076777331744E-01  1.5444606247984646E-01  4.9208169288661742E-06
  1.3116463139927781E-01  1.5410357511699807E-01  4.9827454213741328E-06
  1.3247138540165845E-01  1.5375348902760327E-01  5.0420448800346660E-06
  1.3379115820342530E-01  1.5340703557167026E-01  5.0985654437699825E-06
  1.3512407950698355E-01  1.5305463508344364E-01  5.1521674578815254E-06
  1.3647028030692512E-01  1.5269030181109969E-01  5.2027215978317640E-06
  1.3782989290290179E-01  1.5234400902161752E-01  5.2501104752146152E-06
  1.3920305091262677E-01  1.5197650323603423E-01  5.2942312346578800E-06
  1.4058988928500743E-01  1.5159276540259567E-01  5.3349984358873671E-06
  1.4199054431340608E-01  1.5126844162375505E-01  5.3723466124821806E-06
  1.4340515364903483E-01  1.5092767339249386E-01  5.4062319252049393E-06
  1.4483385631448475E-01  1.5059591605009187E-01  5.4366325689287210E-06
  1.4627679271738625E-01  1.5028607504479319E-01  5.4635479783008590E-06
  1.4773410466420955E-01  1.4999618912936780E-01  5.4869971162569240E-06
  1.4920593537420046E-01  1.4964028908337093E-01  5.5070162097821136E-06
  1.5069242949345471E-01  1.4933142195378232E-01  5.5236564720847743E-06
  1.5219373310913445E-01  1.4901812888829055E-01  5.5369820116410495E-06
  1.5370999376382435E-01  1.4867944777799266E-01  5.5470677283770750E-06
  1.5524136047003143E-01  1.4833666988898067E-01  5.5539975071915743E-06
  1.5678798372483013E-01  1.4798604973612037E-01  5.5578627606630051E-06
  1.5835001552465236E-01  1.4764216036976782E-01  5.5587610314095216E-06
  1.5992760938022438E-01  1.4730513561391051E-01  5.5567946847050555E-06
  1.6152092033165455E-01  1.4694269656766384E-01  5.5520697726102159E-06
  1.6313010496366945E-01  1.4660311187609545E-01  5.5446951526887901E-06
  1.6475532142100183E-01  1.4628498744990376E-01  5.5347819071615237E-06
  1.6639672942393383E-01  1.4594836688397730E-01  5.5224430020778421E-06
  1.6805449028399286E-01  1.4560053216221944E-01  5.5077930846362987E-06
  1.6972876691980424E-01  1.4526262713733390E-01  5.4909482393006082E-06
  1.7141972387310397E-01  1.4492179026031973E-01  5.4720255666700192E-06
  1.7312752732490716E-01  1.4457041240195143E-01  5.4511425251244683E-06
  1.7485234511184072E-01  1.4424528585054780E-01  5.4284159981182824E-06
  1.7659434674263871E-01  1.4388718530263009E-01  5.4039611000198589E-06
  1.7835370341479878E-01  1.4356864760405660E-01  5.3778899196884821E-06
  1.8013058803140874E-01  1.4322592939240747E-01  5.3503103972723674E-06
  1.8192517521813825E-01  1.4290565004193140E-01  5.3213255526807499E-06
  1.8373764134039966E-01  1.4257549291407576E-01  5.2910331911592782E-06
  1.8556816452068181E-01  1.4224003549220593E-01  5.2595260986922705E-06
  1.8741692465605458E-01  1.4193686570680564E-01  5.2268926107085515E-06
  1.8928410343584809E-01  1.4160420680492472E-01  5.1932174183015412E-06
  1.9116988435950938E-01  1.4127211600722001E-01  5.1585823812924470E-06
  1.9307445275463567E-01  1.4092643133346008E-01  5.1230671486071777E-06
  1.9499799579518706E-01  1.4057881695003646E-01  5.0867495197522285E-06
  1.9694070251988238E-01  1.4024629687925144E-01  5.0497055336075299E-06
  1.9890276385077671E-01  1.3990821587306040E-01  5.0120091282392382E-06
  2.0088437261202394E-01  1.3958368553553749E-01  4.9737314788463760E-06
  2.0288572354882783E-01  1.3923448545009615E-01  4.9349401352963349E-06
  2.0490701334658046E-01  1.3888770145441634E-01  4.8956981320884429E-06
  2.0694844065019105E-01  1.3857342914644599E-01  4.8560632632862550E-06
  2.0901020608360921E-01  1.3820798452358091E-01  4.8160877171878877E-06
  2.1109251226954101E-01  1.3790056451047422E-01  4.7758181369868830E-06
  2.1319556384936111E-01  1.3754835424072667E-01  4.7352960852059318E-06
  2.1531956750322651E-01  1.3722739379756696E-01  4.6945588141285667E-06
  2.1746473197038549E-01  1.3691131951018912E-01  4.6536401232670176E-06
  2.1963126806969302E-01  1.3658782014947810E-01  4.6125711847535724E-06
  2.2181938872033061E-01  1.3625953480898545E-01  4.5713814079838990E-06
  2.2402930896272846E-01  1.3591984958250128E-01  4.5300991031214170E-06
  2.2626124597970101E-01  1.3557553396187519E-01  4.4887519393240371E-06
  2.2851541911779027E-01  1.3527004015118044E-01  4.4473673671780852E-06
  2.3079204990882149E-01  1.3496146935980849E-01  4.4059730132562496E-06
  2.3309136209167600E-01  1.3464225861190113E-01  4.3645970245740180E-06
  2.3541358163427870E-01  1.3430498720025993E-01  4.3232683389833111E-06
  2.3775893675580456E-01  1.3398229159671132E-01  4.2820168133570156E-06
  2.4012765794910879E-01  1.3365798340337962E-01  4.2408731600673988E-06
  2.4251997800337799E-01  1.3331761729001312E-01  4.1998686594911259E-06
  2.4493613202700693E-01  1.3299048836869096E-01  4.1590347476532863E-06
  2.4737635747070594E-01  1.3263829560392504E-01  4.1184025737285959E-06
  2.4984089415083566E-01  1.3228738683145774E-01  4.0780024897868426E-06
  2.5232998427297471E-01  1.3196194098974826E-01  4.0378635227121552E-06
  2.5484387245572432E-01  1.3158395398526615E-01  3.9980129485323268E-06
  2.5738280575474748E-01  1.3127207463954596E-01  3.9584758527468327E-06
  2.5994703368704808E-01  1.3093550977126503E-01  3.9192746920255863E-06
  2.6253680825549491E-01  1.3062763885885814E-01  3.8804288929290888E-06
  2.6515238397358459E-01  1.3030264237865713E-01  3.8419545752403624E-06
  2.6779401789045554E-01  1.2997693266661339E-01  3.8038644927728702E-06
  2.7046196961615149E-01  1.2961418181549164E-01  3.7661682517047087E-06
  2.7315650134713154E-01  1.2932189761646823E-01  3.7288727631698369E-06
  2.7587787789204071E-01  1.2898700402349067E-01  3.6919827674321069E-06
  2.7862636669773344E-01  1.2865858516008913E-01  3.6555013343900103E-06
  2.8140223787555646E-01  1.2836008486996470E-01  3.6194303504142531E-06
  2.8420576422789573E-01  1.2801544257497802E-01  3.5837709992743263E-06
  2.8703722127498604E-01  1.2770026156971476E-01  3.5485240393970857E-06
  2.8989688728198681E-01  1.2732582200335910E-01  3.5136899462094743E-06
  2.9278504328633104E-01  1.2702054838864005E-01  3.4792689902676788E-06
  2.9570197312534352E-01  1.2669300709768566E-01  3.4452612447778315E-06
  2.9864796346413480E-01  1.2634154368009731E-01  3.4116665429126850E-06
  3.0162330382377484E-01  1.2598837010858091E-01  3.3784843935129097E-06
  3.0462828660974556E-01  1.2564758497545903E-01  3.3457139218326800E-06
  3.0766320714067635E-01  1.2531137697636399E-01  3.3133538865883928E-06
  3.1072836367736867E-01  1.2497059805308831E-01  3.2814027540970739E-06
  3.1382405745210723E-01  1.2459901125037559E-01  3.2498587386653957E-06
  3.1695059269826265E-01  1.2431366202668923E-01  3.2187198137712684E-06
  3.2010827668019382E-01  1.2398800610630567E-01  3.1879837481909298E-06
  3.2329741972344073E-01  1.2366428974498930E-01  3.1576481559325879E-06
  3.2651833524522378E-01  1.2335437945376602E-01  3.1277105569711892E-06
  3.2977133978524753E-01  1.2297715102904574E-01  3.0981684695636900E-06
  3.3305675303680465E-01  1.2266622792109648E-01  3.0690195041149337E-06
  3.3637489787819774E-01  1.2233815071261264E-01  3.0402614436251780E-06
  3.3972610040446943E-01  1.2198731000403973E-01  3.0118922736274805E-06
  3.4311068995944866E-01  1.2162981058357664E-01  2.9839101339934516E-06
  3.4652899916811963E-01  1.2125773733475656E-01  2.9563132274056100E-06
  3.4998136396930968E-01  1.2092404513492074E-01  2.9290998009008659E-06
  3.5346812364870328E-01  1.2053452306346939E-01  2.9022681688109954E-06
  3.5698962087218766E-01  1.2021493948584971E-01  2.8758166768039605E-06
  3.6054620171952795E-01  1.1986291534108731E-01  2.8497436194556872E-06
  3.6413821571837729E-01  1.1955822182235480E-01  2.8240471739846897E-06
  3.6776601587862956E-01  1.1920785401083681E-01  2.7987253651295346E-06
  3.7142995872711049E-01  1.1889141630846652E-01  2.7737760217571346E-06
  3.7513040434261496E-01  1.1853600081427014E-01  2.7491967362173020E-06
  3.7886771639129641E-01  1.1820716470055562E-01  2.7249848350799280E-06
  3.8264226216240510E-01  1.1783497990961660E-01  2.7011373816997570E-06
  3.8645441260438318E-01  1.1749175320081755E-01  2.6776511775606003E-06
  3.9030454236132361E-01  1.1714361904933407E-01  2.6545227143786608E-06
  3.9419302980978416E-01  1.1677466700896054E-01  2.6317481199934510E-06
  3.9812025709597515E-01  1.1637150954235423E-01  2.6093232134559722E-06
  4.0208661017331759E-01  1.1602884871775786E-01  2.5872436471729010E-06
  4.0609247884036848E-01  1.1567568327416777E-01  2.5655049816695368E-06
  4.1013825677913252E-01  1.1531264818494803E-01  2.5441027282063712E-06
  4.1422434159375082E-01  1.1495878507644985E-01  2.5230323702901004E-06
  4.1835113484957431E-01  1.1459421602271469E-01  2.5022893825174520E-06
  4.2251904211263064E-01  1.1424136941322637E-01  2.4818692698332561E-06
  4.2672847298948052E-01  1.1388698998666398E-01  2.4617676264313460E-06
  4.3097984116747134E-01  1.1352917318309670E-01  2.4419801859315974E-06
  4.3527356445539461E-01  1.1316177064777520E-01  2.4225028424520780E-06
  4.3961006482454640E-01  1.1279364071441847E-01  2.4033316562271344E-06
  4.4398976845019494E-01  1.1242188508683645E-01  2.3844627727552250E-06
  4.4841310575346682E-01  1.1205046246566547E-01  2.3658922823209389E-06
  4.5288051144364561E-01  1.1166988411489530E-01  2.3476162115886094E-06
  4.5739242456089180E-01  1.1128634840722024E-01  2.3296305736571065E-06
  4.6194928851939343E-01  1.1090243547205321E-01  2.3119313718488374E-06
  4.6655155115094143E-01  1.1051332436656250E-01  2.2945146044161238E-06
  4.7119966474893887E-01  1.1012995811293175E-01  2.2773762849933604E-06
  4.7589408611285655E-01  1.0973266794219028E-01  2.2605124561074678E-06
  4.8063527659311828E-01  1.0933869757809206E-01  2.2439191725410638E-06
  4.8542370213644481E-01  1.0896775104447470E-01  2.2275924971878451E-06
  4.9025983333164735E-01  1.0855343204675555E-01  2.2115285584520390E-06
  4.9514414545586916E-01  1.0817773308837084E-01  2.1957236362985374E-06
  5.0007711852129988E-01  1.0778209462200423E-01  2.1801741984596980E-06
  5.0505923732234692E-01  1.0737864252011005E-01  2.1648768365934157E-06
  5.1009099148327774E-01  1.0697476678862923E-01  2.1498281497876556E-06
  5.1517287550634183E-01  1.0658761066794774E-01  2.1350247532517863E-06
  5.2030538882036637E-01  1.0618108913517238E-01  2.1204633384445683E-06
  5.2548903582983719E-01  1.0577772733920268E-01  2.1061406493963187E-06
  5.3072432596447305E-01  1.0536513728583771E-01  2.0920534580042646E-06
  5.3601177372928799E-01  1.0494243058653394E-01  2.0781985638506674E-06
  5.4135189875515488E-01  1.0453137968965848E-01  2.0645728179989437E-06
  5.4674522584987462E-01  1.0411333576731763E-01  2.0511731576206980E-06
  5.5219228504975149E-01  1.0368338159832807E-01  2.0379966014442735E-06
  5.5769361167168130E-01  1.0326176722680942E-01  2.0250402235206623E-06
  5.6324974636576375E-01  1.0282416023952874E-01  2.0123011787835889E-06
  5.6886123516843390E-01  1.0238209770734696E-01  1.9997767523351208E-06
  5.7452862955612205E-01  1.0194850165399591E-01  1.9874642589849784E-06
  5.8025248649945749E-01  1.0150589867977224E-01  1.9753609112901240E-06
  5.8603336851799792E-01  1.0105109515200526E-01  1.9634638543205078E-06
  5.9187184373551471E-01  1.0060472446067675E-01  1.9517702084590444E-06
  5.9776848593583054E-01  1.0015552381270468E-01  1.9402770720038435E-06
  6.0372387461920052E-01  9.9713035930088512E-02  1.9289815166860949E-06
  6.0973859505926975E-01  9.9261131283444104E-02  1.9178805820064455E-06
  6.1581323836058965E-01  9.8790331782427909E-02  1.9069712695810419E-06
  6.2194840151670783E-01  9.8349764175273816E-02  1.8962505631585782E-06
  6.2814468746884178E-01  9.7871657911177662E-02  1.8857154877412789E-06
  6.3440270516513242E-01  9.7399464673631544E-02  1.8753631697915188E-06
  6.4072306962048664E-01  9.6942602917076362E-02  1.8651908899057360E-06
  6.4710640197702296E-01  9.6482560763524738E-02  1.8551961038682327E-06
  6.5355332956511314E-01  9.6002641769066477E-02  1.8453763517519351E-06
  6.6006448596503187E-01  9.5518005103531450E-02  1.8357291481147970E-06
  6.6664051106922662E-01  9.5024900693685604E-02  1.8262520030669758E-06
  6.7328205114520223E-01  9.4539883104755709E-02  1.8169424509986469E-06
  6.7998975889903102E-01  9.4065804754167356E-02  1.8077980243971576E-06
  6.8676429353950297E-01  9.3558509662804823E-02  1.7988162305775463E-06
  6.9360632084290808E-01  9.3062468906574991E-02  1.7899945382994851E-06
  7.0051651321846453E-01  9.2569921357063933E-02  1.7813303618568709E-06
  7.0749554977440443E-01  9.2079213195531071E-02  1.7728210351149758E-06
  7.1454411638471227E-01  9.1564497828939440E-02  1.7644637826415033E-06
  7.2166290575652681E-01  9.1073026826432021E-02  1.7562557258080134E-06
  7.2885261749822616E-01  9.0558733948251355E-02  1.7481939798792652E-06
  7.3611395818817327E-01  9.0031390752976545E-02  1.7402757365081668E-06
  7.4344764144415998E-01  8.9533887569009415E-02  1.7324981531071115E-06
  7.5085438799354287E-01  8.8999733104764014E-02  1.7248583428830584E-06
  7.5833492574406491E-01  8.8474860285661719E-02  1.7173535027722236E-06
  7.6588998985539913E-01  8.7951810412597142E-02  1.7099809902838615E-06
  7.7352032281139460E-01  8.7394194527489574E-02  1.7027383902941711E-06
  7.8122667449304239E-01  8.6914584206436135E-02  1.6956236010268610E-06
  7.8900980225217621E-01  8.6364418620327302E-02  1.6886349339600610E-06
  7.9687047098589991E-01  8.5822221401793311E-02  1.6817712231167280E-06
  8.0480945321175534E-01  8.5297130831916812E-02  1.6750319477201927E-06
  8.1282752914364875E-01  8.4745633175309323E-02  1.6684173492535721E-06
  8.2092548676852395E-01  8.4209191952898624E-02  1.6619284531303549E-06
  8.2910412192380045E-01  8.3648425258547335E-02  1.6555670526642250E-06
  8.3736423837559093E-01  8.3097982758980046E-02  1.6493356222612269E-06
  8.4570664789768790E-01  8.2565153383777942E-02  1.6432370417068587E-06
  8.5413217035134537E-01  8.2005242865561129E-02  1.6372743130805330E-06
  8.6264163376584635E-01  8.1460981330465074E-02  1.6314504231444297E-06
  8.7123587441988515E-01  8.0897670193833801E-02  1.6257682237742614E-06
  8.7991573692375025E-01  8.0340819500415273E-02  1.6202302995073728E-06
  8.8868207430232760E-01  7.9791664270283835E-02  1.6148388379402082E-06
  8.9753574807893743E-01  7.9236319727179122E-02  1.6095955003095198E-06
  9.0647762835999923E-01  7.8678873875787272E-02  1.6045012912020076E-06
  9.1550859392054018E-01  7.8125895000867918E-02  1.5995564441767206E-06
  9.2462953229056255E-01  7.7572619729667572E-02  1.5947603998611523E-06
  9.3384133984226414E-01  7.7023491647867370E-02  1.5901119013465234E-06
  9.4314492187813137E-01  7.6474849024479610E-02  1.5856091443381498E-06
  9.5254119271990656E-01  7.5930604955380940E-02  1.5812499020248195E-06
  9.6203107579844793E-01  7.5388395208576334E-02  1.5770316289605240E-06
  9.7161550374448047E-01  7.4839651921494610E-02  1.5729516351450849E-06
  9.8129541848024626E-01  7.4306474789339994E-02  1.5690072639548053E-06
  9.9107177131208057E-01  7.3764359190903475E-02  1.5651959927835154E-06
  1.0009455230238991E+00  7.3228083047150283E-02  1.5615154809512661E-06
  1.0109176439716168E+00  7.2700757699688867E-02  1.5579636140301896E-06
  1.0209891141785188E+00  7.2165077848377418E-02  1.5545385571676129E-06
  1.0311609234315668E+00  7.1607928961662584E-02  1.5512388032508604E-06
  1.0414340713786763E+00  7.1095558413507565E-02  1.5480631993606830E-06
  1.0518095676269514E+00  7.0539648035896366E-02  1.5450109364801181E-06
  1.0622884318419148E+00  7.0028108694570768E-02  1.5420815277998662E-06
  1.0728716938477108E+00  6.9496890284438423E-02  1.5392748127925572E-06
  1.0835603937283105E+00  6.8964991523689137E-02  1.5365907539616543E-06
  1.0943555819297344E+00  6.8441783939952816E-02  1.5340292139296882E-06
  1.1052583193632821E+00  6.7897220475671399E-02  1.5315898618991488E-06
  1.1162696775097922E+00  6.7383947560800558E-02  1.5292720688251933E-06
  1.1273907385249500E+00  6.6878365374811066E-02  1.5270747638516059E-06
  1.1386225953456328E+00  6.6363810761323486E-02  1.5249962560960755E-06
  1.1499663517973227E+00  6.5851437733859791E-02  1.5230340195625729E-06
  1.1614231227025809E+00  6.5344969145626458E-02  1.5211844649236533E-06
  1.1729940339906169E+00  6.4839149959183176E-02  1.5194427417723841E-06
  1.1846802228079358E+00  6.4343727114715810E-02  1.5178026395972430E-06
  1.1964828376300893E+00  6.3845519917297755E-02  1.5162566330792011E-06
  1.2084030383745521E+00  6.3351079790875203E-02  1.5147960735868540E-06
  1.2204419965147089E+00  6.2834216129139697E-02  1.5134115326995248E-06
  1.2326008951949805E+00  6.2364071944606379E-02  1.5120932017106982E-06
  1.2448809293471053E+00  6.1871433124817979E-02  1.5108311362120001E-06
  1.2572833058075676E+00  6.1377100465195261E-02  1.5096155182300860E-06
  1.2698092434362047E+00  6.0884557867496504E-02  1.5084369645189600E-06
  1.2824599732359863E+00  6.0390069329739060E-02  1.5072868733234453E-06
  1.2952367384739989E+00  5.9885265615481589E-02  1.5061578247106636E-06
  1.3081407948036294E+00  5.9388722589749740E-02  1.5050440184354133E-06
  1.3211734103879584E+00  5.8897262814543834E-02  1.5039417025036650E-06
  1.3343358660244007E+00  5.8402440938945366E-02  1.5028494885873968E-06
  1.3476294552705730E+00  5.7901309330455002E-02  1.5017684886905722E-06
  1.3610554845714149E+00  5.7400051705658192E-02  1.5007022437860191E-06
  1.3746152733875912E+00  5.6897929083362969E-02  1.4996564261301323E-06
  1.3883101543251579E+00  5.6398787959941687E-02  1.4986381450204386E-06
  1.4021414732665234E+00  5.5879822545019095E-02  1.4976552650804693E-06
  1.4161105895027237E+00  5.5381961964551182E-02  1.4967159402279406E-06
  1.4302188758670038E+00  5.4896501117001485E-02  1.4958283057777255E-06
  1.4444677188697372E+00  5.4391721159704622E-02  1.4950002153936515E-06
  1.4588585188346814E+00  5.3893307028832223E-02  1.4942389395438982E-06
  1.4733926900366048E+00  5.3397239843239380E-02  1.4935508168929399E-06
  1.4880716608402726E+00  5.2928635807899076E-02  1.4929409009827874E-06
  1.5028968738408175E+00  5.2445585044917517E-02  1.4924126682703508E-06
  1.5178697860055186E+00  5.1966829537919604E-02  1.4919678626158929E-06
  1.5329918688169866E+00  5.1494545014592955E-02  1.4916065097297393E-06
  1.5482646084177669E+00  5.1025759194766818E-02  1.4913271516418262E-06
  1.5636895057564053E+00  5.0562062723814062E-02  1.4911274804714185E-06
  1.5792680767349456E+00  5.0105381224027475E-02  1.4910048679471442E-06
  1.5950018523579137E+00  4.9649285181653055E-02  1.4909566491781513E-06
  1.6108923788827698E+00  4.9200098549454743E-02  1.4909803808015019E-06
  1.6269412179718803E+00  4.8754671872942239E-02  1.4910739143630818E-06
  1.6431499468459867E+00  4.8316476904329782E-02  1.4912353322476695E-06
  1.6595201584392036E+00  4.7880742282692769E-02  1.4914629479682241E-06
  1.6760534615555778E+00  4.7446793926177060E-02  1.4917553835451848E-06
  1.6927514810271891E+00  4.7020604363260554E-02  1.4921116119605063E-06
  1.7096158578738285E+00  4.6592061383624206E-02  1.4925309292643797E-06
  1.7266482494642825E+00  4.6153715301092996E-02  1.4930128813374344E-06
  1.7438503296792036E+00  4.5748340986733950E-02  1.4935571240522908E-06
  1.7612237890756199E+00  4.5321064908500207E-02  1.4941631975533190E-06
  1.7787703350530686E+00  4.4907295197279179E-02  1.4948302308403160E-06
  1.7964916920214020E+00  4.4495159447070262E-02  1.4955566715073765E-06
  1.8143896015702539E+00  4.4080865622611751E-02  1.4963401436635097E-06
  1.8324658226401875E+00  4.3669774181542796E-02  1.4971775746636778E-06
  1.8507221316955715E+00  4.3256035315080411E-02  1.4980656900252227E-06
  1.8691603228991580E+00  4.2846898779048230E-02  1.4990013198736408E-06
  1.8877822082884004E+00  4.2440958141309951E-02  1.4999813277562498E-06
  1.9065896179535440E+00  4.2018027388467327E-02  1.5010025402255575E-06
  1.9255844002174753E+00  4.1632949978243072E-02  1.5020618568666626E-06
  1.9447684218173715E+00  4.1228896248933611E-02  1.5031563364702963E-06
  1.9641435680881465E+00  4.0833338939489677E-02  1.5042832953926078E-06
  1.9837117431477491E+00  4.0433756786989287E-02  1.5054404373930579E-06
  2.0034748700842862E+00  4.0037178793381201E-02  1.5066260211026542E-06
  2.0234348911450097E+00  3.9639380529443630E-02  1.5078391020696947E-06
  2.0435937679272067E+00  3.9249586843844039E-02  1.5090795542514221E-06
  2.0639534815709712E+00  3.8861644145868575E-02  1.5103478179764696E-06
  2.0845160329538981E+00  3.8471701293040610E-02  1.5116442886238429E-06
  2.1052834428877323E+00  3.8070393293828463E-02  1.5129688642745281E-06
  2.1262577523169610E+00  3.7703378415281340E-02  1.5143211812648877E-06
  2.1474410225193932E+00  3.7324315365736785E-02  1.5157009516123052E-06
  2.1688353353087249E+00  3.6944594649563456E-02  1.5171078887754350E-06
  2.1904427932391468E+00  3.6557604546348377E-02  1.5185416610919414E-06
  2.2122655198119681E+00  3.6194155308787300E-02  1.5200018980480759E-06
  2.2343056596843001E+00  3.5824544752274513E-02  1.5214881219958898E-06
  2.2565653788798374E+00  3.5444393045393659E-02  1.5229996915123754E-06
  2.2790468650017228E+00  3.5090783464972825E-02  1.5245357673360322E-06
  2.3017523274475264E+00  3.4728193381131332E-02  1.5260952664907028E-06
  2.3246839976263942E+00  3.4355628921128208E-02  1.5276768568422655E-06
  2.3478441291783301E+00  3.3995589083325180E-02  1.5292792724033419E-06
  2.3712349981956833E+00  3.3654002127936657E-02  1.5309017457218465E-06
  2.3948589034468228E+00  3.3299134012820822E-02  1.5325439428779379E-06
  2.4187181666020674E+00  3.2954017650718231E-02  1.5342056839059797E-06
  2.4428151324618419E+00  3.2605600170669040E-02  1.5358870263504871E-06
  2.4671521691871097E+00  3.2260757493064812E-02  1.5375882580926756E-06
  2.4917316685321218E+00  3.1918897048335719E-02  1.5393096981022545E-06
  2.5165560460794607E+00  3.1577339788458378E-02  1.5410517226597844E-06
  2.5416277414774293E+00  3.1240731750811788E-02  1.5428147568889037E-06
  2.5669492186798233E+00  3.0906192365380832E-02  1.5445992936913272E-06
  2.5925229661880720E+00  3.0573645528307034E-02  1.5464059449275448E-06
  2.6183514972958029E+00  3.0245429248060139E-02  1.5482354123701809E-06
  2.6444373503358278E+00  2.9914314699258523E-02  1.5500883539830751E-06
  2.6707830889296171E+00  2.9593913947390756E-02  1.5519651749116586E-06
  2.6973913022392364E+00  2.9264812236268544E-02  1.5538659419431806E-06
  2.7242646052217907E+00  2.8952747193831077E-02  1.5557904333204276E-06
  2.7514056388864274E+00  2.8633931827168613E-02  1.5577381264366416E-06
  2.7788170705538788E+00  2.8307327936599479E-02  1.5597083397860198E-06
  2.8065015941185893E+00  2.8010150809690274E-02  1.5617005534565882E-06
  2.8344619303134748E+00  2.7684245679239591E-02  1.5637143398996347E-06
  2.8627008269772980E+00  2.7391772373285623E-02  1.5657492780976802E-06
  2.8912210593247192E+00  2.7083088390146622E-02  1.5678049519456514E-06
  2.9200254302190252E+00  2.6778193920538085E-02  1.5698809383354340E-06
  2.9491167704475991E+00  2.6480250282733986E-02  1.5719768131769196E-06
  2.9784979390001136E+00  2.6172015193014219E-02  1.5740921563319592E-06
  3.0081718233494903E+00  2.5873668999590923E-02  1.5762265955703213E-06
  3.0381413397356907E+00  2.5591029919191849E-02  1.5783798931898624E-06
  3.0684094334523015E+00  2.5289260198067251E-02  1.5805520495652416E-06
  3.0989790791359799E+00  2.5014167609964760E-02  1.5827433067315619E-06
  3.1298532810588089E+00  2.4722781610841241E-02  1.5849539762875249E-06
  3.1610350734235322E+00  2.4432503680192078E-02  1.5871842384628368E-06
  3.1925275206617503E+00  2.4154566507599468E-02  1.5894341744072660E-06
  3.2243337177350724E+00  2.3876277122278619E-02  1.5917038964669071E-06
  3.2564567904392909E+00  2.3610505076047079E-02  1.5939935651511883E-06
  3.2888998957115709E+00  2.3336635203152413E-02  1.5963033562107562E-06
  3.3216662219406854E+00  2.3066804373344275E-02  1.5986334781347345E-06
  3.3547589892803829E+00  2.2797552280700826E-02  1.6009842145701799E-06
  3.3881814499658409E+00  2.2527636395471298E-02  1.6033558952453755E-06
  3.4219368886332728E+00  2.2272577572592475E-02  1.6057487923444727E-06
  3.4560286226427506E+00  2.2011908217538054E-02  1.6081630140649407E-06
  3.4904600024042103E+00  2.1755914269237696E-02  1.6105985162963607E-06
  3.5252344117067222E+00  2.1501516994561164E-02  1.6130552648887313E-06
  3.5603552680510271E+00  2.1241663699926531E-02  1.6155333179803700E-06
  3.5958260229854107E+00  2.0993090643142719E-02  1.6180329740417792E-06
  3.6316501624449065E+00  2.0748755802847754E-02  1.6205547879141317E-06
  3.6678312070938621E+00  2.0502584669769872E-02  1.6230993220537318E-06
  3.7043727126719643E+00  2.0268732008624279E-02  1.6256671227710011E-06
  3.7412782703436704E+00  2.0029256271196033E-02  1.6282587366727578E-06
  3.7785515070511249E+00  1.9784771052036555E-02  1.6308747360428084E-06
  3.8161960858706214E+00  1.9552293691243412E-02  1.6335157284296416E-06
  3.8542157063725866E+00  1.9327654354937624E-02  1.6361823279675793E-06
  3.8926141049851632E+00  1.9091388709828534E-02  1.6388751344578235E-06
  3.9313950553613988E+00  1.8872577820987863E-02  1.6415947031891546E-06
  3.9705623687501292E+00  1.8648973324969672E-02  1.6443414788127387E-06
  4.0101198943705247E+00  1.8427531401581439E-02  1.6471158519594565E-06
  4.0500715197903610E+00  1.8208204596543740E-02  1.6499180674032117E-06
  4.0904211713081020E+00  1.7992710008821043E-02  1.6527479987287004E-06
  4.1311728143387496E+00  1.7779151386721741E-02  1.6556055360938291E-06
  4.1723304538035366E+00  1.7567183683639333E-02  1.6584906889680744E-06
  4.2138981345235420E+00  1.7357751952222486E-02  1.6614034840624670E-06
  4.2558799416171809E+00  1.7150716539583357E-02  1.6643439993334088E-06
  4.2982800009016904E+00  1.6946035567125137E-02  1.6673123890129743E-06
  4.3411024792985753E+00  1.6743713224695457E-02  1.6703088464189828E-06
  4.3843515852431452E+00  1.6543754484327919E-02  1.6733335482288853E-06
  4.4280315690980947E+00  1.6345869106936192E-02  1.6763866234958421E-06
  4.4721467235711971E+00  1.6149933363570165E-02  1.6794681628714208E-06
  4.5167013841372023E+00  1.5956420557882621E-02  1.6825781986431224E-06
  4.5616999294639005E+00  1.5764216039551353E-02  1.6857167763790982E-06
  4.6071467818424230E+00  1.5575048670669250E-02  1.6888842906116400E-06
  4.6530464076218818E+00  1.5387883397145105E-02  1.6920813343851972E-06
  4.6994033176482857E+00  1.5201974847744248E-02  1.6953084716147475E-06
  4.7462220677078548E+00  1.5018801360307074E-02  1.6985662991569594E-06
  4.7935072589747332E+00  1.4837794784115741E-02  1.7018554366950738E-06
  4.8412635384632008E+00  1.4658962168942354E-02  1.7051765058351336E-06
  4.8894955994843521E+00  1.4480032922213733E-02  1.7085301391023855E-06
  4.9382081821073216E+00  1.4305576014308914E-02  1.7119169920582328E-06
  4.9874060736251487E+00  1.4132349880929023E-02  1.7153377399725941E-06
  5.0370941090252437E+00  1.3960886105980673E-02  1.7187930473290346E-06
  5.0872771714645344E+00  1.3791455463097466E-02  1.7222835318457093E-06
  5.1379601927493983E+00  1.3623518875025484E-02  1.7258097412397200E-06
  5.1891481538203212E+00  1.3453617349477479E-02  1.7293720523565166E-06
  5.2408460852413983E+00  1.3294433335619856E-02  1.7329707084847720E-06
  5.2930590676947444E+00  1.3131854757823941E-02  1.7366060138936400E-06
  5.3457922324797833E+00  1.2971667326623115E-02  1.7402783653426719E-06
  5.3990507620175521E+00  1.2813212171615580E-02  1.7439882096692234E-06
  5.4528398903599760E+00  1.2652279293431334E-02  1.7477360169299738E-06
  5.5071649037042967E+00  1.2497095473391305E-02  1.7515222782971457E-06
  5.5620311409125538E+00  1.2343928983518280E-02  1.7553475141143288E-06
  5.6174439940362593E+00  1.2197053570476979E-02  1.7592122758025703E-06
  5.6734089088463371E+00  1.2047452331862040E-02  1.7631171310829968E-06
  5.7299313853682996E+00  1.1899441856057673E-02  1.7670626338712327E-06
  5.7870169784227512E+00  1.1753009103076377E-02  1.7710492740180794E-06
  5.8446712981713311E+00  1.1608346186899366E-02  1.7750774582822902E-06
  5.9029000106680334E+00  1.1465752498132328E-02  1.7791475631110965E-06
  5.9617088384160626E+00  1.1319968791842898E-02  1.7832599588624120E-06
  6.0211035609301913E+00  1.1184122644078236E-02  1.7874149775357350E-06
  6.0810900153047891E+00  1.1043159755745800E-02  1.7916129148362008E-06
  6.1416740967874510E+00  1.0906679280995649E-02  1.7958540477860155E-06
  6.2028617593583428E+00  1.0774582763746441E-02  1.8001386380095407E-06
  6.2646590163153713E+00  1.0641015307577741E-02  1.8044669435058768E-06
  6.3270719408651361E+00  1.0509297736537044E-02  1.8088392366607807E-06
  6.3901066667197552E+00  1.0378898075217725E-02  1.8132558059300898E-06
  6.4537693886997065E+00  1.0250046056870224E-02  1.8177169351130926E-06
  6.5180663633426086E+00  1.0122813679722157E-02  1.8222228683985013E-06
  6.5830039095180952E+00  9.9972770636416897E-03  1.8267737641915492E-06
  6.6485884090487932E+00  9.8724659411376665E-03  1.8313696482846195E-06
  6.7148263073375363E+00  9.7494124930368135E-03  1.8360104207614388E-06
  6.7817241140007836E+00  9.6244853295674847E-03  1.8406959314231041E-06
  6.8492884035083312E+00  9.5077452442150039E-03  1.8454260428705296E-06
  6.9175258158294772E+00  9.3890408075997765E-03  1.8502006299551264E-06
  6.9864430570855474E+00  9.2683017350435101E-03  1.8550195560103974E-06
  7.0560469002089228E+00  9.1556808328420204E-03  1.8598826573144733E-06
  7.1263441856087129E+00  9.0404159286438281E-03  1.8647897454955383E-06
  7.1973418218429677E+00  8.9247019400124118E-03  1.8697406004275547E-06
  7.2690467862976424E+00  8.8162062201917780E-03  1.8747349386229156E-06
  7.3414661258722802E+00  8.7043987991472175E-03  1.8797723575809894E-06
  7.4146069576725981E+00  8.5926887235149053E-03  1.8848522659304199E-06
  7.4884764697099131E+00  8.4875955806173881E-03  1.8899738095069999E-06
  7.5630819216075222E+00  8.3807647897623499E-03  1.8951358332317452E-06
  7.6384306453142052E+00  8.2748246346194404E-03  1.9003369425107145E-06
  7.7145300458247537E+00  8.1703213812482304E-03  1.9055755886873291E-06
  7.7913876019076858E+00  8.0670537503840963E-03  1.9108500978395730E-06
  7.8690108668402754E+00  7.9618811557617773E-03  1.9161586886522942E-06
  7.9474074691508330E+00  7.8620379983057164E-03  1.9214995012793383E-06
  8.0265851133684247E+00  7.7641092153182007E-03  1.9268706355456608E-06
  8.1065515807800104E+00  7.6650337484065406E-03  1.9322701880875819E-06
  8.1873147301952081E+00  7.5676960599044977E-03  1.9376962837755419E-06
  8.2688824987186162E+00  7.4713841040109598E-03  1.9431471157468861E-06
  8.3512629025297773E+00  7.3757259777835404E-03  1.9486209936920798E-06
  8.4344640376710931E+00  7.2812980515555717E-03  1.9541163837715660E-06
  8.5184940808434355E+00  7.1857533370992179E-03  1.9596319282663191E-06
  8.6033612902095857E+00  7.0930817946243101E-03  1.9651664251229887E-06
  8.6890740062060470E+00  7.0040180457071350E-03  1.9707187813121222E-06
  8.7756406523625721E+00  6.9133993162576145E-03  1.9762880058455926E-06
  8.8630697361299902E+00  6.8218486278999579E-03  1.9818731721327416E-06
  8.9513698497163201E+00  6.7328357169297451E-03  1.9874733582675372E-06
  9.0405496709312292E+00  6.6470170438877475E-03  1.9930875809895431E-06
  9.1306179640387608E+00  6.5598743666924839E-03  1.9987147210176280E-06
  9.2215835806186934E+00  6.4718548387961089E-03  2.0043534296685413E-06
  9.3134554604365061E+00  6.3880798724732296E-03  2.0100020169473974E-06
  9.4062426323218311E+00  6.3026051122481415E-03  2.0156583284245482E-06
  9.4999542150558351E+00  6.2193540246373042E-03  2.0213196230599311E-06
  9.5945994182674266E+00  6.1345039154917470E-03  2.0269824542728453E-06
  9.6901875433382365E+00  6.0519497547747393E-03  2.0326426166286545E-06
  9.7867279843167836E+00  5.9719229209138107E-03  2.0382953114879558E-06
  9.8842302288417372E+00  5.8893972044688492E-03  2.0439353485508348E-06
  9.9827038590742152E+00  5.8100910953720981E-03  2.0495573175870395E-06
  1.0082158552639543E+01  5.7312933904753735E-03  2.0551557229125962E-06
  1.0182604083578394E+01  5.6519444310313294E-03  2.0607250738336005E-06
  1.0284050323307222E+01  5.5741625947021770E-03  2.0662599730843856E-06
  1.0386507241588456E+01  5.4975472950222100E-03  2.0717552020509801E-06
  1.0489984907510348E+01  5.4195373902852255E-03  2.0772057828654875E-06
  1.0594493490476397E+01  5.3439617406348559E-03  2.0826070401083710E-06
  1.0700043261204836E+01  5.2691279475661846E-03  2.0879546602471820E-06
  1.0806644592738055E+01  5.1965880779576683E-03  2.0932447171907739E-06
  1.0914307961461892E+01  5.1227286200611960E-03  2.0984736243624563E-06
  1.1023043948135294E+01  5.0505726644494786E-03  2.1036379094443182E-06
  1.1132863238930206E+01  4.9786509923612360E-03  2.1087339869185522E-06
  1.1243776626481644E+01  4.9075989059126140E-03  2.1137580591581995E-06
  1.1355795010948418E+01  4.8366675749147376E-03  2.1187060477532318E-06
  1.1468929401084431E+01  4.7665434899773597E-03  2.1235735160336178E-06
  1.1583190915320440E+01  4.6966727091546576E-03  2.1283555465095006E-06
  1.1698590782856799E+01  4.6267798405667535E-03  2.1330465809388599E-06
  1.1815140344767084E+01  4.5580512376419569E-03  2.1376403761848459E-06
  1.1932851055112607E+01  4.4907477547584743E-03  2.1421300830316195E-06
  1.2051734482067936E+01  4.4232144236248756E-03  2.1465083702952831E-06
  1.2171802309058039E+01  4.3558374698440356E-03  2.1507675802036690E-06
  1.2293066335906360E+01  4.2883770994021587E-03  2.1548999060802688E-06
  1.2415538479994304E+01  4.2220875909230529E-03  2.1588975940375902E-06
  1.2539230777432733E+01  4.1557463164233026E-03  2.1627531468200583E-06
  1.2664155384244687E+01  4.0897894004118182E-03  2.1664594485612150E-06
  1.2790324577559870E+01  4.0238450571054990E-03  2.1700098649237277E-06
  1.2917750756821512E+01  3.9587982727640626E-03  2.1733983535579665E-06
  1.3046446445004772E+01  3.8939201031158396E-03  2.1766196192633169E-06
  1.3176424289847402E+01  3.8291115389977272E-03  2.1796693044086554E-06
  1.3307697065092791E+01  3.7661307089738765E-03  2.1825440786140767E-06
  1.3440277671745388E+01  3.7017578997639617E-03  2.1852415465592438E-06
  1.3574179139338415E+01  3.6398332418081619E-03  2.1877600777856980E-06
  1.3709414627214441E+01  3.5774038850209804E-03  2.1900985929831795E-06
  1.3845997425818702E+01  3.5147149803746399E-03  2.1922563080628287E-06
  1.3983940958005091E+01  3.4538218640054589E-03  2.1942324543030043E-06
  1.4123258780355380E+01  3.3932540574451941E-03  2.1960260135584014E-06
  1.4263964584511589E+01  3.3327473520698586E-03  2.1976355595203466E-06
  1.4406072198521402E+01  3.2731793318932362E-03  2.1990592436989817E-06
  1.4549595588197194E+01  3.2139304950414590E-03  2.2002948254195135E-06
  1.4694548858488645E+01  3.1544809599755095E-03  2.2013396786375809E-06
  1.4840946254868742E+01  3.0965634753409759E-03  2.2021907473387139E-06
  1.4988802164733864E+01  3.0393795828111522E-03  2.2028445118335017E-06
  1.5138131118817801E+01  2.9821983200548491E-03  2.2032970330677964E-06
  1.5288947792619611E+01  2.9256279214220264E-03  2.2035440283458459E-06
  1.5441267007845967E+01  2.8690238239281358E-03  2.2035809513109060E-06
  1.5595103733867855E+01  2.8135954372127620E-03  2.2034030809274072E-06
  1.5750473089191543E+01  2.7590277377986037E-03  2.2030056231570603E-06
  1.5907390342944451E+01  2.7045079071409679E-03  2.2023838115625482E-06
  1.6065870916375847E+01  2.6503102605595027E-03  2.2015329439842834E-06
  1.6225930384372205E+01  2.5969120024148368E-03  2.2004483641147774E-06
  1.6387584476987925E+01  2.5440387846951311E-03  2.1991254407760565E-06
  1.6550849080991338E+01  2.4919320943057430E-03  2.1975596030815973E-06
  1.6715740241425795E+01  2.4401836009002023E-03  2.1957464269272479E-06
  1.6882274163186629E+01  2.3889717473680127E-03  2.1936817538079060E-06
  1.7050467212613786E+01  2.3381385634828680E-03  2.1913617720000412E-06
  1.7220335919100066E+01  2.2883236022614023E-03  2.1887830426470885E-06
  1.7391896976715664E+01  2.2388391295924707E-03  2.1859424780101600E-06
  1.7565167245848919E+01  2.1899566687268376E-03  2.1828372890560513E-06
  1.7740163754863062E+01  2.1416684252584129E-03  2.1794649300426029E-06
  1.7916903701769815E+01  2.0937547555431564E-03  2.1758230253602338E-06
  1.8095404455919628E+01  2.0464750827386834E-03  2.1719092766572960E-06
  1.8275683559708629E+01  2.0002615532049711E-03  2.1677214002831594E-06
  1.8457758730302370E+01  1.9545852503110995E-03  2.1632570860529693E-06
  1.8641647861377443E+01  1.9091616126313236E-03  2.1585139606142107E-06
  1.8827369024879808E+01  1.8643782132482104E-03  2.1534895606250790E-06
  1.9014940472800575E+01  1.8207344578590366E-03  2.1481813290945310E-06
  1.9204380638970214E+01  1.7773047146872421E-03  2.1425866688596626E-06
  1.9395708140869949E+01  1.7345499546872209E-03  2.1367030444361583E-06
  1.9588941781461152E+01  1.6924148270875711E-03  2.1305280844272980E-06
  1.9784100551033720E+01  1.6507862143892828E-03  2.1240596564117197E-06
  1.9981203629072095E+01  1.6100742940675468E-03  2.1172959229585798E-06
  2.0180270386140105E+01  1.5695362712590030E-03  2.1102354032143950E-06
  2.0381320385784701E+01  1.5303556326436050E-03  2.1028770226921721E-06
  2.0584373386458751E+01  1.4912814277047357E-03  2.0952200971229564E-06
  2.0789449343462525E+01  1.4529693681207820E-03  2.0872642330743098E-06
  2.0996568410905017E+01  1.4151653045599954E-03  2.0790092432608426E-06
  2.1205750943684674E+01  1.3783148535251929E-03  2.0704551299047677E-06
  2.1417017499489610E+01  1.3419126294199441E-03  2.0616021220949602E-06
  2.1630388840818025E+01  1.3061686491666581E-03  2.0524507110730018E-06
  2.1845885937018814E+01  1.2711026179466026E-03  2.0430016353903990E-06
  2.2063529966352085E+01  1.2365525661842422E-03  2.0332558526277603E-06
  2.2283342318070641E+01  1.2029564751739313E-03  2.0232144798465456E-06
  2.2505344594522125E+01  1.1698083656718644E-03  2.0128786803626118E-06
  2.2729558613271781E+01  1.1371485284984819E-03  2.0022495366900140E-06
  2.2956006409246740E+01  1.1054442551447169E-03  1.9913279775491743E-06
  2.3184710236901662E+01  1.0742654515541454E-03  1.9801147969626510E-06
  2.3415692572405529E+01  1.0439031808783599E-03  1.9686107737777292E-06
  2.3648976115850690E+01  1.0138226967848715E-03  1.9568167845505938E-06
  2.3884583793483863E+01  9.8479252345807220E-04  1.9447337978475254E-06
  2.4122538759958960E+01  9.5616650715120855E-04  1.9323627839851397E-06
  2.4362864400612789E+01  9.2805449310463827E-04  1.9197046371316490E-06
  2.4605584333763421E+01  9.0089027227753678E-04  1.9067601947290759E-06
  2.4850722413031029E+01  8.7411729844066454E-04  1.8935303473638488E-06
  2.5098302729682256E+01  8.4800442114711660E-04  1.8800162134370671E-06
  2.5348349614997993E+01  8.2249218531599136E-04  1.8662193259433498E-06
  2.5600887642664251E+01  7.9752461746201585E-04  1.8521417701960948E-06
  2.5855941631187324E+01  7.7326714454410044E-04  1.8377862654672196E-06
  2.6113536646333024E+01  7.4951404027883361E-04  1.8231561758966601E-06
  2.6373698003589734E+01  7.2626335097475284E-04  1.8082554119021522E-06
  2.6636451270656472E+01  7.0373611647407642E-04  1.7930882701639221E-06
  2.6901822269955716E+01  6.8178931965062371E-04  1.7776593566575691E-06
  2.7169837081171060E+01  6.6021258085624925E-04  1.7619735873692840E-06
  2.7440522043809864E+01  6.3938541780951411E-04  1.7460361870955336E-06
  2.7713903759792451E+01  6.1899477621320503E-04  1.7298526291503286E-06
  2.7990009096066135E+01  5.9914980274753966E-04  1.7134285611283934E-06
  2.8268865187245240E+01  5.7983350364208569E-04  1.6967697755784652E-06
  2.8550499438278479E+01  5.6101888009751476E-04  1.6798822178042340E-06
  2.8834939527141898E+01  5.4273966344556377E-04  1.6627719743745372E-06
  2.9122213407558561E+01  5.2495444388814109E-04  1.6454452304181689E-06
  2.9412349311746489E+01  5.0764610357517778E-04  1.6279082669370097E-06
  2.9705375753192786E+01  4.9085277434617069E-04  1.6101675201460100E-06
  3.0001321529455783E+01  4.7448442249207220E-04  1.5922296769375393E-06
  3.0300215724995265E+01  4.5861566450847272E-04  1.5741017259804149E-06
  3.0602087714030993E+01  4.4318569756999116E-04  1.5557909047645872E-06
  3.0906967163429094E+01  4.2822293919578779E-04  1.5373046257633465E-06
  3.1214884035617821E+01  4.1368617127694740E-04  1.5186504306279046E-06
  3.1525868591532333E+01  3.9956589437249452E-04  1.4998359563124899E-06
  3.1839951393588230E+01  3.8584062802323263E-04  1.4808689004455390E-06
  3.2157163308685341E+01  3.7262586661712481E-04  1.4617570412887773E-06
  3.2477535511241371E+01  3.5972721010038968E-04  1.4425083136328026E-06
  3.2801099486255232E+01  3.4722498722039320E-04  1.4231308541559890E-06
  3.3127887032401453E+01  3.3513333188422750E-04  1.4036329896030302E-06
  3.3457930265155483E+01  3.2339832121818418E-04  1.3840231875127587E-06
  3.3791261619949417E+01  3.1202569446965860E-04  1.3643099901675840E-06
  3.4127913855359871E+01  3.0101244044846098E-04  1.3445019772060428E-06
  3.4467920056327564E+01  2.9035103971258375E-04  1.3246078141746084E-06
  3.4811313637408404E+01  2.7999355105968885E-04  1.3046363266352563E-06
  3.5158128346057495E+01  2.7003843353169449E-04  1.2845965030394669E-06
  3.5508398265945971E+01  2.6034825520382903E-04  1.2644974403362528E-06
  3.5862157820310181E+01  2.5094653987644232E-04  1.2443482800973674E-06
  3.6219441775334886E+01  2.4192804120398728E-04  1.2241581535562929E-06
  3.6580285243570145E+01  2.3313038094065899E-04  1.2039361697348509E-06
  3.6944723687381675E+01  2.2465468584481136E-04  1.1836914430207904E-06
  3.7312792922436095E+01  2.1646023239435099E-04  1.1634331078403910E-06
  3.7684529121221047E+01  2.0854037888624435E-04  1.1431703356834772E-06
  3.8059968816599635E+01  2.0089970511952420E-04  1.1229123714289368E-06
  3.8439148905400941E+01  1.9347525164037602E-04  1.1026685616059731E-06
  3.8822106652046344E+01  1.8632788380283356E-04  1.0824483260715173E-06
  3.9208879692211291E+01  1.7940490553011029E-04  1.0622610787296848E-06
  3.9599506036524218E+01  1.7272696701943149E-04  1.0421161894868888E-06
  3.9994024074302217E+01  1.6628543314398402E-04  1.0220229882651667E-06
  4.0392472577323787E+01  1.6004019814246941E-04  1.0019907465253878E-06
  4.0794890703638529E+01  1.5404986327014392E-04  9.8202862021708706E-07
  4.1201318001416517E+01  1.4823487717765090E-04  9.6214560010632158E-07
  4.1611794412834392E+01  1.4262331867080186E-04  9.4235051360116398E-07
  4.2026360278000269E+01  1.3722168354143204E-04  9.2265205078995457E-07
  4.2445056338919201E+01  1.3200412397142987E-04  9.0305875836857769E-07
  4.2867923743496654E+01  1.2696757843193163E-04  8.8357901618712864E-07
  4.3295004049581848E+01  1.2210553151756730E-04  8.6422102439877194E-07
  4.3726339229052968E+01  1.1742703356969459E-04  8.4499281527620457E-07
  4.4161971671941366E+01  1.1289918281862592E-04  8.2590229462821063E-07
  4.4601944190597436E+01  1.0853940823981467E-04  8.0695726142756861E-07
  4.5046300023898198E+01  1.0433930813978325E-04  7.8816538201172603E-07
  4.5495082841496981E+01  1.0029521740663194E-04  7.6953416255714370E-07
  4.5948336748114500E+01  9.6378097295259039E-05  7.5107093108533264E-07
  4.6406106287873648E+01  9.2613841391683515E-05  7.3278280109488185E-07
  4.6868436448677343E+01  8.8991599354262552E-05  7.1467663918265829E-07
  4.7335372666629269E+01  8.5488606790128037E-05  6.9675907108579006E-07
  4.7806960830499406E+01  8.2119195771524945E-05  6.7903649816322846E-07
  4.8283247286234143E+01  7.8875794537428004E-05  6.6151509906555354E-07
  4.8764278841510361E+01  7.5748249512175820E-05  6.4420081987077053E-07
  4.9250102770335829E+01  7.2736732638968918E-05  6.2709935462599820E-07
  4.9740766817695430E+01  6.9832466412091842E-05  6.1021611659486246E-07
  5.0236319204242747E+01  6.7039000642735193E-05  5.9355622302636076E-07
  5.0736808631039310E+01  6.4348061312009317E-05  5.7712452569679585E-07
  5.1242284284341096E+01  6.1759764427251929E-05  5.6092564657738823E-07
  5.1752795840431688E+01  5.9262424368658963E-05  5.4496397937488753E-07
  5.2268393470504677E+01  5.6863618990850968E-05  5.2924366897410691E-07
  5.2789127845594528E+01  5.4551247225052814E-05  5.1376858049820467E-07
  5.3315050141555787E+01  5.2327413962025007E-05  4.9854228368114180E-07
  5.3846212044092709E+01  5.0187555815933988E-05  4.8356806182853363E-07
  5.4382665753839092E+01  4.8125473991472304E-05  4.6884891821860000E-07
  5.4924463991487755E+01  4.6144953267558895E-05  4.5438757703384572E-07
  5.5471660002971944E+01  4.4237474280210195E-05  4.4018649070602012E-07
  5.6024307564698624E+01  4.2405633883968350E-05  4.2624785661579846E-07
  5.6582460988832608E+01  4.0640455531872447E-05  4.1257363468298881E-07
  5.7146175128634638E+01  3.8941912385037847E-05  3.9916554026312048E-07
  5.7715505383852403E+01  3.7309865125827535E-05  3.8602502599908815E-07
  5.8290507706164362E+01  3.5740729996026091E-05  3.7315328365874359E-07
  5.8871238604678830E+01  3.4231777253774734E-05  3.6055125514055737E-07
  5.9457755151487810E+01  3.2781282677456065E-05  3.4821962783880741E-07
  6.0050114987275137E+01  3.1385947475023736E-05  3.3615881788288394E-07
  6.0648376326981548E+01  3.0046493442279414E-05  3.2436896629147954E-07
  6.1252597965526078E+01  2.8757350876683163E-05  3.1284995405686592E-07
  6.1862839283584080E+01  2.7519636931229793E-05  3.0160141257188069E-07
  6.2479160253422059E+01  2.6330285382015393E-05  2.9062272695446069E-07
  6.3101621444793039E+01  2.5185789928610638E-05  2.7991303650039099E-07
  6.3730284030888406E+01  2.4086566029343398E-05  2.6947123609976770E-07
  6.4365209794348971E+01  2.3032578571868298E-05  2.5929598673027379E-07
  6.5006461133338263E+01  2.2017684334690145E-05  2.4938573598532635E-07
  6.5654101067674134E+01  2.1045231082545822E-05  2.3973873138900783E-07
  6.6308193245021172E+01  2.0110371666938652E-05  2.3035302622605855E-07
  6.6968801947147455E+01  1.9212811534547667E-05  2.2122648659523397E-07
  6.7635992096240969E+01  1.8349576437068275E-05  2.1235679156733175E-07
  6.8309829261289735E+01  1.7522104415437132E-05  2.0374143017519222E-07
  6.8990379664526017E+01  1.6726868439753716E-05  1.9537770712089771E-07
  6.9677710187934821E+01  1.5965450050241266E-05  1.8726275386896576E-07
  7.0371888379825890E+01  1.5233436049805101E-05  1.7939353874890361E-07
  7.1072982461472634E+01  1.4531567774563927E-05  1.7176687565328756E-07
  7.1781061333817007E+01  1.3857676311953914E-05  1.6437943295563795E-07
  7.2496194584240044E+01  1.3210793941850120E-05  1.5722774022654893E-07
  7.3218452493400989E+01  1.2591409839144794E-05  1.5030819145086196E-07
  7.3947906042144808E+01  1.1996202663772268E-05  1.4361705359634398E-07
  7.4684626918476866E+01  1.1426480926638876E-05  1.3715048386789125E-07
  7.5428687524608762E+01  1.0879592785581117E-05  1.3090454416384826E-07
  7.6180160984074092E+01  1.0355689045403759E-05  1.2487520956516032E-07
  7.6939121148913912E+01  9.8534105881866668E-06  1.1905837117200262E-07
  7.7705642606935044E+01  9.3718668681929004E-06  1.1344983839958171E-07
  7.8479800689040857E+01  8.9108823885008012E-06  1.0804534750815870E-07
  7.9261671476633467E+01  8.4689264978750691E-06  1.0284057249899829E-07
  8.0051331809091266E+01  8.0458533372982097E-06  9.7831133656677993E-08
  8.0848859291320863E+01  7.6407726320143974E-06  9.3012604605985377E-08
  8.1654332301382894E+01  7.2525844787323934E-06  8.8380519917184141E-08
  8.2467829998195128E+01  6.8813386122583954E-06  8.3930384727843104E-08
  8.3289432329312490E+01  6.5262041606801371E-06  7.9657684071600135E-08
  8.4119220038782998E+01  6.1861347058420193E-06  7.5557888827166039E-08
  8.4957274675083454E+01  5.8609945695488108E-06  7.1626461359808307E-08
  8.5803678599134258E+01  5.5502177577574132E-06  6.7858863224077913E-08
  8.6658514992392369E+01  5.2530409581742686E-06  6.4250561536693277E-08
  8.7521867865027389E+01  4.9691298777739029E-06  6.0797032372546539E-08
  8.8393822064176646E+01  4.6979156319665518E-06  5.7493764976922395E-08
  8.9274463282284074E+01  4.4389007494482897E-06  5.4336268542070795E-08
  9.0163878065522340E+01  4.1916735172716473E-06  5.1320078875161486E-08
  9.1062153822297290E+01  3.9557726716261089E-06  4.8440764157485105E-08
  9.1969378831838455E+01  3.7307057388437888E-06  4.5693930297067540E-08
  9.2885642252875584E+01  3.5161565451512264E-06  4.3075225761076966E-08
  9.3811034132399598E+01  3.3116850068872060E-06  4.0580345791767824E-08
  9.4745645414512666E+01  3.1168764058103310E-06  3.8205036621274072E-08
  9.5689567949366392E+01  2.9314900885772740E-06  3.5945100878528306E-08
  9.6642894502187460E+01  2.7549708472805294E-06  3.3796403846696265E-08
  9.7605718762394716E+01  2.5871601007712003E-06  3.1754878299897808E-08
  9.8578135352807323E+01  2.4276066315179533E-06  2.9816527446286135E-08
  9.9560239838942607E+01  2.2760389717575426E-06  2.7977426580009784E-08
  1.0055212873840864E+02  2.1321340661997583E-06  2.6233725403857021E-08
  1.0155389953039018E+02  1.9956403747615010E-06  2.4581651017574318E-08
  1.0256565066522730E+02  1.8661929978044959E-06  2.3017510662343876E-08
  1.0358748157409136E+02  1.7435538673430379E-06  2.1537693941389994E-08
  1.0461949267875742E+02  1.6274428455977439E-06  2.0138674610849147E-08
  1.0566178540147180E+02  1.5176304296122266E-06  1.8817012156858749E-08
  1.0671446217492120E+02  1.4138084893254799E-06  1.7569353418710435E-08
  1.0777762645229785E+02  1.3157598390108563E-06  1.6392433977139079E-08
  1.0885138271746723E+02  1.2232418993350314E-06  1.5283078852727941E-08
  1.0993583649523704E+02  1.1360193458387828E-06  1.4238203281190638E-08
  1.1103109436172632E+02  1.0538851743980489E-06  1.3254813433667055E-08
  1.1213726395484019E+02  9.7659554860024444E-07  1.2330006355946944E-08
  1.1325445398484871E+02  9.0394330029117794E-07  1.1460969539323372E-08
  1.1438277424506913E+02  8.3572831445285770E-07  1.0644980702964343E-08
  1.1552233562265670E+02  7.7175552385183179E-07  9.8794077385742820E-09
  1.1667325010950296E+02  7.1181906443212563E-07  9.1617084726286871E-09
  1.1783563081324048E+02  6.5572862773387772E-07  8.4894301249662636E-09
  1.1900959196835930E+02  6.0330774166325446E-07  7.8602085464716909E-09
  1.2019524894743431E+02  5.5437745982633031E-07  7.2717672687426843E-09
  1.2139271827246209E+02  5.0875737540471008E-07  6.7219163884242984E-09
  1.2260211762631306E+02  4.6628099252269849E-07  6.2085514180219938E-09
  1.2382356586429759E+02  4.2678794090591605E-07  5.7296522064544339E-09
  1.2505718302584529E+02  3.9011916792336750E-07  5.2832818074477437E-09
  1.2630309034630265E+02  3.5611725951996716E-07  4.8675850558726409E-09
  1.2756141026884846E+02  3.2463376212042390E-07  4.4807867799336683E-09
  1.2883226645652528E+02  2.9552570462603383E-07  4.1211898959211206E-09
  1.3011578380439451E+02  2.6865196700677007E-07  3.7871736138805160E-09
  1.3141208845180907E+02  2.4387603772651467E-07  3.4771916570708042E-09
  1.3272130779481043E+02  2.2106740548971061E-07  3.1897703849522458E-09
  1.3404357049864959E+02  2.0009994628543376E-07  2.9235068285805904E-09
  1.3537900651043014E+02  1.8085143443355664E-07  2.6770666713817287E-09
  1.3672774707187980E+02  1.6320457045496933E-07  2.4491821966438601E-09
  1.3808992473224919E+02  1.4704777233963493E-07  2.2386502244095101E-09
  1.3946567336133668E+02  1.3227515547375653E-07  2.0443300416335244E-09
  1.4085512816264543E+02  1.1878647280903240E-07  1.8651413148804213E-09
  1.4225842568667144E+02  1.0648727174853398E-07  1.7000620045900526E-09
  1.4367570384432167E+02  9.5289033322478308E-08  1.5481262478255880E-09
  1.4510710192046824E+02  8.5109079067903065E-08  1.4084221857491718E-09
  1.4655276058763764E+02  7.5870243467495508E-08  1.2800898321553383E-09
  1.4801282191983378E+02  6.7500441032100617E-08  1.1623190061141174E-09
  1.4948742940650135E+02  5.9932225627570634E-08  1.0543472901749184E-09
  1.5097672796662854E+02  5.3102383689292537E-08  9.5545800484609274E-10
  1.5248086396298700E+02  4.6951583692643430E-08  8.6497820702393571E-10
  1.5399998521651699E+02  4.1424093786495636E-08  7.8227672002310231E-10
  1.5553424102085546E+02  3.6467567068790137E-08  7.0676219872064082E-10
  1.5708378215700608E+02  3.2032881721903547E-08  6.3788123004193865E-10
  1.5864876090815974E+02  2.8074020062282773E-08  5.7511648194379142E-10
  1.6022933107465838E+02  2.4547971498857738E-08  5.1798492236673031E-10
  1.6182564798911056E+02  2.1414646326293916E-08  4.6603608159390734E-10
  1.6343786853165841E+02  1.8636790533712048E-08  4.1885033499186773E-10
  1.6506615114539281E+02  1.6179895139182442E-08  3.7603722765477778E-10