 #p(MeV) \t \delta f_\\nu \t \delta f_\\nubar
  5.3985839531830006E-03  2.6826319758425610E-01  1.6400687315416213E-05
  5.4523684308485920E-03  2.6776660650832379E-01  1.6264059666809944E-05
  5.5066887471827740E-03  2.6734029771017892E-01  1.6128400163080710E-05
  5.5615502405859827E-03  2.6702707026992201E-01  1.5993706595241787E-05
  5.6169583026435309E-03  2.6668536486492167E-01  1.5859977233911863E-05
  5.6729183786554957E-03  2.6614846084032007E-01  1.5727210711583700E-05
  5.7294359681718402E-03  2.6561118012356399E-01  1.5595405880164604E-05
  5.7865166255329009E-03  2.6506208146467386E-01  1.5464561819909090E-05
  5.8441659604152544E-03  2.6461053842206184E-01  1.5334677925738732E-05
  5.9023896383829976E-03  2.6416860178801410E-01  1.5205753578126000E-05
  5.9611933814445574E-03  2.6372883463548563E-01  1.5077787469740130E-05
  6.0205829686150120E-03  2.6324612064848096E-01  1.4950777013742913E-05
  6.0805642364840382E-03  2.6279302081693051E-01  1.4824718076643625E-05
  6.1411430797895222E-03  2.6230146233105406E-01  1.4699605021429262E-05
  6.2023254519968452E-03  2.6183307393564798E-01  1.4575430927881874E-05
  6.2641173658839989E-03  2.6142444236346724E-01  1.4452187869714052E-05
  6.3265248941324747E-03  2.6097616427396197E-01  1.4329867175861863E-05
  6.3895541699240718E-03  2.6057085741520497E-01  1.4208459634249271E-05
  6.4532113875436564E-03  2.6012462843128004E-01  1.4087955727186208E-05
  6.5175028029878911E-03  2.5968759018084825E-01  1.3968345790014206E-05
  6.5824347345800737E-03  2.5925023761300142E-01  1.3849619809965485E-05
  6.6480135635910596E-03  2.5876795195985136E-01  1.3731767327754868E-05
  6.7142457348663949E-03  2.5825042061066883E-01  1.3614777797280064E-05
  6.7811377574597091E-03  2.5773203533477046E-01  1.3498641166693406E-05
  6.8486962052723673E-03  2.5725221374426721E-01  1.3383348339865030E-05
  6.9169277176995680E-03  2.5683937597802808E-01  1.3268891371003991E-05
  6.9858390002828065E-03  2.5642316860095177E-01  1.3155263433038923E-05
  7.0554368253688791E-03  2.5601888036610182E-01  1.3042458663907298E-05
  7.1257280327754633E-03  2.5551522365547552E-01  1.2930471974224712E-05
  7.1967195304632808E-03  2.5498545413993784E-01  1.2819298872378857E-05
  7.2684182952150100E-03  2.5451117317394423E-01  1.2708935277211370E-05
  7.3408313733209227E-03  2.5400742033934565E-01  1.2599377297057203E-05
  7.4139658812713725E-03  2.5355836516271768E-01  1.2490621306688822E-05
  7.4878290064561903E-03  2.5312745052141500E-01  1.2382664232825014E-05
  7.5624280078710037E-03  2.5268954675145111E-01  1.2275503614286357E-05
  7.6377702168306649E-03  2.5222537948250923E-01  1.2169137360106208E-05
  7.7138630376897060E-03  2.5184629023890825E-01  1.2063563397985033E-05
  7.7907139485700336E-03  2.5141826140540968E-01  1.1958779398646174E-05
  7.8683305020958577E-03  2.5098448526466016E-01  1.1854782642257399E-05
  7.9467203261359108E-03  2.5051785592343456E-01  1.1751569998165078E-05
  8.0258911245531025E-03  2.5002462844421580E-01  1.1649137968847692E-05
  8.1058506779616377E-03  2.4957735919556201E-01  1.1547482755775594E-05
  8.1866068444916371E-03  2.4913079914357630E-01  1.1446600327688090E-05
  8.2681675605614374E-03  2.4862148906748077E-01  1.1346486501975803E-05
  8.3505408416575232E-03  2.4819077542314785E-01  1.1247136988462707E-05
  8.4337347831222910E-03  2.4774347363830720E-01  1.1148547446958295E-05
  8.5177575609496001E-03  2.4727625386626179E-01  1.1050713700555057E-05
  8.6026174325882880E-03  2.4684965522323454E-01  1.0953632053554424E-05
  8.6883227377537054E-03  2.4640455362120572E-01  1.0857299548258971E-05
  8.7748818992472756E-03  2.4594120374133402E-01  1.0761714061527988E-05
  8.8623034237842787E-03  2.4546031901653914E-01  1.0666874248180996E-05
  8.9505959028298582E-03  2.4501728786173849E-01  1.0572779396602070E-05
  9.0397680134433524E-03  2.4459914747013961E-01  1.0479429259373267E-05
  9.1298285191310554E-03  2.4419942131502018E-01  1.0386823897919293E-05
  9.2207862707074373E-03  2.4374484812042829E-01  1.0294963556714037E-05
  9.3126502071650061E-03  2.4332378925888509E-01  1.0203848578944290E-05
  9.4054293565527664E-03  2.4284403016257508E-01  1.0113479315785416E-05
  9.4991328368634765E-03  2.4234057951278257E-01  1.0023855848847344E-05
  9.5937698569297358E-03  2.4185860442799792E-01  9.9349774825710815E-06
  9.6893497173289860E-03  2.4138704823772525E-01  9.8468422087044952E-06
  9.7858818112975358E-03  2.4105554566006712E-01  9.7594463831254493E-06
  9.8833756256537109E-03  2.4061966432907073E-01  9.6727847035971058E-06
  9.9818407417301552E-03  2.4016536735996771E-01  9.5868504218829566E-06
  1.0081286836315487E-02  2.3963761201393463E-01  9.5016356653566973E-06
  1.0181723682605247E-02  2.3919931380917589E-01  9.4171317657804595E-06
  1.0283161151162427E-02  2.3866441943197844E-01  9.3333295405482752E-06
  1.0385609210887476E-02  2.3825854664919457E-01  9.2502195120747121E-06
  1.0489077929998007E-02  2.3781425267460510E-01  9.1677920734137977E-06
  1.0593577477018298E-02  2.3734033071904248E-01  9.0860376480940089E-06
  1.0699118121778572E-02  2.3692425613429516E-01  9.0049470102634281E-06
  1.0805710236424303E-02  2.3651539189830206E-01  8.9245117655971202E-06
  1.0913364296435571E-02  2.3614368762059490E-01  8.8447247691243654E-06
  1.1022090881656496E-02  2.3568734265347496E-01  8.7655802997373907E-06
  1.1131900677335056E-02  2.3524421649250030E-01  8.6870739715623858E-06
  1.1242804475173130E-02  2.3477699151686304E-01  8.6092024796243640E-06
  1.1354813174387123E-02  2.3432878800808329E-01  8.5319632959428707E-06
  1.1467937782779056E-02  2.3389330029460156E-01  8.4553543948885603E-06
  1.1582189417818384E-02  2.3342530918414897E-01  8.3793740404072327E-06
  1.1697579307734613E-02  2.3301986242269640E-01  8.3040206353996327E-06
  1.1814118792620719E-02  2.3257715044150920E-01  8.2292926132931762E-06
  1.1931819325547632E-02  2.3213750258639940E-01  8.1551883281546516E-06
  1.2050692473689827E-02  2.3166198698000112E-01  8.0817058135823249E-06
  1.2170749919462048E-02  2.3121330951637659E-01  8.0088424237291485E-06
  1.2292003461667474E-02  2.3075313306619652E-01  7.9365946082724468E-06
  1.2414465016657205E-02  2.3031799382826568E-01  7.8649579685351894E-06
  1.2538146619501407E-02  2.2989342021419945E-01  7.7939275340741723E-06
  1.2663060425172038E-02  2.2948797173203639E-01  7.7234981033529030E-06
  1.2789218709737402E-02  2.2910356496436513E-01  7.6536645220306380E-06
  1.2916633871568621E-02  2.2866983676082178E-01  7.5844218533671517E-06
  1.3045318432558066E-02  2.2822645342996692E-01  7.5157654516070976E-06
  1.3175285039349970E-02  2.2776101094962473E-01  7.4476909696557031E-06
  1.3306546464583324E-02  2.2725886226332942E-01  7.3801943367579249E-06
  1.3439115608147079E-02  2.2679256729079680E-01  7.3132717434569764E-06
  1.3573005498447947E-02  2.2630359264548941E-01  7.2469197202876367E-06
  1.3708229293690730E-02  2.2588526515380133E-01  7.1811353182129807E-06
  1.3844800283171522E-02  2.2547254957802496E-01  7.1159161659151234E-06
  1.3982731888583674E-02  2.2503239922639823E-01  7.0512602528757422E-06
  1.4122037665336861E-02  2.2468491662304260E-01  6.9871655183593125E-06
  1.4262731303889267E-02  2.2425016674037579E-01  6.9236294312732450E-06
  1.4404826631093002E-02  2.2382674334382890E-01  6.8606487114238851E-06
  1.4548337611552963E-02  2.2339947136156046E-01  6.7982192329264134E-06
  1.4693278348999254E-02  2.2295979720618961E-01  6.7363360674364996E-06
  1.4839663087673196E-02  2.2249773729931135E-01  6.6749936060394086E-06
  1.4987506213727258E-02  2.2203846885602826E-01  6.6141857065890214E-06
  1.5136822256638810E-02  2.2163790123138891E-01  6.5539058286310273E-06
  1.5287625890638095E-02  2.2120435212888759E-01  6.4941471020785295E-06
  1.5439931936150300E-02  2.2074998749985997E-01  6.4349023068389740E-06
  1.5593755361252074E-02  2.2028744810464190E-01  6.3761639284472686E-06
  1.5749111283142568E-02  2.1984630956396420E-01  6.3179244480201423E-06
  1.5906014969629033E-02  2.1944462384385549E-01  6.2601768148024440E-06
  1.6064481840627334E-02  2.1901711239571672E-01  6.2029149228087725E-06
  1.6224527469677355E-02  2.1863846414193186E-01  6.1461339240018602E-06
  1.6386167585473486E-02  2.1823920350875636E-01  6.0898303131540379E-06
  1.6549418073410399E-02  2.1781724280856329E-01  6.0340018315198679E-06
  1.6714294977144207E-02  2.1732573765125521E-01  5.9786472692538245E-06
  1.6880814500169181E-02  2.1680340304388135E-01  5.9237662355549950E-06
  1.7048993007410147E-02  2.1631253018366900E-01  5.8693589423160386E-06
  1.7218847026830773E-02  2.1586764909597023E-01  5.8154260409173035E-06
  1.7390393251057925E-02  2.1547810843026580E-01  5.7619685595802134E-06
  1.7563648539022078E-02  2.1512348374795046E-01  5.7089878687307340E-06
  1.7738629917614206E-02  2.1475494867172146E-01  5.6564855239372759E-06
  1.7915354583359116E-02  2.1434869182483252E-01  5.6044629487525322E-06
  1.8093839904105440E-02  2.1393348525661643E-01  5.5529210474414037E-06
  1.8274103420732487E-02  2.1345170200992666E-01  5.5018598804224686E-06
  1.8456162848874112E-02  2.1299094192919218E-01  5.4512785006103281E-06
  1.8640036080659741E-02  2.1258286609388277E-01  5.4011749505464811E-06
  1.8825741186472712E-02  2.1216266371303541E-01  5.3515463694584010E-06
  1.9013296416726198E-02  2.1173130164842843E-01  5.3023891535628409E-06
  1.9202720203656796E-02  2.1130977831747588E-01  5.2536991252727839E-06
  1.9394031163135948E-02  2.1086379771122785E-01  5.2054716795375041E-06
  1.9587248096499445E-02  2.1044190548901623E-01  5.1577018505241536E-06
  1.9782389992395212E-02  2.1005212547027119E-01  5.1103842788262012E-06
  1.9979476028649346E-02  2.0962679886963301E-01  5.0635131753184123E-06
  2.0178525574150900E-02  2.0920528991246340E-01  5.0170823799379826E-06
  2.0379558190755397E-02  2.0875413586812611E-01  4.9710855341229815E-06
  2.0582593635207282E-02  2.0829816230027220E-01  4.9255163137573481E-06
  2.0787651861081502E-02  2.0790076652436038E-01  4.8803686360554536E-06
  2.0994753020744522E-02  2.0746860831699887E-01  4.8356367906015702E-06
  2.1203917467334837E-02  2.0704005925692770E-01  4.7913154913706326E-06
  2.1415165756763124E-02  2.0662067291766997E-01  4.7473998677301637E-06
  2.1628518649732476E-02  2.0619022854077626E-01  4.7038854207735851E-06
  2.1843997113778681E-02  2.0580365682237520E-01  4.6607679672283972E-06
  2.2061622325330793E-02  2.0542263459907456E-01  4.6180436057200061E-06
  2.2281415671792287E-02  2.0500029190031591E-01  4.5757087517690714E-06
  2.2503398753642975E-02  2.0455395194807496E-01  4.5337602076501425E-06
  2.2727593386561780E-02  2.0410003421688580E-01  4.4921951857634492E-06
  2.2954021603570695E-02  2.0364333275703819E-01  4.4510112391691872E-06
  2.3182705657200126E-02  2.0321728051629503E-01  4.4102061131494896E-06
  2.3413668021675819E-02  2.0277631173793204E-01  4.3697775747344176E-06
  2.3646931395127468E-02  2.0236235532938981E-01  4.3297232749702404E-06
  2.3882518701819452E-02  2.0196990133702961E-01  4.2900406660888134E-06
  2.4120453094403780E-02  2.0156273220087881E-01  4.2507269730054974E-06
  2.4360757956195363E-02  2.0118506742170464E-01  4.2117792035897536E-06
  2.4603456903470100E-02  2.0077928827411945E-01  4.1731941794029661E-06
  2.4848573787785804E-02  2.0039687014143837E-01  4.1349685724612596E-06
  2.5096132698326223E-02  1.9999636290119480E-01  4.0970989235702358E-06
  2.5346157964268420E-02  1.9955897889228036E-01  4.0595816499581297E-06
  2.5598674157173772E-02  1.9912600371736616E-01  4.0224130856342555E-06
  2.5853706093402807E-02  1.9866110526707839E-01  3.9855895808666988E-06
  2.6111278836554008E-02  1.9822597745468751E-01  3.9491076467318577E-06
  2.6371417699926982E-02  1.9778394678073685E-01  3.9129640992850308E-06
  2.6634148249010219E-02  1.9738382129335921E-01  3.8771561568240196E-06
  2.6899496303993482E-02  1.9698975590248655E-01  3.8416814744629225E-06
  2.7167487942305356E-02  1.9655817490982638E-01  3.8065381226682598E-06
  2.7438149501176096E-02  1.9615586876832505E-01  3.7717245291689197E-06
  2.7711507580225909E-02  1.9570161778720299E-01  3.7372394065542691E-06
  2.7987589044078984E-02  1.9528836687880702E-01  3.7030816779696305E-06
  2.8266421025003801E-02  1.9484503784731391E-01  3.6692504119745220E-06
  2.8548030925579518E-02  1.9442752708130998E-01  3.6357447788564280E-06
  2.8832446421388963E-02  1.9406215554094264E-01  3.6025640297078776E-06
  2.9119695463738514E-02  1.9371377097885184E-01  3.5697074895765366E-06
  2.9409806282405113E-02  1.9331856317753326E-01  3.5371745499678746E-06
  2.9702807388410472E-02  1.9293826838558789E-01  3.5049646521565795E-06
  2.9998727576823092E-02  1.9250861926497459E-01  3.4730772674350557E-06
  3.0297595929588160E-02  1.9207904524814931E-01  3.4415118771958965E-06
  3.0599441818385600E-02  1.9163473792096711E-01  3.4102679548213520E-06
  3.0904294907516523E-02  1.9120327509087906E-01  3.3793449524283839E-06
  3.1212185156818669E-02  1.9077668825884106E-01  3.3487422922302133E-06
  3.1523142824610696E-02  1.9035834396287774E-01  3.3184593611438723E-06
  3.1837198470665788E-02  1.8994850488574291E-01  3.2884955065142036E-06
  3.2154382959215015E-02  1.8953253909525836E-01  3.2588500686613900E-06
  3.2474727461980622E-02  1.8912657737579261E-01  3.2295225655483803E-06
  3.2798263461239333E-02  1.8874376676529306E-01  3.2005131160391192E-06
  3.3125022752916372E-02  1.8834707639778758E-01  3.1718230592368776E-06
  3.3455037449710318E-02  1.8793245300517436E-01  3.1434556106480236E-06
  3.3788339984248968E-02  1.8754348489164757E-01  3.1154163598395532E-06
  3.4124963112276585E-02  1.8713568083276830E-01  3.0877134783765066E-06
  3.4464939915873231E-02  1.8672459435938549E-01  3.0603576192856128E-06
  3.4808303806705812E-02  1.8629829741433354E-01  3.0333615823460666E-06
  3.5155088529311651E-02  1.8589578520506930E-01  3.0067398578533175E-06
  3.5505328164414804E-02  1.8547610711655088E-01  2.9805081505084271E-06
  3.5859057132275454E-02  1.8506598302590463E-01  2.9546829507578108E-06
  3.6216310196072472E-02  1.8460689673193426E-01  2.9292811770683046E-06
  3.6577122465319897E-02  1.8422804163490442E-01  2.9043198271867982E-06
  3.6941529399317392E-02  1.8384158914497567E-01  2.8798155679099867E-06
  3.7309566810635048E-02  1.8343876256455396E-01  2.8557842461189739E-06
  3.7681270868632752E-02  1.8304460291119004E-01  2.8322403677158065E-06
  3.8056678103015031E-02  1.8266777483675681E-01  2.8091966456804535E-06
  3.8435825407420923E-02  1.8227118802580305E-01  2.7866637480368385E-06
  3.8818750043049709E-02  1.8186909498790149E-01  2.7646502717513073E-06
  3.9205489642322872E-02  1.8140381055343144E-01  2.7431629113838657E-06
  3.9596082212582484E-02  1.8100796158677629E-01  2.7222067549874487E-06
  3.9990566139826399E-02  1.8059736830285975E-01  2.7017856297914045E-06
  4.0388980192480627E-02  1.8016090355024852E-01  2.6819024329553410E-06
  4.0791363525209505E-02  1.7979502677107312E-01  2.6625594254838869E-06
  4.1197755682763564E-02  1.7937427134808839E-01  2.6437586427631035E-06
  4.1608196603865770E-02  1.7903282732260417E-01  2.6255027093935007E-06
  4.2022726625136737E-02  1.7865350775029959E-01  2.6077962022921660E-06
  4.2441386485058769E-02  1.7823808898230128E-01  2.5906474383959004E-06
  4.2864217327979445E-02  1.7787023183409778E-01  2.5740703353995350E-06
  4.3291260708155158E-02  1.7745436862641445E-01  2.5580858772066820E-06
  4.3722558593835024E-02  1.7706216422753759E-01  2.5427228602125622E-06
  4.4158153371385192E-02  1.7667669479806222E-01  2.5280178522006280E-06
  4.4598087849454501E-02  1.7627606943909283E-01  2.5140145154327218E-06
  4.5042405263181616E-02  1.7587904333206122E-01  2.5007625665904643E-06
  4.5491149278443971E-02  1.7546817844498869E-01  2.4883166453470147E-06
  4.5944363996148943E-02  1.7510957014391734E-01  2.4767352961629269E-06
  4.6402093956568212E-02  1.7474711194752157E-01  2.4660800971679371E-06
  4.6864384143714841E-02  1.7437311863378088E-01  2.4564147353124710E-06
  4.7331279989764101E-02  1.7400155132815878E-01  2.4478038679516587E-06
  4.7802827379518457E-02  1.7364877942982621E-01  2.4403117197317094E-06
  4.8279072654917009E-02  1.7328167654510512E-01  2.4340005076601937E-06
  4.8760062619589671E-02  1.7294445144032566E-01  2.4289290509600842E-06
  4.9245844543456908E-02  1.7259420988413418E-01  2.4251519380988251E-06
  4.9736466167375364E-02  1.7224776842891776E-01  2.4227193688160930E-06
  5.0231975707829481E-02  1.7188006851621573E-01  2.4216776576186938E-06
  5.0732421861670103E-02  1.7152528310733192E-01  2.4220702305081786E-06
  5.1237853810900319E-02  1.7114172804403649E-01  2.4239388846431528E-06
  5.1748321227508783E-02  1.7076814710395366E-01  2.4273251083365309E-06
  5.2263874278351274E-02  1.7039032154257802E-01  2.4322712772580264E-06
  5.2784563630080959E-02  1.7002051988978656E-01  2.4388215644093568E-06
  5.3310440454127792E-02  1.6964161632892760E-01  2.4470223608693407E-06
  5.3841556431727319E-02  1.6933801056280817E-01  2.4569221296228236E-06
  5.4377963758999760E-02  1.6902041402936546E-01  2.4685708010197416E-06
  5.4919715152079746E-02  1.6872750237880549E-01  2.4820189283805331E-06
  5.5466863852297009E-02  1.6841889726222115E-01  2.4973167919859623E-06
  5.6019463631408570E-02  1.6812586312611025E-01  2.5145137789540310E-06
  5.6577568796883547E-02  1.6777372759328152E-01  2.5336582148815896E-06
  5.7141234197240147E-02  1.6746930085115808E-01  2.5547976515363753E-06
  5.7710515227435789E-02  1.6710983080511205E-01  2.5779794980596825E-06
  5.8285467834311440E-02  1.6680699617601111E-01  2.6032518354754023E-06
  5.8866148522089753E-02  1.6647341489283685E-01  2.6306642479271039E-06
  5.9452614357927841E-02  1.6613292935444834E-01  2.6602684560977748E-06
  6.0044922977526047E-02  1.6581924333946932E-01  2.6921183921220759E-06
  6.0643132590791952E-02  1.6550367463960794E-01  2.7262693583941986E-06
  6.1247301987560773E-02  1.6520186266418521E-01  2.7627761124756325E-06
  6.1857490543373757E-02  1.6487315347502510E-01  2.8016899962212360E-06
  6.2473758225312509E-02  1.6456308061510094E-01  2.8430553705381235E-06
  6.3096165597892731E-02  1.6426661707959828E-01  2.8869059605827094E-06
  6.3724773829016687E-02  1.6394978015773032E-01  2.9332617432353767E-06
  6.4359644695983695E-02  1.6362067435545538E-01  2.9821267679526677E-06
  6.5000840591562095E-02  1.6332005172723965E-01  3.0334879960423575E-06
  6.5648424530120736E-02  1.6300688523108481E-01  3.0873149702486151E-06
  6.6302460153821574E-02  1.6266125546416083E-01  3.1435599475787526E-06
  6.6963011738874589E-02  1.6234130030679117E-01  3.2021581885825846E-06
  6.7630144201854439E-02  1.6200680044279406E-01  3.2630283496258885E-06
  6.8303923106079981E-02  1.6170523811207604E-01  3.3260729143105685E-06
  6.8984414668058006E-02  1.6138560046103601E-01  3.3911788564855589E-06
  6.9671685763990618E-02  1.6107569166321878E-01  3.4582188967131443E-06
  7.0365803936347268E-02  1.6076772730155364E-01  3.5270531680583360E-06
  7.1066837400503041E-02  1.6045497423248309E-01  3.5975309509634679E-06
  7.1774855051442460E-02  1.6009486156055303E-01  3.6694922895871112E-06
  7.2489926470529889E-02  1.5980079507791767E-01  3.7427690796445702E-06
  7.3212121932348287E-02  1.5943339400300333E-01  3.8171853492887067E-06
  7.3941512411605265E-02  1.5908086157174672E-01  3.8925566873614026E-06
  7.4678169590107896E-02  1.5874113725617733E-01  3.9686889952463094E-06
  7.5422165863808246E-02  1.5838976740678801E-01  4.0453769280799900E-06
  7.6173574349917089E-02  1.5804650851322205E-01  4.1224024019176910E-06
  7.6932468894090153E-02  1.5770700954609271E-01  4.1995337719091975E-06
  7.7698924077685763E-02  1.5737754119729258E-01  4.2765262003320545E-06
  7.8473015225093534E-02  1.5703859261074685E-01  4.3531235244659614E-06
  7.9254818411137712E-02  1.5665367092542387E-01  4.4290618137221599E-06
  8.0044410468553304E-02  1.5634344489708854E-01  4.5040746202885677E-06
  8.0841868995536637E-02  1.5606226659327196E-01  4.5778990978737935E-06
  8.1647272363371895E-02  1.5568958390128707E-01  4.6502819351231251E-06
  8.2460699724132905E-02  1.5542679611405719E-01  4.7209840500676133E-06
  8.3282231018461786E-02  1.5509609021224990E-01  4.7897833361355574E-06
  8.4111946983425487E-02  1.5477083396810665E-01  4.8564753157357967E-06
  8.4949929160450355E-02  1.5444606251798404E-01  4.9208721723937653E-06
  8.5796259903335198E-02  1.5410357515521872E-01  4.9828007311028842E-06
  8.6651022386345464E-02  1.5375348906590830E-01  5.0421002564644786E-06
  8.7514300612386839E-02  1.5340703561005978E-01  5.0986208873805379E-06
  8.8386179421260674E-02  1.5305463512191861E-01  5.1522229691575373E-06
  8.9266744498002079E-02  1.5269030184966187E-01  5.2027771772801732E-06
  9.0156082381300587E-02  1.5234400906026527E-01  5.2501661233649265E-06
  9.1054280472004478E-02  1.5197650327477050E-01  5.2942869520624987E-06
  9.1961427041711119E-02  1.5159276544142286E-01  5.3350542231218910E-06
  9.2877611241440922E-02  1.5126844166266698E-01  5.3724024701457272E-06
  9.3802923110399214E-02  1.5092767343149277E-01  5.4062878539204784E-06
  9.4737453584825604E-02  1.5059591608917736E-01  5.4366885693433807E-06
  9.5681294506929554E-02  1.5028607508396333E-01  5.4636040510862848E-06
  9.6634538633917411E-02  1.4999618916862092E-01  5.4870532621096328E-06
  9.7597279647107835E-02  1.4964028912271518E-01  5.5070724294238519E-06
  9.8569612161138132E-02  1.4933142199321289E-01  5.5237127662725821E-06
  9.9551631733263299E-02  1.4901812892780861E-01  5.5370383811748885E-06
  1.0054343487274663E-01  1.4867944781760178E-01  5.5471241740788677E-06
  1.0154511905034405E-01  1.4833666992868202E-01  5.5540540299042702E-06
  1.0255678270788386E-01  1.4798604977591548E-01  5.5579193612505981E-06
  1.0357852526794079E-01  1.4764216040965664E-01  5.5588177107570434E-06
  1.0461044714360664E-01  1.4730513565389297E-01  5.5568514437185934E-06
  1.0565264974835918E-01  1.4694269660774376E-01  5.5521266122169016E-06
  1.0670523550602831E-01  1.4660311191627087E-01  5.5447520738367956E-06
  1.0776830786086157E-01  1.4628498749017305E-01  5.5348389108200497E-06
  1.0884197128769101E-01  1.4594836692434332E-01  5.5225000892371064E-06
  1.0992633130220010E-01  1.4560053220268435E-01  5.5078502563075316E-06
  1.1102149447129314E-01  1.4526262717789748E-01  5.4910054965130378E-06
  1.1212756842356938E-01  1.4492179030098307E-01  5.4720829104386196E-06
  1.1324466185989895E-01  1.4457041244271648E-01  5.4511999564333512E-06
  1.1437288456410626E-01  1.4424528589141236E-01  5.4284735179209952E-06
  1.1551234741375981E-01  1.4388718534359884E-01  5.4040187092392430E-06
  1.1666316239106735E-01  1.4356864764512561E-01  5.3779476192165099E-06
  1.1782544259388233E-01  1.4322592943358034E-01  5.3503681879700056E-06
  1.1899930224681837E-01  1.4290565008320613E-01  5.3213834353777900E-06
  1.2018485671247432E-01  1.4257549295545421E-01  5.2910911666541631E-06
  1.2138222250277253E-01  1.4224003553368944E-01  5.2595841677519419E-06
  1.2259151729040871E-01  1.4193686574839118E-01  5.2269507740682688E-06
  1.2381285992041619E-01  1.4160420684661609E-01  5.1932756766647042E-06
  1.2504637042184610E-01  1.4127211604901793E-01  5.1586407353306657E-06
  1.2629217001956322E-01  1.4092643137536670E-01  5.1231255989796995E-06
  1.2755038114615894E-01  1.4057881699205266E-01  5.0868080671468534E-06
  1.2882112745398439E-01  1.4024629692137597E-01  5.0497641787471243E-06
  1.3010453382730205E-01  1.3990821591529470E-01  5.0120678718819890E-06
  1.3140072639455860E-01  1.3958368557788056E-01  4.9737903217860191E-06
  1.3270983254078117E-01  1.3923448549255163E-01  4.9349990783623925E-06
  1.3403198092009572E-01  1.3888770149698482E-01  4.8957571761464675E-06
  1.3536730146837045E-01  1.3857342918912421E-01  4.8561224092380834E-06
  1.3671592541598618E-01  1.3820798456637612E-01  4.8161469659718885E-06
  1.3807798530073279E-01  1.3790056455338010E-01  4.7758774895782299E-06
  1.3945361498083386E-01  1.3754835428374923E-01  4.7353555426168521E-06
  1.4084294964810357E-01  1.3722739384070362E-01  4.6946183774086197E-06
  1.4224612584123075E-01  1.3691131955344016E-01  4.6536997934993907E-06
  1.4366328145919843E-01  1.3658782019284516E-01  4.6126309630367946E-06
  1.4509455577483679E-01  1.3625953485247028E-01  4.5714412954257030E-06
  1.4654008944850860E-01  1.3591984962610604E-01  4.5301591008388037E-06
  1.4800002454193431E-01  1.3557553400560157E-01  4.4888120484433936E-06
  1.4947450453215283E-01  1.3527004019502459E-01  4.4474275888352987E-06
  1.5096367432562144E-01  1.3496146940377171E-01  4.4060333485968127E-06
  1.5246768027245763E-01  1.3464225865598584E-01  4.3646574747531542E-06
  1.5398667018082132E-01  1.3430498724446915E-01  4.3233289051660836E-06
  1.5552079333144039E-01  1.3398229164104433E-01  4.2820774967184463E-06
  1.5707020049228260E-01  1.3365798344783764E-01  4.2409339617926096E-06
  1.5863504393337177E-01  1.3331761733459913E-01  4.1999295807754328E-06
  1.6021547744175199E-01  1.3299048841340447E-01  4.1590957897026481E-06
  1.6181165633660219E-01  1.3263829564877005E-01  4.1184637377594799E-06
  1.6342373748449976E-01  1.3228738687643529E-01  4.0780637770223305E-06
  1.6505187931483656E-01  1.3196194103485606E-01  4.0379249343814612E-06
  1.6669624183538945E-01  1.3158395403051193E-01  3.9980744858708316E-06
  1.6835698664804497E-01  1.3127207468492252E-01  3.9585375169960985E-06
  1.7003427696468029E-01  1.3093550981677660E-01  3.9193364844334070E-06
  1.7172827762320492E-01  1.3062763890450207E-01  3.8804908147495033E-06
  1.7343915510375801E-01  1.3030264242443676E-01  3.8420166277336924E-06
  1.7516707754507077E-01  1.2997693271252983E-01  3.8039266772057454E-06
  1.7691221476099117E-01  1.2961418186155071E-01  3.7662305693500938E-06
  1.7867473825717062E-01  1.2932189766266228E-01  3.7289352153070621E-06
  1.8045482124792078E-01  1.2898700406982594E-01  3.6920453553468183E-06
  1.8225263867323563E-01  1.2865858520656623E-01  3.6555640593733945E-06
  1.8406836721598357E-01  1.2836008491658080E-01  3.6194932137660499E-06
  1.8590218531927200E-01  1.2801544262173997E-01  3.5838340023041973E-06
  1.8775427320398377E-01  1.2770026161662018E-01  3.5485871834247235E-06
  1.8962481288648786E-01  1.2732582205041665E-01  3.5137532325647197E-06
  1.9151398819652848E-01  1.2702054843584204E-01  3.4793324202906383E-06
  1.9342198479529063E-01  1.2669300714503601E-01  3.4453248198189947E-06
  1.9534899019364560E-01  1.2634154372760051E-01  3.4117302643330453E-06
  1.9729519377058005E-01  1.2598837015623840E-01  3.3785482626840857E-06
  1.9926078679180673E-01  1.2564758502327028E-01  3.3457779401370358E-06
  2.0124596242856102E-01  1.2531137702432971E-01  3.3134180554191677E-06
  2.0325091577658613E-01  1.2497059810121031E-01  3.2814670748585048E-06
  2.0527584387530581E-01  1.2459901129865912E-01  3.2499232127746315E-06
  2.0732094572718784E-01  1.2431366207512438E-01  3.2187844426637055E-06
  2.0938642231730356E-01  1.2398800615489894E-01  3.1880485333212173E-06
  2.1147247663307722E-01  1.2366428979374175E-01  3.1577130987748015E-06
  2.1357931368423602E-01  1.2335437950267719E-01  3.1277756590190263E-06
  2.1570714052295917E-01  1.2297715107812571E-01  3.0982337323306370E-06
  2.1785616626422316E-01  1.2266622797033797E-01  3.0690849291344739E-06
  2.2002660210635552E-01  1.2233815076201920E-01  3.0403270324509740E-06
  2.2221866135178944E-01  1.2198731005361584E-01  3.0119580278335728E-06
  2.2443255942802581E-01  1.2162981063332459E-01  2.9839760551744627E-06
  2.2666851390880602E-01  1.2125773738467975E-01  2.9563793171769355E-06
  2.2892674453549353E-01  1.2092404518501548E-01  2.9291660608988959E-06
  2.3120747323866869E-01  1.2053452311374467E-01  2.9023346006930194E-06
  2.3351092415994046E-01  1.2021493953629764E-01  2.8758832822465759E-06
  2.3583732367397373E-01  1.1986291539171376E-01  2.8498104001543174E-06
  2.3818690041073567E-01  1.1955822187315487E-01  2.8241141316537704E-06
  2.4055988527796626E-01  1.1920785406181825E-01  2.7987925015027153E-06
  2.4295651148387015E-01  1.1889141635962626E-01  2.7738433385874812E-06
  2.4537701456003500E-01  1.1853600086561504E-01  2.7492642352774897E-06
  2.4782163238457991E-01  1.1820716475208365E-01  2.7250525181624642E-06
  2.5029060520553248E-01  1.1783497996133539E-01  2.7012052506171785E-06
  2.5278417566443867E-01  1.1749175325272466E-01  2.6777192341456929E-06
  2.5530258882021145E-01  1.1714361910143195E-01  2.6545909604846780E-06
  2.5784609217321075E-01  1.1677466706125371E-01  2.6318165574943252E-06
  2.6041493568956869E-01  1.1637150959484915E-01  2.6093918442464095E-06
  2.6300937182575668E-01  1.1602884877044783E-01  2.5873124731612226E-06
  2.6562965555339285E-01  1.1567568332705608E-01  2.5655740047647604E-06
  2.6827604438430208E-01  1.1531264823803768E-01  2.5441719503166813E-06
  2.7094879839582287E-01  1.1495878512974136E-01  2.5231017933228264E-06
  2.7364818025636545E-01  1.1459421607621124E-01  2.5023590083790493E-06
  2.7637445525122772E-01  1.1424136946692805E-01  2.4819391004292846E-06
  2.7912789130866578E-01  1.1388699004057280E-01  2.4618376636664534E-06
  2.8190875902622392E-01  1.1352917323721487E-01  2.4420504317094872E-06
  2.8471733169732966E-01  1.1316177070210584E-01  2.4225732986754827E-06
  2.8755388533815135E-01  1.1279364076896337E-01  2.4034023247977861E-06
  2.9041869871472287E-01  1.1242188514159801E-01  2.3845336555738174E-06
  2.9331205337034172E-01  1.1205046252064535E-01  2.3659633812871094E-06
  2.9623423365323714E-01  1.1166988417009663E-01  2.3476875286082849E-06
  2.9918552674451371E-01  1.1128634846264523E-01  2.3297021106703513E-06
  3.0216622268637638E-01  1.1090243552770379E-01  2.3120031308379288E-06
  3.0517661441063409E-01  1.1051332442244137E-01  2.2945865874060360E-06
  3.0821699776748629E-01  1.1012995816903993E-01  2.2774484940522284E-06
  3.1128767155460191E-01  1.0973266799853183E-01  2.2605848933470605E-06
  3.1438893754647967E-01  1.0933869763466852E-01  2.2439918401172705E-06
  3.1752110052410742E-01  1.0896775110128470E-01  2.2276653973011732E-06
  3.2068446830491687E-01  1.0855343210380766E-01  2.2116016933481121E-06
  3.2387935177303034E-01  1.0817773314566143E-01  2.1957970082686174E-06
  3.2710606490981714E-01  1.0778209467953852E-01  2.1802478098412045E-06
  3.3036492482474900E-01  1.0737864257789136E-01  2.1649506897704529E-06
  3.3365625178656355E-01  1.0697476684665988E-01  2.1499022471888229E-06
  3.3698036925474117E-01  1.0658761072622755E-01  2.1350990973240402E-06
  3.4033760391129197E-01  1.0618108919370653E-01  2.1205379316360242E-06
  3.4372828569286074E-01  1.0577772739799302E-01  2.1062154941557532E-06
  3.4715274782315308E-01  1.0536513734488795E-01  2.0921285567810754E-06
  3.5061132684568269E-01  1.0494243064584802E-01  2.0782739190948275E-06
  3.5410436265684497E-01  1.0453137974923693E-01  2.0646484321609410E-06
  3.5763219853932227E-01  1.0411333582716384E-01  2.0512490331514874E-06
  3.6119518119581950E-01  1.0368338165844625E-01  2.0380727407952041E-06
  3.6479366078313630E-01  1.0326176728720063E-01  2.0251166291434276E-06
  3.6842799094658052E-01  1.0282416030019788E-01  2.0123778531301454E-06
  3.7209852885472267E-01  1.0238209776829715E-01  1.9998536978576215E-06
  3.7580563523449539E-01  1.0194850171522818E-01  1.9875414781361588E-06
  3.7954967440664850E-01  1.0150589874129043E-01  1.9754384065423941E-06
  3.8333101432154826E-01  1.0105109521381378E-01  1.9635416281978620E-06
  3.8715002659534031E-01  1.0060472452277686E-01  1.9518482635414077E-06
  3.9100708654647331E-01  1.0015552387509936E-01  1.9403554109278279E-06
  3.9490257323257855E-01  9.9713035992779378E-02  1.9290601421457840E-06
  3.9883686948772679E-01  9.9261131346435300E-02  1.9179594967541851E-06
  4.0281036196005016E-01  9.8790331845725290E-02  1.9070504764282546E-06
  4.0682344114973923E-01  9.8349764238875287E-02  1.8963300649765889E-06
  4.1087650144742249E-01  9.7871657975092244E-02  1.8857952874621617E-06
  4.1496994117292446E-01  9.7399464737861152E-02  1.8754432704089557E-06
  4.1910416261440941E-01  9.6942602981621454E-02  1.8652712944758962E-06
  4.2327957206791988E-01  9.6482560828388964E-02  1.8552768155106462E-06
  4.2749657987730416E-01  9.6002641834256192E-02  1.8454573736401375E-06
  4.3175560047454248E-01  9.5518005169050652E-02  1.8358104834352929E-06
  4.3605705242047810E-01  9.5024900759538788E-02  1.8263336550064614E-06
  4.4040135844595102E-01  9.4539883170944777E-02  1.8170244227438269E-06
  4.4478894549334069E-01  9.4065804820693572E-02  1.8078803191345734E-06
  4.4922024475852718E-01  9.3558509729677039E-02  1.7988988514934039E-06
  4.5369569173326629E-01  9.3062468973794554E-02  1.7900774885794659E-06
  4.5821572624798645E-01  9.2569921424633439E-02  1.7814136446859450E-06
  4.6278079251501669E-01  9.2079213263453391E-02  1.7729046536771991E-06
  4.6739133917224052E-01  9.1564497897221958E-02  1.7645477401198039E-06
  4.7204781932718470E-01  9.1073026895074002E-02  1.7563400253839739E-06
  4.7675069060155401E-01  9.0558734017260001E-02  1.7482786247328919E-06
  4.8150041517619868E-01  9.0031390822357477E-02  1.7403607298204762E-06
  4.8629745983653866E-01  8.9533887638760759E-02  1.7325834980866193E-06
  4.9114229601844012E-01  8.8999733174895485E-02  1.7249440427834179E-06
  4.9603539985454054E-01  8.8474860356175244E-02  1.7174395608932502E-06
  5.0097725222104639E-01  8.7951810483495804E-02  1.7100674099721098E-06
  5.0596833878499015E-01  8.7394194598783115E-02  1.7028251749435253E-06
  5.1100915005195791E-01  8.6914584278114188E-02  1.6957107540791300E-06
  5.1610018141429814E-01  8.6364418692406131E-02  1.6887224589055889E-06
  5.2124193319980483E-01  8.5822221474275248E-02  1.6818591234950073E-06
  5.2643491072088688E-01  8.5297130904802537E-02  1.6751202271204962E-06
  5.3167962432423088E-01  8.4745633248607413E-02  1.6685060113155891E-06
  5.3697658944095528E-01  8.4209192026610202E-02  1.6620175015448410E-06
  5.4232632663726266E-01  8.3648425332680840E-02  1.6556564911731957E-06
  5.4772936166560282E-01  8.3097982833537518E-02  1.6494254546451903E-06
  5.5318622551633934E-01  8.2565153458760171E-02  1.6433272717670090E-06
  5.5869745446993491E-01  8.2005242940977247E-02  1.6373649446372583E-06
  5.6426359014965188E-01  8.1460981406316219E-02  1.6315414600373961E-06
  5.6988517957478535E-01  8.0897670270127633E-02  1.6258596698624825E-06
  5.7556277521442001E-01  8.0340819577154762E-02  1.6203221586692902E-06
  5.8129693504172308E-01  7.9791664347471633E-02  1.6149311140737569E-06
  5.8708822258878313E-01  7.9236319804820682E-02  1.6096881973321977E-06
  5.9293720700199060E-01  7.8678873953887216E-02  1.6045944130509353E-06
  5.9884446309796979E-01  7.8125895079429672E-02  1.5996499948087036E-06
  6.0481057142007222E-01  7.7572619808695495E-02  1.5948543832527372E-06
  6.1083611829542950E-01  7.7023491727365001E-02  1.5902063214940919E-06
  6.1692169589257473E-01  7.6474849104451070E-02  1.5857040052667867E-06
  6.2306790227963826E-01  7.5930605035829948E-02  1.5813452078168555E-06
  6.2927534148312525E-01  7.5388395289506929E-02  1.5771273837631858E-06
  6.3554462354727725E-01  7.4839652002912635E-02  1.5730478431714219E-06
  6.4187636459402142E-01  7.4306474871246961E-02  1.5691039294846181E-06
  6.4827118688352614E-01  7.3764359273305796E-02  1.5652931201643078E-06
  6.5472971887535114E-01  7.3228083130051594E-02  1.5616130745992076E-06
  6.6125259529020919E-01  7.2700757783092221E-02  1.5580616784311013E-06
  6.6784045717234775E-01  7.2165077932289309E-02  1.5546370968779645E-06
  6.7449395195254558E-01  7.1607929046092422E-02  1.5513378228987880E-06
  6.8121373351174153E-01  7.1095558498451186E-02  1.5481627036470266E-06
  6.8800046224529254E-01  7.0539648121367940E-02  1.5451109301794735E-06
  6.9485480512787934E-01  7.0028108780566256E-02  1.5421820157548079E-06
  7.0177743577905161E-01  6.9496890370967165E-02  1.5393757998732861E-06
  7.0876903452942730E-01  6.8964991610756463E-02  1.5366922450481237E-06
  7.1583028848755703E-01  6.8441784027562250E-02  1.5341312139112576E-06
  7.2296189160744839E-01  6.7897220563832753E-02  1.5316923756744435E-06
  7.3016454475676296E-01  6.7383947649512527E-02  1.5293751013019386E-06
  7.3743895578569962E-01  6.6878365464077244E-02  1.5271783199464627E-06
  7.4478583959655642E-01  6.6363810851151200E-02  1.5251003407344589E-06
  7.5220591821398974E-01  6.5851437824253872E-02  1.5231386376784627E-06
  7.5969992085596971E-01  6.5344969236591111E-02  1.5212896214593901E-06
  7.6726858400544917E-01  6.4839150050723549E-02  1.5195484416784570E-06
  7.7491265148274069E-01  6.4343727206835039E-02  1.5179088878320674E-06
  7.8263287451861330E-01  6.3845520010001905E-02  1.5163634346111259E-06
  7.9043001182812644E-01  6.3351079884168882E-02  1.5149034334441048E-06
  7.9830482968519056E-01  6.2834216223033548E-02  1.5135194560315616E-06
  8.0625810199787173E-01  6.2364072039095594E-02  1.5122016937950789E-06
  8.1429061038445283E-01  6.1871433219913508E-02  1.5109402024567282E-06
  8.2240314425024541E-01  6.1377100560903480E-02  1.5097251641760055E-06
  8.3059650086517078E-01  6.0884557963823104E-02  1.5085471958422104E-06
  8.3887148544210977E-01  6.0390069426690784E-02  1.5073976958379563E-06
  8.4722891121604049E-01  5.9885265713067189E-02  1.5062692443707130E-06
  8.5566959952395838E-01  5.9388722687973919E-02  1.5051560413382441E-06
  8.6419437988559111E-01  5.8897262913412053E-02  1.5040543348921545E-06
  8.7280409008492565E-01  5.8402441038465300E-02  1.5029627368527881E-06
  8.8149957625254094E-01  5.7901309430635095E-02  1.5018823593751173E-06
  8.9028169294875859E-01  5.7400051806505654E-02  1.5008167435584344E-06
  8.9915130324763204E-01  5.6897929184885246E-02  1.4997715617015306E-06
  9.0810927882176373E-01  5.6398788062145287E-02  1.4987539231242218E-06
  9.1715650002796656E-01  5.5879822647916105E-02  1.4977716924720289E-06
  9.2629385599378777E-01  5.5381962068143852E-02  1.4968330236843495E-06
  9.3552224470488610E-01  5.4896501221294101E-02  1.4959460520974007E-06
  9.4484257309328323E-01  5.4391721264709356E-02  1.4951186313960006E-06
  9.5425575712649091E-01  5.3893307134554945E-02  1.4943580320689375E-06
  9.6376272189753398E-01  5.3397239949686981E-02  1.4936705928008938E-06
  9.7336440171586269E-01  5.2928635915072172E-02  1.4930613671536625E-06
  9.8306174019917003E-01  5.2445585152827226E-02  1.4925338316034846E-06
  9.9285569036613230E-01  5.1966829646572392E-02  1.4920897300294804E-06
  1.0027472147300669E+00  5.1494545123994727E-02  1.4917290881659288E-06
  1.0127372853935197E+00  5.1025759304924298E-02  1.4914504480774822E-06
  1.0228268841438073E+00  5.0562062834733607E-02  1.4912515019140940E-06
  1.0330170025494978E+00  5.0105381335714905E-02  1.4911296214343138E-06
  1.0433086420578628E+00  4.9649285294115914E-02  1.4910821417766381E-06
  1.0537028140932891E+00  4.9200098662698942E-02  1.4911066196068707E-06
  1.0642005401566867E+00  4.8754671986974599E-02  1.4912009064989980E-06
  1.0748028519258728E+00  4.8316477019156132E-02  1.4913630848652405E-06
  1.0855107913569590E+00  4.7880742398320283E-02  1.4915914682452957E-06
  1.0963254107867582E+00  4.7446794042613129E-02  1.4918846786856232E-06
  1.1072477730361994E+00  4.7020604480510951E-02  1.4922416891934395E-06
  1.1182789515147753E+00  4.6592061501697458E-02  1.4926617958434126E-06
  1.1294200303260409E+00  4.6153715419999845E-02  1.4931445445391341E-06
  1.1406721043741483E+00  4.5748341106473162E-02  1.4936895911489811E-06
  1.1520362794714543E+00  4.5321065029085825E-02  1.4942964757743226E-06
  1.1635136724471897E+00  4.4907295318715339E-02  1.4949643273661528E-06
  1.1751054112572246E+00  4.4495159569364347E-02  1.4956915934669003E-06
  1.1868126350949162E+00  4.4080865745772212E-02  1.4964758981309759E-06
  1.1986364945030608E+00  4.3669774305576489E-02  1.4973141686557530E-06
  1.2105781514869722E+00  4.3256035439995899E-02  1.4982031304979260E-06
  1.2226387796286757E+00  4.2846898904851834E-02  1.4991396137192256E-06
  1.2348195642022399E+00  4.2440958268008415E-02  1.5001204818000291E-06
  1.2471217022902676E+00  4.2018027516073302E-02  1.5011425612226706E-06
  1.2595464029015369E+00  4.1632950106752872E-02  1.5022027514987922E-06
  1.2720948870898203E+00  4.1228896378360379E-02  1.5032981113423715E-06
  1.2847683880738798E+00  4.0833339069838284E-02  1.5044259570446147E-06
  1.2975681513586710E+00  4.0433756918268372E-02  1.5055839923449186E-06
  1.3104954348577429E+00  4.0037178925597314E-02  1.5067704758629028E-06
  1.3235515090168575E+00  3.9639380662604591E-02  1.5079844631340089E-06
  1.3367376569388512E+00  3.9249586977954797E-02  1.5092258281011522E-06
  1.3500551745097313E+00  3.8861644280935928E-02  1.5104950110771477E-06
  1.3635053705260256E+00  3.8471701429072670E-02  1.5117924074236858E-06
  1.3770895668234140E+00  3.8070393430836250E-02  1.5131179152029333E-06
  1.3908090984066284E+00  3.7703378553261321E-02  1.5144711707309239E-06
  1.4046653135806562E+00  3.7324315504700181E-02  1.5158518860031905E-06
  1.4186595740832391E+00  3.6944594789517865E-02  1.5172597744550206E-06
  1.4327932552187090E+00  3.6557604687303527E-02  1.5186945043991708E-06
  1.4470677459931442E+00  3.6194155450742803E-02  1.5201557052882640E-06
  1.4614844492508707E+00  3.5824544895239702E-02  1.5216428994558571E-06
  1.4760447818123368E+00  3.5444393189379413E-02  1.5231554454857430E-06
  1.4907501746133500E+00  3.5090783609977617E-02  1.5246925041234941E-06
  1.5056020728456987E+00  3.4728193527165455E-02  1.5262529923997486E-06
  1.5206019360991894E+00  3.4355629068202498E-02  1.5278355781868912E-06
  1.5357512385050838E+00  3.3995589231442754E-02  1.5294389955037328E-06
  1.5510514688809742E+00  3.3654002277098478E-02  1.5310624769040462E-06
  1.5665041308770931E+00  3.3299134163038903E-02  1.5327056884734929E-06
  1.5821107431240946E+00  3.2954017801996562E-02  1.5343684502515599E-06
  1.5978728393822967E+00  3.2605600323016196E-02  1.5360508197874874E-06
  1.6137919686924072E+00  3.2260757646486928E-02  1.5377530849667987E-06
  1.6298696955277692E+00  3.1918897202839164E-02  1.5394755647656036E-06
  1.6461075999481045E+00  3.1577339944050604E-02  1.5412186355714922E-06
  1.6625072777547940E+00  3.1240731907498740E-02  1.5429827227468127E-06
  1.6790703406477145E+00  3.0906192523169767E-02  1.5447683194462750E-06
  1.6957984163836257E+00  3.0573645687205452E-02  1.5465760377891598E-06
  1.7126931489361426E+00  3.0245429408074950E-02  1.5484065798127121E-06
  1.7297561986572925E+00  2.9914314860399575E-02  1.5502606037512771E-06
  1.7469892424406985E+00  2.9593914109663048E-02  1.5521385150267146E-06
  1.7643939738863745E+00  2.9264812399684665E-02  1.5540403807086977E-06
  1.7819721034671587E+00  2.8952747358394131E-02  1.5559659793284956E-06
  1.7997253586968238E+00  2.8633931992891031E-02  1.5579147885739633E-06
  1.8176554842998462E+00  2.8307328103494421E-02  1.5598861272401328E-06
  1.8357642423828653E+00  2.8010150977756755E-02  1.5618794757211539E-06
  1.8540534126078674E+00  2.7684245848499569E-02  1.5638944067591061E-06
  1.8725247923670767E+00  2.7391772543736936E-02  1.5659304996275761E-06
  1.8911801969596012E+00  2.7083088561806971E-02  1.5679873385232231E-06
  1.9100214597698251E+00  2.6778194093417571E-02  1.5700645006458861E-06
  1.9290504324475986E+00  2.6480250456841690E-02  1.5721615622197687E-06
  1.9482689850902060E+00  2.6172015368366594E-02  1.5742781034275593E-06
  1.9676790064261456E+00  2.5873669176196479E-02  1.5764137523665634E-06
  1.9872824040007595E+00  2.5591030097056953E-02  1.5785682716690671E-06
  2.0070811043636922E+00  2.5289260377213060E-02  1.5807416620512666E-06
  2.0270770532582216E+00  2.5014167790393636E-02  1.5829341658971433E-06
  2.0472722158124901E+00  2.4722781792573912E-02  1.5851460951618723E-06
  2.0676685767326211E+00  2.4432503863242375E-02  1.5873776304395262E-06
  2.0882681404977741E+00  2.4154566691976735E-02  1.5896288532663982E-06
  2.1090729315571304E+00  2.3876277307998059E-02  1.5918998764375232E-06
  2.1300849945288567E+00  2.3610505263118736E-02  1.5941908609373885E-06
  2.1513063944010411E+00  2.3336635391595788E-02  1.5965019830031931E-06
  2.1727392167346240E+00  2.3066804563174094E-02  1.5988334516225213E-06
  2.1943855678683710E+00  2.2797552471933803E-02  1.6011855509532726E-06
  2.2162475751258728E+00  2.2527636588125236E-02  1.6035586112474750E-06
  2.2383273870246012E+00  2.2272577766678656E-02  1.6059529052264739E-06
  2.2606271734870713E+00  2.2011908413077565E-02  1.6083685416389627E-06
  2.2831491260540870E+00  2.1755914466247511E-02  1.6108054769403938E-06
  2.3058954581001183E+00  2.1501517193060215E-02  1.6132636775619379E-06
  2.3288684050508177E+00  2.1241663899937639E-02  1.6157432022390732E-06
  2.3520702246027207E+00  2.0993090844681470E-02  1.6182443500545292E-06
  2.3755031969451199E+00  2.0748756005933466E-02  1.6207676763522910E-06
  2.3991696249841428E+00  2.0502584874425151E-02  1.6233137439473923E-06
  2.4230718345690909E+00  2.0268732214865217E-02  1.6258830995091424E-06
  2.4472121747210069E+00  2.0029256479047765E-02  1.6284762900125585E-06
  2.4715930178635195E+00  1.9784771261524406E-02  1.6310938881192732E-06
  2.4962167600560119E+00  1.9552293902384676E-02  1.6337365017655521E-06
  2.5210858212290890E+00  1.9327654567751946E-02  1.6364047454837963E-06
  2.5462026454224032E+00  1.9091388924345788E-02  1.6390992194839399E-06
  2.5715697010248344E+00  1.8872578037223607E-02  1.6418204794745207E-06
  2.5971894810170908E+00  1.8648973542951173E-02  1.6445689705378648E-06
  2.6230645032167033E+00  1.8427531621332899E-02  1.6473450837478202E-06
  2.6491973105254560E+00  1.8208204818089813E-02  1.6501490643356548E-06
  2.6755904711793135E+00  1.7992710232185863E-02  1.6529807862915372E-06
  2.7022465790008057E+00  1.7779151611930607E-02  1.6558401399416975E-06
  2.7291682536539317E+00  1.7567183910717869E-02  1.6587271348774470E-06
  2.7563581409016313E+00  1.7357752181195930E-02  1.6616417979296157E-06
  2.7838189128657831E+00  1.7150716770477137E-02  1.6645842071719256E-06
  2.8115532682898214E+00  1.6946035799964818E-02  1.6675545169508187E-06
  2.8395639328039466E+00  1.6743713459506711E-02  1.6705529206950687E-06
  2.8678536591930048E+00  1.6543754721136523E-02  1.6735795951891773E-06
  2.8964252276670144E+00  1.6345869345768173E-02  1.6766346695889567E-06
  2.9252814461343881E+00  1.6149933604451758E-02  1.6797182346437322E-06
  2.9544251504778973E+00  1.5956420800839834E-02  1.6828303227333487E-06
  2.9838592048333661E+00  1.5764216284610968E-02  1.6859709795125027E-06
  3.0135865018711381E+00  1.5575048917857093E-02  1.6891405995804952E-06
  3.0436099630803768E+00  1.5387883646487516E-02  1.6923397758859169E-06
  3.0739325390561647E+00  1.5201975099267835E-02  1.6955690721586128E-06
  3.1045572097894838E+00  1.5018801614037364E-02  1.6988290850499143E-06
  3.1354869849600666E+00  1.4837795040078384E-02  1.7021204340167846E-06
  3.1667249042321934E+00  1.4658962427162749E-02  1.7054437404169650E-06
  3.1982740375534111E+00  1.4480033182718451E-02  1.7087996365042902E-06
  3.2301374854562273E+00  1.4305576277121361E-02  1.7121887775445631E-06
  3.2623183793628359E+00  1.4132350146074323E-02  1.7156118384868352E-06
  3.2948198818928556E+00  1.3960886373483292E-02  1.7190694834674636E-06
  3.3276451871741268E+00  1.3791455732981324E-02  1.7225623298299901E-06
  3.3607975211566421E+00  1.3623519147314469E-02  1.7260909248884397E-06
  3.3942801419295692E+00  1.3453617624197400E-02  1.7296556450611220E-06
  3.4280963400414324E+00  1.3294433612787518E-02  1.7332567331929345E-06
  3.4622494388235192E+00  1.3131855037465199E-02  1.7368944930690892E-06
  3.4967427947164671E+00  1.2971667608759405E-02  1.7405693209310535E-06
  3.5315797976001346E+00  1.2813212456268260E-02  1.7442816630638255E-06
  3.5667638711267267E+00  1.2652279580624152E-02  1.7480319889364985E-06
  3.6022984730572829E+00  1.2497095763141595E-02  1.7518207890975488E-06
  3.6381870956014817E+00  1.2343929275845338E-02  1.7556485832297930E-06
  3.6744332657608325E+00  1.2197053865396282E-02  1.7595159220556291E-06
  3.7110405456753162E+00  1.2047452629394899E-02  1.7634233725588889E-06
  3.7480125329734499E+00  1.1899442156221502E-02  1.7673714878785163E-06
  3.7853528611258356E+00  1.1753009405887806E-02  1.7713607570485845E-06
  3.8230651998022691E+00  1.1608346492374027E-02  1.7753915859704465E-06
  3.8611532552323640E+00  1.1465752806284644E-02  1.7794643501168282E-06
  3.8996207705697965E+00  1.1319969102690224E-02  1.7835794186589182E-06
  3.9384715262601504E+00  1.1184122957626460E-02  1.7877371223351557E-06
  3.9777093404124710E+00  1.1043160072011279E-02  1.7919377555362337E-06
  4.0173380691744836E+00  1.0906679599985840E-02  1.7961815939163263E-06
  4.0573616071115461E+00  1.0774583085467408E-02  1.8004688976781139E-06
  4.0977838875894195E+00  1.0641015632038817E-02  1.8047999233454462E-06
  4.1386088831608117E+00  1.0509298063743372E-02  1.8091749417755277E-06
  4.1798406059557740E+00  1.0378898405173321E-02  1.8135942398427424E-06
  4.2214831080760193E+00  1.0250046389577293E-02  1.8180580997126308E-06
  4.2635404819931386E+00  1.0122814015181187E-02  1.8225667638886417E-06
  4.3060168609507938E+00  9.9972774018513427E-03  1.8271203890406015E-06
  4.3489164193709069E+00  9.8724662820957668E-03  1.8317189992288276E-06
  4.3922433732639288E+00  9.7494128367386409E-03  1.8363624928963794E-06
  4.4360019806431632E+00  9.6244856760099081E-03  1.8410507181906754E-06
  4.4801965419432124E+00  9.5077455933842286E-03  1.8457835360207603E-06
  4.5248314004426389E+00  9.3890411594893513E-03  1.8505608195100491E-06
  4.5699109426907869E+00  9.2683020896453736E-03  1.8553824302301978E-06
  4.6154395989388695E+00  9.1556811901369918E-03  1.8602482026661738E-06
  4.6614218435753800E+00  9.0404162886208329E-03  1.8651579466244256E-06
  4.7078621955658031E+00  8.9247023026565470E-03  1.8701114401316153E-06
  4.7547652188967291E+00  8.8162065854790056E-03  1.8751083978304933E-06
  4.8021355230243685E+00  8.7043991670616057E-03  1.8801484153319281E-06
  4.8499777633275780E+00  8.5926890940354224E-03  1.8852308993609325E-06
  4.8982966415653664E+00  8.4875959537147033E-03  1.8903549938214545E-06
  4.9470969063389409E+00  8.3807651654134955E-03  1.8955195418553431E-06
  4.9963833535584214E+00  8.2748250127973374E-03  1.9007231473127011E-06
  5.0461608269141465E+00  8.1703217619236972E-03  1.9059642599988031E-06
  5.0964342183526767E+00  8.0670541335266452E-03  1.9112412044658325E-06
  5.1472084685575874E+00  7.9618815413425928E-03  1.9165521978883340E-06
  5.1984885674350050E+00  7.8620383862870683E-03  1.9218953789285808E-06
  5.2502795546040035E+00  7.7641096056643519E-03  1.9272688459419935E-06
  5.3025865198918547E+00  7.6650341410834898E-03  1.9326706941207775E-06
  5.3554146038342800E+00  7.5676964548738179E-03  1.9380990469201326E-06
  5.4087689981806202E+00  7.4713845012335653E-03  1.9435520960945519E-06
  5.4626549464040295E+00  7.3757263772193963E-03  1.9490281499876102E-06
  5.5170777442168566E+00  7.2812984531626969E-03  1.9545256734584269E-06
  5.5720427400910602E+00  7.1857537408377683E-03  1.9600433083674593E-06
  5.6275553357837520E+00  7.0930822004511762E-03  1.9655798538438760E-06
  5.6836209868682070E+00  7.0040184535797006E-03  1.9711342182834717E-06
  5.7402452032699323E+00  6.9133997261404609E-03  1.9767054121954264E-06
  5.7974335498081535E+00  6.8218490397585164E-03  1.9822925105548275E-06
  5.8551916467427247E+00  6.7328361307270965E-03  1.9878945930862185E-06
  5.9135251703265030E+00  6.6470174595877852E-03  1.9935106782209494E-06
  5.9724398533631220E+00  6.5598747842660022E-03  1.9991396484272903E-06
  6.0319414857704237E+00  6.4718552582151891E-03  2.0047801568254432E-06
  6.0920359151495047E+00  6.3880802937057168E-03  2.0104305152744837E-06
  6.1527290473593261E+00  6.3026055352707394E-03  2.0160885712457495E-06
  6.2140268470971574E+00  6.2193544494239415E-03  2.0217515856420149E-06
  6.2759353384848016E+00  6.1345043420230668E-03  2.0274161140480933E-06
  6.3384606056605453E+00  6.0519501830297957E-03  2.0330779542182706E-06
  6.4016087933771280E+00  5.9719233508747837E-03  2.0387323110272961E-06
  6.4653861076056600E+00  5.8893976361275571E-03  2.0443739977105568E-06
  6.5297988161454503E+00  5.8100915287167898E-03  2.0499976075882878E-06
  6.5948532492400131E+00  5.7312938255011251E-03  2.0555976485368594E-06
  6.6605558001992318E+00  5.6519448677380809E-03  2.0611686334276609E-06
  6.7269129260275786E+00  5.5741630330906943E-03  2.0667051685608283E-06
  6.7939311480587348E+00  5.4975477350972524E-03  2.0722020388847101E-06
  6.8616170525965181E+00  5.4195378320583635E-03  2.0776542700867230E-06
  6.9299772915620803E+00  5.3439621841161952E-03  2.0830571902925609E-06
  6.9990185831476754E+00  5.2691283927714990E-03  2.0884064895023087E-06
  7.0687477124769398E+00  5.1965885249042601E-03  2.0936982452783810E-06
  7.1391715322716243E+00  5.1227290687756036E-03  2.0989288755413059E-06
  7.2102969635251002E+00  5.0505731149590441E-03  2.1040949128767385E-06
  7.2821309961825662E+00  4.9786514447001315E-03  2.1091927766778018E-06
  7.3546806898279131E+00  4.9075993601189992E-03  2.1142186742307074E-06
  7.4279531743775555E+00  4.8366680310326588E-03  2.1191685320423103E-06
  7.5019556507811762E+00  4.7665439480548020E-03  2.1240379183653651E-06
  7.5766953917293236E+00  4.6966731692452508E-03  2.1288219206415861E-06
  7.6521797423681841E+00  4.6267803027294375E-03  2.1335149855729014E-06
  7.7284161210214739E+00  4.5580517019389016E-03  2.1381108749830700E-06
  7.8054120199194639E+00  4.4907482212563849E-03  2.1426027446385047E-06
  7.8831750059351791E+00  4.4232148923978205E-03  2.1469832683648864E-06
  7.9617127213282348E+00  4.3558379409705458E-03  2.1512447934284593E-06
  8.0410328844957952E+00  4.2883775729657516E-03  2.1553795177885630E-06
  8.1211432907310073E+00  4.2220880670093405E-03  2.1593796915395064E-06
  8.2020518129892910E+00  4.1557467951236970E-03  2.1632378214008988E-06
  8.2837664026619713E+00  4.0897898818211048E-03  2.1669467955439048E-06
  8.3662950903576014E+00  4.0238455413231520E-03  2.1704999837381560E-06
  8.4496459866913920E+00  3.9587987598923534E-03  2.1738913478176753E-06
  8.5338272830821680E+00  3.8939205932624521E-03  2.1771155968499312E-06
  8.6188472525573765E+00  3.8291120322748707E-03  2.1801683775645651E-06
  8.7047142505661661E+00  3.7661312054953684E-03  2.1830463640438087E-06
  8.7914367158005771E+00  3.7017583996534448E-03  2.1857471655400542E-06
  8.8790231710247607E+00  3.6398337451876385E-03  2.1882691562879097E-06
  8.9674822239126240E+00  3.5774043920221627E-03  2.1906112617907386E-06
  9.0568225678938017E+00  3.5147154911328391E-03  2.1927727019049941E-06
  9.1470529830079244E+00  3.4538223786540517E-03  2.1947527094731929E-06
  9.2381823367675224E+00  3.3932545761212914E-03  2.1965502675283541E-06
  9.3302195850295586E+00  3.3327478749123371E-03  2.1981639510025481E-06
  9.4231737728754741E+00  3.2731798590407563E-03  2.1995919127097174E-06
  9.5170540355001432E+00  3.2139310266351990E-03  2.2008319133426543E-06
  9.6118695991097098E+00  3.1544814961591136E-03  2.2018813282892224E-06
  9.7076297818282011E+00  3.0965640162563873E-03  2.2027371030327828E-06
  9.8043439946133244E+00  3.0393801286033766E-03  2.2033957194484580E-06
  9.9020217421814039E+00  2.9821988708719775E-03  2.2038532401145785E-06
  1.0000672623941346E+01  2.9256284774127265E-03  2.2041053840371812E-06
  1.0100306334938109E+01  2.8690243852441833E-03  2.2041476066318543E-06
  1.0200932666805532E+01  2.8135960040047607E-03  2.2039751880792749E-06
  1.0302561508728523E+01  2.7590283102156277E-03  2.2035833321414546E-06
  1.0405202848414980E+01  2.7045084853301498E-03  2.2029672686546830E-06
  1.0508866773077408E+01  2.6503108446636315E-03  2.2021222915743084E-06
  1.0613563470424134E+01  2.5969125925717224E-03  2.2010437405483090E-06
  1.0719303229660573E+01  2.5440393810390325E-03  2.1997269801810045E-06
  1.0826096442500488E+01  2.4919326969660514E-03  2.1981674351815451E-06
  1.0933953604187105E+01  2.4401842100027060E-03  2.1963606768416855E-06
  1.1042885314524629E+01  2.3889723630333686E-03  2.1943025418396410E-06
  1.1152902278920001E+01  2.3381391858271557E-03  2.1919892134101330E-06
  1.1264015309434876E+01  2.2883242313939487E-03  2.1894172474176763E-06
  1.1376235325848235E+01  2.2388397656188191E-03  2.1865835505955910E-06
  1.1489573356729624E+01  2.1899573117460805E-03  2.1834853280512456E-06
  1.1604040540522865E+01  2.1416690753625020E-03  2.1801200268057826E-06
  1.1719648126640758E+01  2.0937554128161191E-03  2.1764852626497835E-06
  1.1836407476570686E+01  2.0464757472549167E-03  2.1725787281904127E-06
  1.1954330064991172E+01  2.0002622250283168E-03  2.1683981303320726E-06
  1.2073427480899364E+01  1.9545859294970288E-03  2.1639411490300669E-06
  1.2193711428750282E+01  1.9091622992259162E-03  2.1592054006473844E-06
  1.2315193729606932E+01  1.8643789072858347E-03  2.1541884111247595E-06
  1.2437886322301884E+01  1.8207351593614856E-03  2.1488876123139500E-06
  1.2561801264610873E+01  1.7773054236674825E-03  2.1433003954500249E-06
  1.2686950734437659E+01  1.7345506711448782E-03  2.1374242129985204E-06
  1.2813347031010652E+01  1.6924155510099962E-03  2.1312566810630380E-06
  1.2941002576091956E+01  1.6507869457513045E-03  2.1247956542844363E-06
  1.3069929915197953E+01  1.6100750328297681E-03  2.1180392822760280E-06
  1.3200141718832199E+01  1.5695370173717837E-03  2.1109860714832299E-06
  1.3331650783730682E+01  1.5303563860403901E-03  2.1036349344015757E-06
  1.3464470034119540E+01  1.4912821883097916E-03  2.0959851733642274E-06
  1.3598612522985011E+01  1.4529701358424207E-03  2.0880363811709066E-06
  1.3734091433356348E+01  1.4151660792933133E-03  2.0797883564111008E-06
  1.3870920079601452E+01  1.3783156351492270E-03  2.0712410868396366E-06
  1.4009111908735221E+01  1.3419134178007696E-03  2.0623947867531930E-06
  1.4148680501741131E+01  1.3061694441544969E-03  2.0532499322962442E-06
  1.4289639574906023E+01  1.2711034193762163E-03  2.0438072466407737E-06
  1.4432002981167914E+01  1.2365533738753791E-03  2.0340676717305281E-06
  1.4575784711477510E+01  1.2029572889287275E-03  2.0240323087617887E-06
  1.4720998896173251E+01  1.1698091852791353E-03  2.0137023057521772E-06
  1.4867659806369829E+01  1.1371493537345363E-03  2.0030787328755736E-06
  1.5015781855360791E+01  1.1054450857724597E-03  1.9921625074537841E-06
  1.5165379600035100E+01  1.0742662873268385E-03  1.9809544121359932E-06
  1.5316467742307562E+01  1.0439040215366204E-03  1.9694552144419258E-06
  1.5469061130563768E+01  1.0138235420603377E-03  1.9576657796718258E-06
  1.5623174761119422E+01  9.8479337306774800E-04  1.9455870652344329E-06
  1.5778823779693946E+01  9.5616736080387154E-04  1.9332200304148949E-06
  1.5936023482899035E+01  9.2805535049764599E-04  1.9205655585045556E-06
  1.6094789319742048E+01  9.0089113309542793E-04  1.9076244762525192E-06
  1.6255136893144098E+01  8.7411816236002723E-04  1.8943976637662899E-06
  1.6417081961473514E+01  8.4800528783294355E-04  1.8808862292127281E-06
  1.6580640440094651E+01  8.2249305442373894E-04  1.8670916958626365E-06
  1.6745828402931782E+01  7.9752548864018733E-04  1.8530161419002919E-06
  1.6912662084048872E+01  7.7326801743498989E-04  1.8386622813426133E-06
  1.7081157879245122E+01  7.4951491452083759E-04  1.8240334735027854E-06
  1.7251332347666064E+01  7.2626422620174799E-04  1.8091336243703196E-06
  1.7423202213431058E+01  7.0373699231463611E-04  1.7939670266097209E-06
  1.7596784367276921E+01  6.8179019573035233E-04  1.7785382826068340E-06
  1.7772095868217878E+01  6.6021345679863699E-04  1.7628523051969650E-06
  1.7949153945221795E+01  6.3938629323314863E-04  1.7469143164768548E-06
  1.8127975998903796E+01  6.1899565073604383E-04  1.7307297875235809E-06
  1.8308579603236154E+01  5.9915067598504995E-04  1.7143043641686551E-06
  1.8490982507275135E+01  5.7983437520842899E-04  1.6976438376815034E-06
  1.8675202636905766E+01  5.6101974960614577E-04  1.6807541526234143E-06
  1.8861258096603329E+01  5.4274053051076628E-04  1.6636413967132668E-06
  1.9049167171212318E+01  5.2495530812791751E-04  1.6463117586872500E-06
  1.9238948327743923E+01  5.0764696461175511E-04  1.6287715237931635E-06
  1.9430620217190594E+01  4.9085363180610187E-04  1.6110271329307480E-06
  1.9624201676358972E+01  4.7448527600745557E-04  1.5930852781053773E-06
  1.9819711729721153E+01  4.5861651371635398E-04  1.5749529535158448E-06
  2.0017169591284500E+01  4.4318654211361304E-04  1.5566374025872373E-06
  2.0216594666479651E+01  4.2822377872442591E-04  1.5381460441208094E-06
  2.0418006554067752E+01  4.1368700544673604E-04  1.5194864264757110E-06
  2.0621425048066673E+01  3.9956672284659607E-04  1.5006661936807728E-06
  2.0826870139696030E+01  3.8584145047227487E-04  1.4816930507919196E-06
  2.1034362019341994E+01  3.7262668271863329E-04  1.4625747838387228E-06
  2.1243921078541643E+01  3.5972801954168161E-04  1.4433193362157165E-06
  2.1455567911986702E+01  3.4722578969880428E-04  1.4239348552514438E-06
  2.1669323319547651E+01  3.3513412710821345E-04  1.4044296790078497E-06
  2.1885208308318013E+01  3.2339910890795794E-04  1.3848122865082655E-06
  2.2103244094678544E+01  3.1202647435693066E-04  1.3650912316611549E-06
  2.2323452106382479E+01  3.0101321227661934E-04  1.3452751058484666E-06
  2.2545853984661463E+01  2.9035180323682232E-04  1.3253725864537940E-06
  2.2770471586352148E+01  2.7999430604737060E-04  1.3053925109468877E-06
  2.2997326986044300E+01  2.7003917976136001E-04  1.2853438797352378E-06
  2.3226442478250362E+01  2.6034899246691121E-04  1.2652358017503386E-06
  2.3457840579596201E+01  2.5094726797612990E-04  1.2450774305518142E-06
  2.3691544031034098E+01  2.4192875995468591E-04  1.2248779093460523E-06
  2.3927575800077776E+01  2.3313109016992106E-04  1.2046463591795151E-06
  2.4165959083059295E+01  2.2465538539238807E-04  1.1843919074379864E-06
  2.4406717307408826E+01  2.1646092211387668E-04  1.1641237021904136E-06
  2.4649874133957173E+01  2.0854105864482548E-04  1.1438509284040392E-06
  2.4895453459260775E+01  2.0090037479744550E-04  1.1235828442223772E-06
  2.5143479417950317E+01  1.9347591113138255E-04  1.1033288092068866E-06
  2.5393976385102739E+01  1.8632853301294718E-04  1.0830982559962691E-06
  2.5646968978636441E+01  1.7940554437822619E-04  1.0629006110092293E-06
  2.5902482061730773E+01  1.7272759543648008E-04  1.0427452563843065E-06
  2.6160540745269618E+01  1.6628605107286013E-04  1.0226415339793128E-06
  2.6421170390309136E+01  1.6004080553797250E-04  1.0025987268820152E-06
  2.6684396610569785E+01  1.5405046009789124E-04  9.8262600234879081E-07
  2.6950245274954185E+01  1.4823546341482020E-04  9.6273236211352569E-07
  2.7218742510089104E+01  1.4262389430507480E-04  9.4292664433500004E-07
  2.7489914702892737E+01  1.3722224857129706E-04  9.2321754998636132E-07
  2.7763788503168605E+01  1.3200467840613343E-04  9.0361363634088008E-07
  2.8040390826224233E+01  1.2696812229090107E-04  8.8412329342700015E-07
  2.8319748855515986E+01  1.2210606483003595E-04  8.6475473117170551E-07
  2.8601890045321213E+01  1.1742755637416858E-04  8.4551599121287524E-07
  2.8886842123435951E+01  1.1289969516281421E-04  8.2641498831305267E-07
  2.9174633093899871E+01  1.0853991017980976E-04  8.0745952998584560E-07
  2.9465291239748520E+01  1.0433979973985850E-04  7.8865729069628738E-07
  2.9758845125793048E+01  1.0029569873879175E-04  7.7001578433602540E-07
  3.0055323601427091E+01  9.6378568439040444E-05  7.5154234623128055E-07
  3.0354755803462172E+01  9.2614302433292390E-05  7.3324409677544564E-07
  3.0657171158991339E+01  8.8992050386187916E-05  7.1512790876968895E-07
  3.0962599388280779E+01  8.5489047910242282E-05  6.9720041315307123E-07
  3.1271070507690812E+01  8.2119627082375126E-05  6.7946801608819449E-07
  3.1582614832625961E+01  7.8876216146123062E-05  6.6193690073234923E-07
  3.1897262980513876E+01  7.5748661530115972E-05  6.4461301737655224E-07
  3.2215045873814475E+01  7.2737135181469078E-05  6.2750206399111028E-07
  3.2535994743059106E+01  6.9832859598173029E-05  6.1060945747742718E-07
  3.2860141129919349E+01  6.7039384594738509E-05  5.9394031844175942E-07
  3.3187516890307037E+01  6.4348436155423181E-05  5.7749950174250005E-07
  3.3518154197505133E+01  6.1760130290370132E-05  5.6129163216354910E-07
  3.3852085545329174E+01  5.9262781382421599E-05  5.4532110596105512E-07
  3.4189343751320898E+01  5.6863967288418282E-05  5.2959207031242324E-07
  3.4529961959973569E+01  5.4551586941608529E-05  5.1410839226271609E-07
  3.4873973645988940E+01  5.2327745233565575E-05  4.9887364238228185E-07
  3.5221412617567211E+01  5.0187878778751108E-05  4.8389110423618694E-07
  3.5572313019729762E+01  4.8125788782070609E-05  4.6916378126446878E-07
  3.5926709337674431E+01  4.6145260022477697E-05  4.5469439772362196E-07
  3.6284636400164722E+01  4.4237773136049027E-05  4.4048540603308337E-07
  3.6646129382952978E+01  4.2405924977200904E-05  4.2653900347656121E-07
  3.7011223812236750E+01  4.0640738998870335E-05  4.1285714979400131E-07
  3.7379955568150535E+01  3.8942188361907338E-05  3.9944156008003961E-07
  3.7752360888292074E+01  3.7310133748331102E-05  3.8629368663760731E-07
  3.8128476371283249E+01  3.5740991399537707E-05  3.7341472081756650E-07
  3.8508338980367043E+01  3.4232031573197114E-05  3.6080560402649106E-07
  3.8891986047040440E+01  3.2781530047122150E-05  3.4846702307758128E-07
  3.9279455274722700E+01  3.1386188028234334E-05  3.3639939304149020E-07
  3.9670784742460995E+01  3.0046727310729963E-05  3.2460285334384477E-07
  4.0066012908672811E+01  2.8757578190520580E-05  3.1307728337933744E-07
  4.0465178614925435E+01  2.7519857819025945E-05  3.0182231298198897E-07
  4.0868321089752584E+01  2.6330499970843999E-05  2.9083732574678788E-07
  4.1275479952510601E+01  2.5185998344085282E-05  2.8012145947966782E-07
  4.1686695217271655E+01  2.4086768395608788E-05  2.6967360761131820E-07
  4.2102007296755652E+01  2.3032775011632126E-05  2.5949242968791810E-07
  4.2521457006302811E+01  2.2017874969311396E-05  2.4957637189685691E-07
  4.2945085567884433E+01  2.1045416031960461E-05  2.3992368037934043E-07
  4.3372934614153429E+01  2.0110551049765394E-05  2.3053240705817090E-07
  4.3805046192536921E+01  1.9212985468059459E-05  2.2140041668883431E-07
  4.4241462769367914E+01  1.8349745037191504E-05  2.1252538696948390E-07
  4.4682227234058573E+01  1.7522267796566897E-05  2.0390480542273049E-07
  4.5127382903315478E+01  1.6727026714806732E-05  1.9553597523996081E-07
  4.5576973525396859E+01  1.5965603330640761E-05  1.8741602641521690E-07
  4.6031043284411496E+01  1.5233584445583441E-05  1.7954192584447959E-07
  4.6489636804661231E+01  1.4531711394339965E-05  1.7191048602057493E-07
  4.6952799155026767E+01  1.3857815262996077E-05  1.6451837394800155E-07
  4.7420575853396308E+01  1.3210928330091031E-05  1.5736211785613421E-07
  4.7893012871139135E+01  1.2591539769189504E-05  1.5043811041359011E-07
  4.8370156637623879E+01  1.1996328238964578E-05  1.4374261729421936E-07
  4.8852054044780743E+01  1.1426602249027604E-05  1.3727179442873709E-07
  4.9338752451710263E+01  1.0879709955983680E-05  1.3102170245858779E-07
  4.9830299689337764E+01  1.0355802163393049E-05  1.2498831522748413E-07
  5.0326744065113552E+01  9.8535197521307525E-06  1.1916752262006065E-07
  5.0828134367760548E+01  9.3719721752546619E-06  1.1355513284097480E-07
  5.1334519872069471E+01  8.9109839346363033E-06  1.0814688094704105E-07
  5.1845950343740739E+01  8.4690243778559653E-06  1.0293843974165819E-07
  5.2362476044275560E+01  8.0459476446985827E-06  9.7925428315403864E-08
  5.2884147735915754E+01  7.6408634592223890E-06  9.3103419101326721E-08
  5.3411016686631861E+01  7.2526719169539126E-06  8.8467945478715209E-08
  5.3943134675161900E+01  6.8814227515017704E-06  8.4014511393537451E-08
  5.4480553996100269E+01  6.5262850897656298E-06  7.9738600685923775E-08
  5.5023327465036473E+01  6.1862125124018737E-06  7.5635683037995481E-08
  5.5571508423745932E+01  5.8610693400111112E-06  7.1701219614280061E-08
  5.6125150745432549E+01  5.5502895773490104E-06  6.7930670765736600E-08
  5.6684308840022418E+01  5.2531099109508829E-06  6.4319502432737198E-08
  5.7249037659511885E+01  4.9691960466316918E-06  6.0863189531156631E-08
  5.7819392703367299E+01  4.6979790986293488E-06  5.7557220131164707E-08
  5.8395430023979550E+01  4.4389615944491337E-06  5.4397102232313344E-08
  5.8977206232173131E+01  4.1917318199344192E-06  5.1378370431800943E-08
  5.9564778502768874E+01  3.9558285100494004E-06  4.8496591684056866E-08
  6.0158204580203254E+01  3.7307591898850923E-06  4.5747370653811760E-08
  6.0757542784203679E+01  3.5162076844085026E-06  4.3126354549030053E-08
  6.1362852015519181E+01  3.3117339086854997E-06  4.0629237337447403E-08
  6.1974191761709349E+01  3.1169231431868601E-06  3.8251763962022062E-08
  6.2591622102990904E+01  2.9315347332648959E-06  3.5989735748574610E-08
  6.3215203718141453E+01  2.7550134696996928E-06  3.3839016664128472E-08
  6.3844997890463070E+01  2.5872007700199476E-06  3.1795538162746145E-08
  6.4481066513805487E+01  2.4276454153807633E-06  2.9855302136669039E-08
  6.5123472098647909E+01  2.2760759366900299E-06  2.8014382551589643E-08
  6.5772277778242810E+01  2.1321692773153723E-06  2.6268927767610243E-08
  6.6427547314820714E+01  1.9956738958176918E-06  2.4615163529040700E-08
  6.7089345105855855E+01  1.8662248911934371E-06  2.3049395710375511E-08
  6.7757736190395164E+01  1.7435841940798925E-06  2.1568012538416452E-08
  6.8432786255450623E+01  1.6274716653132536E-06  2.0167486384671901E-08
  6.9114561642453694E+01  1.5176578005452659E-06  1.8844375343983581E-08
  6.9803129353776256E+01  1.4138344683194087E-06  1.7595324859222986E-08
  7.0498557059314336E+01  1.3157844815084566E-06  1.6417069111124826E-08
  7.1200913103138930E+01  1.2232652593770151E-06  1.5306431718234626E-08
  7.1910266510213006E+01  1.1360414760648907E-06  1.4260326515348631E-08
  7.2626686993174104E+01  1.0539061260555355E-06  1.3275758281586890E-08
  7.3350244959186028E+01  9.7661537154829105E-07  1.2349822674338013E-08
  7.4081011516858467E+01  9.0396204300183277E-07  1.1479705798000661E-08
  7.4819058483234528E+01  8.3574602401424443E-07  1.0662683988080418E-08
  7.5564458390848984E+01  7.7177224597310975E-07  9.8961237575687724E-09
  7.6317284494857077E+01  7.1183484345043887E-07  9.1774815608498375E-09
  7.7077610780232774E+01  6.5574350662241970E-07  8.5043032539161819E-09
  7.7845511969040203E+01  6.0332176204092659E-07  7.8742233336237768E-09
  7.8621063527777579E+01  5.5439066196924396E-07  7.2849639888772692E-09
  7.9404341674792747E+01  5.0876979825914150E-07  6.7343339864256699E-09
  8.0195423387774213E+01  4.6629267371912667E-07  6.2202275230778198E-09
  8.0994386411316611E+01  4.2679891677458852E-07  5.7406231476263438E-09
  8.1801309264560302E+01  3.9012947351136121E-07  5.2935826306341214E-09
  8.2616271248908291E+01  3.5612692860926924E-07  4.8772495417959587E-09
  8.3439352455820284E+01  3.2464282724700302E-07  4.4898474632742605E-09
  8.4270633774682594E+01  2.9553419710007359E-07  4.1296780855426319E-09
  8.5110196900758936E+01  2.6865991693399701E-07  3.7951194140695955E-09
  8.5958124343218046E+01  2.4388347403041122E-07  3.4846239897208932E-09
  8.6814499433242787E+01  2.2107435593456761E-07  3.1967170126206048E-09
  8.7679406332220253E+01  2.0010643750023834E-07  2.9299943783473657E-09
  8.8552930040011717E+01  1.8085749193662386E-07  2.6831206594395518E-09
  8.9435156403306650E+01  1.6321021867920482E-07  2.4548270535465875E-09
  9.0326172124059951E+01  1.4705303465836486E-07  2.2439093209088653E-09
  9.1226064768011668E+01  1.3228005422707498E-07  2.0492257150366003E-09
  9.2134922773293098E+01  1.1879102933079258E-07  1.8696948960545895E-09
  9.3052835459118739E+01  1.0649150639381788E-07  1.7042938454535549E-09
  9.3979893034563204E+01  9.5292965494945542E-08  1.5520557487272728E-09
  9.4916186607427093E+01  8.5112727247342321E-08  1.4120678230540119E-09
  9.5861808193191379E+01  7.5873625237580259E-08  1.2834691860310051E-09
  9.6816850724059194E+01  6.7503573108284592E-08  1.1654487884522631E-09
  9.7781408058089355E+01  5.9935123885060448E-08  1.0572433725826945E-09
  9.8755574988421145E+01  5.3105063191034307E-08  9.5813544664551664E-10
  9.9739447252588874E+01  4.6954058717261951E-08  8.6745128319891449E-10
  1.0073312154193128E+02  4.1426377856127078E-08  7.8455894905625558E-10
  1.0173669551109467E+02  3.6469672976751116E-08  7.0886637026452658E-10
  1.0275026778762850E+02  3.2034821560142512E-08  6.3981943237190558E-10
  1.0377393798167988E+02  2.8075805248590819E-08  5.7690012917072962E-10
  1.0480780669578142E+02  2.4549612803823100E-08  5.1962478139451816E-10
  1.0585197553473861E+02  2.1416153899791735E-08  4.6754229861356271E-10
  1.0690654711561596E+02  1.8638173930962157E-08  4.2023246154530594E-10
  1.0797162507782038E+02  1.6181163346372190E-08  3.7730424626496763E-10