 #p(MeV) \t \delta f_\\nu \t \delta f_\\nubar
  1.4891458268226956E+00  1.6562146403696424E-07  1.4117458289765109E-07
  1.5039817414177314E+00  1.6229291768110449E-07  1.3854308912727406E-07
  1.5189654617937094E+00  1.5903296171112369E-07  1.3596003731403978E-07
  1.5340984604954302E+00  1.5584009939178510E-07  1.3342452321759338E-07
  1.5493822247382152E+00  1.5271287901242876E-07  1.3093566903781858E-07
  1.5648182565540703E+00  1.4964992715887770E-07  1.2849265319868145E-07
  1.5804080729392949E+00  1.4664992192771057E-07  1.2609468648365279E-07
  1.5961532060035688E+00  1.4371156894754133E-07  1.2374099180611479E-07
  1.6120552031205249E+00  1.4083360012907197E-07  1.2143080351728175E-07
  1.6281156270798138E+00  1.3801477314058934E-07  1.1916336730178748E-07
  1.6443360562406950E+00  1.3525387089395381E-07  1.1693794007209528E-07
  1.6607180846871472E+00  1.3254970104085383E-07  1.1475378986182121E-07
  1.6772633223845312E+00  1.2990109547910549E-07  1.1261019571805975E-07
  1.6939733953378135E+00  1.2730690986877981E-07  1.1050644759279813E-07
  1.7108499457513584E+00  1.2476602315795319E-07  1.0844184623350406E-07
  1.7278946321903255E+00  1.2227733710988329E-07  1.0641570306518850E-07
  1.7451091297436596E+00  1.1983977316137012E-07  1.0442733755897869E-07
  1.7624951301887157E+00  1.1745224963746086E-07  1.0247605671520778E-07
  1.7800543421575243E+00  1.1511368856004792E-07  1.0056116177188564E-07
  1.7977884913047018E+00  1.1282303577390707E-07  9.8681966610565997E-08
  1.8156993204770491E+00  1.1057926127582109E-07  9.6837798333005979E-08
  1.8337885898848258E+00  1.0838135862206606E-07  9.5027996998862486E-08
  1.8520580772747404E+00  1.0622834435154388E-07  9.3251915368850624E-08
  1.8705095781046630E+00  1.0411925742410795E-07  9.1508918653235656E-08
  1.8891449057200691E+00  1.0205315867364946E-07  8.9798384265536978E-08
  1.9079658915322579E+00  1.0002913027552215E-07  8.8119701581325751E-08
  1.9269743851983283E+00  9.8046275227902534E-08  8.6472271702003369E-08
  1.9461722548029594E+00  9.6103716848552379E-08  8.4855507225259440E-08
  1.9655613870420030E+00  9.4200598824626737E-08  8.3268832536446085E-08
  1.9851436874078934E+00  9.2336095098442554E-08  8.1711693260734921E-08
  2.0049210803769197E+00  9.0509411806515499E-08  8.0183558317760397E-08
  2.0248955095983505E+00  8.8719772001295586E-08  7.8683905980042165E-08
  2.0450689380854508E+00  8.6966414813514827E-08  7.7212223180225151E-08
  2.0654433484084027E+00  8.5248595139674976E-08  7.5768005410614414E-08
  2.0860207428891369E+00  8.3565583311067084E-08  7.4350756602197204E-08
  2.1068031437981261E+00  8.1916664769980243E-08  7.2959989004722168E-08
  2.1277925935531119E+00  8.0301139752933807E-08  7.1595223067850425E-08
  2.1489911549198362E+00  7.8718322980768220E-08  7.0255987323384206E-08
  2.1704009112147609E+00  7.7167543355431783E-08  6.8941818268586456E-08
  2.1920239665098045E+00  7.5648143663241190E-08  6.7652260250530223E-08
  2.2138624458391241E+00  7.4159480197742717E-08  6.6386865267466043E-08
  2.2359184954079598E+00  7.2700919443642010E-08  6.5145189980917148E-08
  2.2581942828035495E+00  7.1271832835709960E-08  6.3926791018858709E-08
  2.2806919972081583E+00  6.9871603210607087E-08  6.2731231149468121E-08
  2.3034138496142149E+00  6.8499626900350420E-08  6.1558081341437542E-08
  2.3263620730416092E+00  6.7155313427190537E-08  6.0406920616862577E-08
  2.3495389227571377E+00  6.5838085200256788E-08  5.9277335901065834E-08
  2.3729466764961451E+00  6.4547377219600604E-08  5.8168921875180951E-08
  2.3965876346863753E+00  6.3282636787442738E-08  5.7081280831445063E-08
  2.4204641206740432E+00  6.2043323226439980E-08  5.6014022531153882E-08
  2.4445784809521669E+00  6.0828907604786251E-08  5.4966764065229328E-08
  2.4689330853911766E+00  5.9638872467973932E-08  5.3939129717354025E-08
  2.4935303274718086E+00  5.8472711594847238E-08  5.2930750846957249E-08
  2.5183726245203357E+00  5.7329930403430658E-08  5.1941266398903497E-08
  2.5434624179461252E+00  5.6210046055884712E-08  5.0970323132343941E-08
  2.5688021734815814E+00  5.5112586127256356E-08  5.0017574402462432E-08
  2.5943943814244594E+00  5.4037088376477688E-08  4.9082680055860335E-08
  2.6202415568826058E+00  5.2983100431469488E-08  4.8165306238902479E-08
  2.6463462400211379E+00  5.1950179569256704E-08  4.7265125283452949E-08
  2.6727109963120763E+00  5.0937892501248477E-08  4.6381815594608813E-08
  2.6993384167864707E+00  4.9945815163552950E-08  4.5515061540397978E-08
  2.7262311182890424E+00  4.8973532512200779E-08  4.4664553343409163E-08
  2.7533917437353503E+00  4.8020638323155743E-08  4.3829986974322231E-08
  2.7808229623715350E+00  4.7086734996991625E-08  4.3011064047306639E-08
  2.8085274700366321E+00  4.6171433365329538E-08  4.2207491714544279E-08
  2.8365079894275218E+00  4.5274352347348523E-08  4.1418982411890995E-08
  2.8647672703664964E+00  4.4395120678423145E-08  4.0645255507500567E-08
  2.8933080900715029E+00  4.3533381319431221E-08  3.9886041412940110E-08
  2.9221332534290863E+00  4.2688785875544639E-08  3.9141076548696790E-08
  2.9512455932700319E+00  4.1860992785843834E-08  3.8410101765631394E-08
  2.9806479706477718E+00  4.1049667189730334E-08  3.7692862278899787E-08
  3.0103432751195633E+00  4.0254480799513921E-08  3.6989107605776443E-08
  3.0403344250304509E+00  3.9475111775323383E-08  3.6298591504025015E-08
  3.0706243678000855E+00  3.8711244602298858E-08  3.5621071910820813E-08
  3.1012160802123714E+00  3.7962569970026775E-08  3.4956310882231909E-08
  3.1321125687080285E+00  3.7228784654176468E-08  3.4304074533262229E-08
  3.1633168696800404E+00  3.6509591400327153E-08  3.3664132978486537E-08
  3.1948320497720668E+00  3.5804698815013267E-08  3.3036260278144334E-08
  3.2266612061798265E+00  3.5113819939206879E-08  3.2420233143601678E-08
  3.2588074669554672E+00  3.4436665691947635E-08  3.1815824931660699E-08
  3.2912739913149855E+00  3.3772948948550723E-08  3.1222809487748103E-08
  3.3240639699487073E+00  3.3122388892968452E-08  3.0640965162475208E-08
  3.3571806253348453E+00  3.2484710981787951E-08  3.0070074819360660E-08
  3.3906272120562058E+00  3.1859646793771835E-08  2.9509925738254783E-08
  3.4244070171200232E+00  3.1246933883272362E-08  2.8960309520935296E-08
  3.4585233602810099E+00  3.0646315637412410E-08  2.8421021998822966E-08
  3.4929795943675961E+00  3.0057541136929155E-08  2.7891863142767475E-08
  3.5277791056114389E+00  2.9480365020580482E-08  2.7372636974854394E-08
  3.5629253139802146E+00  2.8914547353015555E-08  2.6863151482185660E-08
  3.5984216735137102E+00  2.8359853502723441E-08  2.6363218539118616E-08
  3.6342716726632753E+00  2.7816054709039878E-08  2.5872654490586387E-08
  3.6704788346346668E+00  2.7282933120794530E-08  2.5391284904180646E-08
  3.7070467177342765E+00  2.6760281374223424E-08  2.4918944137462534E-08
  3.7439789157188477E+00  2.6247896492073730E-08  2.4455469724048558E-08
  3.7812790581486402E+00  2.5745579261709546E-08  2.4000701831767400E-08
  3.8189508107441439E+00  2.5253134171193827E-08  2.3554483229567130E-08
  3.8569978757463206E+00  2.4770369346286393E-08  2.3116659254530755E-08
  3.8954239922804521E+00  2.4297096488348706E-08  2.2687077779011256E-08
  3.9342329367236126E+00  2.3833130813146766E-08  2.2265589177896384E-08
  3.9734285230757869E+00  2.3378290990543978E-08  2.1852046296014008E-08
  4.0130146033347005E+00  2.2932399085074184E-08  2.1446304415687212E-08
  4.0529950678743862E+00  2.2495280496468884E-08  2.1048221223570080E-08
  4.0933738458275020E+00  2.2066763693184618E-08  2.0657656576260024E-08
  4.1341549054714894E+00  2.1646677600159641E-08  2.0274470038172811E-08
  4.1753422546185401E+00  2.1234849644892286E-08  1.9898519112256069E-08
  4.2169399410094925E+00  2.0831109974364186E-08  1.9529663215330819E-08
  4.2589520527116065E+00  2.0435292420408612E-08  1.9167764590382223E-08
  4.3013827185203368E+00  2.0047234416571266E-08  1.8812688249062962E-08
  4.3442361083650978E+00  1.9666776915413826E-08  1.8464301913991222E-08
  4.3875164337190560E+00  1.9293764307832421E-08  1.8122475962295574E-08
  4.4312279480130279E+00  1.8928044344337809E-08  1.7787083370378784E-08
  4.4753749470534956E+00  1.8569468058247689E-08  1.7457999659873212E-08
  4.5199617694447687E+00  1.8217889690741226E-08  1.7135102844761506E-08
  4.5649927970153756E+00  1.7873166617822673E-08  1.6818273379726577E-08
  4.6104724552486953E+00  1.7535159307834883E-08  1.6507394137443394E-08
  4.6564052137178757E+00  1.7203732076422727E-08  1.6202351151265332E-08
  4.7027955865250810E+00  1.6878754716792075E-08  1.5903035164408812E-08
  4.7496481327451239E+00  1.6560100659306077E-08  1.5609339893171014E-08
  4.7969674568735252E+00  1.6247645823851879E-08  1.5321160967737376E-08
  4.8447582092790080E+00  1.5941268551055204E-08  1.5038395881250235E-08
  4.8930250866605318E+00  1.5640849555910584E-08  1.4760943959199901E-08
  4.9417728325088683E+00  1.5346271882275607E-08  1.4488706329238312E-08
  4.9910062375727628E+00  1.5057420858213152E-08  1.4221585891411614E-08
  5.0407301403297584E+00  1.4774184052166223E-08  1.3959487288808042E-08
  5.0909494274617071E+00  1.4496451229950396E-08  1.3702316878617710E-08
  5.1416690343350115E+00  1.4224114312549518E-08  1.3449982703600938E-08
  5.1928939454856486E+00  1.3957067334727440E-08  1.3202394464032438E-08
  5.2446291951090380E+00  1.3695206263142993E-08  1.2959463354043062E-08
  5.2968798675547886E+00  1.3438427935690570E-08  1.2721101061457625E-08
  5.3496510978263592E+00  1.3186630369705973E-08  1.2487220078250067E-08
  5.4029480720857093E+00  1.2939713646459211E-08  1.2257734546644133E-08
  5.4567760281629898E+00  1.2697579922501251E-08  1.2032560279023646E-08
  5.5111402560712790E+00  1.2460133384953459E-08  1.1811614725097647E-08
  5.5660460985264697E+00  1.2227280207800566E-08  1.1594816939715433E-08
  5.6214989514723488E+00  1.1998928509163259E-08  1.1382087551318879E-08
  5.6775042646108709E+00  1.1774988309527909E-08  1.1173348731019224E-08
  5.7340675419377378E+00  1.1555371490910636E-08  1.0968524162285996E-08
  5.7911943422833154E+00  1.1339991756933707E-08  1.0767539011235676E-08
  5.8488902798589457E+00  1.1128764593291043E-08  1.0570319897017556E-08
  5.9071610248086639E+00  1.0921607242172917E-08  1.0376794875394126E-08
  5.9660123037664601E+00  1.0718439375567730E-08  1.0186894092069879E-08
  6.0254499004190754E+00  1.0519183427898893E-08  1.0000550103961570E-08
  6.0854796560743827E+00  1.0323763482131108E-08  9.8176968241302232E-09
  6.1461074702354548E+00  1.0132105079404690E-08  9.6382693481121495E-09
  6.2073393011803626E+00  9.9441351917737000E-09  9.4622039343921841E-09
  6.2691811665477131E+00  9.7597821954689919E-09  9.2894379851843402E-09
  6.3316391439280464E+00  9.5789758446384558E-09  9.1199100274806433E-09
  6.3947193714611164E+00  9.4016472455563788E-09  8.9535596943658534E-09
  6.4584280484391403E+00  9.2277288312941562E-09  8.7903277065957263E-09
  6.5227714359160176E+00  9.0571543368446271E-09  8.6301558544365694E-09
  6.5877558573226578E+00  8.8898587747157226E-09  8.4729869797883595E-09
  6.6533876990884293E+00  8.7257784141601231E-09  8.3187649615649348E-09
  6.7196734112687793E+00  8.5648503885911953E-09  8.1674343420617263E-09
  6.7866195081791272E+00  8.4070121088732650E-09  8.0189397693866737E-09
  6.8542325690350756E+00  8.2522020555486274E-09  7.8732267642568838E-09
  6.9225192385989871E+00  8.1003599767828289E-09  7.7302419143254660E-09
  6.9914862278329934E+00  7.9514268615647699E-09  7.5899328531957426E-09
  7.0611403145585410E+00  7.8053449132732116E-09  7.4522482396378456E-09
  7.1314883441224906E+00  7.6620575238275856E-09  7.3171377372236060E-09
  7.2025372300698391E+00  7.5215092484096007E-09  7.1845519943712921E-09
  7.2742939548231629E+00  7.3836457807424906E-09  7.0544426247916629E-09
  7.3467655703688397E+00  7.2484139289150291E-09  6.9267621883272044E-09
  7.4199591989500657E+00  7.1157615917384484E-09  6.8014641721770438E-09
  7.4938820337668171E+00  6.9856377294989762E-09  6.6785029666533627E-09
  7.5685413396827776E+00  6.8579924086689911E-09  6.5578339127765051E-09
  7.6439444539393024E+00  6.7327771311926152E-09  6.4394136241583732E-09
  7.7200987868764619E+00  6.6099444809920188E-09  6.3231996495374403E-09
  7.7970118226613518E+00  6.4894479748365925E-09  6.2091503311476327E-09
  7.8746911200235852E+00  6.3712420504523973E-09  6.0972247963943756E-09
  7.9531443129981287E+00  6.2552820481059559E-09  5.9873829433179487E-09
  8.0323791116755583E+00  6.1415241925594237E-09  5.8795854263163737E-09
  8.1124033029597857E+00  6.0299255753895499E-09  5.7737936421235371E-09
  8.1932247513333092E+00  5.9204441376630044E-09  5.6699697160382313E-09
  8.2748513996301138E+00  5.8130386529607156E-09  5.5680764883998989E-09
  8.3572912698162689E+00  5.7076687107441373E-09  5.4680775013068184E-09
  8.4405524637783049E+00  5.6042947025748790E-09  5.3699369879651491E-09
  8.5246431641193929E+00  5.5028778705136719E-09  5.2736199214108606E-09
  8.6095716349635598E+00  5.4033804182235054E-09  5.1790921236071259E-09
  8.6953462227678298E+00  5.3057655801178291E-09  5.0863203324106970E-09
  8.7819753571424659E+00  5.2099973546466052E-09  4.9952719496666132E-09
  8.8694675516794224E+00  5.1160404216777310E-09  4.9059149647495464E-09
  8.9578314047890384E+00  5.0238601300112873E-09  4.8182179446810712E-09
  9.0470756005450284E+00  4.9334224851228912E-09  4.7321500244037327E-09
  9.1372089095379394E+00  4.8446941371195652E-09  4.6476808971978286E-09
  9.2282401897370931E+00  4.7576423689046534E-09  4.5647808052394227E-09
  9.3201783873611230E+00  4.6722350845484945E-09  4.4834205302981472E-09
  9.4130325377571307E+00  4.5884407978615414E-09  4.4035713845731485E-09
  9.5068117662887097E+00  4.5062286209957878E-09  4.3252052015079154E-09
  9.6015252892327165E+00  4.4255682117960984E-09  4.2482942872911042E-09
  9.6971824146850061E+00  4.3464295360567054E-09  4.1728111933071912E-09
  9.7937925434752167E+00  4.2687828058289907E-09  4.0987286586035787E-09
  9.8913651700906478E+00  4.1925987402087758E-09  4.0260198629148334E-09
  9.9899098836093252E+00  4.1178486502107381E-09  3.9546585092045755E-09
  1.0089436368642394E+01  4.0445044277382627E-09  3.8846188145354615E-09
  1.0189954406285890E+01  3.9725385334957843E-09  3.8158754998882819E-09
  1.0291473875081994E+01  3.9019239851614499E-09  3.7484037801860560E-09
  1.0394004751989817E+01  3.8326343458142084E-09  3.6821793545189828E-09
  1.0497557113365954E+01  3.7646437126094129E-09  3.6171783965658741E-09
  1.0602141135954732E+01  3.6979267056975837E-09  3.5533775452081518E-09
  1.0707767097888324E+01  3.6324584573825899E-09  3.4907538953338702E-09
  1.0814445379696862E+01  3.5682146079663145E-09  3.4292849948635789E-09
  1.0922186465328608E+01  3.5051713911964423E-09  3.3689489278996598E-09
  1.1031000943180256E+01  3.4433057869273630E-09  3.3097244635236042E-09
  1.1140899507137524E+01  3.3825953505309057E-09  3.2515908919653815E-09
  1.1251892957626133E+01  3.3230180714758241E-09  3.1945278898786746E-09
  1.1363992202673215E+01  3.2645523586184674E-09  3.1385155072376048E-09
  1.1477208258979285E+01  3.2071770323696523E-09  3.0835341607783558E-09
  1.1591552253000980E+01  3.1508713170028483E-09  3.0295646275468455E-09
  1.1707035422044502E+01  3.0956148331013624E-09  2.9765880385509660E-09
  1.1823669115369952E+01  3.0413875901419969E-09  2.9245858725159639E-09
  1.1941464795306722E+01  2.9881699792128838E-09  2.8735399497414456E-09
  1.2060434038379981E+01  2.9359427658630884E-09  2.8234324260585782E-09
  1.2180588536448338E+01  2.8846870837547144E-09  2.7742457875478107E-09
  1.2301940097852894E+01  2.8343844633978775E-09  2.7259628786733842E-09
  1.2424500648577732E+01  2.7850167940913039E-09  2.6785668658852683E-09
  1.2548282233421956E+01  2.7365662804458257E-09  2.6320411975946972E-09
  1.2673297017183366E+01  2.6890154563592600E-09  2.5863696180998371E-09
  1.2799557285854039E+01  2.6423471906318764E-09  2.5415361735898526E-09
  1.2927075447827717E+01  2.5965446806206253E-09  2.4975252067186011E-09
  1.3055864035119237E+01  2.5515914460150036E-09  2.4543213512738832E-09
  1.3185935704596160E+01  2.5074713227321419E-09  2.4119095269405893E-09
  1.3317303239222650E+01  2.4641684569286721E-09  2.3702749341559682E-09
  1.3449979549315701E+01  2.4216672991268484E-09  2.3294030490552427E-09
  1.3583977673813939E+01  2.3799525984525972E-09  2.2892796185058866E-09
  1.3719310781559049E+01  2.3390093969263122E-09  2.2498906551756622E-09
  1.3855992172589938E+01  2.2988229806965160E-09  2.2112223918201649E-09
  1.3994035279449809E+01  2.2593787531881589E-09  2.1732611611947021E-09
  1.4133453668506307E+01  2.2206621887366017E-09  2.1359933496421882E-09
  1.4274261041284730E+01  2.1826590320016170E-09  2.0994055895824825E-09
  1.4416471235814567E+01  2.1453553216246025E-09  2.0634847830358370E-09
  1.4560098227989451E+01  2.1087373832948740E-09  2.0282180954100208E-09
  1.4705156132940694E+01  2.0727918235629263E-09  1.9935929499886511E-09
  1.4851659206424412E+01  2.0375055237998901E-09  1.9595970225456377E-09
  1.4999621846222558E+01  2.0028656342990635E-09  1.9262182360823134E-09
  1.5149058593557900E+01  1.9688595685157486E-09  1.8934447556840298E-09
  1.5299984134523065E+01  1.9354749974416123E-09  1.8612649834929865E-09
  1.5452413301523782E+01  1.9026998441106829E-09  1.8296675537949088E-09
  1.5606361074736650E+01  1.8705222893356316E-09  1.7986413386299650E-09
  1.5761842583581295E+01  1.8389307967398200E-09  1.7681754705913062E-09
  1.5918873108207171E+01  1.8079140357012315E-09  1.7382592705177822E-09
  1.6077468080995342E+01  1.7774608345158269E-09  1.7088822034685429E-09
  1.6237643088075071E+01  1.7475602451430535E-09  1.6800339409379757E-09
  1.6399413870855518E+01  1.7182015461112904E-09  1.6517043639472052E-09
  1.6562796327572844E+01  1.6893742375423358E-09  1.6238835585620223E-09
  1.6727806514852588E+01  1.6610680362941422E-09  1.5965618115139830E-09
  1.6894460649287566E+01  1.6332728712186019E-09  1.5697296059220534E-09
  1.7062775109031797E+01  1.6059788785313742E-09  1.5433776171121680E-09
  1.7232766435409840E+01  1.5791763972909242E-09  1.5174967085323767E-09
  1.7404451334542518E+01  1.5528559649837784E-09  1.4920779277609747E-09
  1.7577846678988852E+01  1.5270083122810870E-09  1.4671125017583801E-09
  1.7752969509404004E+01  1.5016244336901786E-09  1.4425919051994915E-09
  1.7929837036214153E+01  1.4766956130165074E-09  1.4185078836842730E-09
  1.8108466641307803E+01  1.4522131465406317E-09  1.3948521881830234E-09
  1.8288875879743976E+01  1.4281684951020028E-09  1.3716167221605219E-09
  1.8471082481477538E+01  1.4045532950955379E-09  1.3487935524021343E-09
  1.8655104353101606E+01  1.3813593546126950E-09  1.3263749055169294E-09
  1.8840959579607262E+01  1.3585786496852624E-09  1.3043531645315452E-09
  1.9028666426161010E+01  1.3362033206282800E-09  1.2827208655716320E-09
  1.9218243339899743E+01  1.3142256684786662E-09  1.2614706946278743E-09
  1.9409708951743617E+01  1.2926381515262740E-09  1.2405954844036498E-09
  1.9603082078227118E+01  1.2714333819341774E-09  1.2200882112415418E-09
  1.9798381723348239E+01  1.2506041225132365E-09  1.1999419921832391E-09
  1.9995627080436073E+01  1.2301432224005657E-09  1.1801500237362776E-09
  2.0194837534037166E+01  1.2100432433893546E-09  1.1607052265741801E-09
  2.0396032661820502E+01  1.1902969225106814E-09  1.1416006887552055E-09
  2.0599232236501454E+01  1.1708972325602427E-09  1.1228297220636822E-09
  2.0804456227785181E+01  1.1518373017496195E-09  1.1043857848121161E-09
  2.1011724804328928E+01  1.1331104097720052E-09  1.0862624781616587E-09
  2.1221058335724234E+01  1.1147099841196203E-09  1.0684535426810419E-09
  2.1432477394498910E+01  1.0966295965123086E-09  1.0509528550090584E-09
  2.1646002758138579E+01  1.0788629594331686E-09  1.0337544246166634E-09
  2.1861655411128805E+01  1.0614039227670955E-09  1.0168523906648398E-09
  2.2079456547017323E+01  1.0442464705384623E-09  1.0002410189546828E-09
  2.2299427570496771E+01  1.0273847177414784E-09  9.8391469896407893E-10
  2.2521590099508416E+01  1.0108129184660628E-09  9.6786795161200881E-10
  2.2745965967366590E+01  9.9452579899372774E-10  9.5209574574208856E-10
  2.2972577224904374E+01  9.7851884155047980E-10  9.3659377000177659E-10
  2.3201446142640734E+01  9.6278776078318276E-10  9.2135793343718090E-10
  2.3432595212969190E+01  9.4732832167829284E-10  9.0638419090767871E-10
  2.3666047152368158E+01  9.3213633558162994E-10  8.9166853936285027E-10
  2.3901824903633628E+01  9.1720766038732629E-10  8.7720701812094723E-10
  2.4139951638133788E+01  9.0253820069958574E-10  8.6299570911826314E-10
  2.4380450758086173E+01  8.8812390796796514E-10  8.4903073713015508E-10
  2.4623345898857700E+01  8.7396078059687679E-10  8.3530826996445577E-10
  2.4868660931287355E+01  8.6004486403008360E-10  8.2182451862805409E-10
  2.5116419964032080E+01  8.4637225081088592E-10  8.0857573746736566E-10
  2.5366647345936308E+01  8.3293907985672783E-10  7.9555822357373232E-10
  2.5619367668424601E+01  8.1974152471907062E-10  7.8276830664012335E-10
  2.5874605767918510E+01  8.0677605895605092E-10  7.7020260346874084E-10
  2.6132386728277599E+01  7.9403936753030956E-10  7.5785793156982842E-10
  2.6392735883264233E+01  7.8152815284346429E-10  7.4573112335713495E-10
  2.6655678819033575E+01  7.6923913903313714E-10  7.3381903035978260E-10
  2.6921241376648020E+01  7.5716907303979081E-10  7.2211852432632315E-10
  2.7189449654616642E+01  7.4531472562755923E-10  7.1062649828181980E-10
  2.7460330011460254E+01  7.3367289235936546E-10  6.9933986753830039E-10
  2.7733909068301710E+01  7.2224039452682703E-10  6.8825557065905178E-10
  2.8010213711482088E+01  7.1101408003538698E-10  6.7737057037725140E-10
  2.8289271095203119E+01  6.9999082424527662E-10  6.6668185446951998E-10
  2.8571108644195725E+01  6.8916753082287376E-10  6.5618643662995942E-10
  2.8855754056415130E+01  6.7854110520790758E-10  6.4588133110564360E-10
  2.9143235305763106E+01  6.6810757495038864E-10  6.3576271503963589E-10
  2.9433580644837036E+01  6.5786160362010088E-10  6.2582546456554547E-10
  2.9726818607706385E+01  6.4779784183246745E-10  6.1606444480771565E-10
  3.0022978012717125E+01  6.3791111935062367E-10  6.0647469359666380E-10
  3.0322087965323782E+01  6.2819643880615682E-10  5.9705141542360665E-10
  3.0624177860949700E+01  6.1864896969834625E-10  5.8778997566192697E-10
  3.0929277387876262E+01  6.0926404266426420E-10  5.7868589504818638E-10
  3.1237416530160115E+01  6.0003714400601410E-10  5.6973484440947300E-10
  3.1548625570580121E+01  5.9096391046199572E-10  5.6093263962446033E-10
  3.1862935093613590E+01  5.8204012420982975E-10  5.5227523680625304E-10
  3.2180375988441604E+01  5.7326170808639294E-10  5.4375872769335374E-10
  3.2500979451985060E+01  5.6462472377445325E-10  5.3537933789485607E-10
  3.2824776991970445E+01  5.5612579072903799E-10  5.2713382351142531E-10
  3.3151800430026206E+01  5.4776311540383257E-10  5.1902044926323651E-10
  3.3482081904810265E+01  5.3953539211653301E-10  5.1103794375385383E-10
  3.3815653875168358E+01  5.3144130091717805E-10  5.0318502083851592E-10
  3.4152549123323936E+01  5.2347950438027763E-10  4.9546037661520299E-10
  3.4492800758099996E+01  5.1564864916772898E-10  4.8786269097404674E-10
  3.4836442218172884E+01  5.0794736755299653E-10  4.8039062910787645E-10
  3.5183507275358330E+01  5.0037427890613040E-10  4.7304284298348236E-10
  3.5534030037930705E+01  4.9292799113926439E-10  4.6581797277324223E-10
  3.5888044953974905E+01  4.8560710211238214E-10  4.5871464824691135E-10
  3.6245586814771691E+01  4.7841020099916880E-10  4.5173149012339950E-10
  3.6606690758217056E+01  4.7133586920785540E-10  4.4486711102042534E-10
  3.6971392272275352E+01  4.6438260741186384E-10  4.3812004733032984E-10
  3.7339727198466782E+01  4.5754837324743360E-10  4.3148832237088894E-10
  3.7711731735390032E+01  4.5083077357794829E-10  4.2496962713804699E-10
  3.8087442442279588E+01  4.4422745105069152E-10  4.1856168722207101E-10
  3.8466896242598494E+01  4.3773610246792239E-10  4.1226228029921899E-10
  3.8850130427667516E+01  4.3135447741386072E-10  4.0606923481794926E-10
  3.9237182660329445E+01  4.2508037691983948E-10  3.9998042872141954E-10
  3.9628090978650704E+01  4.1891165216645526E-10  3.9399378820517211E-10
  4.0022893799659848E+01  4.1284620322161817E-10  3.8810728650895825E-10
  4.0421629923122538E+01  4.0688197781343426E-10  3.8231894274170354E-10
  4.0824338535355018E+01  4.0101697013686336E-10  3.7662682073859740E-10
  4.1231059213075127E+01  3.9524921978520311E-10  3.7102902802374917E-10
  4.1641831927291548E+01  3.8957682010683866E-10  3.6552372315016689E-10
  4.2056697047232326E+01  3.8399802643292038E-10  3.6010921715219877E-10
  4.2475695344312044E+01  3.7851134398507391E-10  3.5478405773241353E-10
  4.2898867996138556E+01  3.7311533977963001E-10  3.4954685136730259E-10
  4.3326256590560057E+01  3.6780859978039307E-10  3.4439622263548815E-10
  4.3757903129752044E+01  3.6258972876252542E-10  3.3933081409731162E-10
  4.4193850034344962E+01  3.5745735019920237E-10  3.3434928619557590E-10
  4.4634140147593492E+01  3.5241010614427320E-10  3.2945031715197875E-10
  4.5078816739586806E+01  3.4744665711113079E-10  3.2463260285944602E-10
  4.5527923511500944E+01  3.4256568194799698E-10  3.1989485677056990E-10
  4.5981504599893810E+01  3.3776587770979400E-10  3.1523580978232741E-10
  4.6439604581042616E+01  3.3304595952463166E-10  3.1065421011569237E-10
  4.6902268475324554E+01  3.2840465793430734E-10  3.0614882107518858E-10
  4.7369541751641670E+01  3.2384069665608536E-10  3.0171840095282855E-10
  4.7841470331888800E+01  3.1935273184665813E-10  2.9736164500698578E-10
  4.8318100595466909E+01  3.1493939737369304E-10  2.9307722786191131E-10
  4.8799479383841330E+01  3.1059935220309914E-10  2.8886384834269604E-10
  4.9285654005144593E+01  3.0633128086248957E-10  2.8472022990970881E-10
  4.9776672238826173E+01  3.0213389293859721E-10  2.8064512017759457E-10
  5.0272582340347938E+01  2.9800592258509524E-10  2.7663729044399924E-10
  5.0773433045926339E+01  2.9394612804060293E-10  2.7269553522780405E-10
  5.1279273577322314E+01  2.8995329115665512E-10  2.6881867181667198E-10
  5.1790153646678519E+01  2.8602621693543775E-10  2.6500553982371275E-10
  5.2306123461404631E+01  2.8216373307708195E-10  2.6125500075307236E-10
  5.2827233729111924E+01  2.7836469014993674E-10  2.5756593807337256E-10
  5.3353535662596407E+01  2.7462796007572360E-10  2.5393725519996443E-10
  5.3885080984871749E+01  2.7095238692032694E-10  2.5036783001325188E-10
  5.4421921934252659E+01  2.6733680309555691E-10  2.4685653024942707E-10
  5.4964111269488562E+01  2.6378006470852799E-10  2.4340224656170974E-10
  5.5511702274948391E+01  2.6028105255854768E-10  2.4000389344354737E-10
  5.6064748765857445E+01  2.5683867155358528E-10  2.3666040866501104E-10
  5.6623305093586040E+01  2.5345185014203374E-10  2.3337075272369604E-10
  5.7187426150990717E+01  2.5011953975934843E-10  2.3013390830972580E-10
  5.7757167377809516E+01  2.4684071428916521E-10  2.2694887978445987E-10
  5.8332584766109697E+01  2.4361436953852863E-10  2.2381469267254873E-10
  5.8913734865790701E+01  2.4043952272685169E-10  2.2073039316694504E-10
  5.9500674790142099E+01  2.3731521193315136E-10  2.1769504759977587E-10
  6.0093462221455631E+01  2.3424049288897655E-10  2.1470773983066449E-10
  6.0692155416694760E+01  2.3121446837781218E-10  2.1176759870419057E-10
  6.1296813213219608E+01  2.2823632855432713E-10  2.0887383510372956E-10
  6.1907495034569145E+01  2.2530529034047191E-10  2.0602568532722923E-10
  6.2524260896301499E+01  2.2242058361169370E-10  2.0322239814215791E-10
  6.3147171411891826E+01  2.1958145100319483E-10  2.0046323459532901E-10
  6.3776287798689062E+01  2.1678714772156952E-10  1.9774746782730891E-10
  6.4411671883932442E+01  2.1403694135959705E-10  1.9507438288927617E-10
  6.5053386110827518E+01  2.1133011171421323E-10  1.9244327656231421E-10
  6.5701493544682606E+01  2.0866595060769890E-10  1.8985345717910119E-10
  6.6356057879107070E+01  2.0604376171211512E-10  1.8730424444797681E-10
  6.7017143442270637E+01  2.0346286037625423E-10  1.8479496927931602E-10
  6.7684815203225128E+01  2.0092257437763206E-10  1.8232497433959798E-10
  6.8359138778289847E+01  1.9842223926435881E-10  1.7989360947712483E-10
  6.9040180437499842E+01  1.9596117659228977E-10  1.7750021195704265E-10
  6.9728007111118430E+01  1.9353870949555699E-10  1.7514412087353261E-10
  7.0422686396215624E+01  1.9115417385908226E-10  1.7282468751855374E-10
  7.1124286563310420E+01  1.8880691823708235E-10  1.7054127528378512E-10
  7.1832876563080532E+01  1.8649630362412415E-10  1.6829325942356305E-10
  7.2548526033139154E+01  1.8422170323320676E-10  1.6608002682269542E-10
  7.3271305304877657E+01  1.8198250228102250E-10  1.6390097576905429E-10
  7.4001285410378330E+01  1.7977809778059052E-10  1.6175551573083071E-10
  7.4738538089394851E+01  1.7760789834152647E-10  1.5964306713836317E-10
  7.5483135796402408E+01  1.7547132397828230E-10  1.5756306117042358E-10
  7.6235151707718671E+01  1.7336780599040106E-10  1.5551493959808188E-10
  7.6994659728695069E+01  1.7129678886729404E-10  1.5349815627944173E-10
  7.7761734500979770E+01  1.6925772062234096E-10  1.5151216822382268E-10
  7.8536451409853527E+01  1.6725005410601616E-10  1.4955643701892980E-10
  7.9318886591638147E+01  1.6527325330563101E-10  1.4763043453212647E-10
  8.0109116941178613E+01  1.6332679325437380E-10  1.4573364275643973E-10
  8.0907220119400463E+01  1.6141015988811279E-10  1.4386555360086981E-10
  8.1713274560941869E+01  1.5952284991838567E-10  1.4202566868539439E-10
  8.2527359481861524E+01  1.5766437072356017E-10  1.4021349914055371E-10
  8.3349554887424333E+01  1.5583424026061089E-10  1.3842856541150366E-10
  8.4179941579963739E+01  1.5403198700054801E-10  1.3667039706643260E-10
  8.5018601166822279E+01  1.5225714989125785E-10  1.3493853260923649E-10
  8.5865616068372731E+01  1.5050927833988026E-10  1.3323251928420310E-10
  8.6721069526116764E+01  1.4878792827354917E-10  1.3155190963187123E-10
  8.7585045610866345E+01  1.4709265652721500E-10  1.2989625677212626E-10
  8.8457629231006266E+01  1.4542302870598200E-10  1.2826512042982937E-10
  8.9338906140837565E+01  1.4377862108046595E-10  1.2665806819769234E-10
  9.0228962949006132E+01  1.4215902172620805E-10  1.2507467616714725E-10
  9.1127887127013821E+01  1.4056383088634285E-10  1.2351452874924301E-10
  9.2035767017814706E+01  1.3899266146210345E-10  1.2197721849967394E-10
  9.2952691844497537E+01  1.3744513966486613E-10  1.2046234594785447E-10
  9.3878751719054009E+01  1.3592090587434426E-10  1.1896951942993826E-10
  9.4814037651234401E+01  1.3441961576255245E-10  1.1749835492568157E-10
  9.5758641557492169E+01  1.3294094176400405E-10  1.1604847589905286E-10
  9.6712656270016907E+01  1.3148457500211402E-10  1.1461951314326109E-10
  9.7676175545857319E+01  1.3005022922832889E-10  1.1321110573177113E-10
  9.8649294076135774E+01  1.2863764654898636E-10  1.1182290226363967E-10
  9.9632107495354035E+01  1.2724658338753549E-10  1.1045454469391932E-10
  1.0062471239079146E+02  1.2587682681511357E-10  1.0910567780459731E-10
  1.0162720631199795E+02  1.2452820786103092E-10  1.0777595370567658E-10
  1.0263968778038036E+02  1.2320061269474769E-10  1.0646503168414519E-10
  1.0366225629888444E+02  1.2189399814123106E-10  1.0517257803995121E-10
  1.0469501236177483E+02  1.2060841348452931E-10  1.0389826592614565E-10
  1.0573805746450979E+02  1.1934403141341164E-10  1.0264177519308600E-10
  1.0679149411371648E+02  1.1810119224445480E-10  1.0140279223657976E-10
  1.0785542583726560E+02  1.1688046712241483E-10  1.0018100984986364E-10
  1.0892995719444433E+02  1.1568274703542863E-10  9.8976127079320854E-11
  1.1001519378623316E+02  1.1450936221983273E-10  9.7787848984086374E-11
  1.1111124226568359E+02  1.1336222460750287E-10  9.6615888764350031E-11
  1.1221821034839924E+02  1.1224394541140002E-10  9.5459985831469153E-11
  1.1333620682312244E+02  1.1115765936361471E-10  9.4319895311628975E-11
  1.1446534156242522E+02  1.1010605533207785E-10  9.3195376628251138E-11
  1.1560572553350681E+02  1.0908890606027097E-10  9.2086193140521386E-11
  1.1675747080909990E+02  1.0809973950312979E-10  9.0992112075889664E-11
  1.1792069057848420E+02  1.0712593483986394E-10  8.9912904463774771E-11
  1.1909549915861010E+02  1.0615521516362175E-10  8.8848345070449671E-11
  1.2028201200533385E+02  1.0518185064371294E-10  8.7798212335082412E-11
  1.2148034572476401E+02  1.0420626751037767E-10  8.6762288306916340E-11
  1.2269061808472041E+02  1.0323150696696905E-10  8.5740358583564787E-11
  1.2391294802630895E+02  1.0226080635036484E-10  8.4732212257548860E-11
  1.2514745567561012E+02  1.0129676117036851E-10  8.3737640269054383E-11
  1.2639426235548430E+02  1.0034121827039156E-10  8.2756409809321921E-11
  1.2765349059749562E+02  9.9395395551481623E-11  8.1788262270807418E-11
  1.2892526415395352E+02  9.8460069260968048E-11  8.0832942282934336E-11
  1.3020970801007425E+02  9.7535722337739607E-11  7.9890200418300125E-11
  1.3150694839626522E+02  9.6622646000837469E-11  7.8959793045616110E-11
  1.3281711280052886E+02  9.5721002966803249E-11  7.8041482186896896E-11
  1.3414032998099256E+02  9.4830864188247158E-11  7.7135035378756879E-11
  1.3547672997856310E+02  9.3952213447552507E-11  7.6240225537687180E-11
  1.3682644412970507E+02  9.3084964431563713E-11  7.5356830829185418E-11
  1.3818960507934949E+02  9.2229018206005315E-11  7.4484634540613180E-11
  1.3956634679392920E+02  9.1384287451832635E-11  7.3623424958563492E-11
  1.4095680457454409E+02  9.0550676251893547E-11  7.2772995598636504E-11
  1.4236111507025888E+02  8.9728081452015412E-11  7.1933158209528589E-11
  1.4377941629153210E+02  8.8916400575697264E-11  7.1103755941056120E-11
  1.4521184762377874E+02  8.8115514845291290E-11  7.0284639832515163E-11
  1.4665854984106949E+02  8.7325306799269834E-11  6.9475663323915849E-11
  1.4811966511996494E+02  8.6545671348275921E-11  6.8676682202458529E-11
  1.4959533705348784E+02  8.5776504648033285E-11  6.7887554560944488E-11
  1.5108571066523575E+02  8.5017673239418034E-11  6.7108140757005970E-11
  1.5259093242363275E+02  8.4269018262606514E-11  6.6338303373139788E-11
  1.5411115025632427E+02  8.3530432113850863E-11  6.5577907177524264E-11
  1.5564651356471413E+02  8.2801850723132726E-11  6.4826819085605067E-11
  1.5719717323864816E+02  8.2083165620312668E-11  6.4084908122364301E-11
  1.5876328167124257E+02  8.1374255887522126E-11  6.3352045371328955E-11
  1.6034499277386013E+02  8.0675004826127829E-11  6.2628101219507074E-11
  1.6194246199123702E+02  7.9985267282013389E-11  6.1912932689702932E-11
  1.6355584631675882E+02  7.9304897330624766E-11  6.1206391486024747E-11
  1.6518530430788883E+02  7.8633767245236124E-11  6.0508332201397631E-11
  1.6683099610175134E+02  7.7971746649393976E-11  5.9818612468083950E-11
  1.6849308343086889E+02  7.7318674571653970E-11  5.9137092889830474E-11
  1.7017172963905676E+02  7.6674376229564836E-11  5.8463636975753485E-11
  1.7186709969747557E+02  7.6038710375297642E-11  5.7798111075916011E-11
  1.7357936022084451E+02  7.5411571406551100E-11  5.7140384318543187E-11
  1.7530867948381564E+02  7.4792858753227257E-11  5.6490328548835195E-11
  1.7705522743751038E+02  7.4182486445622614E-11  5.5847818269327138E-11
  1.7881917572622302E+02  7.3580359708357591E-11  5.5212730590121268E-11
  1.8060069770428851E+02  7.2986323974056587E-11  5.4584945719801504E-11
  1.8239996845311865E+02  7.2400254234487694E-11  5.3964354163795022E-11
  1.8421716479840967E+02  7.1822072209527419E-11  5.3350858647086061E-11
  1.8605246532751906E+02  7.1251661799877043E-11  5.2744364493011545E-11
  1.8790605040701695E+02  7.0688887820373098E-11  5.2144778502056522E-11
  1.8977810220041110E+02  7.0133661112195800E-11  5.1552008926802512E-11
  1.9166880468605049E+02  6.9585945542958156E-11  5.0965965447339543E-11
  1.9357834367520525E+02  6.9045702688296158E-11  5.0386559147134045E-11
  1.9550690683032707E+02  6.8512854007139949E-11  4.9813702489343660E-11
  1.9745468368349324E+02  6.7987302854956429E-11  4.9247309293567293E-11
  1.9942186565503235E+02  6.7468960318175806E-11  4.8687294713025491E-11
  2.0140864607233590E+02  6.6957742563114520E-11  4.8133575211406396E-11
  2.0341522018885902E+02  6.6453589248547545E-11  4.7586068532660111E-11
  2.0544178520330840E+02  6.5956424710245270E-11  4.7044690897861884E-11
  2.0748854027902274E+02  6.5466086548100766E-11  4.6509349138021788E-11
  2.0955568656354481E+02  6.4982471521980308E-11  4.5979948686881922E-11
  2.1164342720839090E+02  6.4505553083013511E-11  4.5456396910817404E-11
  2.1375196738901516E+02  6.4035270369493052E-11  4.4938603075563954E-11
  2.1588151432497264E+02  6.3571531474958647E-11  4.4426478305767195E-11
  2.1803227730028567E+02  6.3114258683986115E-11  4.3919935545547822E-11
  2.2020446768401061E+02  6.2663383956686647E-11  4.3418889520054256E-11
  2.2239829895100993E+02  6.2218811456935253E-11  4.2923256697971832E-11
  2.2461398670293292E+02  6.1780414708489331E-11  4.2432955254961915E-11
  2.2685174868940348E+02  6.1348082120789364E-11  4.1947905038025519E-11
  2.2911180482942004E+02  6.0921742105588473E-11  4.1468027523674628E-11
  2.3139437723296771E+02  6.0501335424164479E-11  4.0993246901976292E-11
  2.3369969022284752E+02  6.0086847377461324E-11  4.0523497275544533E-11
  2.3602797035672154E+02  5.9678301256675723E-11  4.0058719138886131E-11
  2.3837944644937741E+02  5.9275637051889243E-11  3.9598853984356265E-11
  2.4075434959521669E+02  5.8878746991717184E-11  3.9143844136350626E-11
  2.4315291319096559E+02  5.8487540603120079E-11  3.8693632738454468E-11
  2.4557537295861107E+02  5.8101942459379220E-11  3.8248163740807973E-11
  2.4802196696856873E+02  5.7721911932684992E-11  3.7807381887682719E-11
  2.5049293566307847E+02  5.7347431815539433E-11  3.7371232705266956E-11
  2.5298852187983354E+02  5.6978474845390681E-11  3.6939662489654264E-11
  2.5550897087584735E+02  5.6615016428049933E-11  3.6512618295032529E-11
  2.5805453035155523E+02  5.6257045145801306E-11  3.6090047930120768E-11
  2.6062545047515829E+02  5.5904524611731111E-11  3.5671899883847837E-11
  2.6322198390720774E+02  5.5557362327848114E-11  3.5258121449353186E-11
  2.6584438582543709E+02  5.5215437842338381E-11  3.4848658134922459E-11
  2.6849291394983931E+02  5.4878690740553362E-11  3.4443456107205978E-11
  2.7116782856799392E+02  5.4547143455326822E-11  3.4042462433415046E-11
  2.7386939256064841E+02  5.4220787867109529E-11  3.3645625065303275E-11
  2.7659787142755266E+02  5.3899576999704933E-11  3.3252892823463409E-11
  2.7935353331355026E+02  5.3583467474359048E-11  3.2864215381930977E-11
  2.8213664903493259E+02  5.3272418539002378E-11  3.2479543253087917E-11
  2.8494749210605249E+02  5.2966368694434328E-11  3.2098827772859661E-11
  2.8778633876620472E+02  5.2665249297124324E-11  3.1722021086197705E-11
  2.9065346800677281E+02  5.2369008472819422E-11  3.1349076131771704E-11
  2.9354916159864877E+02  5.2077626193215305E-11  3.0979946693666075E-11
  2.9647370411992375E+02  5.1791114956641487E-11  3.0614588614642542E-11
  2.9942738298385450E+02  5.1509479462720907E-11  3.0252961019889786E-11
  3.0241048846711107E+02  5.1232669846751328E-11  2.9895024123406357E-11
  3.0542331373830297E+02  5.0960610266947599E-11  2.9540738664899074E-11
  3.0846615488679015E+02  5.0693258209608680E-11  2.9190065901804508E-11
  3.1153931095178325E+02  5.0430580242739052E-11  2.8842967601833693E-11
  3.1464308395173077E+02  5.0172518228873508E-11  2.8499406035634293E-11
  3.1777777891400092E+02  4.9919058010868274E-11  2.8159343969566867E-11
  3.2094370390485773E+02  4.9670247754481552E-11  2.7822744658593822E-11
  3.2414117005973799E+02  4.9426101458103295E-11  2.7489571839278185E-11
  3.2737049161382788E+02  4.9186570725395590E-11  2.7159789722917677E-11
  3.3063198593294379E+02  4.8951575066021370E-11  2.6833362961572587E-11
  3.3392597354472389E+02  4.8721033445168090E-11  2.6510256371069969E-11
  3.3725277817012739E+02  4.8494933774796263E-11  2.6190434519638833E-11
  3.4061272675524748E+02  4.8273328376775341E-11  2.5873862147372469E-11
  3.4400614950344459E+02  4.8056239374919387E-11  2.5560504494850724E-11
  3.4743337990779611E+02  4.7843624756134313E-11  2.5250327302016943E-11
  3.5089475478387180E+02  4.7635408858190646E-11  2.4943296800316739E-11
  3.5439061430283289E+02  4.7431517758790213E-11  2.4639379704964992E-11
  3.5792130202486544E+02  4.7231911835022801E-11  2.4338543207337427E-11
  3.6148716493294279E+02  4.7036610283604425E-11  2.4040754967485170E-11
  3.6508855346692491E+02  4.6845661549890583E-11  2.3745983106769594E-11
  3.6872582155800018E+02  4.6659073231231728E-11  2.3454196200614491E-11
  3.7239932666346800E+02  4.6476806301086152E-11  2.3165363281682135E-11
  3.7610942980186644E+02  4.6298780070914328E-11  2.2879453982265930E-11
  3.7985649558845466E+02  4.6124909117168209E-11  2.2596439107976546E-11
  3.8364089227104404E+02  4.5955198243987283E-11  2.2316290598353783E-11
  3.8746299176618942E+02  4.5789721020176420E-11  2.2038980785968011E-11
  3.9132316969573776E+02  4.5628518727734419E-11  2.1764482333967309E-11
  3.9522180542374537E+02  4.5471565423500749E-11  2.1492768231713000E-11
  3.9915928209375926E+02  4.5318752911370159E-11  2.1223811790472697E-11
  4.0313598666646976E+02  4.5169960325290637E-11  2.0957586639168841E-11
  4.0715230995774209E+02  4.5025241930710568E-11  2.0694066720182144E-11
  4.1120864667702307E+02  4.4884761453339650E-11  2.0433226285209234E-11
  4.1530539546613056E+02  4.4748478858766260E-11  2.0175039891173160E-11
  4.1944295893843275E+02  4.4616282379839569E-11  1.9919482394946927E-11
  4.2362174371841405E+02  4.4488113847973415E-11  1.9666528908984197E-11
  4.2784216048163762E+02  4.4363948482061093E-11  1.9416155173013652E-11
  4.3210462399510294E+02  4.4243825718971254E-11  1.9168338005116904E-11
  4.3640955315801051E+02  4.4127806035275790E-11  1.8923054606538229E-11
  4.4075737104292830E+02  4.4015905242649867E-11  1.8680282401938978E-11
  4.4514850493736839E+02  4.3908065835818118E-11  1.8439999037022080E-11
  4.4958338638578192E+02  4.3804209852010662E-11  1.8202182376207341E-11
  4.5406245123196840E+02  4.3704321188566401E-11  1.7966810500327632E-11
  4.5858613966190740E+02  4.3608428834465859E-11  1.7733861704345231E-11
  4.6315489624702121E+02  4.3516528024451544E-11  1.7503314495088012E-11
  4.6776916998786373E+02  4.3428645865563304E-11  1.7275147589005937E-11
  4.7242941435824758E+02  4.3344853182073167E-11  1.7049339909957925E-11
  4.7713608734980818E+02  4.3265025183966591E-11  1.6825870605400093E-11
  4.8188965151701564E+02  4.3189068360195720E-11  1.6604719019110053E-11
  4.8669057402263246E+02  4.3117061889990652E-11  1.6385864269441652E-11
  4.9153932668362233E+02  4.3049029777825974E-11  1.6169285457497342E-11
  4.9643638601752167E+02  4.2984908735742219E-11  1.5954961908309968E-11
  5.0138223328926875E+02  4.2924658299594038E-11  1.5742873171811042E-11
  5.0637735455849901E+02  4.2868319195291561E-11  1.5532999020018892E-11
  5.1142224072731625E+02  4.2815949584956882E-11  1.5325319444257455E-11
  5.1651738758853458E+02  4.2767538915111758E-11  1.5119814652405771E-11
  5.2166329587440407E+02  4.2723023225506123E-11  1.4916465066177364E-11
  5.2686047130581926E+02  4.2682341333047687E-11  1.4715251318429161E-11
  5.3210942464202174E+02  4.2645490018996038E-11  1.4516154250499286E-11
  5.3741067173079534E+02  4.2612542757264311E-11  1.4319154907443684E-11
  5.4276473355915903E+02  4.2583557352108054E-11  1.4124234573333882E-11
  5.4817213630457161E+02  4.2558462927038551E-11  1.3931374958512497E-11
  5.5363341138664043E+02  4.2537168705911963E-11  1.3740558222662007E-11
  5.5914909551934556E+02  4.2519719001557230E-11  1.3551766715317511E-11
  5.6471973076379027E+02  4.2506175698950104E-11  1.3364982951243306E-11
  5.7034586458146941E+02  4.2496478664611354E-11  1.3180189608675131E-11
  5.7602804988807361E+02  4.2490521961652777E-11  1.2997369527575769E-11
  5.8176684510782593E+02  4.2488313715059365E-11  1.2816505707903793E-11
  5.8756281422836423E+02  4.2489943914057796E-11  1.2637581307895456E-11
  5.9341652685616668E+02  4.2495429327806539E-11  1.2460579642359512E-11
  5.9932855827252899E+02  4.2504702711102527E-11  1.2285484180984789E-11
  6.0529948949010361E+02  4.2517706505055291E-11  1.2112278547195857E-11
  6.1132990730999904E+02  4.2534401227308717E-11  1.1940946471564269E-11
  6.1742040437944547E+02  4.2554834202343309E-11  1.1771471801056510E-11
  6.2357157925004196E+02  4.2579169362618004E-11  1.1603838714684920E-11
  6.2978403643657805E+02  4.2607424473170880E-11  1.1438031553549614E-11
  6.3605838647644350E+02  4.2639463094058172E-11  1.1274034798812180E-11
  6.4239524598962817E+02  4.2675152563569229E-11  1.1111833070151040E-11
  6.4879523773932362E+02  4.2714466414010482E-11  1.0951411124228301E-11
  6.5525899069312561E+02  4.2757444056571212E-11  1.0792753853167637E-11
  6.6178714008484371E+02  4.2804148860143256E-11  1.0635846283043469E-11
  6.6838032747693410E+02  4.2854624194834315E-11  1.0480673572381048E-11
  6.7503920082354762E+02  4.2908843386118877E-11  1.0327221010667497E-11
  6.8176441453420682E+02  4.2966749004534247E-11  1.0175474016816904E-11
  6.8855662953812248E+02  4.3028311710336439E-11  1.0025418141056828E-11
  6.9541651334914502E+02  4.3093495845814728E-11  9.8770391696244327E-12
  7.0234474013136639E+02  4.3162245527879324E-11  9.7303230393947778E-12
  7.0934199076537152E+02  4.3234601452054537E-11  9.5852557795500345E-12
  7.1640895291515722E+02  4.3310655404192036E-11  9.4418235334656397E-12
  7.2354632109571116E+02  4.3390363157528251E-11  9.3000125577088810E-12
  7.3075479674126382E+02  4.3473612733045970E-11  9.1598092208832379E-12
  7.3803508827422752E+02  4.3560388590516795E-11  9.0212000024783797E-12
  7.4538791117481560E+02  4.3650740864745618E-11  8.8841714917264524E-12
  7.5281398805135359E+02  4.3744663944218351E-11  8.7487103864641013E-12
  7.6031404871130098E+02  4.3842106922119810E-11  8.6148034920002495E-12
  7.6788883023296944E+02  4.3943056678298389E-11  8.4824377199906300E-12
  7.7553907703796244E+02  4.4047523997085569E-11  8.3516000928186071E-12
  7.8326554096433085E+02  4.4155498345557749E-11  8.2222777680614563E-12
  7.9106898134046571E+02  4.4266987918104465E-11  8.0944580876583986E-12
  7.9895016505971944E+02  4.4381963205786214E-11  7.9681286190541990E-12
  8.0690986665577179E+02  4.4500265070419604E-11  7.8432770238462199E-12
  8.1494886837875185E+02  4.4621851923651882E-11  7.7198910477647968E-12
  8.2306796027211317E+02  4.4746899732887348E-11  7.5979585200690051E-12
  8.3126794025027334E+02  4.4875410411222577E-11  7.4774673529387980E-12
  8.3954961417703521E+02  4.5007250221014928E-11  7.3584055408635589E-12
  8.4791379594478110E+02  4.5142341532785668E-11  7.2407611600273053E-12
  8.5636130755446038E+02  4.5280642428191950E-11  7.1245223676904814E-12
  8.6489297919636954E+02  4.5422155911508122E-11  7.0096774015685620E-12
  8.7350964933174555E+02  4.5566912268700961E-11  6.8962145780922507E-12
  8.8221216477516373E+02  4.5714935789446031E-11  6.7841222391095505E-12
  8.9100138077775728E+02  4.5866184724978273E-11  6.6733886022706448E-12
  8.9987816111127324E+02  4.6020602055897077E-11  6.5640017243014339E-12
  9.0884337815295873E+02  4.6178141763251444E-11  6.4559497343109502E-12
  9.1789791297129113E+02  4.6338690857669635E-11  6.3492208736674577E-12
  9.2704265541257291E+02  4.6502149145318903E-11  6.2438034941970971E-12
  9.3627850418837886E+02  4.6668603147541020E-11  6.1396860564018155E-12
  9.4560636696387576E+02  4.6838183399165008E-11  6.0368571276963674E-12
  9.5502716044703004E+02  4.7010865063406628E-11  5.9353053806640137E-12
  9.6454181047869406E+02  4.7186510834072089E-11  5.8350195913309178E-12
  9.7415125212359749E+02  4.7364895531093019E-11  5.7359886374588406E-12
  9.8385642976223642E+02  4.7545921824534996E-11  5.6382014968903680E-12
  9.9365829718369139E+02  4.7729642634172292E-11  5.5416472569958020E-12
  1.0035578176793573E+03  4.7916086035002216E-11  5.4463151579398064E-12
  1.0135559641376112E+03  4.8105274386193982E-11  5.3521946000242078E-12
  1.0236537191394284E+03  4.8297185813743749E-11  5.2592750932705858E-12
  1.0338520750549451E+03  4.8491713080656409E-11  5.1675462282988928E-12
  1.0441520341409812E+03  4.8688771364783306E-11  5.0769976749598548E-12
  1.0545546086395445E+03  4.8888271272050122E-11  4.9876191811682616E-12
  1.0650608208773067E+03  4.9089995529999362E-11  4.8994005717449678E-12
  1.0756717033660750E+03  4.9293840249133952E-11  4.8123317472673985E-12
  1.0863882989042600E+03  4.9500041876771539E-11  4.7264026829287302E-12
  1.0972116606793645E+03  4.9708725624650858E-11  4.6416034274054593E-12
  1.1081428523714833E+03  4.9919710491929759E-11  4.5579241017334535E-12
  1.1191829482578344E+03  5.0132875570772547E-11  4.4753548976634457E-12
  1.1303330333183417E+03  5.0348181242848443E-11  4.3938860829219795E-12
  1.1415942033422607E+03  5.0565457095265235E-11  4.3135080759934027E-12
  1.1529675650358631E+03  5.0784536297565862E-11  4.2342114082754735E-12
  1.1644542361312078E+03  5.1005363750188533E-11  4.1559866700264312E-12
  1.1760553454959836E+03  5.1227926664796811E-11  4.0788245078776258E-12
  1.1877720332444510E+03  5.1452227327096114E-11  4.0027156240758434E-12
  1.1996054508494847E+03  5.1678201106764529E-11  3.9276507757296579E-12
  1.2115567612557425E+03  5.1905666246784280E-11  3.8536207740596438E-12
  1.2236271389939529E+03  5.2134451352510220E-11  3.7806164836528247E-12
  1.2358177702963383E+03  5.2364643221664325E-11  3.7086288217212679E-12
  1.2481298532132025E+03  5.2596366348990183E-11  3.6376487573649541E-12
  1.2605645977306658E+03  5.2829395073150677E-11  3.5676673106279060E-12
  1.2731232258895745E+03  5.3063458901604690E-11  3.4986755382862433E-12
  1.2858069719056066E+03  5.3298547956886811E-11  3.4306644211565295E-12
  1.2986170822905606E+03  5.3534647822771858E-11  3.3636248567588315E-12
  1.3115548159748605E+03  5.3771528636385435E-11  3.2975477980087264E-12
  1.3246214444312736E+03  5.4009031445652240E-11  3.2324242674227680E-12
  1.3378182517998741E+03  5.4247138586166493E-11  3.1682453556080985E-12
  1.3511465350142403E+03  5.4485805318716405E-11  3.1050022197722180E-12
  1.3646076039289071E+03  5.4724961508845092E-11  3.0426860822529066E-12
  1.3782027814481032E+03  5.4964477694460423E-11  2.9812882290681836E-12
  1.3919334036557566E+03  5.5204092727309479E-11  2.9208000084865175E-12
  1.4058008199467954E+03  5.5443616441037663E-11  2.8612128296172201E-12
  1.4198063931597701E+03  5.5683169148703172E-11  2.8025181610340338E-12
  1.4339514997107831E+03  5.5922836161293500E-11  2.7447075294873612E-12
  1.4482375297287599E+03  5.6162328319791207E-11  2.6877724934011669E-12
  1.4626658871920608E+03  5.6401298709406960E-11  2.6317045907344745E-12
  1.4772379900664671E+03  5.6639643935274648E-11  2.5764954058923988E-12
  1.4919552704445298E+03  5.6877343878830777E-11  2.5221365854409609E-12
  1.5068191746863008E+03  5.7114280255787496E-11  2.4686198364879392E-12
  1.5218311635614955E+03  5.7350277140237796E-11  2.4159369250925022E-12
  1.5369927123930438E+03  5.7585200311173934E-11  2.3640796747023062E-12
  1.5523053112020568E+03  5.7818954908473039E-11  2.3130399646180872E-12
  1.5677704648543008E+03  5.8051415879790894E-11  2.2628097284856183E-12
  1.5833896932080654E+03  5.8282383708190194E-11  2.2133809528156398E-12
  1.5991645312635283E+03  5.8511559585270261E-11  2.1647456755315354E-12
  1.6150965293136142E+03  5.8738696561096248E-11  2.1168959843077469E-12
  1.6311872530963628E+03  5.8963933293422455E-11  2.0698240260076636E-12
  1.6474382839487841E+03  5.9187490509658161E-11  2.0235221005655256E-12
  1.6638512189622757E+03  5.9409125381903884E-11  1.9779826030484101E-12
  1.6804276711395892E+03  5.9628354572783902E-11  1.9331979591614376E-12
  1.6971692695533295E+03  5.9844848025182471E-11  1.8891606233836503E-12
  1.7140776595060663E+03  6.0058487993957475E-11  1.8458630783107905E-12
  1.7311545026920362E+03  6.0269129687362206E-11  1.8032978340172253E-12
  1.7484014773604279E+03  6.0476598774535240E-11  1.7614574274374262E-12
  1.7658202784803254E+03  6.0680763621074448E-11  1.7203344217672335E-12
  1.7834126179072935E+03  6.0881469028053897E-11  1.6799214058853391E-12
  1.8011802245515914E+03  6.1078538456063452E-11  1.6402109937954819E-12
  1.8191248445480940E+03  6.1271812243148253E-11  1.6011958240589065E-12
  1.8372482414279070E+03  6.1461153365075440E-11  1.5628685528463688E-12
  1.8555521962916580E+03  6.1646447719365425E-11  1.5252217581733315E-12
  1.8740385079845476E+03  6.1827544377527182E-11  1.4882479347413184E-12
  1.8927089932731444E+03  6.2004172967144351E-11  1.4519396116910193E-12
  1.9115654870239084E+03  6.2176053465639200E-11  1.4162893614576428E-12
  1.9306098423835244E+03  6.2343006141467470E-11  1.3812897984125141E-12
  1.9498439309610360E+03  6.2504887108802867E-11  1.3469335775487305E-12
  1.9692696430117555E+03  6.2661542386979937E-11  1.3132133932111964E-12
  1.9888888876230446E+03  6.2812822384429076E-11  1.2801219778713092E-12
  2.0087035929019430E+03  6.2958563191919059E-11  1.2476521009466432E-12
  2.0287157061646319E+03  6.3098580383371487E-11  1.2157965676660886E-12
  2.0489271941278221E+03  6.3232665176442747E-11  1.1845482179819927E-12
  2.0693400431020468E+03  6.3360532638011229E-11  1.1538999251212756E-12
  2.0899562591868448E+03  6.3481810365101297E-11  1.1238446357780622E-12
  2.1107778684679238E+03  6.3596146235510370E-11  1.0943754379784473E-12
  2.1318069172162877E+03  6.3703476747302327E-11  1.0654854592703294E-12
  2.1530454720893304E+03  6.3804036727221541E-11  1.0371678397302470E-12
  2.1744956203339079E+03  6.3897758812298514E-11  1.0094157319894358E-12
  2.1961594699915208E+03  6.3984152885711642E-11  9.8222230130823859E-13
  2.2180391501054560E+03  6.4062731682393234E-11  9.5558072568006310E-13
  2.2401368109299951E+03  6.4133091237097451E-11  9.2948419596508567E-13
  2.2624546241417870E+03  6.4195033581487308E-11  9.0392591605386390E-13
  2.2849947830532465E+03  6.4248605427118884E-11  8.7889910306129882E-13
  2.3077595028280757E+03  6.4293839989118877E-11  8.5439698755074433E-13
  2.3307510206990191E+03  6.4330641007942886E-11  8.3041281387606231E-13
  2.3539715961876964E+03  6.4358822506473942E-11  8.0693982119574839E-13
  2.3774235113266568E+03  6.4378116119284756E-11  7.8397115279708145E-13
  2.4011090708836573E+03  6.4388128666009009E-11  7.6149992810652768E-13
  2.4250306025881805E+03  6.4388415097801641E-11  7.3951930066410765E-13
  2.4491904573601687E+03  6.4378861072867306E-11  7.1802245842759174E-13
  2.4735910095410754E+03  6.4359753423451454E-11  6.9700262315151655E-13
  2.4982346571272237E+03  6.4331012853170125E-11  6.7645304982583764E-13
  2.5231238220054420E+03  6.4292052308931241E-11  6.5636702617406732E-13
  2.5482609501910920E+03  6.4242365643280194E-11  6.3673787221060223E-13
  2.5736485120684706E+03  6.4181757249175394E-11  6.1755893985701747E-13
  2.5992890026335608E+03  6.4110267136826599E-11  5.9882361261703155E-13
  2.6251849417392436E+03  6.4027871931072096E-11  5.8052530527463235E-13
  2.6513388743429555E+03  6.3934357363843865E-11  5.6265746482334556E-13
  2.6777533707567686E+03  6.3829489756624817E-11  5.4521360378708519E-13
  2.7044310269000048E+03  6.3713096912914583E-11  5.2818729742294692E-13
  2.7313744645543707E+03  6.3584929367698426E-11  5.1157214551799732E-13
  2.7585863316215823E+03  6.3444602288689288E-11  4.9536177032364804E-13
  2.7860693023836111E+03  6.3291859034268932E-11  4.7954981714170725E-13
  2.8138260777655146E+03  6.3126848383292990E-11  4.6412995494893551E-13
  2.8418593856008438E+03  6.2949811982086571E-11  4.4909587705929978E-13
  2.8701719808997386E+03  6.2760562013664998E-11  4.3444130182296593E-13
  2.8987666461196982E+03  6.2558664927782518E-11  4.2015997336110356E-13
  2.9276461914389988E+03  6.2343853307618540E-11  4.0624566233548671E-13
  2.9568134550328791E+03  6.2115948285730881E-11  3.9269216675255527E-13
  2.9862713033524892E+03  6.1874683840274453E-11  3.7949331301341751E-13
  3.0160226314065553E+03  6.1619752868631501E-11  3.6664295233082420E-13
  3.0460703630459125E+03  6.1350908619914349E-11  3.5413495642830312E-13
  3.0764174512508621E+03  6.1068019001880119E-11  3.4196322829419250E-13
  3.1070668784213508E+03  6.0771060687711943E-11  3.3012170466205020E-13
  3.1380216566700797E+03  6.0460017590411685E-11  3.1860435685770231E-13
  3.1692848281185502E+03  6.0134725483729727E-11  3.0740519167486794E-13
  3.2008594651959916E+03  5.9794931201320088E-11  2.9651825227774328E-13
  3.2327486709413242E+03  5.9440589224059590E-11  2.8593761912876343E-13
  3.2649555793081327E+03  5.9071734630553954E-11  2.7565741093977760E-13
  3.2974833554726506E+03  5.8688067955915903E-11  2.6567178564478478E-13
  3.3303351961447738E+03  5.8289110948693667E-11  2.5597494139225893E-13
  3.3635143298823064E+03  5.7874459133769902E-11  2.4656111745159503E-13
  3.3970240174082060E+03  5.7443800972648557E-11  2.3742459254224369E-13
  3.4308675519309991E+03  5.6996959054472718E-11  2.2855967815395829E-13
  3.4650482594685018E+03  5.6533791868383999E-11  2.1996072734895519E-13
  3.4995694991746568E+03  5.6054041053069546E-11  2.1162214113063170E-13
  3.5344346636696059E+03  5.5557320278836869E-11  2.0353836938596310E-13
  3.5696471793731948E+03  5.5043177395584080E-11  1.9570391176367206E-13
  3.6052105068416604E+03  5.4511087163067059E-11  1.8811331856367884E-13
  3.6411281411077102E+03  5.3960431246103451E-11  1.8076119163538179E-13
  3.6774036120240175E+03  5.3390673740842198E-11  1.7364218528234666E-13
  3.7140404846101460E+03  5.2801531511967872E-11  1.6675100717096456E-13
  3.7510423594028589E+03  5.2192581509081374E-11  1.6008241924064063E-13
  3.7884128728099927E+03  5.1562922521958270E-11  1.5363123863452441E-13
  3.8261556974678483E+03  5.0911457994363814E-11  1.4739234003846831E-13
  3.8642745426020829E+03  5.0237003298878994E-11  1.4136066531666118E-13
  3.9027731543922587E+03  4.9538203992513132E-11  1.3553122087725090E-13
  3.9416553163400285E+03  4.8813611825182462E-11  1.2989906917345369E-13
  3.9809248496409168E+03  4.8061637573608649E-11  1.2445932928464979E-13
  4.0205856135598774E+03  4.7280344066811988E-11  1.1920717803839690E-13
  4.0606415058105895E+03  4.6467308098199456E-11  1.1413785110063229E-13
  4.1010964629384653E+03  4.5619550582552285E-11  1.0924664403208961E-13
  4.1419544607075404E+03  4.4733462525184757E-11  1.0452891330899180E-13
  4.1832195144912248E+03  4.3804746108477531E-11  9.9980077306166193E-14
  4.2248956796668681E+03  4.2828344522476578E-11  9.5595617240799404E-14
  4.2669870520143313E+03  4.1798114874960624E-11  9.1371078074206215E-14
  4.3094977681185301E+03  4.0706219387854083E-11  8.7302069184131915E-14
  4.3524320057759141E+03  3.9542732402416570E-11  8.3384262661338924E-14
  4.3957939844050707E+03  3.8295502379795300E-11  7.9613392790233646E-14
  4.4395879654614164E+03  3.6949645615223588E-11  7.5985261385120317E-14
  4.4838182528559500E+03  3.5486674676715436E-11  7.2495739145337471E-14
  4.5284891933782474E+03  3.3883820652812263E-11  6.9140766150298523E-14
  4.5736051771236762E+03  3.2113909588364639E-11  6.5916352311630778E-14
  4.6191706379247853E+03  3.0146418572088161E-11  6.2818577781218157E-14
  4.6651900537870697E+03  2.7951308102060152E-11  5.9843593314026345E-14
  4.7116679473290842E+03  2.5508282571651863E-11  5.6987620584722236E-14
  4.7586088862268489E+03  2.2824115278911895E-11  5.4246952457206939E-14
  4.8060174836627766E+03  1.9956272596378162E-11  5.1617953206327442E-14
  4.8538983987790562E+03  1.7028326412770400E-11  4.9097058736952034E-14
  4.9022563371355263E+03  1.4211833698813486E-11  4.6680777892018159E-14
  4.9510960511720514E+03  1.1669530026709677E-11  4.4365694886429112E-14
  5.0004223406756937E+03  9.4989036371313056E-12  4.2148466038210233E-14
  5.0502400532523579E+03  7.7182764086270564E-12  4.0025818310605925E-14
  5.1005540848031387E+03  6.2912805468282843E-12  3.7994549352609982E-14
  5.1513693800055871E+03  5.1590585586757005E-12  3.6051527492657688E-14
  5.2026909327996009E+03  4.2616471441028688E-12  3.4193691674026488E-14
  5.2545237868781433E+03  3.5473161101364445E-12  3.2418051332583006E-14
  5.3068730361830458E+03  2.9747119189841628E-12  3.0721686217629312E-14
  5.3597438254055505E+03  2.5119292367648103E-12  2.9101746156730126E-14
  5.4131413504918964E+03  2.1347078784799103E-12  2.7555450765484423E-14
  5.4670708591539815E+03  1.8246602949772505E-12  2.6080089101868553E-14
  5.5215376513851224E+03  1.5678085634376283E-12  2.4673019187973250E-14
  5.5765470799808500E+03  1.3534597315972052E-12  2.3331667059432439E-14
  5.6321045510649965E+03  1.1733682149706444E-12  2.2053526527703114E-14
  5.6882155246210250E+03  1.0211199549849748E-12  2.0836159168261753E-14
  5.7448855150285435E+03  8.9168093410494565E-13  1.9677193724081912E-14
  5.8021200916052794E+03  7.8106540471050328E-13  1.8574325438466010E-14
  5.8599248791544387E+03  6.8609075459233782E-13  1.7525315346110049E-14
  5.9183055585174261E+03  6.0419508736064559E-13  1.6527989524017497E-14
  5.9772678671321682E+03  5.3330038193991930E-13  1.5580238303933169E-14
  6.0368175995970132E+03  4.7170897957879803E-13  1.4680015448028216E-14
  6.0969606082401142E+03  4.1802461756884613E-13  1.3825337289615193E-14
  6.1577028036946267E+03  3.7109168507247805E-13  1.3014281840952023E-14
  6.2190501554796092E+03  3.2994811643459045E-13  1.2244987907383384E-14
  6.2810086925866199E+03  2.9378858302816038E-13  1.1515654581316397E-14
  6.3435845040722570E+03  2.6193550729109119E-13  1.0824540372218521E-14
  6.4067837396566038E+03  2.3381604548277647E-13  1.0169961411383971E-14
  6.4706126103275292E+03  2.0894372671389419E-13  9.5502903474967179E-15
  6.5350773889511192E+03  1.8690370023277633E-13  8.9639553330838118E-15
  6.6001844108881833E+03  1.6734080589910842E-13  8.4094389877304431E-15
  6.6659400746168030E+03  1.4994987123840370E-13  7.8852773402335564E-15
  6.7323508423611784E+03  1.3446777577571572E-13  7.3900587518530463E-15
  6.7994232407267582E+03  1.2066692665031150E-13  6.9224228228015548E-15
  6.8671638613415726E+03  1.0834986778198661E-13  6.4810592840883700E-15
  6.9355793615040666E+03  9.7344804565358181E-14  6.0647068767992975E-15
  7.0046764648374019E+03  8.7501871913378500E-14  5.6721522208268833E-15
  7.0744619619501464E+03  7.8690008804934889E-14  5.3022286716840370E-15
  7.1449427111036694E+03  7.0794329758158417E-14  4.9538151464554300E-15
  7.2161256388861775E+03  6.3713907206823600E-14  4.6258349988122606E-15
  7.2880177408934169E+03  5.7359892502180372E-14  4.3172548822463102E-15
  7.3606260824160754E+03  5.1653918101974233E-14  4.0270835938189018E-15
  7.4339577991343094E+03  4.6526734665340843E-14  3.7543709187831664E-15
  7.5080200978189214E+03  4.1917044835545039E-14  3.4982064778800447E-15
  7.5828202570395270E+03  3.7770502310267385E-14  3.2577185789262561E-15
  7.6583656278800445E+03  3.4038850297914682E-14  3.0320730742487431E-15
  7.7346636346610439E+03  3.0679177911042407E-14  2.8204722254567996E-15
  7.8117217756692899E+03  2.7653276668645746E-14  2.6221535769720895E-15
  7.8895476238948268E+03  2.4927082235671482E-14  2.4363888397701231E-15
  7.9681488277751205E+03  2.2470189001938394E-14  2.2624827948466213E-15
  8.0475331119466991E+03  2.0255427324579145E-14  2.0997722394040816E-15
  8.1277082780043356E+03  1.8258493612744180E-14  1.9476248745365547E-15
  8.2086822052678071E+03  1.6457626402194041E-14  1.8054382065541529E-15
  8.2904628515561526E+03  1.4833322647471544E-14  1.6726385015774376E-15
  8.3730582539697734E+03  1.3368088427100812E-14  1.5486797576970916E-15
  8.4564765296803598E+03  1.2046219475140456E-14  1.4330426943027878E-15
  8.5407258767284966E+03  1.0853607634766015E-14  1.3252337594020607E-15
  8.6258145748293991E+03  9.7775698887221124E-15  1.2247841556773803E-15
  8.7117509861866656E+03  8.8066970935349337E-15  1.1312488859593801E-15
  8.7985435563139708E+03  7.9307199439472679E-15  1.0442058187244516E-15
  8.8862008148651166E+03  7.1403900331846528E-15  9.6325477417218016E-16
  8.9747313764723531E+03  6.4273741659270151E-15  8.8801663228973464E-16
  9.0641439415928762E+03  5.7841603588982236E-15  8.1813246718133312E-16
  9.1544472973639386E+03  5.2039740720212739E-15  7.5326269703780752E-16
  9.2456503184664707E+03  4.6807033948578306E-15  6.9308624625659958E-16
  9.3377619679971340E+03  4.2088323164435072E-15  6.3729973972989981E-16
  9.4307912983492461E+03  3.7833810835304627E-15  5.8561672087458656E-16
  9.5247474521024706E+03  3.3998528285840200E-15  5.3776689212549620E-16
  9.6196396629211977E+03  3.0541857616499054E-15  4.9349537796490243E-16
  9.7154772564620544E+03  2.7427103062613774E-15  4.5256201050983433E-16
  9.8122696512904567E+03  2.4621106342327677E-15  4.1474063763063965E-16
  9.9100263598061174E+03  2.2093901191060038E-15  3.7981845352807672E-16
  1.0008756989177929E+04  1.9818402845570032E-15  3.4759535165174592E-16
  1.0108471242288215E+04  1.7770128729737022E-15  3.1788329960919954E-16
  1.0209178918686133E+04  1.5926946955297954E-15  2.9050573427452283E-16
  1.0310889915550833E+04  1.4268849731342837E-15  2.6529697906984868E-16
  1.0413614228664159E+04  1.2777749544849901E-15  2.4210168917183097E-16
  1.0517361953392878E+04  1.1437295167948057E-15  2.2077431413577830E-16
  1.0622143285680875E+04  1.0232705544102810E-15  2.0117857982051199E-16
  1.0727968523051244E+04  9.1506198323725516E-16  1.8318699089914420E-16
  1.0834848065618151E+04  8.1789619749364842E-16  1.6668035357530918E-16
  1.0942792417108998E+04  7.3068183284550218E-16  1.5154731809930153E-16
  1.1051812185896721E+04  6.5243270552181545E-16  1.3768394065991420E-16
  1.1161918086042324E+04  5.8225781076622397E-16  1.2499326421108443E-16
  1.1273120938347669E+04  5.1935227618890532E-16  1.1338491777785661E-16
  1.1385431671419161E+04  4.6298917645445214E-16  1.0277473379260616E-16
  1.1498861322741648E+04  4.1251212694599618E-16  9.3084383485490046E-17
  1.1613421039762998E+04  3.6732858514193960E-16  8.4241030335330967E-17
  1.1729122080989906E+04  3.2690377043412713E-16  7.6176996522524447E-17
  1.1845975817094208E+04  2.9075515873821708E-16  6.8829446039701888E-17
  1.1963993732030198E+04  2.5844750384435866E-16  6.2140084996070074E-17
  1.2083187424163512E+04  2.2958832768650536E-16  5.6054876954081300E-17
  1.2203568607410823E+04  2.0382383482285702E-16  5.0523772754631880E-17
  1.2325149112390995E+04  1.8083521101695525E-16  4.5500454330623084E-17
  1.2447940887587809E+04  1.6033526971274396E-16  4.0942092009995232E-17
  1.2571956000524298E+04  1.4206541370048056E-16  3.6809114811832194E-17
  1.2697206638948539E+04  1.2579288241775446E-16  3.3064993242804169E-17
  1.2823705112031501E+04  1.1130825815778582E-16  2.9676034104772247E-17
  1.2951463851576817E+04  9.8423206781150038E-17  2.6611186738406921E-17
  1.3080495413242388E+04  8.6968428804492389E-17  2.3841859660576378E-17
  1.3210812477774374E+04  7.6791807057700771E-17  2.1341748873644460E-17
  1.3342427852253508E+04  6.7756733077921705E-17  1.9086677119584259E-17
  1.3475354471353543E+04  5.9740587432304878E-17  1.7054441591772088E-17
  1.3609605398612537E+04  5.2633363762183830E-17  1.5224670800589770E-17
  1.3745193827716737E+04  4.6336423642718924E-17  1.3578690273575901E-17
  1.3882133083797071E+04  4.0761370091348172E-17  1.2099396665526577E-17
  1.4020436624738750E+04  3.5829028686816830E-17  1.0771139865608827E-17
  1.4160118042503966E+04  3.1468526282011196E-17  9.5796127005308213E-18
  1.4301191064467475E+04  2.7616458218850729E-17  8.5117478450310196E-18
  1.4443669554765767E+04  2.4216135791654658E-17  7.5556215633724995E-18
  1.4587567515659659E+04  2.1216906477422185E-17  6.7003639246061174E-18
  1.4732899088910226E+04  1.8573540422661892E-17  5.9360752402746605E-18
  1.4879678557168674E+04  1.6245676677450048E-17  5.2537482410562463E-18
  1.5027920345380082E+04  1.4197322309812199E-17  4.6451953275560196E-18
  1.5177639022200858E+04  1.2396401471403210E-17  4.1029812351942679E-18
  1.5328849301430571E+04  1.0814349138147545E-17  3.6203606075426335E-18
  1.5481566043458073E+04  9.4257450432831587E-18  3.1912201111840550E-18
  1.5635804256721698E+04  8.2079839922506972E-18  2.8100248179250766E-18
  1.5791579099184493E+04  7.1409790989829956E-18  2.4717685922157715E-18
  1.5948905879823662E+04  6.2068948013133384E-18  2.1719282334320371E-18
  1.6107800060135169E+04  5.3899068025478386E-18  1.9064211342672953E-18
  1.6268277255653338E+04  4.6759863494345502E-18  1.6715662278585542E-18
  1.6430353237485298E+04  4.0527064955350680E-18  1.4640480070065208E-18
  1.6594043933860990E+04  3.5090681819375354E-18  1.2808833949476063E-18
  1.6759365431698661E+04  3.0353441519662195E-18  1.1193912620861759E-18
  1.6926333978185612E+04  2.6229393413445641E-18  9.7716454332841757E-19
  1.7094965982375004E+04  2.2642657418418961E-18  8.5204462852521692E-19
  1.7265278016798595E+04  1.9526302703594859E-18  7.4209785807537616E-19
  1.7437286819095218E+04  1.6821344744908393E-18  6.4559401409160926E-19
  1.7611009293655799E+04  1.4475848926118861E-18  5.6098666083159653E-19
  1.7786462513284761E+04  1.2444129966641140E-18  4.8689519609778983E-19
  1.7963663720877666E+04  1.0686037481300188E-18  4.2208848374162251E-19
  1.8142630331115881E+04  9.1663189068327648E-19  3.6546994548812464E-19
  1.8323379932178159E+04  7.8540518746298743E-19  3.1606399802845147E-19
  1.8505930287468898E+04  6.7221388763330237E-19  2.7300372871653553E-19
  1.8690299337363987E+04  5.7468577766255611E-19  2.3551971082141502E-19
  1.8876505200974025E+04  4.9074624398286760E-19  2.0292986901964685E-19
  1.9064566177924738E+04  4.1858279174180965E-19  1.7463029584276261E-19
  1.9254500750155719E+04  3.5661355819669579E-19  1.5008694439673637E-19
  1.9446327583736467E+04  3.0345942256583301E-19  1.2882813301349991E-19
  1.9640065530700951E+04  2.5791930926654625E-19  1.1043778478122518E-19
  1.9835733630900449E+04  2.1894833860636746E-19  9.4549337219725196E-20
  2.0033351113874443E+04  1.8563851546540391E-19  8.0840262733822420E-20
  2.0232937400740593E+04  1.5720167810505187E-19  6.9027144995089257E-20
  2.0434512106103452E+04  1.3295445780731621E-19  5.8861260648588201E-20
  2.0638095039981887E+04  1.1230502586303431E-19  5.0124619725503743E-20
  2.0843706209756070E+04  9.4741427736815006E-20  4.2626421874988269E-20
  2.1051365822133841E+04  7.9821325242189482E-20  3.6199889002824287E-20
  2.1261094285136303E+04  6.7162985702192698E-20  3.0699437784337646E-20
  2.1472912210103565E+04  5.6437376336800153E-20  2.5998159627799867E-20
  2.1686840413720489E+04  4.7361238929290221E-20  2.1985578929583314E-20
  2.1902899920062213E+04  3.9691024902539171E-20  1.8565659371398628E-20
  2.2121111962660441E+04  3.3217591734158931E-20  1.5655034087753386E-20
  2.2341497986590352E+04  2.7761571116755270E-20  1.3181437029459069E-20
  2.2564079650577853E+04  2.3169328596732613E-20  1.1082314644267563E-20
  2.2788878829128262E+04  1.9309443421524882E-20  9.3035989251387408E-21
  2.3015917614676186E+04  1.6069645381313405E-20  7.7986246541909266E-21
  2.3245218319756379E+04  1.3354152638245578E-20  6.5271753052033067E-21
  2.3476803479196878E+04  1.1081360976995181E-20  5.4546435685843787E-21
  2.3710695852333341E+04  9.1818406607772262E-21  4.5512938386299035E-21
  2.3946918425245887E+04  7.5966022216105329E-21  3.7916152702977596E-21
  2.4185494413018208E+04  6.2755971056530480E-21  3.1537551726934629E-21
  2.4426447262018806E+04  5.1764228713250833E-21  2.6190234191387757E-21
  2.4669800652205322E+04  4.2632067710819432E-21  2.1714597558395091E-21
  2.4915578499451891E+04  3.5056444860982002E-21  1.7974566296493577E-21
  2.5163804957899210E+04  2.8781735394010904E-21  1.4854309025496472E-21
  2.5414504422328446E+04  2.3592635240498919E-21  1.2255385755238123E-21
  2.5667701530558828E+04  1.9308075126658550E-21  1.0094272895533633E-21
  2.5923421165868662E+04  1.5776009835027150E-21  8.3002195313417486E-22
  2.6181688459440917E+04  1.2868963355641382E-21  6.8133936976376129E-22
  2.6442528792833175E+04  1.0480225962375450E-21  5.5832821014453982E-22
  2.6705967800471735E+04  8.5206127220839009E-22  4.5673109692580449E-22
  2.6972031372171008E+04  6.9157047845535463E-22  3.7296594891097420E-22
  2.7240745655678060E+04  5.6035051923703370E-22  3.0402407073647328E-22
  2.7512137059241977E+04  4.5324500560163020E-22  2.4738277674750280E-22
  2.7786232254209321E+04  3.6597239081709697E-22  2.0093060755146957E-22
  2.8063058177645486E+04  2.9498350141573043E-22  1.6290343766234229E-22
  2.8342642034981560E+04  2.3734124905285692E-22  1.3182998565164593E-22
  2.8625011302688439E+04  1.9061923761059831E-22  1.0648542695801957E-22
  2.8910193730976716E+04  1.5281644030822075E-22  8.5851976422239126E-23
  2.9198217346524016E+04  1.2228552134856112E-22  6.9085454945069188E-23
  2.9489110455229569E+04  9.7672723251508215E-23  5.5486984457590734E-23
  2.9782901644995618E+04  7.7867541077355981E-23  4.4479069510653779E-23