 #p(MeV) \t \delta f_\\nu \t \delta f_\\nubar
  5.7115504072182208E+00  1.8646471612774076E-11  1.8086635756143277E-11
  5.7684528760835629E+00  1.8339352716616959E-11  1.7784725367920036E-11
  5.8259222472314898E+00  1.8037733446615411E-11  1.7488239529260756E-11
  5.8839641685399373E+00  1.7741517569412456E-11  1.7197083044734660E-11
  5.9425843441549482E+00  1.7450606177785014E-11  1.6911158148357314E-11
  6.0017885350512756E+00  1.7164901519309385E-11  1.6630368225840942E-11
  6.0615825595985360E+00  1.6884307652060004E-11  1.6354618452365438E-11
  6.1219722941330206E+00  1.6608730410298707E-11  1.6083815758750370E-11
  6.1829636735352125E+00  1.6338077371397885E-11  1.5817868798828245E-11
  6.2445626918130213E+00  1.6072257823923001E-11  1.5556687917945706E-11
  6.3067754026908771E+00  1.5811182736803472E-11  1.5300185122522986E-11
  6.3696079202046469E+00  1.5554764729526058E-11  1.5048274050607470E-11
  6.4330664193025111E+00  1.5302918043288551E-11  1.4800869943359930E-11
  6.4971571364518192E+00  1.5055558513055604E-11  1.4557889617416720E-11
  6.5618863702519672E+00  1.4812603540462133E-11  1.4319251438074656E-11
  6.6272604820534307E+00  1.4573971236044314E-11  1.4084874490597736E-11
  6.6932858965829025E+00  1.4339576980290531E-11  1.3854675268068407E-11
  6.7599691025747095E+00  1.4109336618362058E-11  1.3628570756744065E-11
  6.8273166534085075E+00  1.3883167836457258E-11  1.3406479759918696E-11
  6.8953351677533012E+00  1.3660990115060326E-11  1.3188322851820859E-11
  6.9640313302179306E+00  1.3442724685300713E-11  1.2974022334573707E-11
  7.0334118920079804E+00  1.3228294487023217E-11  1.2763502196829661E-11
  7.1034836715892817E+00  1.3017624128475821E-11  1.2556688073988314E-11
  7.1742535553580122E+00  1.2810639847527064E-11  1.2353507209911430E-11
  7.2457284983174368E+00  1.2607269474330617E-11  1.2153888420053199E-11
  7.3179155247614593E+00  1.2407442395357991E-11  1.1957762055928923E-11
  7.3908217289649079E+00  1.2211089518725900E-11  1.1765059970849360E-11
  7.4644542758807511E+00  1.2018143459219870E-11  1.1575715695487711E-11
  7.5388204018442506E+00  1.1828540945170405E-11  1.1389666721445928E-11
  7.6139274152841026E+00  1.1642221599769948E-11  1.1206853327207790E-11
  7.6897826974407009E+00  1.1459126193057180E-11  1.1027216924223298E-11
  7.7663937030915253E+00  1.1279196607610162E-11  1.0850700024526581E-11
  7.8437679612837714E+00  1.1102375815694247E-11  1.0677246218173858E-11
  7.9219130760742935E+00  1.0928607857304710E-11  1.0506800151553137E-11
  8.0008367272768712E+00  1.0757837819051214E-11  1.0339307506514060E-11
  8.0805466712169949E+00  1.0590011813833957E-11  1.0174714980268411E-11
  8.1610507414940905E+00  1.0425076961264746E-11  1.0012970266015871E-11
  8.2423568497513919E+00  1.0262981368788799E-11  9.8540220342511585E-12
  8.3244729864534825E+00  1.0103674113465493E-11  9.6978199147121450E-12
  8.4074072216715443E+00  9.9471052092533864E-12  9.5443144646859580E-12
  8.4911677058764621E+00  9.7932251310639826E-12  9.3934567358118633E-12
  8.5757626707398380E+00  9.6419850586156844E-12  9.2451985288683168E-12
  8.6612004299429444E+00  9.4933371564692665E-12  9.0994926208808360E-12
  8.7474893799937856E+00  9.3472344835329473E-12  8.9562926725013349E-12
  8.8346380010522498E+00  9.2036309751586517E-12  8.8155532103577038E-12
  8.9226548577635398E+00  9.0624814259121936E-12  8.6772296100580667E-12
  9.0115486000998466E+00  8.9237414729786038E-12  8.5412780798117894E-12
  9.1013279642104425E+00  8.7873675801661639E-12  8.4076556446316839E-12
  9.1920017732802606E+00  8.6533170224749456E-12  8.2763201310834874E-12
  9.2835789383969729E+00  8.5215478711974097E-12  8.1472301525513476E-12
  9.3760684594267527E+00  8.3920189795208484E-12  8.0203450949893880E-12
  9.4694794258987596E+00  8.2646899686203982E-12  7.8956251031472877E-12
  9.5638210178984036E+00  8.1395220622337226E-12  7.7730318738285999E-12
  9.6591025069695498E+00  8.0164810253336579E-12  7.6525314530432168E-12
  9.7553332570256703E+00  7.8955341769576065E-12  7.5340913860009814E-12
  9.8525227252701253E+00  7.7766492151682960E-12  7.4176795955144533E-12
  9.9506804631255470E+00  7.6597942164734053E-12  7.3032643814040370E-12
  1.0049816117172540E+01  7.5449376356161977E-12  7.1908144202510598E-12
  1.0149939430097714E+01  7.4320483054605684E-12  7.0802987652333090E-12
  1.0251060241651146E+01  7.3210954369498633E-12  6.9716868460229745E-12
  1.0353188489613395E+01  7.2120486191202534E-12  6.8649484687282743E-12
  1.0456334210772173E+01  7.1048778191510276E-12  6.7600538158617285E-12
  1.0560507541908688E+01  6.9995533824361363E-12  6.6569734463198278E-12
  1.0665718720793889E+01  6.8960460326621882E-12  6.5556782953596727E-12
  1.0771978087194547E+01  6.7943264517682284E-12  6.4561392737720823E-12
  1.0879296083889470E+01  6.6943597869552144E-12  6.3583220242051952E-12
  1.0987683257695728E+01  6.5961075474413466E-12  6.2621887399092961E-12
  1.1097150260505172E+01  6.4995321407874309E-12  6.1677025017575107E-12
  1.1207707850331287E+01  6.4045969561009032E-12  6.0748273569864534E-12
  1.1319366892366414E+01  6.3112663351815387E-12  5.9835282907711333E-12
  1.1432138360049551E+01  6.2195055447864231E-12  5.8937711988963716E-12
  1.1546033336144813E+01  6.1292807499631985E-12  5.8055228614742675E-12
  1.1661063013830550E+01  6.0405589884022780E-12  5.7187509176594831E-12
  1.1777238697799424E+01  5.9533081457616157E-12  5.6334238413166407E-12
  1.1894571805369351E+01  5.8674969319195258E-12  5.5495109175960372E-12
  1.2013073867605591E+01  5.7830948581134363E-12  5.4669822203763103E-12
  1.2132756530453948E+01  5.7000722624242335E-12  5.3858086361155820E-12
  1.2253631555885288E+01  5.6184047797102773E-12  5.3059661373096423E-12
  1.2375710823051511E+01  5.5380765779615277E-12  5.2274388623118604E-12
  1.2499006329452923E+01  5.4590726155532355E-12  5.1502117066129591E-12
  1.2623530192117345E+01  5.3813777719420269E-12  5.0742694924456931E-12
  1.2749294648790942E+01  5.3049768605687414E-12  4.9995969814632408E-12
  1.2876312059140856E+01  5.2298546415087013E-12  4.9261788871556821E-12
  1.3004594905969928E+01  5.1559958338561408E-12  4.8539998869917796E-12
  1.3134155796443396E+01  5.0833851278311858E-12  4.7830446342749606E-12
  1.3265007463327953E+01  5.0120071965993363E-12  4.7132977697038893E-12
  1.3397162766243012E+01  4.9418467077948736E-12  4.6447439326294710E-12
  1.3530634692924528E+01  4.8728883347409242E-12  4.5773677720015279E-12
  1.3665436360501412E+01  4.8051167674081955E-12  4.5111539570440161E-12
  1.3801581016784587E+01  4.7385147572069517E-12  4.4460853116343133E-12
  1.3939082041568946E+01  4.6730563706154704E-12  4.3821363941537557E-12
  1.4077952947948310E+01  4.6087138939336980E-12  4.3192800915530358E-12
  1.4218207383643380E+01  4.5454604175434520E-12  4.2574900808459563E-12
  1.4359859132343043E+01  4.4832698098264380E-12  4.1967408034668753E-12
  1.4502922115058936E+01  4.4221166921499734E-12  4.1370074406726994E-12
  1.4647410391493594E+01  4.3619764149563919E-12  4.0782658900218707E-12
  1.4793338161422142E+01  4.3028250349012709E-12  4.0204927428764364E-12
  1.4940719766087824E+01  4.2446392929881515E-12  3.9636652628759656E-12
  1.5089569689611421E+01  4.1873965936503413E-12  3.9077613653344756E-12
  1.5239902560414659E+01  4.1310749847325333E-12  3.8527595975143457E-12
  1.5391733152657855E+01  4.0756531383276060E-12  3.7986391197330635E-12
  1.5545076387691882E+01  4.0211107255186027E-12  3.7453800602959110E-12
  1.5699947335524550E+01  3.9674328510291668E-12  3.6929677135555980E-12
  1.5856361216301680E+01  3.9146081444494615E-12  3.6413907189828868E-12
  1.6014333401802819E+01  3.8626253729251647E-12  3.5906378511756358E-12
  1.6173879416951987E+01  3.8114733799338545E-12  3.5406979620316317E-12
  1.6335014941343367E+01  3.7611410875961372E-12  3.4915599829970025E-12
  1.6497755810782241E+01  3.7116174989368710E-12  3.4432129272607112E-12
  1.6662118018841308E+01  3.6628917000929129E-12  3.3956458918916610E-12
  1.6828117718432427E+01  3.6149528624640117E-12  3.3488480599152499E-12
  1.6995771223394094E+01  3.5677902448039861E-12  3.3028087023265854E-12
  1.7165095010094714E+01  3.5213931952496213E-12  3.2575171800379674E-12
  1.7336105719051801E+01  3.4757511532851061E-12  3.2129629457585847E-12
  1.7508820156567381E+01  3.4308536164666232E-12  3.1691355131601764E-12
  1.7683255296379645E+01  3.3866884626828278E-12  3.1260228946952880E-12
  1.7859428281331063E+01  3.3432413060893738E-12  3.0836110049856326E-12
  1.8037356425053112E+01  3.3004978889016962E-12  3.0418858944310059E-12
  1.8217057213667790E+01  3.2584442745581834E-12  3.0008339292795131E-12
  1.8398548307506136E+01  3.2170668396591069E-12  2.9604417837035452E-12
  1.8581847542843754E+01  3.1763522661393717E-12  2.9206964321051509E-12
  1.8766972933653729E+01  3.1362875336673943E-12  2.8815851416431923E-12
  1.8953942673377000E+01  3.0968599122628029E-12  2.8430954649751850E-12
  1.9142775136710299E+01  3.0580569551258394E-12  2.8052152332067110E-12
  1.9333488881411952E+01  3.0198664916716594E-12  2.7679325490417486E-12
  1.9526102650125711E+01  2.9822766207628644E-12  2.7312357801274228E-12
  1.9720635372222688E+01  2.9452757043594899E-12  2.6951135527829480E-12
  1.9917106165661625E+01  2.9088527852005248E-12  2.6595551330538114E-12
  2.0115534338867786E+01  2.8729985075971869E-12  2.6245512681516716E-12
  2.0315939392630522E+01  2.8377039518447826E-12  2.5900931158447812E-12
  2.0518341022019690E+01  2.8029603382428867E-12  2.5561719722927735E-12
  2.0722759118321239E+01  2.7687590251489344E-12  2.5227792701033253E-12
  2.0929213770992082E+01  2.7350915070621153E-12  2.4899065764178278E-12
  2.1137725269634359E+01  2.7019494127367622E-12  2.4575455910254119E-12
  2.1348314105989434E+01  2.6693245033245366E-12  2.4256881445045679E-12
  2.1561000975951803E+01  2.6372086705446262E-12  2.3943261963916158E-12
  2.1775806781602963E+01  2.6055939348813868E-12  2.3634518333754790E-12
  2.1992752633265567E+01  2.5744724438087541E-12  2.3330572675180526E-12
  2.2211859851578115E+01  2.5438364700408008E-12  2.3031348344996221E-12
  2.2433149969590286E+01  2.5136783830742640E-12  2.2736769684207669E-12
  2.2656644734879045E+01  2.4839905016223081E-12  2.2446760742334607E-12
  2.2882366111685975E+01  2.4547652083311766E-12  2.2161246288738935E-12
  2.3110336283075871E+01  2.4259950137922378E-12  2.1880152354157390E-12
  2.3340577653116725E+01  2.3976725541837173E-12  2.1603406207124588E-12
  2.3573112849081554E+01  2.3697905892806829E-12  2.1330936334207449E-12
  2.3807964723672171E+01  2.3423420005054197E-12  2.1062672420629509E-12
  2.4045156357265007E+01  2.3153197890169864E-12  2.0798545331272237E-12
  2.4284711060179362E+01  2.2887170738386367E-12  2.0538487092040955E-12
  2.4526652374968290E+01  2.2625270900219299E-12  2.0282430871584443E-12
  2.4771004078732282E+01  2.2367431868465171E-12  2.0030310963356889E-12
  2.5017790185455944E+01  2.2113588260544450E-12  1.9782062768012122E-12
  2.5267034948368021E+01  2.1863675477356241E-12  1.9537622483278884E-12
  2.5518762862324973E+01  2.1617618808108914E-12  1.9296917222176041E-12
  2.5772998666218143E+01  2.1375331310786501E-12  1.9059863117222575E-12
  2.6029767345405055E+01  2.1136727406452717E-12  1.8826377698669655E-12
  2.6289094134164905E+01  2.0901723726926850E-12  1.8596380663282077E-12
  2.6551004518178477E+01  2.0670239051364213E-12  1.8369793812391994E-12
  2.6815524237032719E+01  2.0442194245012747E-12  1.8146540992070299E-12
  2.7082679286750412E+01  2.0217512200063642E-12  1.7926548035335736E-12
  2.7352495922344968E+01  1.9996117778518118E-12  1.7709742706324677E-12
  2.7625000660400616E+01  1.9777937756995056E-12  1.7496054646347917E-12
  2.7900220281678372E+01  1.9562900773407087E-12  1.7285415321763295E-12
  2.8178181833748017E+01  1.9350937275436084E-12  1.7077757973596145E-12
  2.8458912633646136E+01  1.9141979476161185E-12  1.6873017573727510E-12
  2.8742440270560778E+01  1.8935966367885847E-12  1.6671135306882213E-12
  2.9028792608542858E+01  1.8732852977585474E-12  1.6472066832089314E-12
  2.9317997789244512E+01  1.8532597709719071E-12  1.6275770899302273E-12
  2.9610084234684660E+01  1.8335159583612326E-12  1.6082206864740717E-12
  2.9905080650042361E+01  1.8140498225098808E-12  1.5891334682546007E-12
  3.0203016026477805E+01  1.7948573858348844E-12  1.5703114896609662E-12
  3.0503919643981394E+01  1.7759347297879201E-12  1.5517508632567655E-12
  3.0807821074251329E+01  1.7572779940736904E-12  1.5334477589954149E-12
  3.1114750183599842E+01  1.7388833758850720E-12  1.5153984034508419E-12
  3.1424737135888247E+01  1.7207471291544985E-12  1.4975990790629160E-12
  3.1737812395491403E+01  1.7028655638209352E-12  1.4800461233970548E-12
  3.2054006730291640E+01  1.6852350451119706E-12  1.4627359284174601E-12
  3.2373351214702545E+01  1.6678519463037609E-12  1.4456648971441520E-12
  3.2695877232722665E+01  1.6507123158239250E-12  1.4288291436903358E-12
  3.3021616481020061E+01  1.6338120918033359E-12  1.4122246893723923E-12
  3.3350600972047197E+01  1.6171472900872361E-12  1.3958476318087983E-12
  3.3682863037186991E+01  1.6007140036800743E-12  1.3796941442743557E-12
  3.4018435329930263E+01  1.5845084010705132E-12  1.3637604740550852E-12
  3.4357350829084858E+01  1.5685267246010492E-12  1.3480429408462314E-12
  3.4699642842016566E+01  1.5527652888809657E-12  1.3325379351920638E-12
  3.5045345007922492E+01  1.5372204792413182E-12  1.3172419169662543E-12
  3.5394491301137059E+01  1.5218887502307189E-12  1.3021514138915663E-12
  3.5747116034470821E+01  1.5067666241507621E-12  1.2872630200977133E-12
  3.6103253862582505E+01  1.4918506896298987E-12  1.2725733947162348E-12
  3.6462939785384961E+01  1.4771375814425817E-12  1.2580792449685766E-12
  3.6826209151484676E+01  1.4626236096698324E-12  1.2437770147693303E-12
  3.7193097661655685E+01  1.4483047902615891E-12  1.2296629104202378E-12
  3.7563641372348179E+01  1.4341772140585200E-12  1.2157332137943920E-12
  3.7937876699232035E+01  1.4202370606599510E-12  1.2019842939727428E-12
  3.8315840420775487E+01  1.4064805962103134E-12  1.1884126050869748E-12
  3.8697569681859669E+01  1.3929041712523957E-12  1.1750146842266294E-12
  3.9083101997429090E+01  1.3795042186452875E-12  1.1617871494083847E-12
  3.9472475256178448E+01  1.3662772515448486E-12  1.1487266976053812E-12
  3.9865727724276077E+01  1.3532198614447176E-12  1.1358301028346002E-12
  4.0262898049124800E+01  1.3403287162758500E-12  1.1230942143003520E-12
  4.0664025263159942E+01  1.3276005585627332E-12  1.1105159545920048E-12
  4.1069148787685293E+01  1.3150322053598403E-12  1.0980923192989506E-12
  4.1478308436747277E+01  1.3026208452991670E-12  1.0858206201590883E-12
  4.1891544421047833E+01  1.2903643822644602E-12  1.0736987675888295E-12
  4.2308897351896029E+01  1.2782608412072120E-12  1.0617247772147918E-12
  4.2730408245199278E+01  1.2663082759270187E-12  1.0498966927943032E-12
  4.3156118525494243E+01  1.2545047686195071E-12  1.0382125857643333E-12
  4.3586070030017879E+01  1.2428484294375253E-12  1.0266705548024784E-12
  4.4020305012818902E+01  1.2313373960651404E-12  1.0152687253995493E-12
  4.4458866148910609E+01  1.2199698333040098E-12  1.0040052494433355E-12
  4.4901796538464659E+01  1.2087439326717082E-12  9.9287830481311007E-13
  4.5349139711046817E+01  1.1976579120116116E-12  9.8188609498447875E-13
  4.5800939629894863E+01  1.1867100151139385E-12  9.7102684864417661E-13
  4.6257240696239272E+01  1.1758985113475920E-12  9.6029881931443665E-13
  4.6718087753666602E+01  1.1652216188636607E-12  9.4970022423018546E-13
  4.7183526092526670E+01  1.1546771713769363E-12  9.3922897822085697E-13
  4.7653601454383541E+01  1.1442629042647165E-12  9.2888292459296983E-13
  4.8128360036510855E+01  1.1339765982436179E-12  9.1865995121501100E-13
  4.8607848496431707E+01  1.1238160785268834E-12  9.0855798967034004E-13
  4.9092113956504299E+01  1.1137792138456632E-12  8.9857501430035350E-13
  4.9581204008552767E+01  1.1038639155008060E-12  8.8870904127616806E-13
  5.0075166718544317E+01  1.0940681364440928E-12  8.7895812769777258E-13
  5.0574050631313007E+01  1.0843898703879518E-12  8.6932037071968525E-13
  5.1077904775330637E+01  1.0748271509426744E-12  8.5979390670215230E-13
  5.1586778667524953E+01  1.0653780507802385E-12  8.5037691038699287E-13
  5.2100722318146019E+01  1.0560406808238223E-12  8.4106759409718048E-13
  5.2619786235681161E+01  1.0468131980042570E-12  8.3186421342521177E-13
  5.3144021431818580E+01  1.0376939173429392E-12  8.2276515119720496E-13
  5.3673479426460666E+01  1.0286812749130721E-12  8.1376888788751214E-13
  5.4208212252787256E+01  1.0197737369780997E-12  8.0487393292993570E-13
  5.4748272462369194E+01  1.0109697973666541E-12  7.9607882264839408E-13
  5.5293713130332854E+01  1.0022679769073038E-12  7.8738211970120432E-13
  5.5844587860576226E+01  9.9366682288559643E-13  7.7878241254549031E-13
  5.6400950791036983E+01  9.8516490852250023E-13  7.7027831492084035E-13
  5.6962856599012824E+01  9.7676083247341370E-13  7.6186846535140525E-13
  5.7530360506534969E+01  9.6845321834694374E-13  7.5355152666560281E-13
  5.8103518285795339E+01  9.6024071424267383E-13  7.4532618553267384E-13
  5.8682386264627510E+01  9.5212199230719135E-13  7.3719115201534788E-13
  5.9267021332042255E+01  9.4409574836366363E-13  7.2914515919451772E-13
  5.9857480943818743E+01  9.3616074835080133E-13  7.2118700383880917E-13
  6.0453823128150880E+01  9.2831589742314083E-13  7.1331560559842747E-13
  6.1056106491349937E+01  9.2056013451884021E-13  7.0552991481411932E-13
  6.1664390223604514E+01  9.1289241350790154E-13  6.9782889621986855E-13
  6.2278734104797380E+01  9.0531170297701634E-13  6.9021152872485813E-13
  6.2899198510380195E+01  8.9781698602721025E-13  6.8267680520611922E-13
  6.3525844417307397E+01  8.9040726008367121E-13  6.7522373231126824E-13
  6.4158733410028574E+01  8.8308153671722328E-13  6.6785133027075658E-13
  6.4797927686540518E+01  8.7583884147689008E-13  6.6055863271910405E-13
  6.5443490064500523E+01  8.6867821373301365E-13  6.5334468652455373E-13
  6.6095483987399021E+01  8.6159870653047920E-13  6.4620855162668248E-13
  6.6753973530794980E+01  8.5459938645124905E-13  6.3914930088130345E-13
  6.7419023408613384E+01  8.4767928086430318E-13  6.3216597611643354E-13
  6.8090698979504239E+01  8.4083712400350519E-13  6.2525737877804526E-13
  6.8769066253266502E+01  8.3407156531983124E-13  6.1842224451188352E-13
  6.9454191897335050E+01  8.2738128355825466E-13  6.1165933749125327E-13
  7.0146143243332219E+01  8.2076498620216895E-13  6.0496744984987473E-13
  7.0844988293685432E+01  8.1422140881272857E-13  5.9834540103192411E-13
  7.1550795728309922E+01  8.0774931439483841E-13  5.9179203716598282E-13
  7.2263634911358182E+01  8.0134749278876552E-13  5.8530623046188318E-13
  7.2983575898037216E+01  7.9501476008641711E-13  5.7888687862947141E-13
  7.3710689441493145E+01  7.8874995807135076E-13  5.7253290431836418E-13
  7.4445046999764273E+01  7.8255195368163697E-13  5.6624325457779379E-13
  7.5186720742804212E+01  7.7641963849469754E-13  5.6001690033566094E-13
  7.5935783559574233E+01  7.7035194954954125E-13  5.5385285262441440E-13
  7.6692309065206288E+01  7.6434818895143604E-13  5.4775041293210594E-13
  7.7456371608238157E+01  7.5840794480688259E-13  5.4170910818909171E-13
  7.8228046277919830E+01  7.5253081457560062E-13  5.3572847212818725E-13
  7.9007408911592734E+01  7.4671639703234114E-13  5.2980803894617285E-13
  7.9794536102143624E+01  7.4096429236921761E-13  5.2394734338277097E-13
  8.0589505205530784E+01  7.3527410229879147E-13  5.1814592079917814E-13
  8.1392394348386802E+01  7.2964543015783070E-13  5.1240330725601531E-13
  8.2203282435696991E+01  7.2407788101168794E-13  5.0671903959064360E-13
  8.3022249158552910E+01  7.1857106175924951E-13  5.0109265549375604E-13
  8.3849375001984953E+01  7.1312458123841009E-13  4.9552369358515983E-13
  8.4684741252871788E+01  7.0773805033203108E-13  4.9001169348870111E-13
  8.5528430007928719E+01  7.0241108084615446E-13  4.8455619498881942E-13
  8.6380524181776309E+01  6.9714316784177246E-13  4.7915664917555300E-13
  8.7241107515088700E+01  6.9193359589940440E-13  4.7381234865146894E-13
  8.8110264582823120E+01  6.8678163980427665E-13  4.6852258079988438E-13
  8.8988080802531968E+01  6.8168658821020427E-13  4.6328664576235203E-13
  8.9874642442757278E+01  6.7664774341622531E-13  4.5810385619297184E-13
  9.0770036631508418E+01  6.7166442115056691E-13  4.5297353701866829E-13
  9.1674351364825412E+01  6.6673595036174473E-13  4.4789502520522232E-13
  9.2587675515426454E+01  6.6186167301670213E-13  4.4286766952890594E-13
  9.3510098841441817E+01  6.5704094390581120E-13  4.3789083035352558E-13
  9.4441711995235465E+01  6.5227313045462474E-13  4.3296387941270445E-13
  9.5382606532313716E+01  6.4755761254224685E-13  4.2808619959724329E-13
  9.6332874920322709E+01  6.4289378232743250E-13  4.2325718474808390E-13
  9.7292610548136693E+01  6.3828107227739610E-13  4.1847625925409694E-13
  9.8261907735034825E+01  6.3371904760153398E-13  4.1374294334358385E-13
  9.9240861739970981E+01  6.2920731396002635E-13  4.0905678662233637E-13
  1.0022956877093615E+02  6.2474548317210183E-13  4.0441734326643724E-13
  1.0122812599441208E+02  6.2033317320859039E-13  3.9982417197020614E-13
  1.0223663154492144E+02  6.1597000818965438E-13  3.9527683589689469E-13
  1.0325518453467191E+02  6.1165561838501093E-13  3.9077490263008383E-13
  1.0428388506329608E+02  6.0738964021667953E-13  3.8631794412574653E-13
  1.0532283422768961E+02  6.0317171626432865E-13  3.8190553666496540E-13
  1.0637213413194623E+02  5.9900149527327352E-13  3.7753726080728490E-13
  1.0743188789739197E+02  5.9487863216520477E-13  3.7321270134468606E-13
  1.0850219967272012E+02  5.9080278805171085E-13  3.6893144725615618E-13
  1.0958317464422623E+02  5.8677362724795551E-13  3.6469308991793703E-13
  1.1067491904614512E+02  5.8279079066670925E-13  3.6049720725881469E-13
  1.1177754017109190E+02  5.7885390912700984E-13  3.5634337181560950E-13
  1.1289114638060589E+02  5.7496262076278055E-13  3.5223116135237012E-13
  1.1401584711579970E+02  5.7111657124464893E-13  3.4816015893213171E-13
  1.1515175290811536E+02  5.6731541377203306E-13  3.4412995283971078E-13
  1.1629897539018660E+02  5.6355880906924952E-13  3.4014013650571419E-13
  1.1745762730680924E+02  5.5984642538573358E-13  3.3619030843174443E-13
  1.1862782252602263E+02  5.5617793850047947E-13  3.3228007211676071E-13
  1.1980967605029859E+02  5.5255303173082553E-13  3.2840903598458897E-13
  1.2100330402784421E+02  5.4897139594570018E-13  3.2457681331253814E-13
  1.2220882376401717E+02  5.4543272958346178E-13  3.2078302216110200E-13
  1.2342635373285248E+02  5.4193673916467589E-13  3.1702728551752304E-13
  1.2465601358870703E+02  5.3848314983499771E-13  3.1330923452077995E-13
  1.2589792417801829E+02  5.3507170337943623E-13  3.0962850604500598E-13
  1.2715220755118028E+02  5.3170214910232039E-13  3.0598474086642353E-13
  1.2841898697453902E+02  5.2837424385642228E-13  3.0237758388262765E-13
  1.2969838694250618E+02  5.2508775210521884E-13  2.9880668405612573E-13
  1.3099053318979372E+02  5.2184244599141523E-13  2.9527169435886701E-13
  1.3229555270377131E+02  5.1863810541200345E-13  2.9177227171772216E-13
  1.3361357373694580E+02  5.1547451810009929E-13  2.8830807696090082E-13
  1.3494472581956501E+02  5.1235147971384369E-13  2.8487877476526811E-13
  1.3628913977234834E+02  5.0926879393266163E-13  2.8148403360454218E-13
  1.3764694771934285E+02  5.0622627256119804E-13  2.7812352569834546E-13
  1.3901828310090761E+02  5.0322373563045376E-13  2.7479692695775015E-13
  1.4040328068682842E+02  5.0026101309446862E-13  2.7150391962596508E-13
  1.4180207658956223E+02  4.9733795745830520E-13  2.6824420323171708E-13
  1.4321480827761329E+02  4.9445443391992416E-13  2.6501748409067381E-13
  1.4464161458904377E+02  4.9161031551095302E-13  2.6182347119464316E-13
  1.4608263574511807E+02  4.8880548326506118E-13  2.5866187618298930E-13
  1.4753801336408247E+02  4.8603982639611035E-13  2.5553241331435719E-13
  1.4900789047508451E+02  4.8331324248662029E-13  2.5243479943871162E-13
  1.5049241153222752E+02  4.8062563768713553E-13  2.4936875396968440E-13
  1.5199172242876782E+02  4.7797692692709292E-13  2.4633399885721965E-13
  1.5350597051145354E+02  4.7536703413786142E-13  2.4333025856051147E-13
  1.5503530459500337E+02  4.7279589248865773E-13  2.4035726002123716E-13
  1.5657987497673307E+02  4.7026344463608676E-13  2.3741473263706819E-13
  1.5813983345132573E+02  4.6776964343967230E-13  2.3450240804038082E-13
  1.5971533332574887E+02  4.6531444984111216E-13  2.3162001571508942E-13
  1.6130652943432216E+02  4.6289783193998711E-13  2.2876728414851820E-13
  1.6291357815393312E+02  4.6051976881522368E-13  2.2594394443451011E-13
  1.6453663741940497E+02  4.5818025096037943E-13  2.2314973031207648E-13
  1.6617586673901894E+02  4.5587928063449438E-13  2.2038437813336336E-13
  1.6783142721018953E+02  4.5361687223426791E-13  2.1764762683201871E-13
  1.6950348153529606E+02  4.5139305268895001E-13  2.1493921789195177E-13
  1.7119219403767357E+02  4.4920786187940041E-13  2.1225889531647252E-13
  1.7289773067776130E+02  4.4706135308292727E-13  2.0960640559781342E-13
  1.7462025906941227E+02  4.4495359344560237E-13  2.0698149768702289E-13
  1.7635994849636668E+02  4.4288466448392115E-13  2.0438392296422349E-13
  1.7811696992888798E+02  4.4085466277514363E-13  2.0181343533467412E-13
  1.7989149604056465E+02  4.3886370939388665E-13  1.9926979698020166E-13
  1.8168370122528157E+02  4.3691195420639014E-13  1.9675278026914068E-13
  1.8349376161435677E+02  4.3499956409699906E-13  1.9426215981340851E-13
  1.8532185509385198E+02  4.3312672265730694E-13  1.9179771184452055E-13
  1.8716816132205560E+02  4.3129363092547933E-13  1.8935921420219246E-13
  1.8903286174713654E+02  4.2950050817244123E-13  1.8694644632299002E-13
  1.9091613962497834E+02  4.2774759273842813E-13  1.8455918922902236E-13
  1.9281818003718809E+02  4.2603514292373421E-13  1.8219722551668335E-13
  1.9473916990928501E+02  4.2436343793783243E-13  1.7986033934544282E-13
  1.9667929802907202E+02  4.2273277891139693E-13  1.7754831642668064E-13
  1.9863875506518841E+02  4.2114348997619894E-13  1.7526094401257170E-13
  2.0061773358584753E+02  4.1959591941395917E-13  1.7299801088253142E-13
  2.0261642807776281E+02  4.1809043364938826E-13  1.7075930369509271E-13
  2.0463503496526070E+02  4.1662740395522234E-13  1.6854459974189265E-13
  2.0667375262958393E+02  4.1520722618859570E-13  1.6635367643326963E-13
  2.0873278142838876E+02  4.1383032656072336E-13  1.6418631347523339E-13
  2.1081232371543487E+02  4.1249716323440940E-13  1.6204229283744828E-13
  2.1291258386047136E+02  4.1120822804081661E-13  1.5992139872166066E-13
  2.1503376826932262E+02  4.0996404832594302E-13  1.5782341753055749E-13
  2.1717608540417257E+02  4.0876518893831126E-13  1.5574813783705641E-13
  2.1933974580405069E+02  4.0761225437062400E-13  1.5369535035401784E-13
  2.2152496210552536E+02  4.0650589106944318E-13  1.5166484790437059E-13
  2.2373194906359825E+02  4.0544678992852157E-13  1.4965642539165146E-13
  2.2596092357281074E+02  4.0443568898307898E-13  1.4766987977094752E-13
  2.2821210468856120E+02  4.0347338093188037E-13  1.4570501148977742E-13
  2.3048571364862968E+02  4.0256074212558740E-13  1.4376163353265695E-13
  2.3278197389492317E+02  4.0169871818519600E-13  1.4183956496349798E-13
  2.3510111109543345E+02  4.0088831499693152E-13  1.3993862594170370E-13
  2.3744335316641431E+02  4.0013060277076589E-13  1.3805863769110704E-13
  2.3980893029478185E+02  3.9942672051902280E-13  1.3619942249665638E-13
  2.4219807496073543E+02  3.9877788093341685E-13  1.3436080370109944E-13
  2.4461102196060452E+02  3.9818537570319197E-13  1.3254260570165862E-13
  2.4704800842992486E+02  3.9765058132243233E-13  1.3074465394669450E-13
  2.4950927386674275E+02  3.9717496544075410E-13  1.2896677493235614E-13
  2.5199506015515101E+02  3.9676009381867818E-13  1.2720879619921533E-13
  2.5450561158906220E+02  3.9640763795706790E-13  1.2547054632887960E-13
  2.5704117489621603E+02  3.9611938245905596E-13  1.2375185481087814E-13
  2.5960199926242620E+02  3.9589721918450647E-13  1.2205254903912728E-13
  2.6218833635607092E+02  3.9574315905654874E-13  1.2037245429207944E-13
  2.6480044035282515E+02  3.9565935564524791E-13  1.1871139705142389E-13
  2.6743856796063903E+02  3.9564811780252182E-13  1.1706920516391579E-13
  2.7010297844496921E+02  3.9571192313133305E-13  1.1544570782767695E-13
  2.7279393365425494E+02  3.9585343294051654E-13  1.1384073557884493E-13
  2.7551169804565302E+02  3.9607550888287832E-13  1.1225412027853513E-13
  2.7825653871102963E+02  3.9638123150519373E-13  1.1068569510010561E-13
  2.8102872540320544E+02  3.9677392097535392E-13  1.0913529451670424E-13
  2.8382853056246870E+02  3.9725716029530835E-13  1.0760275428907506E-13
  2.8665622934334897E+02  3.9783482136002427E-13  1.0608791145361298E-13
  2.8951209964165736E+02  3.9851109430850576E-13  1.0459060430241093E-13
  2.9239642212179842E+02  3.9929052052758176E-13  1.0311067299968566E-13
  2.9530948024435241E+02  4.0017803180263560E-13  1.0164796150294046E-13
  2.9825156029393185E+02  4.0117899328010576E-13  1.0020231540221718E-13
  3.0122295140731779E+02  4.0229925179316211E-13  9.8773581350362118E-14
  3.0422394560187490E+02  4.0354519156412352E-13  9.7361607052885016E-14
  3.0725483780424844E+02  4.0492379803297776E-13  9.5966241258257241E-14
  3.1031592587935063E+02  4.0644273124576155E-13  9.4587333748617953E-14
  3.1340751065963286E+02  4.0811041053487165E-13  9.3224735330862557E-14
  3.1652989597464909E+02  4.0993611259346398E-13  9.1878297828083858E-14
  3.1968338868091740E+02  4.1193008550775982E-13  9.0547874071339349E-14
  3.2286829869207560E+02  4.1410368188999139E-13  8.9233317891722149E-14
  3.2608493900933695E+02  4.1646951498503950E-13  8.7934484112710715E-14
  3.2933362575225476E+02  4.1904164682894712E-13  8.6651228564449537E-14
  3.3261467818978474E+02  4.2183581936600036E-13  8.5383406753367772E-14
  3.3592841877166381E+02  4.2486969947824383E-13  8.4130874281047611E-14
  3.3927517316010130E+02  4.2816318411824386E-13  8.2893487768678155E-14
  3.4265527026177909E+02  4.3173877197421945E-13  8.1671104854190337E-14
  3.4606904226017974E+02  4.3562201305916482E-13  8.0463584184435330E-14
  3.4951682464823017E+02  4.3984205605251027E-13  7.9270785407657508E-14
  3.5299895626127227E+02  4.4443231916056263E-13  7.8092569166237046E-14
  3.5651577931036405E+02  4.4943131828737545E-13  7.6928797089680638E-14
  3.6006763941590981E+02  4.5488369722994347E-13  7.5779331787844140E-14
  3.6365488564162570E+02  4.6084151962203169E-13  7.4644036844366967E-14
  3.6727787052884645E+02  4.6736590319200488E-13  7.3522776810301177E-14
  3.7093695013117048E+02  4.7452910517909584E-13  7.2415417209432114E-14
  3.7463248404945080E+02  4.8241720253719980E-13  7.1321825554717496E-14
  3.7836483546713731E+02  4.9113360067865576E-13  7.0241871547553362E-14
  3.8213437118596778E+02  5.0080365524056524E-13  6.9175425790381992E-14
  3.8594146166201523E+02  5.1158082372734749E-13  6.8122359711599504E-14
  3.8978648104209668E+02  5.2365496393172638E-13  6.7082545560811535E-14
  3.9366980720054210E+02  5.3726367014236143E-13  6.6055856404348845E-14
  3.9759182177632886E+02  5.5270795726508956E-13  6.5042166121022630E-14
  4.0155291021059202E+02  5.7037422881493006E-13  6.4041349398100676E-14
  4.0555346178449918E+02  5.9076538274355858E-13  6.3053281727487681E-14
  4.0959386965750969E+02  6.1454519060038319E-13  6.2077839402092958E-14
  4.1367453090601538E+02  6.4260164997776099E-13  6.1114899512367353E-14
  4.1779584656235880E+02  6.7613614787444782E-13  6.0164339944594014E-14
  4.2195822165424937E+02  7.1678314482119758E-13  5.9226039189488823E-14
  4.2616206524456646E+02  7.6675036858053162E-13  5.8299875927241868E-14
  4.3040779047155928E+02  8.2891562286259101E-13  5.7385729549713911E-14
  4.3469581458945117E+02  9.0666286273862488E-13  5.6483480268761232E-14
  4.3902655900944472E+02  1.0029257062640881E-12  5.5593009111201810E-14
  4.4340044934113467E+02  1.1177175704444456E-12  5.4714197914095070E-14
  4.4781791543433854E+02  1.2448030753605286E-12  5.3846929320309912E-14
  4.5227939142133886E+02  1.3717941239006860E-12  5.2991086774359480E-14
  4.5678531575954707E+02  1.4866426570513639E-12  5.2146554518479549E-14
  4.6133613127459574E+02  1.5838438804772748E-12  5.1313217588929592E-14
  4.6593228520385730E+02  1.6640453123965769E-12  5.0490961812497411E-14
  4.7057422924039457E+02  1.7305057576379156E-12  4.9679673803186788E-14
  4.7526241957735493E+02  1.7866765212190512E-12  4.8879241326316018E-14
  4.7999731695280161E+02  1.8353653363474941E-12  4.8089555528714185E-14
  4.8477938669499190E+02  1.8786594532652604E-12  4.7310509250766152E-14
  4.8960909876811093E+02  1.9180475379830764E-12  4.6541995887892992E-14
  4.9448692781845648E+02  1.9545735459154244E-12  4.5783909389548797E-14
  4.9941335322108347E+02  1.9889819814428393E-12  4.5036144260920563E-14
  5.0438885912692047E+02  2.0218196366909796E-12  4.4298595564853727E-14
  5.0941393451034418E+02  2.0534989545336981E-12  4.3571158923980034E-14
  5.1448907321723686E+02  2.0843349084213290E-12  4.2853730523020920E-14
  5.1961477401352249E+02  2.1145497330768120E-12  4.2146207111244733E-14
  5.2479154063417730E+02  2.1442901320268472E-12  4.1448486005057063E-14
  5.3001988183274045E+02  2.1736848808382182E-12  4.0760465090700866E-14
  5.3530031143131077E+02  2.2028691840667249E-12  4.0082042496793400E-14
  5.4063334837104117E+02  2.2319640851719216E-12  3.9413110873868236E-14
  5.4601951676314150E+02  2.2610620950502551E-12  3.8753558610601491E-14
  5.5145934594038545E+02  2.2902196848646338E-12  3.8103275195746551E-14
  5.5695337050912883E+02  2.3194681141472116E-12  3.7462151376890102E-14
  5.6250213040185236E+02  2.3488374097261201E-12  3.6830079140424332E-14
  5.6810617093022279E+02  2.3783674739607387E-12  3.6206951692065392E-14
  5.7376604283868210E+02  2.4080969960839958E-12  3.5592663437895360E-14
  5.7948230235857636E+02  2.4380326295871460E-12  3.4987109965906978E-14
  5.8525551126281732E+02  2.4681532425601659E-12  3.4390188028031273E-14
  5.9108623692109336E+02  2.4984866095340824E-12  3.3801795522628128E-14
  5.9697505235562505E+02  2.5291017230709946E-12  3.3221831477422199E-14
  6.0292253629748438E+02  2.5600208932198610E-12  3.2650196062141086E-14
  6.0892927324346749E+02  2.5912518149344323E-12  3.2086794027113795E-14
  6.1499585351353574E+02  2.6228076805214085E-12  3.1531537548968929E-14
  6.2112287330883339E+02  2.6546896047555510E-12  3.0984339954834380E-14
  6.2731093477027855E+02  2.6869045576577380E-12  3.0445114955856487E-14
  6.3356064603773780E+02  2.7194746352258953E-12  2.9913776653783164E-14
  6.3987262130979434E+02  2.7524160200251462E-12  2.9390239547455600E-14
  6.4624748090410844E+02  2.7857110972473583E-12  2.8874418539206233E-14
  6.5268585131837983E+02  2.8193252975766366E-12  2.8366228941159585E-14
  6.5918836529191583E+02  2.8532544992563904E-12  2.7865586481433128E-14
  6.6575566186781793E+02  2.8875271929761331E-12  2.7372407310234823E-14
  6.7238838645578346E+02  2.9221739200530885E-12  2.6886608005855823E-14
  6.7908719089553097E+02  2.9572368896258617E-12  2.6408105580563649E-14
  6.8585273352086585E+02  2.9927465722697888E-12  2.5936816882367750E-14
  6.9268567922437592E+02  3.0286698770772333E-12  2.5472656504177122E-14
  6.9958669952277296E+02  3.0649907420846440E-12  2.5015538941723657E-14
  7.0655647262289142E+02  3.1017251667062421E-12  2.4565379416101997E-14
  7.1359568348833648E+02  3.1388481864637187E-12  2.4122093869495728E-14
  7.2070502390680201E+02  3.1763139093387617E-12  2.3685598960932356E-14
  7.2788519255805329E+02  3.2141206307664723E-12  2.3255812062111604E-14
  7.3513689508259574E+02  3.2523178340250272E-12  2.2832651253304178E-14
  7.4246084415101996E+02  3.2909508694381146E-12  2.2416035319319855E-14
  7.4985775953403822E+02  3.3300231243396976E-12  2.2005883745542056E-14
  7.5732836817322561E+02  3.3695180278337467E-12  2.1602116714026412E-14
  7.6487340425245850E+02  3.4094248732637279E-12  2.1204655099662218E-14
  7.7249360927006592E+02  3.4497361611136259E-12  2.0813420537650568E-14
  7.8018973211170464E+02  3.4904661085631433E-12  2.0428336188409665E-14
  7.8796252912395505E+02  3.5316152208451343E-12  2.0049326381113747E-14
  7.9581276418865298E+02  3.5731083937099649E-12  1.9676316030209017E-14
  8.0374120879795817E+02  3.6149310221573054E-12  1.9309230625105888E-14
  8.1174864213017838E+02  3.6571424382106254E-12  1.8947996230515328E-14
  8.1983585112634228E+02  3.6997648721457236E-12  1.8592539486741965E-14
  8.2800363056753361E+02  3.7427866872706793E-12  1.8242787609932648E-14
  8.3625278315300545E+02  3.7862075729872681E-12  1.7898668392279805E-14
  8.4458411957906310E+02  3.8300339760362738E-12  1.7560110202179271E-14
  8.5299845861873462E+02  3.8742415636667762E-12  1.7227041984342025E-14
  8.6149662720224092E+02  3.9187723013940950E-12  1.6899393259858524E-14
  8.7007946049826103E+02  3.9635798846276435E-12  1.6577094119868191E-14
  8.7874780199601059E+02  4.0086547337639509E-12  1.6260074894876368E-14
  8.8750250358813344E+02  4.0539947522560500E-12  1.5948266016994971E-14
  8.9634442565442760E+02  4.0996281987131454E-12  1.5641598515149259E-14
  9.0527443714639787E+02  4.1456113934595440E-12  1.5340004056701820E-14
  9.1429341567265044E+02  4.1919138879063831E-12  1.5043414944693538E-14
  9.2340224758514614E+02  4.2384539293990602E-12  1.4751764115098364E-14
  9.3260182806630576E+02  4.2851632183685586E-12  1.4464985134090663E-14
  9.4189306121698132E+02  4.3319843066900893E-12  1.4183012195323833E-14
  9.5127686014531503E+02  4.3788899453233035E-12  1.3905780117218243E-14
  9.6075414705647177E+02  4.4258712352902552E-12  1.3633224340257859E-14
  9.7032585334326848E+02  4.4729036040576199E-12  1.3365280924293912E-14
  9.7999291967771228E+02  4.5199588877662942E-12  1.3101886545841209E-14
  9.8975629610344424E+02  4.5670150629048335E-12  1.2842978485160913E-14
  9.9961694212910629E+02  4.6140171882803918E-12  1.2588494624285400E-14
  1.0095758268226357E+03  4.6608477467848877E-12  1.2338373459790869E-14
  1.0196339289065063E+03  4.7073543373730728E-12  1.2092554096728325E-14
  1.0297922368539116E+03  4.7534330272226125E-12  1.1850976245758163E-14
  1.0400517489859053E+03  4.7990490496677756E-12  1.1613580220291597E-14
  1.0504134735695172E+03  4.8441212464163520E-12  1.1380306933637470E-14
  1.0608784289168411E+03  4.8885111386829224E-12  1.1151097896153508E-14
  1.0714476434851058E+03  4.9320621687936541E-12  1.0925895212400604E-14
  1.0821221559777562E+03  4.9745947706829779E-12  1.0704641578298820E-14
  1.0929030154465265E+03  5.0158780823132899E-12  1.0487280278284308E-14
  1.1037912813945418E+03  5.0556374020273253E-12  1.0273755182465698E-14
  1.1147880238804364E+03  5.0935703523280496E-12  1.0064010802906789E-14
  1.1258943236235223E+03  5.1293520225675180E-12  9.8579927245049781E-15
  1.1371112721099944E+03  5.1626211631285817E-12  9.6556473133527751E-15
  1.1484399717001952E+03  5.1929217917724459E-12  9.4569214466358352E-15
  1.1598815357369572E+03  5.2196378590297549E-12  9.2617625105158673E-15
  1.1714370886550143E+03  5.2419940055805759E-12  9.0701184002079534E-15
  1.1831077660915039E+03  5.2590765751086223E-12  8.8819375199599580E-15
  1.1948947149975806E+03  5.2697574152787445E-12  8.6971687829344414E-15
  1.2067990937511290E+03  5.2725887616354657E-12  8.5157616109947401E-15
  1.2188220722706067E+03  5.2657728705699915E-12  8.3376659343955720E-15
  1.2309648321300167E+03  5.2470414443304631E-12  8.1628321913795329E-15
  1.2432285666750331E+03  5.2133630370669278E-12  7.9912113276802020E-15
  1.2556144811402771E+03  5.1606380945930118E-12  7.8227547831165507E-15
  1.2681237927677571E+03  5.0833445191855554E-12  7.6574141015181525E-15
  1.2807577309265043E+03  4.9740586047787657E-12  7.4951408929643882E-15
  1.2935175372333858E+03  4.8229272108109371E-12  7.3358873186195162E-15
  1.3064044656751225E+03  4.6172229920001882E-12  7.1796061166042510E-15
  1.3194197827315336E+03  4.3417844502559500E-12  7.0262505974307629E-15
  1.3325647674999966E+03  3.9825046637921045E-12  6.8757746394655768E-15
  1.3458407118211560E+03  3.5359313933448027E-12  6.7281326844187825E-15
  1.3592489204058734E+03  3.0240296626731184E-12  6.5832797328588169E-15
  1.3727907109634589E+03  2.4989640754219736E-12  6.4411713397514105E-15
  1.3864674143311663E+03  2.0200466558927015E-12  6.3017636100219440E-15
  1.4002803746049794E+03  1.6220250842866484E-12  6.1650131941401469E-15
  1.4142309492717120E+03  1.3088761586003260E-12  6.0308772838860467E-15
  1.4283205093424133E+03  1.0678914323579695E-12  5.8993137201321241E-15
  1.4425504394871018E+03  8.8275315438487711E-13  5.7702811801543684E-15
  1.4569221381708530E+03  7.3927493415013376E-13  5.6437388873443967E-15
  1.4714370177912303E+03  6.2662160501582424E-13  5.5196465488349458E-15
  1.4860965048170940E+03  5.3690183761539989E-13  5.3979643531773565E-15
  1.5009020399287817E+03  4.6444313310489868E-13  5.2786529679701774E-15
  1.5158550781597035E+03  4.0515735392085882E-13  5.1616735374393231E-15
  1.5309570890393320E+03  3.5606925936426795E-13  5.0469876799709928E-15
  1.5462095567376186E+03  3.1498557582686575E-13  4.9345574855979344E-15
  1.5616139802108596E+03  2.8026694456700012E-13  4.8243455134397826E-15
  1.5771718733490056E+03  2.5067098341516357E-13  4.7163147890986131E-15
  1.5928847651244350E+03  2.2524356223414029E-13  4.6104288020103620E-15
  1.6087541997422259E+03  2.0324268177059121E-13  4.5066515067786878E-15
  1.6247817367919076E+03  1.8408452301639456E-13  4.4049473519031226E-15
  1.6409689514007359E+03  1.6730471071855035E-13  4.3052812564573623E-15
  1.6573174343884832E+03  1.5253014526437072E-13  4.2076185877181321E-15
  1.6738287924237886E+03  1.3945826411297809E-13  4.1119251583760437E-15
  1.6905046481820505E+03  1.2784158942286973E-13  4.0181672238540439E-15
  1.7073466405048916E+03  1.1747608363972431E-13  3.9263114795821359E-15
  1.7243564245612297E+03  1.0819228058675593E-13  3.8363250582293629E-15
  1.7415356720099344E+03  9.9848462390274214E-14  3.7481755268943880E-15
  1.7588860711641087E+03  9.2325360601637970E-14  3.6618308842555595E-15
  1.7764093271570187E+03  8.5522004440249088E-14  3.5772595576816586E-15
  1.7941071621096617E+03  7.9352440674381209E-14  3.4944304003044528E-15
  1.8119813153000139E+03  7.3743121722207848E-14  3.4133126837290600E-15
  1.8300335433339521E+03  6.8630808030624981E-14  3.3338759823136659E-15
  1.8482656203178972E+03  6.3960876690885195E-14  3.2560901715339377E-15
  1.8666793380331626E+03  5.9685949256308834E-14  3.1799255562440478E-15
  1.8852765061120376E+03  5.5764766535590745E-14  3.1053528734175649E-15
  1.9040589522156420E+03  5.2161262744417178E-14  3.0323432879056083E-15
  1.9230285222135369E+03  4.8843799640328880E-14  2.9608683882032638E-15
  1.9421870803651245E+03  4.5784529708919281E-14  2.8909001822244999E-15
  1.9615365095028717E+03  4.2958864053414930E-14  2.8224110930857800E-15
  1.9810787112173402E+03  4.0345025700672472E-14  2.7553739548988543E-15
  2.0008156060440717E+03  3.7923672953473343E-14  2.6897620085729173E-15
  2.0207491336523237E+03  3.5677580470129084E-14  2.6255488976265637E-15
  2.0408812530357040E+03  3.3591368145776357E-14  2.5627086641096190E-15
  2.0612139427046886E+03  3.1651270548292485E-14  2.5012157982452941E-15
  2.0817492008810545E+03  2.9844939721498851E-14  2.4410453123192386E-15
  2.1024890456942730E+03  2.8161272838507719E-14  2.3821726082650146E-15
  2.1234355153798333E+03  2.6590265104257703E-14  2.3245734510717689E-15
  2.1445906684795509E+03  2.5122882830484116E-14  2.2682239656553983E-15
  2.1659565840438836E+03  2.3750953312552722E-14  2.2131006337067216E-15
  2.1875353618362451E+03  2.2467069006967073E-14  2.1591802905179401E-15
  2.2093291225393659E+03  2.1264503920754384E-14  2.1064401217885350E-15
  2.2313400079636990E+03  2.0137140461959717E-14  2.0548576604118908E-15
  2.2535701812579200E+03  1.9079405278639738E-14  2.0044107832437404E-15
  2.2760218271215085E+03  1.8086212843541271E-14  1.9550777078537716E-15
  2.2986971520194447E+03  1.7152915732175592E-14  1.9068369892615033E-15
  2.3215983843990666E+03  1.6275260607338889E-14  1.8596675088794678E-15
  2.3447277749090672E+03  1.5449348859117120E-14  1.8135484258431507E-15
  2.3680875966206718E+03  1.4671602587121654E-14  1.7684592104243367E-15
  2.3916801452510413E+03  1.3938734187096677E-14  1.7243796647708681E-15
  2.4155077393888787E+03  1.3247719014050707E-14  1.6812899192434092E-15
  2.4395727207222953E+03  1.2595770987129459E-14  1.6391704286849981E-15
  2.4638774542689339E+03  1.1980320780519019E-14  1.5980019686974719E-15
  2.4884243286084061E+03  1.1398996291870012E-14  1.5577656319254575E-15
  2.5132157561170311E+03  1.0849605120592355E-14  1.5184428243487864E-15
  2.5382541732049017E+03  1.0330118823289518E-14  1.4800152615840564E-15
  2.5635420405553455E+03  9.8386587435216209E-15  1.4424649651960324E-15
  2.5890818433667419E+03  9.3734832387873390E-15  1.4057742590197212E-15
  2.6148760915967500E+03  8.9329761428428892E-15  1.3699257637547455E-15
  2.6409273202089948E+03  8.5156362382796832E-15  1.3349023690587695E-15
  2.6672380894221837E+03  8.1200678594370040E-15  1.3006872385885943E-15
  2.6938109849617208E+03  7.7449724368128091E-15  1.2672638280599851E-15
  2.7206486183138090E+03  7.3891407298851630E-15  1.2346158819512247E-15
  2.7477536269821167E+03  7.0514457643922661E-15  1.2027274296083970E-15
  2.7751286747469744E+03  6.7308364049581125E-15  1.1715827813794437E-15
  2.8027764519271477E+03  6.4263314988306543E-15  1.1411665247771515E-15
  2.8306996756442550E+03  6.1370145337104064E-15  1.1114635206711714E-15
  2.8589010900897838E+03  5.8620287589698515E-15  1.0824588995093526E-15
  2.8873834667947717E+03  5.6005727251145597E-15  1.0541380575684725E-15
  2.9161496049022012E+03  5.3518962012209239E-15  1.0264866532345451E-15
  2.9452023314420753E+03  5.1152964357729992E-15  9.9949060366286389E-16
  2.9745445016092553E+03  4.8901149128666464E-15  9.7313612180547915E-16
  3.0041789990440461E+03  4.6757343541659578E-15  9.4740974673039360E-16
  3.0341087361156074E+03  4.4715754355762661E-15  9.2229826166331020E-16
  3.0643366542081612E+03  4.2770940835351243E-15  8.9778868094032534E-16
  3.0948657240100547E+03  4.0917790345514953E-15  8.7386824726455279E-16
  3.1256989458057210E+03  3.9151495859911310E-15  8.5052442895847775E-16
  3.1568393497705315E+03  3.7467535213013315E-15  8.2774491721336987E-16
  3.1882899962685779E+03  3.5861651945071423E-15  8.0551762333696294E-16
  3.2200539761534551E+03  3.4329837602745446E-15  7.8383067600060334E-16
  3.2521344110720056E+03  3.2868315371450457E-15  7.6267241848708606E-16
  3.2845344537711071E+03  3.1473524927167487E-15  7.4203140594028314E-16
  3.3172572884075034E+03  3.0142108405967022E-15  7.2189640261766631E-16
  3.3503061308607494E+03  2.8870896611392708E-15  7.0225635904377817E-16
  3.3836842290492455E+03  2.7656893944290460E-15  6.8310033329802662E-16
  3.4173948632494244E+03  2.6497270542582624E-15  6.6441756682862030E-16
  3.4514413464181384E+03  2.5389353228731058E-15  6.4619751461427924E-16
  3.4858270245182425E+03  2.4330615739727460E-15  6.2842984149601226E-16
  3.5205552768474049E+03  2.3318669640824825E-15  6.1110441854059855E-16
  3.5556295163702393E+03  2.2351255870481283E-15  5.9421131945626283E-16
  3.5910531900537044E+03  2.1426236867579748E-15  5.7774081705997225E-16
  3.6268297792058479E+03  2.0541589236183121E-15  5.6168337979573805E-16
  3.6629627998179626E+03  1.9695396906890086E-15  5.4602966830332445E-16
  3.6994558029101036E+03  1.8885844757307487E-15  5.3077053203680715E-16
  3.7363123748800845E+03  1.8111212657282940E-15  5.1589700593238844E-16
  3.7735361378559141E+03  1.7369869993707006E-15  5.0140030972852709E-16
  3.8111307500517923E+03  1.6660271612839174E-15  4.8727187827420602E-16
  3.8490999061276120E+03  1.5980952443205740E-15  4.7350334465643066E-16
  3.8874473375520470E+03  1.5330521921983969E-15  4.6008650810430442E-16
  3.9261768129692896E+03  1.4707659749059689E-15  4.4701333061529704E-16
  3.9652921385694071E+03  1.4111111935783963E-15  4.3427593435365616E-16
  4.0047971584623879E+03  1.3539687101680266E-15  4.2186659907337801E-16
  4.0446957550559514E+03  1.2992253001794162E-15  4.0977775956596551E-16
  4.0849918494370800E+03  1.2467733268715255E-15  3.9800200313320967E-16
  4.1256894017573777E+03  1.1965104354520255E-15  3.8653206708518342E-16
  4.1667924116222412E+03  1.1483392659008026E-15  3.7536083626364295E-16
  4.2083049184839547E+03  1.1021671831621922E-15  3.6448134059100178E-16
  4.2502310020386540E+03  1.0579060233687536E-15  3.5388675258253582E-16
  4.2925747826272591E+03  1.0154718418609254E-15  3.4357038031094536E-16
  4.3353404216404233E+03  9.7478468158395498E-16  3.3352566241534680E-16
  4.3785321219274938E+03  9.3576838625689002E-16  3.2374617374928932E-16
  4.4221541282095350E+03  8.9835040359646816E-16  3.1422562381905992E-16
  4.4662107274965092E+03  8.6246159744982896E-16  3.0495785439129064E-16
  4.5107062495085775E+03  8.2803607077279837E-16  2.9593683713168381E-16
  4.5556450671016082E+03  7.9501099876075542E-16  2.8715667127474782E-16
  4.6010315966969129E+03  7.6332647148798461E-16  2.7861158132442091E-16
  4.6468702987153019E+03  7.3292534545634658E-16  2.7029591478545406E-16
  4.6931656780154253E+03  7.0375310349578374E-16  2.6220413992543331E-16
  4.7399222843364778E+03  6.7575772249749544E-16  2.5433084356729920E-16
  4.7871447127453603E+03  6.4888954849603882E-16  2.4667072891213684E-16
  4.8348376040882495E+03  6.2310117382353494E-16  2.3921861153029404E-16
  4.8830056454466712E+03  5.9834731102867338E-16  2.3196941164065946E-16
  4.9316535705981596E+03  5.7458470538908385E-16  2.2491815862466445E-16
  4.9807861604814507E+03  5.5177204092560266E-16  2.1805999114410690E-16
  5.0304082436663512E+03  5.2986984559982597E-16  2.1139015502215089E-16
  5.0805246968282490E+03  5.0884040160705612E-16  2.0490400115806120E-16
  5.1311404452274055E+03  4.8864766046358367E-16  1.9859698347545290E-16
  5.1822604631929771E+03  4.6925716260643841E-16  1.9246465690370680E-16
  5.2338897746118600E+03  4.5063596124188114E-16  1.8650267539218287E-16
  5.2860334534224476E+03  4.3275255019580417E-16  1.8070678995686592E-16
  5.3386966241132650E+03  4.1557679553501826E-16  1.7507284675909460E-16
  5.3918844622265688E+03  3.9907987074294347E-16  1.6959678521600781E-16
  5.4456021948670095E+03  3.8323419519383466E-16  1.6427463611448788E-16
  5.4998551012153157E+03  3.6801337542293572E-16  1.5910251953494239E-16
  5.5546485130471192E+03  3.5339215011054241E-16  1.5407664321546116E-16
  5.6099878152569208E+03  3.3934633783296685E-16  1.4919330095712968E-16
  5.6658784463873335E+03  3.2585278720056048E-16  1.4444887088506386E-16
  5.7223258991635466E+03  3.1288932950705982E-16  1.3983981373763271E-16
  5.7793357210330933E+03  3.0043473375233431E-16  1.3536267118511743E-16
  5.8369135147111074E+03  2.8846866390834896E-16  1.3101406417743153E-16
  5.8950649387309113E+03  2.7697163830602661E-16  1.2679069132056120E-16
  5.9537957080000251E+03  2.6592499102793519E-16  1.2268932728135803E-16
  6.0131115943619625E+03  2.5531083519850062E-16  1.1870682122030589E-16
  6.0730184271633680E+03  2.4511202806998670E-16  1.1484009525194072E-16
  6.1335220938269067E+03  2.3531213780115675E-16  1.1108614292861848E-16
  6.1946285404298715E+03  2.2589541152588578E-16  1.0744202759636682E-16
  6.2563437722885810E+03  2.1684674518186183E-16  1.0390488089688897E-16
  6.3186738545484932E+03  2.0815165538786618E-16  1.0047190156969932E-16
  6.3816249127802912E+03  1.9979625220937866E-16  9.7140354061206869E-17
  6.4452031335819265E+03  1.9176721317666634E-16  9.3907567139794303E-17
  6.5094147651865378E+03  1.8405175853420264E-16  9.0770932536285517E-17
  6.5742661180765435E+03  1.7663762765789604E-16  8.7727903609438698E-17
  6.6397635656038510E+03  1.6951305658023464E-16  8.4775994036120677E-17
  6.7059135446161235E+03  1.6266675656678530E-16  8.1912776525821581E-17
  6.7727225560894167E+03  1.5608789369059724E-16  7.9135881559152732E-17
  6.8401971657671056E+03  1.4976606935405555E-16  7.6442996149991622E-17
  6.9083440048050634E+03  1.4369130170998515E-16  7.3831862630601512E-17
  6.9771697704233848E+03  1.3785400527550726E-16  7.1300276070465113E-17
  7.0466812265646104E+03  1.3224496797951132E-16  6.8846079942945280E-17
  7.1168852045583699E+03  1.2685534363299786E-16  6.6467169343648045E-17
  7.1877886037927947E+03  1.2167663863555578E-16  6.4161490965156040E-17
  7.2593983923925944E+03  1.1670069706419858E-16  6.1927041922206194E-17
  7.3317216079037817E+03  1.1191968644133319E-16  5.9761868602157475E-17
  7.4047653579853340E+03  1.0732608414839565E-16  5.7664065540246034E-17
  7.4785368211077548E+03  1.0291266445350421E-16  5.5631774319146372E-17
  7.5530432472584571E+03  9.8672486123157112E-17  5.3663182492366427E-17
  7.6282919586543112E+03  9.4598880589565542E-17  5.1756522530999071E-17
  7.7042903504612914E+03  9.0685440646730205E-17  4.9910070793374558E-17
  7.7810458915211511E+03  8.6926009649777589E-17  4.8122146517164634E-17
  7.8585661250854837E+03  8.3314672001225031E-17  4.6391111290669943E-17
  7.9368586695570857E+03  7.9845749632962268E-17  4.4715371660844279E-17
  8.0159312192385787E+03  7.6513787944566254E-17  4.3093375667811516E-17
  8.0957915450886185E+03  7.3313542449945622E-17  4.1523609519790148E-17
  8.1764474954856314E+03  7.0239970293681231E-17  4.0004596740783650E-17
  8.2579069969991087E+03  6.7288222176648187E-17  3.8534897359594949E-17
  8.3401780551684824E+03  6.4453634626314781E-17  3.7113107114193118E-17
  8.4232687552900788E+03  6.1731722595893456E-17  3.5737856671214961E-17
  8.5071872632116210E+03  5.9118172377340322E-17  3.4407810860401685E-17
  8.5919418261346200E+03  5.6608834813906736E-17  3.3121667923754278E-17
  8.6775407734250966E+03  5.4199718798649594E-17  3.1878158779193072E-17
  8.7639925174320579E+03  5.1886985046000474E-17  3.0676046298520631E-17
  8.8513055543141181E+03  4.9666939971509152E-17  2.9514124506309257E-17
  8.9394884648746865E+03  4.7536024982592970E-17  2.8391214883837324E-17
  9.0285499154051377E+03  4.5490810838555293E-17  2.7306165545665156E-17
  9.1184986585364750E+03  4.3527999211859218E-17  2.6257854603015205E-17
  9.2093435340995475E+03  4.1644417906824570E-17  2.5245189685108600E-17
  9.3010934699938516E+03  3.9837015846161560E-17  2.4267107213102432E-17
  9.3937574830648246E+03  3.8102858270456062E-17  2.3322571692058508E-17
  9.4873446799900339E+03  3.6439122140916480E-17  2.2410575020494031E-17
  9.5818642581742097E+03  3.4843091736172493E-17  2.1530135817081272E-17
  9.6773255066530219E+03  3.3312154434362159E-17  2.0680298764071358E-17
  9.7737378070060222E+03  3.1843796672158011E-17  1.9860133967023155E-17
  9.8711106342786879E+03  3.0435600072792934E-17  1.9068736330431352E-17
  9.9694535579134972E+03  2.9085237736536105E-17  1.8305224949561330E-17
  1.0068776242690406E+04  2.7790471596931312E-17  1.7568743097992585E-17
  1.0169088449676750E+04  2.6549150526154980E-17  1.6858458615894181E-17
  1.0270400037186400E+04  2.5359204489188885E-17  1.6173561734600418E-17
  1.0372720961748661E+04  2.4218640929730750E-17  1.5513264218635963E-17
  1.0476061279086818E+04  2.3125541832927211E-17  1.4876798862874983E-17
  1.0580431145106262E+04  2.2078060905810558E-17  1.4263419000817885E-17
  1.0685840816892640E+04  2.1074420870395080E-17  1.3672398023745540E-17
  1.0792300653719924E+04  2.0112910864624991E-17  1.3103028910518748E-17
  1.0899821118068385E+04  1.9191883946582603E-17  1.2554623767793443E-17
  1.1008412776652847E+04  1.8309754697568253E-17  1.2026513380422728E-17
  1.1118086301461224E+04  1.7464996919866444E-17  1.1518046771823596E-17
  1.1228852470803191E+04  1.6656141425199379E-17  1.1028590774089203E-17
  1.1340722170369494E+04  1.5881773858747061E-17  1.0557529573644804E-17
  1.1453706394301831E+04  1.5140532335736773E-17  1.0104264088698258E-17
  1.1567816246273178E+04  1.4431105759486646E-17  9.6682117477990603E-18
  1.1683062940579086E+04  1.3752232133031498E-17  9.2488062247339717E-18
  1.1799457803239842E+04  1.3102696736696260E-17  8.8454970487873118E-18
  1.1917012273113431E+04  1.2481330375440682E-17  8.4577492230803561E-18
  1.2035737903019741E+04  1.1887007694329179E-17  8.0850428516095371E-18
  1.2155646360876035E+04  1.1318645559282802E-17  7.7268727747720650E-18
  1.2276749430843474E+04  1.0775201500396627E-17  7.3827482131721750E-18
  1.2399059014485283E+04  1.0255672215221146E-17  7.0521924195030554E-18
  1.2522587131936460E+04  9.7590921295237946E-18  6.7347423383060587E-18
  1.2647345923085042E+04  9.2845320131543896E-18  6.4299482734122106E-18
  1.2773347648764979E+04  8.8310976387198463E-18  6.1373735557350352E-18
  1.2900604691961402E+04  8.3979282767769323E-18  5.8565940660241009E-18
  1.3029129559027424E+04  7.9841955113806229E-18  5.5871979559237528E-18
  1.3158934880913053E+04  7.5891023197583104E-18  5.3287855314943879E-18
  1.3290033414406829E+04  7.2118819339611106E-18  5.0809689589574066E-18
  1.3422438043389377E+04  6.8517967333268151E-18  4.8433719684353654E-18
  1.3556161780099390E+04  6.5081371788706925E-18  4.6156295645597145E-18
  1.3691217766412783E+04  6.1802207878810775E-18  4.3973877437602092E-18
  1.3827619275134020E+04  5.8673911470752509E-18  4.1883032180576267E-18
  1.3965379711300491E+04  5.5690169627382695E-18  3.9880431451833212E-18
  1.4104512613499957E+04  5.2844911463375340E-18  3.7962848648555267E-18
  1.4245031655201183E+04  5.0132299341713798E-18  3.6127156410470373E-18
  1.4386950646097514E+04  4.7546720402102268E-18  3.4370324104884983E-18
  1.4530283533464146E+04  4.5082779973017961E-18  3.2689416519853707E-18
  1.4675044403528893E+04  4.2735295478273000E-18  3.1081592763530437E-18
  1.4821247482856361E+04  4.0499284980244275E-18  2.9544101094087706E-18
  1.4968907139746159E+04  3.8369959369780811E-18  2.8074276236921129E-18
  1.5118037885645064E+04  3.6342715464874430E-18  2.6669537218947714E-18
  1.5268654376572962E+04  3.4413129353306014E-18  2.5327385245961173E-18
  1.5420771414563289E+04  3.2576949969919279E-18  2.4045401622128404E-18
  1.5574403949117801E+04  3.0830092899579420E-18  2.2821245710750224E-18
  1.5729567078675576E+04  2.9168634397244890E-18  2.1652652935433516E-18
  1.5886276052096933E+04  2.7588805616931932E-18  2.0537432820843860E-18
  1.6044546270162120E+04  2.6086987041704717E-18  1.9473467072241418E-18
  1.6204393287084646E+04  2.4659703107152139E-18  1.8458707693028732E-18
  1.6365832812040015E+04  2.3303616793057825E-18  1.7491174974119624E-18
  1.6528880710709636E+04  2.2015523594388934E-18  1.6568954913515957E-18
  1.6693553006839862E+04  2.0792347776476257E-18  1.5690198262510974E-18
  1.6859865883816841E+04  1.9631138235651631E-18  1.4853119190239025E-18
  1.7027835686257054E+04  1.8529063937723451E-18  1.4055993546563432E-18
  1.7197478921613420E+04  1.7483409514281148E-18  1.3297157160832462E-18
  1.7368812261797655E+04  1.6491571012241791E-18  1.2575004176715439E-18
  1.7541852544818867E+04  1.5551051790956269E-18  1.1887985422367711E-18
  1.7716616776438103E+04  1.4659458561433168E-18  1.1234606815202287E-18
  1.7893122131839718E+04  1.3814497562464972E-18  1.0613427800570505E-18
  1.8071385957319413E+04  1.3013970868667979E-18  1.0023059823686152E-18
  1.8251425771988725E+04  1.2255772825658402E-18  9.4621648341534410E-19
  1.8433259269496863E+04  1.1537886648851218E-18  8.9294538545851342E-19
  1.8616904319769652E+04  1.0858381790211856E-18  8.4236860862159289E-19
  1.8802378970765680E+04  1.0215410445578804E-18  7.9436672921109131E-19
  1.8989701450249715E+04  9.6072037170989968E-19  7.4882478557723959E-19
  1.9178890167584541E+04  9.0320686349612351E-19  7.0563214497029273E-19
  1.9369963715539900E+04  8.4883853051970545E-19  6.6468237518305016E-19
  1.9562940872119518E+04  7.9746041523406618E-19  6.2587311880412352E-19
  1.9757840602406992E+04  7.4892432538625194E-19  5.8910597005360414E-19
  1.9954682060429372E+04  7.0308857634164035E-19  5.5428635417395560E-19
  2.0153484591039309E+04  6.5981774200483170E-19  5.2132340934921355E-19
  2.0354267731816686E+04  6.1898241406254022E-19  4.9012987112625177E-19
  2.0557051214988413E+04  5.8045896928521195E-19  4.6062195931279622E-19
  2.0761854969367581E+04  5.4412934459962663E-19  4.3271926729947656E-19
  2.0968699122312108E+04  5.0988081500039450E-19  4.0634465004697294E-19
  2.1177604001702861E+04  4.7760578011578835E-19  3.8142411551897556E-19
  2.1388590137941203E+04  4.4720157183829458E-19  3.5788672957338821E-19
  2.1601678265966730E+04  4.1857025920034093E-19  3.3566451561217431E-19
  2.1816889327295179E+04  3.9161845851684745E-19  3.1469235545291584E-19
  2.2034244472076211E+04  3.6625715004790079E-19  2.9490789254521671E-19
  2.2253765061172107E+04  3.4240150098058540E-19  2.7625143750529221E-19
  2.2475472668257171E+04  3.1997069453617675E-19  2.5866587594235167E-19
  2.2699389081937617E+04  2.9888776501550560E-19  2.4209657855041135E-19
  2.2925536307893050E+04  2.7907943860153062E-19  2.2649131343909135E-19
  2.3153936571039216E+04  2.6047597974430495E-19  2.1180016067701245E-19
  2.3384612317711897E+04  2.4301104295923646E-19  1.9797542902130997E-19
  2.3617586217873024E+04  2.2662153269517777E-19  1.8497157711613628E-19
  2.3852881167338706E+04  2.1124747559325168E-19  1.7274514279368975E-19
  2.4090520290029090E+04  1.9683187442425502E-19  1.6125465553147475E-19
  2.4330526940241027E+04  1.8332057530962379E-19  1.5046055786035521E-19
  2.4572924704943380E+04  1.7066214502247202E-19  1.4032513323304193E-19
  2.4817737406094784E+04  1.5880775270400022E-19  1.3081243585029225E-19
  2.5064989102984931E+04  1.4771105586365730E-19  1.2188822241924721E-19
  2.5314704094599168E+04  1.3732809053879441E-19  1.1351988582087426E-19
  2.5566906922006227E+04  1.2761716549269698E-19  1.0567639066279995E-19
  2.5821622370770143E+04  1.1853876033286608E-19  9.8328210693101439E-20
  2.6078875473386295E+04  1.1005542743438095E-19  9.1447268050009208E-20
  2.6338691511741163E+04  1.0213169755597742E-19  8.5006874321829157E-20
  2.6601096019597098E+04  9.4733989050149811E-20  7.8981673400401278E-20
  2.6866114785101858E+04  8.7830520640710964E-20  7.3347586175941300E-20
  2.7133773853322637E+04  8.1391227381111808E-20  6.8081756789765208E-20
  2.7404099528805848E+04  7.5387679895674774E-20  6.3162500594615489E-20
  2.7677118378162344E+04  6.9793006872769953E-20  5.8569253866027448E-20
  2.7952857232678245E+04  6.4581820628943320E-20  5.4282525156742267E-20
  2.8231343190951397E+04  5.9730145648613497E-20  5.0283848264196670E-20
  2.8512603621555219E+04  5.5215350006248452E-20  4.6555736781110030E-20
  2.8796666165728053E+04  5.1016079580094530E-20  4.3081640198831106E-20
  2.9083558740089276E+04  4.7112194968512425E-20  3.9845901532681968E-20
  2.9373309539383554E+04  4.3484711021985311E-20  3.6833716438207192E-20
  2.9665947039251350E+04  4.0115738905867555E-20  3.4031093786976335E-20
  2.9961499999027081E+04  3.6988430616585238E-20  3.1424817675245934E-20
  3.0259997464566160E+04  3.4086926305971380E-20  2.9002411203341370E-20
  3.0561468771099109E+04  3.1396303595472034E-20  2.6752101367538609E-20
  3.0865943546114475E+04  2.8902528062678116E-20  2.4662784406635896E-20
  3.1173451712270591E+04  2.6592406720725311E-20  2.2723993171325870E-20
  3.1484023490336494E+04  2.4453543648443776E-20  2.0925865837368612E-20
  3.1797689402161515E+04  2.2474297599791099E-20  1.9259115846743380E-20
  3.2114480273675028E+04  2.0643741523081710E-20  1.7715003045176530E-20
  3.2434427237916138E+04  1.8951623922159335E-20  1.6285305984456420E-20
  3.2757561738092892E+04  1.7388331993265184E-20  1.4962295357987588E-20
  3.3083915530672639E+04  1.5944856472938553E-20  1.3738708538113799E-20
  3.3413520688503100E+04  1.4612758133878471E-20  1.2607725183872729E-20
  3.3746409603963992E+04  1.3384135867263290E-20  1.1562943888008999E-20
  3.4082614992150629E+04  1.2251596335412054E-20  1.0598359870825410E-20
  3.4422169894089238E+04  1.1208225152796501E-20  9.7083437047581254E-21
  3.4765107679983696E+04  1.0247559196396177E-20  8.8876207384174838E-21
  3.5111462052495255E+04  9.3635604122727078E-21  8.1312515602795257E-21
  3.5461267050054921E+04  8.5505909757940852E-21  7.4346133948002381E-21
  3.5814557050208168E+04  7.8033896993121662E-21  6.7933823543145240E-21
  3.6171366772993708E+04  7.1170496366536598E-21  6.2035165178561609E-21
  3.6531731284355817E+04  6.4869968352242989E-21  5.6612398084395093E-21
  3.6895685999590074E+04  5.9089701879456921E-21  5.1630266407675701E-21
  3.7263266686824049E+04  5.3790023386476785E-21  4.7055873117777126E-21
  3.7634509470532706E+04  4.8934015959342870E-21  4.2858541069115491E-21
  3.8009450835088144E+04  4.4487348119162758E-21  3.9009680954869907E-21
  3.8388127628345297E+04  4.0418111764323149E-21  3.5482665827020873E-21
  3.8770577065263547E+04  3.6696668390102115E-21  3.2252711510158225E-21
  3.9156836731563519E+04  3.3295504905261230E-21  2.9296764183645015E-21
  3.9546944587421160E+04  3.0189097405106818E-21  2.6593393770869995E-21
  3.9940938971198513E+04  2.7353782053842695E-21  2.4122692472502951E-21
  4.0338858603211040E+04  2.4767633283704212E-21  2.1866178710613712E-21
  4.0740742589533111E+04  2.2410348972553190E-21  1.9806706262009981E-21
  4.1146630425841475E+04  2.0263142265640826E-21  1.7928378357848656E-21
  4.1556562001296246E+04  1.8308639719412085E-21  1.6216466532706707E-21
  4.1970577602461308E+04  1.6530785457139506E-21  1.4657334012452330E-21
  4.2388717917263726E+04  1.4914751037865643E-21  1.3238363436444312E-21
  4.2811024038992284E+04  1.3446850751552909E-21  1.1947888715760675E-21
  4.3237537470335395E+04  1.2114462069299822E-21  1.0775130839649052E-21
  4.3668300127460869E+04  1.0905951172325272E-21  9.7101376136470150E-22
  4.4103354344134779E+04  9.8106028915713982E-22  8.7437267782405813E-22
  4.4542742875881311E+04  8.8185547224949068E-22  7.8674322522852203E-22
  4.4986508904185670E+04  7.9207353419379526E-22  7.0734539249451888E-22
  4.5434696040737312E+04  7.1088070746717831E-22  6.3546105407777159E-22
  4.5887348331715359E+04  6.3751120677876491E-22  5.7042954974956312E-22
  4.6344510262118391E+04  5.7126219688215629E-22  5.1164354070716823E-22
  4.6806226760135651E+04  5.1148909124408787E-22  4.5854512764637710E-22
  4.7272543201562294E+04  4.5760116291877373E-22  4.1062221697548262E-22
  4.7743505414258951E+04  4.0905744982027759E-22  3.6740512189390533E-22
  4.8219159682655838E+04  3.6536293740215168E-22  3.2846338559224705E-22
  4.8699552752300784E+04  3.2606500254376632E-22  2.9340281435262953E-22
  4.9184731834453552E+04  2.9075009899807026E-22  2.6186270502896354E-22
  4.9674744610725880E+04  2.5904067099177857E-22  2.3351325686420978E-22
  5.0169639237766823E+04  2.3059230699625029E-22  2.0805318040959875E-22
  5.0669464351995732E+04  2.0509108328556245E-22  1.8520745982724631E-22
  5.1174269074382377E+04  1.8225109500410411E-22  1.6472526811442289E-22
  5.1684103015273751E+04  1.6181216683667051E-22  1.4637802959109253E-22
  5.2199016279269905E+04  1.4353773186682245E-22  1.2995762071716710E-22
  5.2719059470148335E+04  1.2721286781340953E-22  1.1527470073987577E-22
  5.3244283695836559E+04  1.1264248041506614E-22  1.0215716409156325E-22
  5.3774740573435032E+04  9.9649624288901142E-23  9.0448706864272452E-23
  5.4310482234290335E+04  8.8073952123175898E-23  8.0007500079822390E-23
  5.4851561329117707E+04  7.7770283574766700E-23  7.0704962852577075E-23
  5.5398031033175743E+04  6.8607286041016499E-23  6.2424629190204308E-23
  5.5949945051492519E+04  6.0466261087037188E-23  5.5061103572900971E-23
  5.6507357624142984E+04  5.3240022986433011E-23  4.8519093697136320E-23
  5.7070323531579685E+04  4.6831868190550442E-23  4.2712519978153183E-23
  5.7638898100016784E+04  4.1154630136077825E-23  3.7563697331330958E-23
  5.8213137206866653E+04  3.6129811439107694E-23  3.3002582545332908E-23
  5.8793097286231590E+04  3.1686787839203211E-23  2.8966082617228741E-23
  5.9378835334450334E+04  2.7762078624233628E-23  2.5397419707993815E-23
  5.9970408915698637E+04  2.4298678597885758E-23  2.2245548635901320E-23
  6.0567876167647410E+04  2.1245446966316479E-23  1.9464623072787906E-23
  6.1171295807175411E+04  1.8556548819021637E-23  1.7013506844320176E-23
  6.1780727136140107E+04  1.6190945162033774E-23  1.4855326960343399E-23
  6.2396230047206023E+04  1.4111927710794705E-23  1.2957065198082504E-23
  6.3017865029730034E+04  1.2286694421456687E-23  1.1289184819857910E-23
  6.3645693175706321E+04  1.0685963787494427E-23  9.8252908670487636E-24
  6.4279776185770796E+04  9.2836246204470261E-24  8.5418212420506423E-24
  6.4920176375263938E+04  8.0564169873713841E-24  7.4177648029408188E-24
  6.5566956680355317E+04  6.9836425791284125E-24  6.4344050689773846E-24
  6.6220180664229149E+04  6.0469021106094167E-24  5.5750874974696639E-24
  6.6879912523330277E+04  5.2298574751180057E-24  4.8250083867951210E-24
  6.7546217093673447E+04  4.5180165438232863E-24  4.1710235998450892E-24
  6.8219159857215753E+04  3.8985386594205599E-24  3.6014754335064618E-24
  6.8898806948290949E+04  3.3600590213560667E-24  3.1060360832502819E-24
  6.9585225160109403E+04  2.8925302986812622E-24  2.6755662678423387E-24
  7.0278481951322712E+04  2.4870799363590312E-24  2.3019876880289173E-24
  7.0978645452652388E+04  2.1358817890860856E-24  1.9781681389562246E-24
  7.1685784473585969E+04  1.8320407283317176E-24  1.6978180968996113E-24
  7.2399968509139755E+04  1.5694888393724002E-24  1.4553975648909657E-24
  7.3121267746687576E+04  1.3428924627291069E-24  1.2460325480977868E-24
  7.3849753072859618E+04  1.1475689409703883E-24  1.0654401560167211E-24
  7.4585496080507946E+04  9.7941211929186376E-25  9.0986149655406674E-25
  7.5328569075742809E+04  8.3482575850688340E-25  7.7600162385105935E-25
  7.6079045085039048E+04  7.1066409144774851E-25  6.6097586387087330E-25
  7.6836997862411983E+04  6.0417882076058771E-25  5.6226189945714042E-25
  7.7602501896666145E+04  5.1297191800505345E-25  4.7765705005295643E-25
  7.8375632418716210E+04  4.3495364115420157E-25  4.0524023077892973E-25
  7.9156465408979508E+04  3.6830524032419462E-25  3.4333812134004832E-25
  7.9945077604843507E+04  3.1144586733844594E-25  2.9049511486311815E-25
  8.0741546508207830E+04  2.6300324530829514E-25  2.4544665188065462E-25
  8.1545950393099891E+04  2.2178774521728383E-25  2.0709562730081530E-25
  8.2358368313367755E+04  1.8676946324569327E-25  1.7449150583366878E-25
  8.3178880110449929E+04  1.5705797945731515E-25  1.4681186079996097E-25
  8.4007566421220734E+04  1.3188451755312573E-25  1.2334608608619118E-25
  8.4844508685915556E+04  1.1058624206086967E-25  1.0348104502520270E-25
  8.5689789156135055E+04  9.2592455670427273E-26  8.6688443257558583E-26
  8.6543490902927442E+04  7.7412483464418771E-26  7.2513733915921588E-26
  8.7405697824952920E+04  6.4625052661205948E-26  6.0566382875937684E-26
  8.8276494656729556E+04  5.3868996351839636E-26  5.0511339474399442E-26
  8.9155966976959287E+04  4.4835127731193744E-26  4.2061574141714177E-26
  9.0044201216939851E+04  3.7259147690837881E-26  3.4971559000179390E-26
  9.0941284669057583E+04  3.0915464074382822E-26  2.9031581306974477E-26
  9.1847305495366774E+04  2.5611811200630551E-26  2.4062788695031732E-26
  9.2762352736254441E+04  2.1184573908475612E-26  1.9912879372770791E-26
  9.3686516319189832E+04  1.7494731438850278E-26  1.6452360389769220E-26
  9.4619887067562639E+04  1.4424343264408727E-26  1.3571303058965220E-26
  9.5562556709609387E+04  1.1873509083039282E-26  1.1176533789924874E-26
  9.6514617887427084E+04  9.7577430744744904E-27  9.1892057042726672E-27
  9.7476164166078190E+04  8.0057095221148357E-27  7.5427027336911730E-27
  9.8447290042786495E+04  6.5572731600272616E-27  6.1808335652052161E-27
  9.9428090956222819E+04  5.3618231881374588E-27  5.0562778592799868E-27
  1.0041866329588488E+05  4.3768348715800254E-27  4.1292516803972166E-27
  1.0141910441157076E+05  3.5666370624181229E-27  3.3663630995605241E-27
  1.0242951262294491E+05  2.9013579079189617E-27  2.7396325016794851E-27
  1.0344998722920108E+05  2.3560244891279845E-27  2.2256553021268630E-27
  1.0448062851882195E+05  1.9097952121680512E-27  1.8048875863723602E-27
  1.0552153777943365E+05  1.5453064940025121E-27  1.4610376713828976E-27
  1.0657281730776065E+05  1.2481176821404185E-27  1.1805487811406725E-27
  1.0763457041967977E+05  1.0062402582668259E-27  9.5215996184525698E-28
  1.0870690146037216E+05  8.0973923016889822E-28  7.6653406299494994E-28
  1.0978991581457964E+05  6.5039624277613069E-28  6.1594310386497526E-28
  1.1088371991696009E+05  5.2142536309146792E-28  4.9400265379523587E-28
  1.1198842126254798E+05  4.1723373818979733E-28  3.9544799982089021E-28
  1.1310412841731946E+05  3.3322041095061578E-28  3.1594587515887687E-28
  1.1423095102886025E+05  2.6560752330054816E-28  2.5193639365173409E-28