 #p(MeV) \t \delta f_\\nu \t \delta f_\\nubar
  4.0219983501469789E+00  1.8626944872228831E-10  1.8231074889101035E-10
  4.0620683170698761E+00  1.8296383557508980E-10  1.7905887447547645E-10
  4.1025374890916853E+00  1.7971946664534376E-10  1.7586726127938842E-10
  4.1434098433734423E+00  1.7653517027527362E-10  1.7273475862135101E-10
  4.1846893966994418E+00  1.7340985391932038E-10  1.6966029336884218E-10
  4.2263802058720064E+00  1.7034245840297320E-10  1.6664282504720862E-10
  4.2684863681101604E+00  1.6733194176426307E-10  1.6368132999576641E-10
  4.3110120214522993E+00  1.6437727903724969E-10  1.6077480115983991E-10
  4.3539613451628609E+00  1.6147746203706197E-10  1.5792224788416014E-10
  4.3973385601430373E+00  1.5863149914623038E-10  1.5512269570735837E-10
  4.4411479293456066E+00  1.5583841510230996E-10  1.5237518615756531E-10
  4.4853937581938625E+00  1.5309725078681008E-10  1.4967877654913291E-10
  4.5300803950047452E+00  1.5040706301543642E-10  1.4703253978049093E-10
  4.5752122314161836E+00  1.4776692432966327E-10  1.4443556413315423E-10
  4.6207937028186690E+00  1.4517592278964395E-10  1.4188695307190085E-10
  4.6668292887911775E+00  1.4263315444868037E-10  1.3938581789605245E-10
  4.7133235135413782E+00  1.4013766398602485E-10  1.3693121971372604E-10
  4.7602809463502718E+00  1.3768847936620250E-10  1.3452220333627658E-10
  4.8077062020212455E+00  1.3528465031849975E-10  1.3215783491892995E-10
  4.8556039413335821E+00  1.3292524825399247E-10  1.2983720188001723E-10
  4.9039788715005272E+00  1.3060936572303456E-10  1.2755941237023973E-10
  4.9528357466318740E+00  1.2833611588805271E-10  1.2532359475686117E-10
  5.0021793682011912E+00  1.2610463201114915E-10  1.2312889712233965E-10
  5.0520145855177017E+00  1.2391406695603790E-10  1.2097448677693760E-10
  5.1023462962028345E+00  1.2176359270385438E-10  1.1885954978486330E-10
  5.1531794466715670E+00  1.1965239988239331E-10  1.1678329050350782E-10
  5.2045190326185224E+00  1.1757969730835090E-10  1.1474493113536643E-10
  5.2563700995089357E+00  1.1554471338882190E-10  1.1274371308917951E-10
  5.3087377430745111E+00  1.1354674862358037E-10  1.1077894814965878E-10
  5.3616271098141937E+00  1.1158518083934549E-10  1.0885002358029920E-10
  5.4150433974999688E+00  1.0965940006035839E-10  1.0695633857703012E-10
  5.4689918556876620E+00  1.0776880435277362E-10  1.0509730021264118E-10
  5.5234777862328555E+00  1.0591279979919384E-10  1.0327232341407395E-10
  5.5785065438119386E+00  1.0409080047089334E-10  1.0148083093733434E-10
  5.6340835364483297E+00  1.0230222839777351E-10  9.9722253340067670E-11
  5.6902142260439819E+00  1.0054651353609099E-10  9.7996028951843444E-11
  5.7469041289161327E+00  9.8823093734012310E-11  9.6301603842200824E-11
  5.8041588163394389E+00  9.7131414695040494E-11  9.4638431786506075E-11
  5.8619839150935107E+00  9.5470929939371307E-11  9.3005974229677347E-11
  5.9203851080158723E+00  9.3841100694817637E-11  9.1403700181785405E-11
  5.9793681345604579E+00  9.2241368595716437E-11  8.9831059679309501E-11
  6.0389387913616748E+00  9.0671112286869769E-11  8.8287441576331373E-11
  6.0991029328040511E+00  8.9129712457679894E-11  8.6772236847469608E-11
  6.1598664715976152E+00  8.7616564516911909E-11  8.5284850929092944E-11
  6.2212353793589390E+00  8.6131078204742394E-11  8.3824703338628959E-11
  6.2832156871980409E+00  8.4672677216901715E-11  8.2391227305715114E-11
  6.3458134863110756E+00  8.3240798840460684E-11  8.0983869414746400E-11
  6.4090349285789605E+00  8.1834893600828781E-11  7.9602089258401335E-11
  6.4728862271719763E+00  8.0454424919551276E-11  7.8245359101737003E-11
  6.5373736571603507E+00  7.9098868782509948E-11  7.6913163556469013E-11
  6.6025035561309586E+00  7.7767713418144942E-11  7.5604999265061018E-11
  6.6682823248101677E+00  7.6460458985352803E-11  7.4320374594284788E-11
  6.7347164276928568E+00  7.5176624714116935E-11  7.3058816549175787E-11
  6.8018123936777473E+00  7.3915790818964074E-11  7.1819911426454992E-11
  6.8695768167090119E+00  7.2677566113682422E-11  7.0603273376222658E-11
  6.9380163564243302E+00  7.1461565253275307E-11  6.9408522291348336E-11
  7.0071377388093534E+00  7.0267408561919025E-11  6.8235283640201178E-11
  7.0769477568587158E+00  6.9094721981540821E-11  6.7083188416884509E-11
  7.1474532712436316E+00  6.7943137020213084E-11  6.5951873091236475E-11
  7.2186612109861290E+00  6.6812290700362519E-11  6.4840979558598605E-11
  7.2905785741400031E+00  6.5701825506796336E-11  6.3750155089357729E-11
  7.3632124284785796E+00  6.4611389334550398E-11  6.2679052278264365E-11
  7.4365699121892836E+00  6.3540635436564685E-11  6.1627328993535791E-11
  7.5106582345751827E+00  6.2489222371193189E-11  6.0594648325752516E-11
  7.5854846767634543E+00  6.1456812834638546E-11  5.9580677460585835E-11
  7.6610565924209899E+00  6.0443048070433824E-11  5.8585062888469843E-11
  7.7373814084770522E+00  5.9447547717718986E-11  5.7607430238294842E-11
  7.8144666258531785E+00  5.8469938622249494E-11  5.6647412244467290E-11
  7.8923198202003571E+00  5.7509856235005312E-11  5.5704650105185955E-11
  7.9709486426435081E+00  5.6566944392583084E-11  5.4778793266726888E-11
  8.0503608205334238E+00  5.5640855104048617E-11  5.3869499214054495E-11
  8.1305641582061945E+00  5.4731248344026302E-11  5.2976433267543430E-11
  8.2115665377501568E+00  5.3837791851816374E-11  5.2099268385601878E-11
  8.2933759197805585E+00  5.2960160936331074E-11  5.1237684972996156E-11
  8.3760003442218558E+00  5.2098038286655665E-11  5.0391370694684537E-11
  8.4594479310978876E+00  5.1251113788044255E-11  4.9560020294973899E-11
  8.5437268813298495E+00  5.0419084366416312E-11  4.8743335444093073E-11
  8.6288454775422583E+00  4.9601660403161818E-11  4.7941030945849919E-11
  8.7148120848769626E+00  4.8798576879554459E-11  4.7152845552507187E-11
  8.8016351518151978E+00  4.8009576956543419E-11  4.6378526026314846E-11
  8.8893232110078966E+00  4.7234408351904359E-11  4.5617823617216573E-11
  8.9778848801142548E+00  4.6472823262070583E-11  4.4870493986132417E-11
  9.0673288626486066E+00  4.5724578285832549E-11  4.4136297130052765E-11
  9.1576639488358218E+00  4.4989434349822385E-11  4.3414997308860844E-11
  9.2488990164751286E+00  4.4267156635704785E-11  4.2706362973808083E-11
  9.3410430318126370E+00  4.3557514508999530E-11  4.2010166697569060E-11
  9.4341050504224686E+00  4.2860281449465745E-11  4.1326185105807841E-11
  9.5280942180967241E+00  4.2175234982981805E-11  4.0654198810191528E-11
  9.6230197717443122E+00  4.1502156614906263E-11  3.9993992342834446E-11
  9.7188910402986846E+00  4.0840833226552835E-11  3.9345355494719404E-11
  9.8157174456346681E+00  4.0191062120949165E-11  3.8708088134236688E-11
  9.9135085034944304E+00  3.9552645470279052E-11  3.8081994872128211E-11
  1.0012273824422605E+01  3.8925388576909830E-11  3.7466883407262760E-11
  1.0112023114710839E+01  3.8309099845580798E-11  3.6862564499301426E-11
  1.0212766177351631E+01  3.7703590741490815E-11  3.6268851927596775E-11
  1.0314512913001787E+01  3.7108675749675462E-11  3.5685562451319402E-11
  1.0417273320955378E+01  3.6524172335580685E-11  3.5112515770720669E-11
  1.0521057500126457E+01  3.5949900906742511E-11  3.4549534489445226E-11
  1.0625875650041552E+01  3.5385684775492038E-11  3.3996444077812552E-11
  1.0731738071842004E+01  3.4831350122608195E-11  3.3453072836994407E-11
  1.0838655169296352E+01  3.4286725961847744E-11  3.2919251864018062E-11
  1.0946637449822777E+01  3.3751643191248990E-11  3.2394814143693587E-11
  1.1055695525521713E+01  3.3225922072147213E-11  3.1879582589415703E-11
  1.1165840114218796E+01  3.2709376439775630E-11  3.1373374093613910E-11
  1.1277082040518128E+01  3.2201824016519917E-11  3.0876009381418277E-11
  1.1389432236866131E+01  3.1703086549302762E-11  3.0387313138346782E-11
  1.1502901744625905E+01  3.1212989710176181E-11  2.9907113912593303E-11
  1.1617501715162351E+01  3.0731363000341547E-11  2.9435244020662285E-11
  1.1733243410938096E+01  3.0258039657444527E-11  2.8971539456200171E-11
  1.1850138206620299E+01  2.9792856565997968E-11  2.8515839801880041E-11
  1.1968197590198530E+01  2.9335654170793872E-11  2.8067988144202711E-11
  1.2087433164113778E+01  2.8886276393171649E-11  2.7627830991084509E-11
  1.2207856646398664E+01  2.8444570550017414E-11  2.7195218192108367E-11
  1.2329479871829070E+01  2.8010387371681516E-11  2.6770002953515936E-11
  1.2452314793087215E+01  2.7583587764795225E-11  2.6352048245383967E-11
  1.2576373481936322E+01  2.7164045527865235E-11  2.5941229305216077E-11
  1.2701668130406970E+01  2.6751637239150070E-11  2.5537424076485965E-11
  1.2828211051995289E+01  2.6346241537432517E-11  2.5140512538921816E-11
  1.2956014682873112E+01  2.5947739088916011E-11  2.4750376675905624E-11
  1.3085091583110113E+01  2.5556012555543810E-11  2.4366900443237906E-11
  1.3215454437908180E+01  2.5170946564636787E-11  2.3989969739165727E-11
  1.3347116058848099E+01  2.4792427679754003E-11  2.3619472375581225E-11
  1.3480089385148586E+01  2.4420344372685498E-11  2.3255298050301657E-11
  1.3614387484937922E+01  2.4054586996493205E-11  2.2897338320349287E-11
  1.3750023556538249E+01  2.3695047759520802E-11  2.2545486576154562E-11
  1.3887010929762660E+01  2.3341620700525969E-11  2.2199638016807153E-11
  1.4025363067225165E+01  2.2994201247115922E-11  2.1859689266464823E-11
  1.4165093565663776E+01  2.2652690266240258E-11  2.1525542431561859E-11
  1.4306216157276761E+01  2.2316993141346393E-11  2.1197104057929365E-11
  1.4448744711072154E+01  2.1987016487979602E-11  2.0874281909282674E-11
  1.4592693234230762E+01  2.1662668129043489E-11  2.0556984943364985E-11
  1.4738075873482776E+01  2.1343857087527714E-11  2.0245123304865247E-11
  1.4884906916498005E+01  2.1030493580257591E-11  1.9938608319297376E-11
  1.5033200793290035E+01  2.0722489012546232E-11  1.9637352487724032E-11
  1.5182972077634385E+01  2.0419755973637221E-11  1.9341269482215821E-11
  1.5334235488500743E+01  2.0122208232836077E-11  1.9050274141946669E-11
  1.5487005891499463E+01  1.9829760736235182E-11  1.8764282469832046E-11
  1.5641298300342541E+01  1.9542329603943834E-11  1.8483211629624682E-11
  1.5797127878319120E+01  1.9259831680958354E-11  1.8206979506718699E-11
  1.5954509939785629E+01  1.8982172698909891E-11  1.7935493274084361E-11
  1.6113459951670851E+01  1.8709247948747390E-11  1.7668650095489861E-11
  1.6273993534995988E+01  1.8440954931526042E-11  1.7406349320440205E-11
  1.6436126466409775E+01  1.8177193815318714E-11  1.7148492921000868E-11
  1.6599874679738974E+01  1.7917867355624708E-11  1.6894985413537875E-11
  1.6765254267554329E+01  1.7662880819078859E-11  1.6645733783679931E-11
  1.6932281482752046E+01  1.7412141910300260E-11  1.6400647414344693E-11
  1.7100972740151061E+01  1.7165560701726727E-11  1.6159638016678685E-11
  1.7271344618106244E+01  1.6923049566290035E-11  1.5922619563768072E-11
  1.7443413860137682E+01  1.6684523112793199E-11  1.5689508226984784E-11
  1.7617197376576119E+01  1.6449898123858617E-11  1.5460222314839003E-11
  1.7792712246224863E+01  1.6219093504306635E-11  1.5234682224099529E-11
  1.7969975718038274E+01  1.5992037918658165E-11  1.5012817797511023E-11
  1.8149005212816846E+01  1.5768678862237148E-11  1.4794576970139892E-11
  1.8329818324919302E+01  1.5548966510891867E-11  1.4579910256399290E-11
  1.8512432823991723E+01  1.5332851330066734E-11  1.4368768463311510E-11
  1.8696866656713858E+01  1.5120284088972837E-11  1.4161102704427960E-11
  1.8883137948562837E+01  1.4911215874349217E-11  1.3956864413328325E-11
  1.9071265005594508E+01  1.4705598103803430E-11  1.3756005356687489E-11
  1.9261266316242498E+01  1.4503382538721413E-11  1.3558477646901313E-11
  1.9453160553135145E+01  1.4304521296738770E-11  1.3364233754263527E-11
  1.9646966574930609E+01  1.4108966863766781E-11  1.3173226518687887E-11
  1.9842703428170235E+01  1.3916672105568661E-11  1.2985409160971014E-11
  2.0040390349150350E+01  1.3727590279421925E-11  1.2800735294079626E-11
  2.0240046765812732E+01  1.3541672408680451E-11  1.2619156407814059E-11
  2.0441692299653969E+01  1.3358855567734584E-11  1.2440610723080068E-11
  2.0645346767653759E+01  1.3179073449545673E-11  1.2265033295594240E-11
  2.0851030184222385E+01  1.3002261423157198E-11  1.2092360827588433E-11
  2.1058762763167760E+01  1.2828356488784593E-11  1.1922531623570756E-11
  2.1268564919681932E+01  1.2657297231651066E-11  1.1755485544944146E-11
  2.1480457272347365E+01  1.2489023777394659E-11  1.1591163966164457E-11
  2.1694460645163311E+01  1.2323477748985549E-11  1.1429509732377315E-11
  2.1910596069592323E+01  1.2160602225094607E-11  1.1270467118476373E-11
  2.2128884786627086E+01  1.2000341699856992E-11  1.1113981789527529E-11
  2.2349348248877963E+01  1.1842642043976892E-11  1.0960000762506178E-11
  2.2572008122681261E+01  1.1687450467121597E-11  1.0808472369296624E-11
  2.2796886290228546E+01  1.1534716089942818E-11  1.0659346791749913E-11
  2.3024004851717038E+01  1.1384397696931208E-11  1.0512583345068378E-11
  2.3253386127521679E+01  1.1236460997341760E-11  1.0368147887242333E-11
  2.3485052660388632E+01  1.1090872222636504E-11  1.0226006787856543E-11
  2.3719027217650666E+01  1.0947597969746651E-11  1.0086126780281353E-11
  2.3955332793464684E+01  1.0806605202155260E-11  9.9484749626200187E-12
  2.4193992611071533E+01  1.0667861250803343E-11  9.8130187984777654E-12
  2.4435030125078228E+01  1.0531333814824543E-11  9.6797261175574442E-12
  2.4678469023763022E+01  1.0396990962112447E-11  9.5485651160862823E-12
  2.4924333231403420E+01  1.0264801129725861E-11  9.4195043570785251E-12
  2.5172646910627371E+01  1.0134733124136300E-11  9.2925127704387096E-12
  2.5423434464787778E+01  1.0006756121322951E-11  9.1675596529103388E-12
  2.5676720540360936E+01  9.8808395856002387E-12  9.0446145951914068E-12
  2.5932530029368596E+01  9.7569499560061333E-12  8.9236444626450489E-12
  2.6190888071824247E+01  9.6350494771575838E-12  8.8046123203139319E-12
  2.6451820058203829E+01  9.5151007915133440E-12  8.6874816477674797E-12
  2.6715351631941033E+01  9.3970673099171279E-12  8.5722166801301484E-12
  2.6981508691947365E+01  9.2809131944544807E-12  8.4587823912495332E-12
  2.7250317395157460E+01  9.1666033417630434E-12  8.3471444773068977E-12
  2.7521804159099677E+01  9.0541033667823305E-12  8.2372693408562188E-12
  2.7795995664492349E+01  8.9433795869292631E-12  8.1291240752787545E-12
  2.8072918857865726E+01  8.8343990066864868E-12  8.0226764496398540E-12
  2.8352600954210370E+01  8.7271293025907125E-12  7.9178948939357660E-12
  2.8635069439651641E+01  8.6215388086090064E-12  7.8147484847186180E-12
  2.8920352074150930E+01  8.5175965038395094E-12  7.7132069326537445E-12
  2.9208476894233804E+01  8.4152723688047150E-12  7.6132408663405476E-12
  2.9499472215745403E+01  8.3145373801799725E-12  7.5148217610627053E-12
  2.9793366636633131E+01  8.2153630146333634E-12  7.4179215712506440E-12
  3.0090189039757178E+01  8.1177213348130220E-12  7.3225128268429124E-12
  3.0389968595729073E+01  8.0215849759443364E-12  7.2285686200912233E-12
  3.0692734765778422E+01  7.9269271327761226E-12  7.1360625927073181E-12
  3.0998517304648189E+01  7.8337215468721279E-12  7.0449689233479069E-12
  3.1307346263519008E+01  7.7419424942375374E-12  6.9552623154272622E-12
  3.1619251992962447E+01  7.6515647732706498E-12  6.8669179852481119E-12
  3.1934265145923700E+01  7.5625636930302450E-12  6.7799116504410954E-12
  3.2252416680734086E+01  7.4749150618090661E-12  6.6942195187037906E-12
  3.2573737864153593E+01  7.3885951760049250E-12  6.6098182768305043E-12
  3.2898260274443508E+01  7.3035808390851490E-12  6.5266851188681989E-12
  3.3226015804469917E+01  7.2198503471273790E-12  6.4447987062983247E-12
  3.3557036664838009E+01  7.1373832516562756E-12  6.3641389045847020E-12
  3.3891355387057637E+01  7.0561594607555239E-12  6.2846859292464379E-12
  3.4229004826740237E+01  6.9761592136012775E-12  6.2064203219368261E-12
  3.4570018166828000E+01  6.8973630753314294E-12  6.1293229453564949E-12
  3.4914428920854824E+01  6.8197519320060205E-12  6.0533749782537425E-12
  3.5262270936239887E+01  6.7433069856566100E-12  5.9785579105099455E-12
  3.5613578397614070E+01  6.6680097494224949E-12  5.9048535383078988E-12
  3.5968385830179592E+01  6.5938420427717821E-12  5.8322439593811293E-12
  3.6326728103102859E+01  6.5207859868054888E-12  5.7607115683424176E-12
  3.6688640432941369E+01  6.4488239996426409E-12  5.6902390520895302E-12
  3.7054158387104707E+01  6.3779387584363002E-12  5.6208093539586507E-12
  3.7423317887349860E+01  6.3081114882434862E-12  5.5524041072495316E-12
  3.7796155213311543E+01  6.2393212774206027E-12  5.4850030225893052E-12
  3.8172707006067668E+01  6.1715474998567520E-12  5.4185861040757592E-12
  3.8553010271740234E+01  6.1047700064112193E-12  5.3531338231236531E-12
  3.8937102385132150E+01  6.0389691125472026E-12  5.2886271063666268E-12
  3.9325021093400295E+01  5.9741255863367470E-12  5.2250473239206318E-12
  3.9716804519765255E+01  5.9102206368246408E-12  5.1623762779969359E-12
  4.0112491167257794E+01  5.8472359027396942E-12  5.1005961918533257E-12
  4.0512119922502855E+01  5.7851534415419698E-12  5.0396896990722488E-12
  4.0915730059541261E+01  5.7239557187952428E-12  4.9796398331552616E-12
  4.1323361243689355E+01  5.6636255978540322E-12  4.9204300174235000E-12
  4.1735053535437061E+01  5.6041463305712315E-12  4.8620440558306972E-12
  4.2150847394385089E+01  5.5455021341433404E-12  4.8044666417795878E-12
  4.2570783683221073E+01  5.4876793950528742E-12  4.7476844247978811E-12
  4.2994903671735258E+01  5.4306651203111424E-12  4.6916846298632609E-12
  4.3423249040876584E+01  5.3744465503551921E-12  4.6364547108671580E-12
  4.3855861886848828E+01  5.3190111545079140E-12  4.5819823461356117E-12
  4.4292784725247522E+01  5.2643466265474287E-12  4.5282554340553729E-12
  4.4734060495238509E+01  5.2104408803825950E-12  4.4752620888021665E-12
  4.5179732563777691E+01  5.1572820458319609E-12  4.4229906361683603E-12
  4.5629844729872808E+01  5.1048584645032796E-12  4.3714296094872235E-12
  4.6084441228888330E+01  5.0531586857708002E-12  4.3205677456510179E-12
  4.6543566736892181E+01  5.0021714628478512E-12  4.2703939812205119E-12
  4.7007266375046548E+01  4.9518857489518073E-12  4.2208974486229758E-12
  4.7475585714042602E+01  4.9022905260135010E-12  4.1720673300050676E-12
  4.7948570778578308E+01  4.8533737786416115E-12  4.1238919781347419E-12
  4.8426268051882140E+01  4.8051231932026666E-12  4.0763595172783610E-12
  4.8908724480281087E+01  4.7575267118168804E-12  4.0294583227503647E-12
  4.9395987477814202E+01  4.7105725302878248E-12  3.9831770185358484E-12
  4.9888104930892581E+01  4.6642490922081367E-12  3.9375044715203100E-12
  5.0385125203005309E+01  4.6185450832297366E-12  3.8924297858777176E-12
  5.0887097139472310E+01  4.5734494254934505E-12  3.8479422976121497E-12
  5.1394070072244965E+01  4.5289512722133908E-12  3.8040315692480486E-12
  5.1906093824754159E+01  4.4850400024112065E-12  3.7606873846647713E-12
  5.2423218716806538E+01  4.4417052157960164E-12  3.7178997440707262E-12
  5.2945495569530109E+01  4.3989367277854531E-12  3.6756588591129634E-12
  5.3472975710368573E+01  4.3567246073045213E-12  3.6339551821305465E-12
  5.4005710978125443E+01  4.3150598953583656E-12  3.5927799829819281E-12
  5.4543753728058903E+01  4.2739344872178938E-12  3.5521252516799612E-12
  5.5087156837026917E+01  4.2333404485356218E-12  3.5119831403830794E-12
  5.5635973708683544E+01  4.1932699857878653E-12  3.4723459384120009E-12
  5.6190258278727875E+01  4.1537154434877734E-12  3.4332060694905230E-12
  5.6750065020203920E+01  4.1146693014732223E-12  3.3945560890574242E-12
  5.7315448948854318E+01  4.0761241722671695E-12  3.3563886816469597E-12
  5.7886465628527439E+01  4.0380727985084023E-12  3.3186966583360783E-12
  5.8463171176637289E+01  4.0005080504507916E-12  3.2814729542562645E-12
  5.9045622269679086E+01  3.9634229235289047E-12  3.2447106261679634E-12
  5.9633876148799047E+01  3.9268105359881851E-12  3.2084028500957994E-12
  6.0227990625419629E+01  3.8906641238139856E-12  3.1725429169192352E-12
  6.0828024086921381E+01  3.8549766563436217E-12  3.1371239270256430E-12
  6.1434035502380851E+01  3.8197403817155311E-12  3.1021384217058023E-12
  6.2046084428365724E+01  3.7849475837750891E-12  3.0675789961274562E-12
  6.2664231014788093E+01  3.7505907049260246E-12  3.0334384003408573E-12
  6.3288536010815690E+01  3.7166623425552810E-12  2.9997095357668018E-12
  6.3919060770841803E+01  3.6831552455684262E-12  2.9663854517886246E-12
  6.4555867260515427E+01  3.6500623110318304E-12  2.9334593424443581E-12
  6.5199018062830746E+01  3.6173765809183126E-12  2.9009245432158083E-12
  6.5848576384277436E+01  3.5850912389527690E-12  2.8687745279110165E-12
  6.6504606061052755E+01  3.5531996075545771E-12  2.8370029056369364E-12
  6.7167171565334826E+01  3.5216951448736538E-12  2.8056034178591990E-12
  6.7836338011618622E+01  3.4905714419184104E-12  2.7745699355466129E-12
  6.8512171163115767E+01  3.4598222529352324E-12  2.7438964796305712E-12
  6.9194737438216748E+01  3.4294416620617584E-12  2.7135773520675330E-12
  6.9884103917018550E+01  3.3994239641235660E-12  2.6836070461885747E-12
  7.0580338347917575E+01  3.3697635646758106E-12  2.6539801626969866E-12
  7.1283509154266724E+01  3.3404549767545046E-12  2.6246914065642325E-12
  7.1993685441100595E+01  3.3114928186968269E-12  2.5957355848578053E-12
  7.2710937001926609E+01  3.2828718120306937E-12  2.5671076046320319E-12
  7.3435334325583739E+01  3.2545867794313688E-12  2.5388024708795713E-12
  7.4166948603170511E+01  3.2266326427429283E-12  2.5108152845414521E-12
  7.4905851735040969E+01  3.1990044210627218E-12  2.4831412405735763E-12
  7.5652116337870723E+01  3.1716972288867778E-12  2.4557756260677045E-12
  7.6405815751793838E+01  3.1447062743142952E-12  2.4287138184249100E-12
  7.7167024047610170E+01  3.1180269007956440E-12  2.4019513189495683E-12
  7.7935816034064615E+01  3.0916553642561189E-12  2.3754843741458169E-12
  7.8712267265199429E+01  3.0655887030647334E-12  2.3493098610925854E-12
  7.9496454047779224E+01  3.0398240125404197E-12  2.3234247053438417E-12
  8.0288453448789809E+01  3.0143584197521166E-12  2.2978258608266384E-12
  8.1088343303012607E+01  2.9891890834048029E-12  2.2725103096383179E-12
  8.1896202220673700E+01  2.9643131937376480E-12  2.2474750618507517E-12
  8.2712109595168982E+01  2.9397279724337930E-12  2.2227171553210970E-12
  8.3536145610867635E+01  2.9154306725414930E-12  2.1982336555086138E-12
  8.4368391250991195E+01  2.8914185784063590E-12  2.1740216552971655E-12
  8.5208928305572840E+01  2.8676890056143936E-12  2.1500782748228814E-12
  8.6057839379495888E+01  2.8442393009456197E-12  2.1264006613066048E-12
  8.6915207900610824E+01  2.8210668392135588E-12  2.1029859862512083E-12
  8.7781118127935201E+01  2.7981684110779221E-12  2.0798309603437988E-12
  8.8655655159933971E+01  2.7755395478286003E-12  2.0569313108694987E-12
  8.9538904942882368E+01  2.7531757096193566E-12  2.0342827259087012E-12
  9.0430954279312971E+01  2.7310724563006676E-12  2.0118809885032795E-12
  9.1331890836545981E+01  2.7092254453679517E-12  1.9897219745454381E-12
  9.2241803155304680E+01  2.6876304299864497E-12  1.9678016507322955E-12
  9.3160780658417323E+01  2.6662832570905911E-12  1.9461160725836870E-12
  9.4088913659605126E+01  2.6451798655556958E-12  1.9246613825208315E-12
  9.5026293372357557E+01  2.6243162844401048E-12  1.9034338080036028E-12
  9.5973011918897129E+01  2.6036886312956722E-12  1.8824296597241163E-12
  9.6929162339232505E+01  2.5832931105449972E-12  1.8616453298545558E-12
  9.7894838600301853E+01  2.5631260119127300E-12  1.8410772903427985E-12
  9.8870135605208105E+01  2.5431838488438530E-12  1.8207221992431786E-12
  9.9855149202545491E+01  2.5234639408568872E-12  1.8005773389400579E-12
  1.0084997619581875E+02  2.5039638902175634E-12  1.7806402104860104E-12
  1.0185471435295737E+02  2.4846813435948201E-12  1.7609083529966642E-12
  1.0286946241592344E+02  2.4656139916082631E-12  1.7413793430058115E-12
  1.0389432011041528E+02  2.4467595683578315E-12  1.7220507937896089E-12
  1.0492938815566927E+02  2.4281158509854391E-12  1.7029203547104858E-12
  1.0597476827435683E+02  2.4096806592685215E-12  1.6839857105800342E-12
  1.0703056320258183E+02  2.3914518552452675E-12  1.6652445810401050E-12
  1.0809687669997797E+02  2.3734273428716039E-12  1.6466947199614379E-12
  1.0917381355990437E+02  2.3556050677099610E-12  1.6283339148591692E-12
  1.1026147961974544E+02  2.3379830166498838E-12  1.6101599863244916E-12
  1.1135998177131189E+02  2.3205592264529075E-12  1.5921707933666219E-12
  1.1246942797134517E+02  2.3033319335670522E-12  1.5743643448052802E-12
  1.1358992725212784E+02  2.2862995581401994E-12  1.5567387893132859E-12
  1.1472158973219848E+02  2.2694605569149329E-12  1.5392923011001566E-12
  1.1586452662717336E+02  2.2528134169465230E-12  1.5220230745611356E-12
  1.1701885026067711E+02  2.2363566557704181E-12  1.5049293240355267E-12
  1.1818467407538100E+02  2.2200888215953591E-12  1.4880092835686921E-12
  1.1936211264415132E+02  2.2040084935234617E-12  1.4712612066776189E-12
  1.2055128168131000E+02  2.1881142817986056E-12  1.4546833661199289E-12
  1.2175229805400609E+02  2.1724048280847599E-12  1.4382740536663058E-12
  1.2296527979370079E+02  2.1568788057758659E-12  1.4220315798762094E-12
  1.2419034610776781E+02  2.1415349203390401E-12  1.4059542738768151E-12
  1.2542761739120823E+02  2.1263719088554655E-12  1.3900404826183939E-12
  1.2667721523848212E+02  2.1113884791269061E-12  1.3742885289695090E-12
  1.2793926245545960E+02  2.0965832643090192E-12  1.3586966795753944E-12
  1.2921388307148820E+02  2.0819549246897067E-12  1.3432632157078308E-12
  1.3050120235158280E+02  2.0675021602513122E-12  1.3279864416508626E-12
  1.3180134680873689E+02  2.0532237111041179E-12  1.3128646843526426E-12
  1.3311444421635423E+02  2.0391183579736658E-12  1.2978962930830988E-12
  1.3444062362080723E+02  2.0251849227452721E-12  1.2830796390972102E-12
  1.3578001535411880E+02  2.0114222690695193E-12  1.2684131153038604E-12
  1.3713275104677044E+02  1.9978293030327731E-12  1.2538951359400902E-12
  1.3849896364063909E+02  1.9844049738971840E-12  1.2395241362506508E-12
  1.3987878740206193E+02  1.9711482749150891E-12  1.2252985721727678E-12
  1.4127235793503107E+02  1.9580582442187027E-12  1.2112169200234553E-12
  1.4267981219452108E+02  1.9451339643448653E-12  1.1972776745870701E-12
  1.4410128849994794E+02  1.9323745436854668E-12  1.1834793321850305E-12
  1.4553692654876227E+02  1.9197791291785211E-12  1.1698204011099015E-12
  1.4698686743017902E+02  1.9073469182908437E-12  1.1562994099835662E-12
  1.4845125363904273E+02  1.8950771603842198E-12  1.1429149074433593E-12
  1.4993022908983113E+02  1.8829691581998543E-12  1.1296654618281692E-12
  1.5142393913079923E+02  1.8710222694792693E-12  1.1165496608698808E-12
  1.5293253055826327E+02  1.8592359087330810E-12  1.1035661113900229E-12
  1.5445615163102667E+02  1.8476095491703429E-12  1.0907134390015328E-12
  1.5599495208495210E+02  1.8361427248024980E-12  1.0779902878154768E-12
  1.5754908314767493E+02  1.8248350327375360E-12  1.0653953201526936E-12
  1.5911869755346612E+02  1.8136861356815663E-12  1.0529272162601864E-12
  1.6070394955824361E+02  1.8026957734112334E-12  1.0405846786651273E-12
  1.6230499495472969E+02  1.7918638606042590E-12  1.0283664908653336E-12
  1.6392199108776367E+02  1.7811904568323170E-12  1.0162714977677442E-12
  1.6555509686976444E+02  1.7706756970798146E-12  1.0042985571111031E-12
  1.6720447279634720E+02  1.7603197940204422E-12  9.9244653809947441E-13
  1.6887028096209770E+02  1.7501230424468044E-12  9.8071432127264544E-13
  1.7055268507650135E+02  1.7400858241024470E-12  9.6910079837803134E-13
  1.7225185048003181E+02  1.7302086129590365E-12  9.5760487224403359E-13
  1.7396794416040095E+02  1.7204919809868134E-12  9.4622545665480909E-13
  1.7570113476896930E+02  1.7109366044726456E-12  9.3496147622646361E-13
  1.7745159263731986E+02  1.7015432709470336E-12  9.2381186628462246E-13
  1.7921948979399886E+02  1.6923128867895402E-12  9.1277557274335712E-13
  1.8100499998142149E+02  1.6832464848194949E-12  9.0185155193845235E-13
  1.8280829867294611E+02  1.6743452089486540E-12  8.9103875821936769E-13
  1.8462956309012023E+02  1.6656103081073743E-12  8.8033613132772312E-13
  1.8646897222009665E+02  1.6570431844027375E-12  8.6974261980131302E-13
  1.8832670683322291E+02  1.6486454097389836E-12  8.5925718392564969E-13
  1.9020294950080881E+02  1.6404187392591864E-12  8.4887879557638624E-13
  1.9209788461306633E+02  1.6323651262788187E-12  8.3860643806415552E-13
  1.9401169839723201E+02  1.6244867389088469E-12  8.2843910598171494E-13
  1.9594457893586986E+02  1.6167859785971449E-12  8.1837580505336459E-13
  1.9789671618535283E+02  1.6092655008536741E-12  8.0841555198659870E-13
  1.9986830199453320E+02  1.6019282384681695E-12  7.9855737432588625E-13
  2.0185953012359604E+02  1.5947774275807279E-12  7.8880031030858824E-13
  2.0387059626310057E+02  1.5878166370493565E-12  7.7914340871346210E-13
  2.0590169805321315E+02  1.5810498143632279E-12  7.6958573821497760E-13
  2.0795303510313002E+02  1.5744813752947119E-12  7.6012642216696786E-13
  2.1002480901069359E+02  1.5681162001014738E-12  7.5076460431840216E-13
  2.1211722338220579E+02  1.5619596625770166E-12  7.4149943543804240E-13
  2.1423048385243737E+02  1.5560176858789897E-12  7.3233007325081311E-13
  2.1636479810483610E+02  1.5502968064914973E-12  7.2325568237551798E-13
  2.1852037589193858E+02  1.5448042477546141E-12  7.1427543426328695E-13
  2.2069742905598318E+02  1.5395480046934712E-12  7.0538850713676350E-13
  2.2289617154972839E+02  1.5345369422494254E-12  6.9659408592997313E-13
  2.2511681945748080E+02  1.5297809094774234E-12  6.8789136222885691E-13
  2.2735959101633040E+02  1.5252908728526989E-12  6.7927953421244259E-13
  2.2962470663759697E+02  1.5210790725602254E-12  6.7075780659462777E-13
  2.3191238892849418E+02  1.5171592082508169E-12  6.6232538888127876E-13
  2.3422286271400324E+02  1.5135466366641724E-12  6.5398147289800931E-13
  2.3655635505896953E+02  1.5102586283785434E-12  6.4572524120593413E-13
  2.3891309529041897E+02  1.5073146992359019E-12  6.3755588428267021E-13
  2.4129331502009231E+02  1.5047369827287057E-12  6.2947260074726371E-13
  2.4369724816720998E+02  1.5025506797871312E-12  6.2147459725778430E-13
  2.4612513098145948E+02  1.5007846063320173E-12  6.1356108841041090E-13
  2.4857720206621264E+02  1.4994718643603017E-12  6.0573129663994846E-13
  2.5105370240197610E+02  1.4986506703551974E-12  5.9798445212172724E-13
  2.5355487537007315E+02  1.4983653857356615E-12  5.9031979267487739E-13
  2.5608096677656175E+02  1.4986678090700736E-12  5.8273656366691580E-13
  2.5863222487639291E+02  1.4996188106202819E-12  5.7523401791963048E-13
  2.6120890039780727E+02  1.5012904184389758E-12  5.6781141585839235E-13
  2.6381124656697557E+02  1.5037685242840995E-12  5.6046804108939842E-13
  2.6643951913288555E+02  1.5071564068915151E-12  5.5320320796578255E-13
  2.6909397639247584E+02  1.5115793159392473E-12  5.4601623802687515E-13
  2.7177487921601949E+02  1.5171906205043112E-12  5.3890645782937612E-13
  2.7448249107276274E+02  1.5241801079360127E-12  5.3187319890817891E-13
  2.7721707805681723E+02  1.5327853205378866E-12  5.2491579773762250E-13
  2.7997890891330957E+02  1.5433072401863757E-12  5.1803359569316613E-13
  2.8276825506479560E+02  1.5561322568446468E-12  5.1122593901343610E-13
  2.8558539063793137E+02  1.5717632749375461E-12  5.0449217876267199E-13
  2.8843059249041465E+02  1.5908640930872499E-12  4.9783167079351776E-13
  2.9130414023819549E+02  1.6143227571615794E-12  4.9124377571016131E-13
  2.9420631628295206E+02  1.6433407242822778E-12  4.8472785883816006E-13
  2.9713740583984708E+02  1.6795525463262874E-12  4.7828328834535368E-13
  3.0009769696555668E+02  1.7251660537117938E-12  4.7190942769734311E-13
  3.0308748058657869E+02  1.7830591732734228E-12  4.6560564288640817E-13
  3.0610705052782544E+02  1.8566160085678483E-12  4.5937130509790042E-13
  3.0915670354149910E+02  1.9487703522986321E-12  4.5320579065880787E-13
  3.1223673933625435E+02  2.0595358231263276E-12  4.4710848098708751E-13
  3.1534746060665447E+02  2.1826772706831182E-12  4.4107876254171735E-13
  3.1848917306291816E+02  2.3058068562419199E-12  4.3511602677346160E-13
  3.2166218546096280E+02  2.4168768089943559E-12  4.2921967007631416E-13
  3.2486680963274944E+02  2.5103826536718175E-12  4.2338909373958987E-13
  3.2810336051692781E+02  2.5869722595182877E-12  4.1762370390065728E-13
  3.3137215618978621E+02  2.6499048155052088E-12  4.1192291149827281E-13
  3.3467351789651292E+02  2.7026320420982709E-12  4.0628613192635870E-13
  3.3800777008276594E+02  2.7479621089375043E-12  4.0071278611045321E-13
  3.4137524042655735E+02  2.7879827362529416E-12  3.9520230122194790E-13
  3.4477625987045838E+02  2.8241830983148820E-12  3.8975410904437270E-13
  3.4821116265412195E+02  2.8576076984882041E-12  3.8436764588641033E-13
  3.5168028634712954E+02  2.8890016303680601E-12  3.7904235253584860E-13
  3.5518397188216960E+02  2.9189123182235561E-12  3.7377767421434292E-13
  3.5872256358853929E+02  2.9477528817628593E-12  3.6857306053297073E-13
  3.6229640922598520E+02  2.9758390178272724E-12  3.6342796544852622E-13
  3.6590586001888272E+02  3.0033937330639676E-12  3.5834184722053544E-13
  3.6955127069074791E+02  3.0305645535521254E-12  3.5331416836897339E-13
  3.7323299949910290E+02  3.0574811302607748E-12  3.4834439563263184E-13
  3.7695140827068207E+02  3.0842796018483452E-12  3.4343200040728717E-13
  3.8070686243699049E+02  3.1110820688952359E-12  3.3857646667382714E-13
  3.8449973107021901E+02  3.1379822176220893E-12  3.3377728915395391E-13
  3.8833038691951458E+02  3.1650377602536480E-12  3.2903396587882780E-13
  3.9219920644761089E+02  3.1922812643943326E-12  3.2434599793648022E-13
  3.9610656986782897E+02  3.2197441353695460E-12  3.1971288946186017E-13
  4.0005286118144102E+02  3.2474677280934644E-12  3.1513414762717735E-13
  4.0403846821540810E+02  3.2754922622783220E-12  3.1060928263250215E-13
  4.0806378266049660E+02  3.3038260039385500E-12  3.0613780769658510E-13
  4.1212920010977030E+02  3.3324495201225591E-12  3.0171923904788446E-13
  4.1623512009746895E+02  3.3613923754397647E-12  2.9735309591575091E-13
  4.2038194613827113E+02  3.3907254486519471E-12  2.9303890052176573E-13
  4.2457008576695279E+02  3.4204730369632935E-12  2.8877617800489828E-13
  4.2879995057843706E+02  3.4506448605900092E-12  2.8456444847520805E-13
  4.3307195626824279E+02  3.4812561137396717E-12  2.8040322119604576E-13
  4.3738652267334038E+02  3.5123100139221626E-12  2.7629200845644488E-13
  4.4174407381341035E+02  3.5438157563391008E-12  2.7223032697062127E-13
  4.4614503793251339E+02  3.5757977915374247E-12  2.6821769781665332E-13
  4.5058984754117876E+02  3.6082747934351892E-12  2.6425364637647004E-13
  4.5507893945890862E+02  3.6412317833744573E-12  2.6033770227712080E-13
  4.5961275485710740E+02  3.6746369815869071E-12  2.5646939933327836E-13
  4.6419173930243721E+02  3.7084892185220526E-12  2.5264827549094134E-13
  4.6881634280060871E+02  3.7428201097161225E-12  2.4887387277229845E-13
  4.7348701984060517E+02  3.7776635047429412E-12  2.4514573722172262E-13
  4.7820422943934602E+02  3.8130651160375502E-12  2.4146341885287081E-13
  4.8296843518680066E+02  3.8490591632356512E-12  2.3782647595950078E-13
  4.8778010529154659E+02  3.8856167129010742E-12  2.3423448847576663E-13
  4.9263971262678189E+02  3.9227261577863185E-12  2.3068704245940736E-13
  4.9754773477680055E+02  3.9604082131115202E-12  2.2718372592540511E-13
  5.0250465408392535E+02  3.9986429097896899E-12  2.2372412889384523E-13
  5.0751095769591223E+02  4.0373896507975114E-12  2.2030784340394814E-13
  5.1256713761382264E+02  4.0766523479576734E-12  2.1693446352794737E-13
  5.1767369074037936E+02  4.1164864460752214E-12  2.1360358538478360E-13
  5.2283111892879822E+02  4.1569436280547448E-12  2.1031480715359747E-13
  5.2803992903210712E+02  4.1980340131845706E-12  2.0706772908699075E-13
  5.3330063295296065E+02  4.2397481928877482E-12  2.0386195352403454E-13
  5.3861374769394638E+02  4.2820830871559014E-12  2.0069708490300813E-13
  5.4397979540839276E+02  4.3250393155848892E-12  1.9757272923808389E-13
  5.4939930345168693E+02  4.3686396531932314E-12  1.9448849739932157E-13
  5.5487280443309987E+02  4.4128936884212412E-12  1.9144401206953835E-13
  5.6040083626812998E+02  4.4577360245297608E-12  1.8843889854491491E-13
  5.6598394223136495E+02  4.5031624409229155E-12  1.8547278381753096E-13
  5.7162267100987663E+02  4.5492433901915468E-12  1.8254529658487824E-13
  5.7731757675714243E+02  4.5960130250637362E-12  1.7965606725982786E-13
  5.8306921914750274E+02  4.6434725062035194E-12  1.7680472798099168E-13
  5.8887816343116833E+02  4.6916352765608988E-12  1.7399091262341487E-13
  5.9474498048976864E+02  4.7405225833014424E-12  1.7121425680955744E-13
  6.0067024689245432E+02  4.7901260423608954E-12  1.6847439792050566E-13
  6.0665454495256370E+02  4.8404048298082981E-12  1.6577097510736916E-13
  6.1269846278484852E+02  4.8913312418346981E-12  1.6310362932582306E-13
  6.1880259436327219E+02  4.9429158290599754E-12  1.6047198874859484E-13
  6.2496753957938154E+02  4.9951782525527682E-12  1.5787564349467899E-13
  6.3119390430126509E+02  5.0481704023903703E-12  1.5531418197972015E-13
  6.3748230043309422E+02  5.1019743339632059E-12  1.5278719794957425E-13
  6.4383334597525652E+02  5.1565876761241791E-12  1.5029429038326809E-13
  6.5024766508509470E+02  5.2119593686623942E-12  1.4783506339819206E-13
  6.5672588813824450E+02  5.2680547317069337E-12  1.4540912615745353E-13
  6.6326865179058336E+02  5.3248532229022709E-12  1.4301609277932238E-13
  6.6987659904080306E+02  5.3823681987978840E-12  1.4065558224869728E-13
  6.7655037929359912E+02  5.4406355446467088E-12  1.3832721833053477E-13
  6.8329064842348976E+02  5.4996802070214951E-12  1.3603062948517587E-13
  6.9009806883927695E+02  5.5595289247929173E-12  1.3376544878549643E-13
  6.9697330954914275E+02  5.6202207377882749E-12  1.3153132084224597E-13
  7.0391704622639850E+02  5.6817689659224288E-12  1.2932794024665106E-13
  7.1092996127588469E+02  5.7441325125216423E-12  1.2715502084061626E-13
  7.1801274390103879E+02  5.8072447298691653E-12  1.2501227646780725E-13
  7.2516609017162682E+02  5.8710982666395827E-12  1.2289942098921884E-13
  7.3239070309214696E+02  5.9357675611471122E-12  1.2081616834293408E-13
  7.3968729267092328E+02  6.0012954513715318E-12  1.1876223260300507E-13
  7.4705657598988091E+02  6.0676848798863629E-12  1.1673732803743963E-13
  7.5449927727501483E+02  6.1349413564241852E-12  1.1474116916528316E-13
  7.6201612796757013E+02  6.2030719948587272E-12  1.1277347081277819E-13
  7.6960786679592081E+02  6.2720621463708665E-12  1.1083394816859498E-13
  7.7727523984817196E+02  6.3418890084479447E-12  1.0892231683812001E-13
  7.8501900064547897E+02  6.4125455460860694E-12  1.0703829184678246E-13
  7.9283991021610552E+02  6.4840554338637402E-12  1.0518156568329786E-13
  8.0073873717021229E+02  6.5564719143781278E-12  1.0335181106858235E-13
  8.0871625777539077E+02  6.6298359390017804E-12  1.0154870341226551E-13
  8.1677325603295674E+02  6.7041323859583290E-12  9.9771921667975736E-14
  8.2491052375499680E+02  6.7793193751447117E-12  9.8021148284962311E-14
  8.3312886064218196E+02  6.8553875686225451E-12  9.6296069160703309E-14
  8.4142907436236464E+02  6.9323359180928860E-12  9.4596373594469787E-14
  8.4981198062994940E+02  7.0101378705617340E-12  9.2921754241826292E-14
  8.5827840328606032E+02  7.0888100458934736E-12  9.1271907070037522E-14
  8.6682917437950221E+02  7.1684305699995978E-12  8.9646531314361539E-14
  8.7546513424853538E+02  7.2490425739418719E-12  8.8045329435203545E-14
  8.8418713160345942E+02  7.3306259544283630E-12  8.6468007075887683E-14
  8.9299602361001769E+02  7.4131277483754603E-12  8.4914278502957608E-14
  9.0189267597364244E+02  7.4964942639558041E-12  8.3383873835416191E-14
  9.1087796302453057E+02  7.5807409685027645E-12  8.1876526890798516E-14
  9.1995276780356642E+02  7.6659472390126836E-12  8.0391973228290505E-14
  9.2911798214910880E+02  7.7521612752479784E-12  7.8929950151961893E-14
  9.3837450678463506E+02  7.8393661310335157E-12  7.7490196713963014E-14
  9.4772325140726241E+02  7.9275101790635087E-12  7.6072453717679516E-14
  9.5716513477714489E+02  8.0165424744761252E-12  7.4676463720836082E-14
  9.6670108480777265E+02  8.1064452860684769E-12  7.3301971038542399E-14
  9.7633203865716018E+02  8.1972585852971673E-12  7.1948721746277394E-14
  9.8605894281994426E+02  8.2890504407836206E-12  7.0616463682803585E-14
  9.9588275322040749E+02  8.3818468835850152E-12  6.9304946453171558E-14
  1.0058044353064206E+03  8.4756260466316572E-12  6.8013920917408320E-14
  1.0158249641443196E+03  8.5703225779559902E-12  6.6743135982108008E-14
  1.0259453245147376E+03  8.6658637585333367E-12  6.5492341128272679E-14
  1.0361665110093820E+03  8.7622646523936807E-12  6.4261287978998835E-14
  1.0464895281287811E+03  8.8596076348121726E-12  6.3049730291593717E-14
  1.0569153903809981E+03  8.9579413512291933E-12  6.1857423947975643E-14
  1.0674451223813401E+03  9.0572457007392963E-12  6.0684126945162159E-14
  1.0780797589530503E+03  9.1574167223469148E-12  5.9529599385843004E-14
  1.0888203452290027E+03  9.2583360833268933E-12  5.8393603469034018E-14
  1.0996679367544209E+03  9.3600587763597893E-12  5.7275903480805871E-14
  1.1106235995906111E+03  9.4627473331752642E-12  5.6176265785086361E-14
  1.1216884104197245E+03  9.5663584769579522E-12  5.5094458814531292E-14
  1.1328634566505791E+03  9.6707750151911094E-12  5.4030253086643430E-14
  1.1441498365255202E+03  9.7759312670002332E-12  5.2983421727788425E-14
  1.1555486592283546E+03  9.8817921374976769E-12  5.1953740379692844E-14
  1.1670610449933522E+03  9.9883828364142236E-12  5.0940986659695403E-14
  1.1786881252153455E+03  1.0095746530461821E-11  4.9944940135396337E-14
  1.1904310425609151E+03  1.0203878631160040E-11  4.8965382318484892E-14
  1.2022909510806837E+03  1.0312697874820780E-11  4.8002096658554146E-14
  1.2142690163227392E+03  1.0422098881800591E-11  4.7054868536899420E-14
  1.2263664154471758E+03  1.0532034137065462E-11  4.6123485260299474E-14
  1.2385843373417788E+03  1.0642496842432958E-11  4.5207736054776824E-14
  1.2509239827388703E+03  1.0753441642788372E-11  4.4307412059333606E-14
  1.2633865643333086E+03  1.0864849768616852E-11  4.3422306319661851E-14
  1.2759733069016693E+03  1.0976740331924329E-11  4.2552213784836293E-14
  1.2886854474226068E+03  1.1088930258323951E-11  4.1696931532723271E-14
  1.3015242351984280E+03  1.1201260313605584E-11  4.0856258886391793E-14
  1.3144909319778653E+03  1.1313736574142896E-11  4.0029997035744703E-14
  1.3275868120800724E+03  1.1426301349939057E-11  3.9217948997293449E-14
  1.3408131625198671E+03  1.1538799612775586E-11  3.8419919609659492E-14
  1.3541712831342120E+03  1.1651087859257800E-11  3.7635715528983825E-14
  1.3676624867099515E+03  1.1763091029328759E-11  3.6865145224241710E-14
  1.3812880991128384E+03  1.1874737065564154E-11  3.6108018972459920E-14
  1.3950494594178265E+03  1.1985868787673154E-11  3.5364148853837148E-14
  1.4089479200406754E+03  1.2096256881910411E-11  3.4633348746764431E-14
  1.4229848468708540E+03  1.2205653346692929E-11  3.3915434322744994E-14
  1.4371616194057835E+03  1.2313843431163439E-11  3.3210223041200737E-14
  1.4514796308864063E+03  1.2420660520230821E-11  3.2517533840535099E-14
  1.4659402884341025E+03  1.2525889169250344E-11  3.1837186294355901E-14
  1.4805450131889866E+03  1.2629146053062385E-11  3.1169001583839166E-14
  1.4952952404495668E+03  1.2729981921956866E-11  3.0512802794779004E-14
  1.5101924198137967E+03  1.2828028713494651E-11  2.9868414905739494E-14
  1.5252380153215458E+03  1.2922871876864714E-11  2.9235664776262034E-14
  1.5404335055984734E+03  1.3013898157426919E-11  2.8614381135133265E-14
  1.5557803840013451E+03  1.3100356058628541E-11  2.8004394568709158E-14
  1.5712801587647896E+03  1.3181495890566953E-11  2.7405537509291985E-14
  1.5869343531495301E+03  1.3256512428590583E-11  2.6817644223556498E-14
  1.6027445055920816E+03  1.3324357634721587E-11  2.6240550801022489E-14
  1.6187121698559370E+03  1.3383688244140924E-11  2.5674095142570119E-14
  1.6348389151842748E+03  1.3432905105386498E-11  2.5118117063875544E-14
  1.6511263264541747E+03  1.3470089824746875E-11  2.4572459311056736E-14
  1.6675760043323673E+03  1.3492978002360323E-11  2.4036966971079477E-14
  1.6841895654325526E+03  1.3498859473810461E-11  2.3511486744051873E-14
  1.7009686424742679E+03  1.3484139849139989E-11  2.2995866929219442E-14
  1.7179148844433482E+03  1.3444090282617921E-11  2.2489957421033217E-14
  1.7350299567539771E+03  1.3372669367788355E-11  2.1993609705018392E-14
  1.7523155414123655E+03  1.3262157584839764E-11  2.1506676853444563E-14
  1.7697733371820507E+03  1.3102468524271363E-11  2.1029013520800584E-14
  1.7874050597508365E+03  1.2880227876654482E-11  2.0560475939074495E-14
  1.8052124418994181E+03  1.2577607210889901E-11  2.0100921912841023E-14
  1.8231972336716653E+03  1.2171059049713601E-11  1.9650210814158337E-14
  1.8413612025466075E+03  1.1630707426088686E-11  1.9208203550070841E-14
  1.8597061336121433E+03  1.0922277305251421E-11  1.8774761538029103E-14
  1.8782338297404672E+03  1.0015836557169436E-11  1.8349746466226079E-14
  1.8969461117652525E+03  8.9073504797086653E-12  1.7933021687217599E-14
  1.9158448186605876E+03  7.6497585681333293E-12  1.7524452307386673E-14
  1.9349318077217154E+03  6.3615723496774780E-12  1.7123905170094609E-14
  1.9542089547475571E+03  5.1779213020950851E-12  1.6731248839001685E-14
  1.9736781542250501E+03  4.1822954551186201E-12  1.6346353581551829E-14
  1.9933413195153462E+03  3.3893102089205867E-12  1.5969091352616729E-14
  2.0132003830418419E+03  2.7728398258116641E-12  1.5599335778295222E-14
  2.0332572964800827E+03  2.2956232443945542E-12  1.5236962139863478E-14
  2.0535140309495823E+03  1.9237869608849421E-12  1.4881847357871089E-14
  2.0739725772075249E+03  1.6307392306082237E-12  1.4533869977171895E-14
  2.0946349458444165E+03  1.3967518091541489E-12  1.4192910822983313E-14
  2.1155031674816678E+03  1.2074588626435733E-12  1.3858854325931226E-14
  2.1365792929711706E+03  1.0524102506476324E-12  1.3531586648492807E-14
  2.1578653935968400E+03  9.2394854241888250E-13  1.3210995233821416E-14
  2.1793635612781686E+03  8.1640005824239291E-13  1.2896968805158354E-14
  2.2010759087758220E+03  7.2550765429622339E-13  1.2589397364874149E-14
  2.2230045698992694E+03  6.4803555211776037E-13  1.2288172193147280E-14
  2.2451516997164795E+03  5.8149306937976145E-13  1.1993185846287364E-14
  2.2675194747657238E+03  5.2393985269799457E-13  1.1704332154710062E-14
  2.2901100932694744E+03  4.7384708858255746E-13  1.1421506220571861E-14
  2.3129257753504357E+03  4.2999743861151099E-13  1.1144604415071547E-14
  2.3359687632497266E+03  3.9141202625196472E-13  1.0873524375426248E-14
  2.3592413215472488E+03  3.5729652381584285E-13  1.0608164771820685E-14
  2.3827457373842371E+03  3.2700085022875528E-13  1.0348423732574718E-14
  2.4064843206880237E+03  2.9998882251603543E-13  1.0094199954044099E-14
  2.4304594043990628E+03  2.7581500311894243E-13  9.8453936528774188E-15
  2.4546733447001975E+03  2.5410683633751994E-13  9.6019065545045808E-15
  2.4791285212482071E+03  2.3455076031125070E-13  9.3636418738956252E-15
  2.5038273374076898E+03  2.1688131592419496E-13  9.1305042965712843E-15
  2.5287722204872443E+03  2.0087253589782109E-13  8.9023999598604131E-15
  2.5539656219780122E+03  1.8633108416255884E-13  8.6792364343983753E-15
  2.5794100177946170E+03  1.7309075004384971E-13  8.4609227058612244E-15
  2.6051079085184751E+03  1.6100799949030179E-13  8.2473691569307172E-15
  2.6310618196435516E+03  1.4995835722139318E-13  8.0384875494851490E-15
  2.6572743018245442E+03  1.3983344700661039E-13  7.8341910290880084E-15
  2.6837479311275697E+03  1.3053856519372191E-13  7.6343946850849679E-15
  2.7104853092833191E+03  1.2199066439263271E-13  7.4390155379912367E-15
  2.7374890639427431E+03  1.1411666488511192E-13  7.2479718264020478E-15
  2.7647618489352985E+03  1.0685205426794173E-13  7.0611829571537792E-15
  2.7923063445297544E+03  1.0013971248560366E-13  6.8785694958983408E-15
  2.8201252576975853E+03  9.3928921053616322E-14  6.7000531576027936E-15
  2.8482213223790227E+03  8.8174524106767462E-14  6.5255567969772539E-15
  2.8765972997517238E+03  8.2836215181450614E-14  6.3550043988346427E-15
  2.9052559785021367E+03  7.7877928590983704E-14  6.1883210683854803E-15
  2.9342001750995496E+03  7.3267318179002753E-14  6.0254330214710536E-15
  2.9634327340729005E+03  6.8975309366993535E-14  5.8662675747380053E-15
  2.9929565282903200E+03  6.4975712920381013E-14  5.7107531355581343E-15
  3.0227744592414538E+03  6.1244890167974730E-14  5.5588191204903867E-15
  3.0528894573226316E+03  5.7761462172419675E-14  5.4103958401268982E-15
  3.0833044821248459E+03  5.4506059542657627E-14  5.2654146631458018E-15
  3.1140225227246001E+03  5.1461102737080315E-14  5.1238080378024736E-15
  3.1450465979776804E+03  4.8610609537564182E-14  4.9855094801212275E-15
  3.1763797568158298E+03  4.5940026205936424E-14  4.8504535621192361E-15
  3.2080250785463886E+03  4.3436079047183167E-14  4.7185759000638356E-15
  3.2399856731549057E+03  4.1086643605834677E-14  4.5898131427647332E-15
  3.2722646816107958E+03  3.8880629139804076E-14  4.4641029599022905E-15
  3.3048652761760140E+03  3.6807876364874877E-14  4.3413840303935576E-15
  3.3377906607168002E+03  3.4859066755326119E-14  4.2215960307973101E-15
  3.3710440710185680E+03  3.3025641931838222E-14  4.1046796237592720E-15
  3.4046287751038931E+03  3.1299731733747492E-14  3.9905764274299638E-15
  3.4385480735536707E+03  2.9674089362629353E-14  3.8792289003139145E-15
  3.4728052998315097E+03  2.8142034894476724E-14  3.7705804169427464E-15
  3.5074038206113155E+03  2.6697404492354454E-14  3.6645753127005976E-15
  3.5423470361081618E+03  2.5334504393293768E-14  3.5611588714685378E-15
  3.5776383804124384E+03  2.4048069569474696E-14  3.4602773131107523E-15
  3.6132813218273618E+03  2.2833226531993572E-14  3.3618777810628127E-15
  3.6492793632098160E+03  2.1685459810570317E-14  3.2659083300219920E-15
  3.6856360423145893E+03  2.0600581700882715E-14  3.1723179137394419E-15
  3.7223549321420751E+03  1.9574704921549592E-14  3.0810563729139665E-15
  3.7594396412894002E+03  1.8604217866312038E-14  2.9920744231875188E-15
  3.7968938143050564E+03  1.7685762174674013E-14  2.9053236432422118E-15
  3.8347211320470910E+03  1.6816212379078457E-14  2.8207564632149742E-15
  3.8729253120448375E+03  1.5992657467132156E-14  2.7383261595771121E-15
  3.9115101088642659E+03  1.5212384047516237E-14  2.6579868437776310E-15
  3.9504793144769519E+03  1.4472860946411419E-14  2.5796934425038978E-15
  3.9898367586327631E+03  1.3771725228068216E-14  2.5034016859017632E-15
  4.0295863092362224E+03  1.3106769435394710E-14  2.4290680963798280E-15
  4.0697318727266029E+03  1.2475929927520053E-14  2.3566499775110900E-15
  4.1102773944618939E+03  1.1877276208534606E-14  2.2861054030319301E-15
  4.1512268591065140E+03  1.1309001152932626E-14  2.2173932059388290E-15
  4.1925842910228484E+03  1.0769412043269778E-14  2.1504729676828831E-15
  4.2343537546668558E+03  1.0256922344376655E-14  2.0853050074618878E-15
  4.2765393549874416E+03  9.7700441462933971E-15  2.0218503716107055E-15
  4.3191452378298754E+03  9.3073812148267669E-15  1.9600708230440266E-15
  4.3621755903432422E+03  8.8676225428026680E-15  1.8999288206521899E-15
  4.4056346413919691E+03  8.4495363959833864E-15  1.8413874967175646E-15
  4.4495266619713675E+03  8.0519650089937786E-15  1.7844106698423000E-15
  4.4938559656273965E+03  7.6738195891573141E-15  1.7289628384248711E-15
  4.5386269088806139E+03  7.3140756815820518E-15  1.6750091703538496E-15
  4.5838438916542600E+03  6.9717688850409974E-15  1.6225154928134815E-15
  4.6295113577066932E+03  6.6459908889611061E-15  1.5714482822005267E-15
  4.6756337950681400E+03  6.3358858046203485E-15  1.5217746541521747E-15
  4.7222157364816967E+03  6.0406467661484756E-15  1.4734623536847573E-15
  4.7692617598488287E+03  5.7595127791679528E-15  1.4264797454427550E-15
  4.8167764886792884E+03  5.4917657969291519E-15  1.3807958040578674E-15
  4.8647645925454490E+03  5.2367280056082920E-15  1.3363801046175437E-15
  4.9132307875412334E+03  4.9937592696375037E-15  1.2932028038507824E-15
  4.9621798367456304E+03  4.7622546508855330E-15  1.2512345930257247E-15
  5.0116165506907291E+03  4.5416423730198098E-15  1.2104467273494451E-15
  5.0615457878345123E+03  4.3313818565503644E-15  1.1708110344872846E-15
  5.1119724550383553E+03  4.1309618218966039E-15  1.1322999049429436E-15
  5.1629015080491990E+03  3.9398985213055114E-15  1.0948862825512618E-15
  5.2143379519866048E+03  3.7577340899827717E-15  1.0585436551091935E-15
  5.2662868418346798E+03  3.5840350074937793E-15  1.0232460451435298E-15
  5.3187532829387901E+03  3.4183906612330458E-15  9.8896800081393657E-16
  5.3717424315073340E+03  3.2604120044333889E-15  9.5568458694963279E-16
  5.4252594951185029E+03  3.1097303018007569E-15  9.2337137621833118E-16
  5.4793097332320021E+03  2.9659959564188310E-15  8.9200444042599957E-16
  5.5338984577059582E+03  2.8288774166415718E-15  8.6156034357159031E-16
  5.5890310333189891E+03  2.6980602139355504E-15  8.3201615486067983E-16
  5.6447128782973605E+03  2.5732459731321202E-15  8.0334943181527951E-16
  5.7009494648475084E+03  2.4541514466498335E-15  7.7553819242102310E-16
  5.7577463196938479E+03  2.3405076692669860E-15  7.4856090689564302E-16
  5.8151090246219082E+03  2.2320591671746031E-15  7.2239649016084736E-16
  5.8730432170268077E+03  2.1285632156066702E-15  6.9702429441314709E-16
  5.9315545904674200E+03  2.0297891417426043E-15  6.7242410179292951E-16
  5.9906488952258405E+03  1.9355176698260699E-15  6.4857611715140393E-16
  6.0503319388724349E+03  1.8455403056704434E-15  6.2546096091470447E-16
  6.1106095868367283E+03  1.7596587579302523E-15  6.0305966204444125E-16
  6.1714877629837683E+03  1.6776843937109988E-15  5.8135365109424662E-16
  6.2329724501962210E+03  1.5994377256451808E-15  5.6032475309234001E-16
  6.2950696909624994E+03  1.5247478712480322E-15  5.3995515920717328E-16
  6.3577855879705121E+03  1.4534520602627512E-15  5.2022740618129016E-16
  6.4211263047073935E+03  1.3853953221126094E-15  5.0112441002747468E-16
  6.4850980660652594E+03  1.3204300933970284E-15  4.8262946369494738E-16
  6.5497071589530015E+03  1.2584158341112178E-15  4.6472622997228736E-16
  6.6149599329140683E+03  1.1992186657537478E-15  4.4739873452051315E-16
  6.6808628007505085E+03  1.1427110299476074E-15  4.3063135903390913E-16
  6.7474222391532412E+03  1.0887713662953296E-15  4.1440883452631474E-16
  6.8146447893384811E+03  1.0372838082762487E-15  3.9871623474060408E-16
  6.8825370576906225E+03  9.8813789607465900E-16  3.8353896967902803E-16
  6.9511057164115318E+03  9.4122830530294963E-16  3.6886277925220141E-16
  7.0203575041761906E+03  8.9645459065425635E-16  3.5467372704527471E-16
  7.0902992267949812E+03  8.5372094913183404E-16  3.4095819657419970E-16
  7.1609377578825806E+03  8.1293600918675272E-16  3.2770289268687583E-16
  7.2322800395333952E+03  7.7401259168942703E-16  3.1489482680878059E-16
  7.3043330830038385E+03  7.3686749686281845E-16  3.0252130800557439E-16
  7.3771039694014189E+03  7.0142131092485700E-16  2.9056993749057002E-16
  7.4505998503805595E+03  6.6759822299678778E-16  2.7902860322617439E-16
  7.5248279488454782E+03  6.3532585167531689E-16  2.6788547461589428E-16
  7.5997955596600696E+03  6.0453508070963379E-16  2.5712899728534191E-16
  7.6755100503647336E+03  5.7515990325968940E-16  2.4674788795066741E-16
  7.7519788619004703E+03  5.4713727424481384E-16  2.3673112937280129E-16
  7.8292095093401967E+03  5.2040697032257229E-16  2.2706796539595328E-16
  7.9072095826272107E+03  4.9491145706628390E-16  2.1774789606882145E-16
  7.9859867473211398E+03  4.7059576287996616E-16  2.0876067281686360E-16
  8.0655487453513424E+03  4.4740735870894786E-16  2.0009629344477817E-16
  8.1459033957776528E+03  4.2529604479503417E-16  1.9174499764321134E-16
  8.2270585955588649E+03  4.0421384349287849E-16  1.8369726267017781E-16
  8.3090223203288533E+03  3.8411489682854659E-16  1.7594379886202040E-16
  8.3918026251803076E+03  3.6495536914820773E-16  1.6847554521063574E-16
  8.4754076454563892E+03  3.4669335460055629E-16  1.6128366501322208E-16
  8.5598455975503057E+03  3.2928878919066479E-16  1.5435954159306990E-16
  8.6451247797126853E+03  3.1270336715844415E-16  1.4769477408993667E-16
  8.7312535728671355E+03  2.9690046144925253E-16  1.4128117331851896E-16
  8.8182404414339453E+03  2.8184504805786073E-16  1.3511075769359877E-16
  8.9060939341619051E+03  2.6750363403965251E-16  1.2917574922044914E-16
  8.9948226849683269E+03  2.5384418891457091E-16  1.2346856950644607E-16
  9.0844354137877654E+03  2.4083607480610943E-16  1.1798183355260677E-16
  9.1749409274288791E+03  2.2844998277872211E-16  1.1270834513414818E-16
  9.2663481204398176E+03  2.1665788167732306E-16  1.0764109692760059E-16
  9.3586659759825579E+03  2.0543296226063687E-16  1.0277326707331905E-16
  9.4519035667156477E+03  1.9474958322701363E-16  9.8098215426873265E-17
  9.5460700556856937E+03  1.8458321978495343E-16  9.3609479873393052E-17
  9.6411746972281107E+03  1.7491041463718910E-16  8.9300772703299551E-17
  9.7372268378764802E+03  1.6570873125460014E-16  8.5165977047945202E-17
  9.8342359172810557E+03  1.5695670932297888E-16  8.1199143373664007E-17
  9.9322114691365041E+03  1.4863382225218261E-16  7.7394486032808244E-17
  1.0031163122118907E+04  1.4072043664329633E-16  7.3746379870381822E-17
  1.0131100600831902E+04  1.3319777361589930E-16  7.0249356885471106E-17
  1.0232033726762444E+04  1.2604787432249732E-16  6.6898104266672815E-17
  1.0333972419246089E+04  1.1925357074662715E-16  6.3687464403494574E-17
  1.0436926696441706E+04  1.1279844334806606E-16  6.0612427106311256E-17
  1.0540906676316083E+04  1.0666678665316152E-16  5.7668125244695840E-17
  1.0645922577638350E+04  1.0084357890814630E-16  5.4849831799527581E-17
  1.0751984720984114E+04  9.5314453071305580E-17  5.2152956951990296E-17
  1.0859103529749791E+04  9.0065669079377795E-17  4.9573045208906802E-17
  1.0967289531177046E+04  8.5084087327096047E-17  4.7105772563944602E-17
  1.1076553357387234E+04  8.0357143301968468E-17  4.4746943694251799E-17
  1.1186905746426361E+04  7.5872823319402220E-17  4.2492489192098097E-17
  1.1298357543320439E+04  7.1619641306154567E-17  4.0338462831136228E-17
  1.1410919701141163E+04  6.7586616582792310E-17  3.8281038866925697E-17
  1.1524603282082409E+04  6.3763252348792848E-17  3.6316509223628468E-17
  1.1639419458547451E+04  6.0139513198209673E-17  3.4441279626183804E-17
  1.1755379514246804E+04  5.6705807224776048E-17  3.2651867910187999E-17
  1.1872494845307217E+04  5.3452968958348673E-17  3.0944902371403102E-17
  1.1990776961391717E+04  5.0372241396901058E-17  2.9317119192687147E-17
  1.2110237486830589E+04  4.7455258777151676E-17  2.7765359894472009E-17
  1.2230888161763842E+04  4.4694030073345304E-17  2.6286568821811364E-17
  1.2352740843295063E+04  4.2080923190937264E-17  2.4877790667606476E-17
  1.2475807506656547E+04  3.9608649823616212E-17  2.3536168031649367E-17
  1.2600100246386242E+04  3.7270250943681419E-17  2.2258939015145327E-17
  1.2725631277516442E+04  3.5059082897315208E-17  2.1043434850415831E-17
  1.2852412936774075E+04  3.2968804077718522E-17  1.9887077565510283E-17
  1.2980457683793191E+04  3.0993362188194220E-17  1.8787377707585237E-17
  1.3109778102339504E+04  2.9126983415481252E-17  1.7741932954271241E-17
  1.3240386901547043E+04  2.7364160755099765E-17  1.6748425929545180E-17
  1.3372296917166985E+04  2.5699640585902760E-17  1.5804620692778062E-17
  1.3505521112829416E+04  2.4128411817679909E-17  1.4908360533464159E-17
  1.3640072581317198E+04  2.2645695637515719E-17  1.4057565894942965E-17
  1.3775964545852499E+04  2.1246935667953625E-17  1.3250232326897971E-17
  1.3913210361396668E+04  1.9927788519821637E-17  1.2484428466848833E-17
  1.4051823515962547E+04  1.8684114723401061E-17  1.1758294050861548E-17
  1.4191817631939830E+04  1.7511970022370074E-17  1.1070037953691261E-17
  1.4333206467434193E+04  1.6407597015683222E-17  1.0417936258569986E-17
  1.4476003917619171E+04  1.5367417133251037E-17  9.8003303568559070E-18
  1.4620224016101700E+04  1.4388022931823248E-17  9.2156250776742190E-18
  1.4765880936301342E+04  1.3466170587359347E-17  8.6622867751688326E-18
  1.4912988992843297E+04  1.2598772596413922E-17  8.1388413902926647E-18
  1.5061562642964996E+04  1.1782891313020115E-17  7.6438728998486407E-18
  1.5211616487937012E+04  1.1015732467964643E-17  7.1760216111653594E-18
  1.5363165274498098E+04  1.0294638866935164E-17  6.7339824349456616E-18
  1.5516223896304264E+04  9.6170843418895949E-18  6.3165031902149135E-18
  1.5670807395392563E+04  8.9806679456878686E-18  5.9223829414264214E-18
  1.5826930963659459E+04  8.3831083804685795E-18  5.5504703677730075E-18
  1.5984609944353639E+04  7.8222386506665507E-18  5.1996621647405633E-18
  1.6143859833583989E+04  7.2960009319577731E-18  4.8689014779238450E-18
  1.6304696281842602E+04  6.8024416477941020E-18  4.5571763691124758E-18
  1.6467135095542631E+04  6.3397067455435957E-18  4.2635183146393701E-18
  1.6631192238571810E+04  5.9060372156277387E-18  3.9870007709829479E-18
  1.6796883833861397E+04  5.4997650842579490E-18  3.7267379687363148E-18
  1.6964226164970511E+04  5.1193089232131943E-18  3.4818832925979127E-18
  1.7133235677686491E+04  4.7631696239815519E-18  3.2516277552246901E-18
  1.7303928981641242E+04  4.4299265874414411E-18  3.0351986707351438E-18
  1.7476322851943358E+04  4.1182340707653080E-18  2.8318583597633828E-18
  1.7650434230826828E+04  3.8268176836731657E-18  2.6409028846330493E-18
  1.7826280229316159E+04  3.5544710285766636E-18  2.4616608146300467E-18
  1.8003878128907774E+04  3.3000524793549881E-18  2.2934920213252343E-18
  1.8183245383268466E+04  3.0624820936945158E-18  2.1357865038698949E-18
  1.8364399619950811E+04  2.8407386541083712E-18  1.9879632441607456E-18
  1.8547358642125309E+04  2.6338568329266024E-18  1.8494690917445138E-18
  1.8732140430330121E+04  2.4409244760513687E-18  1.7197776778450190E-18
  1.8918763144238248E+04  2.2610799825249329E-18  1.5983883454155663E-18
  1.9107245124441964E+04  2.0935098181454773E-18  1.4848251243339728E-18
  1.9297604894255393E+04  1.9374461605928396E-18  1.3786357529013418E-18
  1.9489861161534958E+04  1.7921646187799478E-18  1.2793907084270444E-18
  1.9684032820517921E+04  1.6569820496402333E-18  1.1866822651606929E-18
  1.9880138953678925E+04  1.5312544704575337E-18  1.1001235805066594E-18
  2.0078198833605846E+04  1.4143750631505128E-18  1.0193478091857980E-18
  2.0278231924893600E+04  1.3057722670460472E-18  9.4400724499096385E-19
  2.0480257886056788E+04  1.2049079567904274E-18  8.7377248976352622E-19
  2.0684296571462164E+04  1.1112757021591480E-18  8.0833164920090416E-19
  2.0890368033279599E+04  1.0243991066346954E-18  7.4738955508953768E-19
  2.1098492523452485E+04  9.4383022174858988E-19  6.9066701356065016E-19
  2.1308690495688530E+04  8.6914804616417573E-19  6.3790008766019901E-19
  2.1520982607469567E+04  7.9995709786596996E-19  5.8883940734306315E-19
  2.1735389722081654E+04  7.3588600345310627E-19  5.4324946763457995E-19
  2.1951932910665542E+04  6.7658618290916583E-19  5.0090797326432584E-19
  2.2170633454287577E+04  6.2173060300043486E-19  4.6160521178142099E-19
  2.2391512846030881E+04  5.7101258988665439E-19  4.2514344965845008E-19
  2.2614592793107724E+04  5.2414469858742588E-19  3.9133635090625398E-19
  2.2839895218992995E+04  4.8085763702350193E-19  3.6000841771321765E-19
  2.3067442265578455E+04  4.4089924242572138E-19  3.3099445261491668E-19
  2.3297256295348918E+04  4.0403350797565525E-19  3.0413904169315699E-19
  2.3529359893580084E+04  3.7003965761190745E-19  2.7929605829811233E-19
  2.3763775870557874E+04  3.3871126700373597E-19  2.5632818678275446E-19
  2.4000527263820244E+04  3.0985542899567266E-19  2.3510646592969214E-19
  2.4239637340421414E+04  2.8329196201719581E-19  2.1550985184936909E-19
  2.4481129599218155E+04  2.5885265704347767E-19  1.9742479769754172E-19
  2.4725027773179321E+04  2.3638056416120886E-19  1.8074485198021030E-19
  2.4971355831718396E+04  2.1572931675514030E-19  1.6537027468216835E-19
  2.5220137983048804E+04  1.9676249118315995E-19  1.5120767029313366E-19
  2.5471398676563156E+04  1.7935300037008199E-19  1.3816963721737278E-19
  2.5725162605236219E+04  1.6338251980601903E-19  1.2617443305614217E-19
  2.5981454708051318E+04  1.4874094448860133E-19  1.1514565525580398E-19
  2.6240300172451411E+04  1.3532587540034122E-19  1.0501193661868426E-19
  2.6501724436814584E+04  1.2304213416329107E-19  9.5706655178776002E-20
  2.6765753192953722E+04  1.1180130456262576E-19  8.7167657949989163E-20
  2.7032412388641536E+04  1.0152129962721874E-19  7.9336998018693552E-20
  2.7301728230160832E+04  9.2125952326766453E-20  7.2160683918566273E-20
  2.7573727184879583E+04  8.3544630799705212E-20  6.5588442485562870E-20
  2.7848435983852254E+04  7.5711876155485626E-20  5.9573494054796818E-20
  2.8125881624446978E+04  6.8567060272447628E-20  5.4072338355572834E-20
  2.8406091372998413E+04  6.2054063564067138E-20  4.9044551457557011E-20
  2.8689092767487567E+04  5.6120971755340809E-20  4.4452593359655136E-20
  2.8974913620248291E+04  5.0719790710249619E-20  4.0261625790650805E-20
  2.9263582020700218E+04  4.5806178390260602E-20  3.6439339800417556E-20
  2.9555126338109472E+04  4.1339193061695709E-20  3.2955792730511923E-20
  2.9849575224376829E+04  3.7281056906607600E-20  2.9783254163191291E-20
  3.0146957616853426E+04  3.3596934227467005E-20  2.6896060458272836E-20
  3.0447302741184212E+04  3.0254723472414584E-20  2.4270477499334724E-20
  3.0750640114180875E+04  2.7224862594257363E-20  2.1884571487599760E-20
  3.1056999546722272E+04  2.4480146672165953E-20  1.9718087128324793E-20
  3.1366411146683753E+04  2.1995556430086574E-20  1.7752332307295599E-20
  3.1678905321896800E+04  1.9748098418754417E-20  1.5970070061946297E-20
  3.1994512783137045E+04  1.7716655707482682E-20  1.4355417088531824E-20
  3.2313264547141986E+04  1.5881848399794575E-20  1.2893748392296670E-20
  3.2635191939660006E+04  1.4225903412748684E-20  1.1571607776947714E-20
  3.2960326598528489E+04  1.2732532986125537E-20  1.0376623880226442E-20
  3.3288700476783000E+04  1.1386821413001154E-20  9.2974314727506055E-21
  3.3620345845797630E+04  1.0175119507734752E-20  8.3235977476053399E-21
  3.3955295298456738E+04  9.0849463510097389E-21  7.4455533383517829E-21
  3.4293581752357619E+04  8.1048978743134409E-21  6.6545278131770295E-21
  3.4635238453045778E+04  7.2245618164263722E-21  5.9424893598546326E-21
  3.4980298977282335E+04  6.4344385736417755E-21  5.3020883603927005E-21
  3.5328797236343438E+04  5.7258681781786060E-21  4.7266051338853051E-21
  3.5680767479353126E+04  5.0909623769528754E-21  4.2099010800660114E-21
  3.6036244296649456E+04  4.5225415495868858E-21  3.7463730810163183E-21
  3.6395262623183451E+04  4.0140762791409504E-21  3.3309110732907409E-21
  3.6757857741952612E+04  3.5596332734901377E-21  2.9588586030396971E-21
  3.7124065287468598E+04  3.1538253516739564E-21  2.6259761852056397E-21
  3.7493921249258856E+04  2.7917652254683977E-21  2.3284072963130743E-21
  3.7867461975403705E+04  2.4690228216491933E-21  2.0626468385745808E-21
  3.8244724176108764E+04  2.1815859049577037E-21  1.8255119209926749E-21
  3.8625744927312226E+04  1.9258237756597914E-21  1.6141148108440613E-21
  3.9010561674328761E+04  1.6984538315332974E-21  1.4258379186851981E-21
  3.9399212235529754E+04  1.4965108250473668E-21  1.2583107109813552E-21
  3.9791734806059467E+04  1.3173185283695742E-21  1.1093883420784729E-21
  4.0188167961588981E+04  1.1584636853130576E-21  9.7713193419831873E-22
  4.0588550662107482E+04  1.0177721396514392E-21  8.5979043986826849E-22
  4.0992922255750636E+04  8.9328693789622574E-22  7.5578394251963087E-22
  4.1401322482667820E+04  7.8324825959781537E-22  6.6368829460837061E-22
  4.1813791478927895E+04  6.8607503899121737E-22  5.8222099953990455E-22
  4.2230369780463021E+04  6.0034815058122080E-22  5.1022824912426150E-22
  4.2651098327053078E+04  5.2479503957356572E-22  4.4667303350145886E-22
  4.3076018466348491E+04  4.5827568592820622E-22  3.9062424546514899E-22
  4.3505171957933919E+04  3.9976979825112886E-22  3.4124670587611607E-22
  4.3938600977432587E+04  3.4836514069329890E-22  2.9779204133388624E-22
  4.4376348120650553E+04  3.0324689583157178E-22  2.5959034374916033E-22
  4.4818456407763144E+04  2.6368799251361068E-22  2.2604256252803952E-22
  4.5264969287543128E+04  2.2904033221948282E-22  1.9661358278085043E-22
  4.5715930641630119E+04  1.9872680706722663E-22  1.7082590749464937E-22
  4.6171384788843374E+04  1.7223405798146867E-22  1.4825390790134902E-22
  4.6631376489537579E+04  1.4910591277867252E-22  1.2851859797851623E-22
  4.7095950950001185E+04  1.2893744637671749E-22  1.1128289035813781E-22
  4.7565153826899354E+04  1.1136960967574641E-22  9.6247293925320541E-23
  4.8039031231761248E+04  9.6084377720315266E-23  8.3146016225178732E-23
  4.8517629735511124E+04  8.2800371553216040E-23  7.1743436468186194E-23
  4.9000996373045411E+04  7.1268911722371843E-23  6.1830917438546557E-23
  4.9489178647855464E+04  6.1270464717231173E-23  5.3223926973426282E-23
  4.9982224536695423E+04  5.2611446952523602E-23  4.5759442118804768E-23
  5.0480182494297442E+04  4.5121353655539993E-23  3.9293611019169099E-23
  5.0983101458134035E+04  3.8650180341337536E-23  3.3699647505994067E-23
  5.1491030853226701E+04  3.3066112263799610E-23  2.8865939703780465E-23
  5.2004020597004041E+04  2.8253455883737248E-23  2.4694352490867123E-23
  5.2522121104206781E+04  2.4110788761113837E-23  2.1098705434267748E-23
  5.3045383291842620E+04  2.0549306743831404E-23  1.8003409710057610E-23
  5.3573858584190515E+04  1.7491349161228951E-23  1.5342248894294199E-23
  5.4107598917853786E+04  1.4869084427045159E-23  1.3057289785668672E-23
  5.4646656746864639E+04  1.2623340023012797E-23  1.1097910605572484E-23
  5.5191085047839420E+04  1.0702562278775341E-23  9.4199350191908094E-24
  5.5740937325184350E+04  9.0618926942455812E-24  7.9848614374989490E-24
  5.6296267616354024E+04  7.6623487623708594E-24  6.7591779886927582E-24
  5.6857130497162405E+04  6.4700983053533352E-24  5.7137543534614628E-24
  5.7423581087145627E+04  5.4558177763653129E-24  4.8233028193483061E-24
  5.7995675054979249E+04  4.5941253263002954E-24  4.0659011141195707E-24
  5.8573468623949593E+04  3.8630804877006647E-24  3.4225704217988319E-24
  5.9157018577478382E+04  3.2437433383212076E-24  2.8769027993549861E-24
  5.9746382264703614E+04  2.7197865943178886E-24  2.4147326625877704E-24
  6.0341617606115942E+04  2.2771547391947934E-24  2.0238475289913736E-24
  6.0942783099250206E+04  1.9037648943922881E-24  1.6937336820925034E-24
  6.1549937824434681E+04  1.5892446825928887E-24  1.4153528567974188E-24
  6.2163141450597650E+04  1.3247028297412454E-24  1.1809464417072717E-24
  6.2782454241130603E+04  1.1025287004206792E-24  9.8386405505524142E-25
  6.3407937059811673E+04  9.1621736742138310E-25  8.1841367867526649E-25
  6.4039651376786242E+04  7.6021718474462398E-25  6.7973083288803952E-25
  6.4677659274608362E+04  6.2979715915418308E-25  5.6366453930747699E-25
  6.5322023454342394E+04  5.2093172009520131E-25  4.6667806768792411E-25
  6.5972807241724280E+04  4.3020075808379904E-25  3.8576268423286280E-25
  6.6630074593385332E+04  3.5470303702031536E-25  3.1836281119859997E-25
  6.7293890103138008E+04  2.9198130529851627E-25  2.6231118855335376E-25
  6.7964319008323262E+04  2.3995762484605160E-25  2.1577278888027177E-25
  6.8641427196222154E+04  1.9687761088494408E-25  1.7719638053966013E-25
  6.9325281210531422E+04  1.6126243029112447E-25  1.4527276293680808E-25
  7.0015948257902332E+04  1.3186754472264159E-25  1.1889881294929234E-25
  7.0713496214545929E+04  1.0764730779964188E-25  9.7146584420885338E-26
  7.1417993632904123E+04  8.7724635044102521E-26  7.9236794299011224E-26
  7.2129509748385812E+04  7.1365062385551175E-26  6.4516110555727219E-26
  7.2848114486171573E+04  5.7954595056761951E-26  5.2437729478562056E-26
  7.3573878468086143E+04  4.6980824777834580E-26  4.2544794155126313E-26
  7.4306873019537888E+04  3.8016860293318404E-26  3.4456262834458550E-26
  7.5047170176528904E+04  3.0707675526946437E-26  2.7854886087455627E-26
  7.5794842692734877E+04  2.4758531706929561E-26  2.2476996000227504E-26
  7.6549964046654044E+04  1.9925175565581089E-26  1.8103849646778498E-26
  7.7312608448829502E+04  1.6005555830511542E-26  1.4554303372436439E-26
  7.8082850849141410E+04  1.2832835332717342E-26  1.1678624494696327E-26
  7.8860766944173069E+04  1.0269506728526896E-26  9.3532733615087967E-27
  7.9646433184650770E+04  8.2024465795348638E-27  7.4765117211858447E-27
  8.0439926782956012E+04  6.5387658164095348E-27  5.9647134333477120E-27