 #p(MeV) \t \delta f_\\nu \t \delta f_\\nubar
  3.2567638757625090E+00  7.6168778497426449E-10  7.4571484689437572E-10
  3.2892100404340390E+00  7.4772597530510869E-10  7.3203595714701010E-10
  3.3219794565422851E+00  7.3402946039251744E-10  7.1861610451729520E-10
  3.3550753445446584E+00  7.2059307887532022E-10  7.0545028206945854E-10
  3.3885009569830156E+00  7.0741176996289595E-10  6.9253357960070318E-10
  3.4222595788033239E+00  6.9448055979795036E-10  6.7986117017511528E-10
  3.4563545276784788E+00  6.8179457362660938E-10  6.6742832204328542E-10
  3.4907891543343585E+00  6.6934903392908329E-10  6.5523039688007154E-10
  3.5255668428791274E+00  6.5713925843762972E-10  6.4326284790977683E-10
  3.5606910111358006E+00  6.4516065819695297E-10  6.3152121807057730E-10
  3.5961651109781476E+00  6.3340873566598890E-10  6.2000113821725367E-10
  3.6319926286699205E+00  6.2187908286011517E-10  6.0869832536136849E-10
  3.6681770852074731E+00  6.1056737953282194E-10  5.9760858094799753E-10
  3.7047220366658005E+00  5.9946939139591213E-10  5.8672778916819305E-10
  3.7416310745479997E+00  5.8858096837733657E-10  5.7605191530636076E-10
  3.7789078261382496E+00  5.7789803792575548E-10  5.6557699925131614E-10
  3.8165559548582690E+00  5.6741660022253065E-10  5.5529915093104976E-10
  3.8545791606273516E+00  5.5713275809794286E-10  5.4521457961637147E-10
  3.8929811802259877E+00  5.4704269300043988E-10  5.3531957042759904E-10
  3.9317657876630867E+00  5.3714266112607564E-10  5.2561048058630373E-10
  3.9709367945468865E+00  5.2742899194751554E-10  5.1608373801404094E-10
  4.0104980504595336E+00  5.1789808677304519E-10  5.0673583995918425E-10
  4.0504534433354102E+00  5.0854641733486712E-10  4.9756335165124401E-10
  4.0908068998432316E+00  4.9937052440604355E-10  4.8856290498201744E-10
  4.1315623857719315E+00  4.9036701644541796E-10  4.7973119721301048E-10
  4.1727239064204209E+00  4.8153256826988636E-10  4.7106498970850644E-10
  4.2142955069912027E+00  4.7286391975341037E-10  4.6256110669373772E-10
  4.2562812729879171E+00  4.6435787641826711E-10  4.5421643585360779E-10
  4.2986853306168662E+00  4.5601134695241043E-10  4.4602796486773169E-10
  4.3415118471925034E+00  4.4782132607291030E-10  4.3799276464657340E-10
  4.3847650315469959E+00  4.3978486241886305E-10  4.3010795812923327E-10
  4.4284491344438415E+00  4.3189905946245366E-10  4.2237072121416684E-10
  4.4725684489956246E+00  4.2416107452806657E-10  4.1477828182820474E-10
  4.5171273110859342E+00  4.1656811782905739E-10  4.0732791901181594E-10
  4.5621300997954579E+00  4.0911745152180480E-10  4.0001696202026238E-10
  4.6075812378323695E+00  4.0180638877663713E-10  3.9284278944030471E-10
  4.6534851919669489E+00  3.9463229286530471E-10  3.8580282832214441E-10
  4.6998464734705792E+00  3.8759257626461662E-10  3.7889455332627292E-10
  4.7466696385590925E+00  3.8068469977591654E-10  3.7211548588493840E-10
  4.7939592888405338E+00  3.7390617159164936E-10  3.6546319331188025E-10
  4.8417200717673916E+00  3.6725451319526396E-10  3.5893525563135285E-10
  4.8899566810933388E+00  3.6072720118163442E-10  3.5252920892847925E-10
  4.9386738573345079E+00  3.5432174963499923E-10  3.4624262564814357E-10
  4.9878763882353816E+00  3.4803572591842205E-10  3.4007313000225136E-10
  5.0375691092393025E+00  3.4186674943968158E-10  3.3401839677767419E-10
  5.0877569039636965E+00  3.3581249045898430E-10  3.2807615018454946E-10
  5.1384447046800039E+00  3.2987066892697072E-10  3.2224416273365071E-10
  5.1896374927984104E+00  3.2403905335212245E-10  3.1652025414199994E-10
  5.2413402993574083E+00  3.1831545969671969E-10  3.1090229026588108E-10
  5.2935582055182167E+00  3.1269775030051707E-10  3.0538818206048010E-10
  5.3462963430641421E+00  3.0718383283134046E-10  2.9997588456537387E-10
  5.3995598949049226E+00  3.0177165926184505E-10  2.9466339591514783E-10
  5.4533540955860653E+00  2.9645924120161809E-10  2.8944877227380289E-10
  5.5076842318033012E+00  2.9124479575860825E-10  2.8433027012139941E-10
  5.5625556429221161E+00  2.8612666989738036E-10  2.7930627249934553E-10
  5.6179737215025103E+00  2.8110323388953611E-10  2.7437518497200655E-10
  5.6739439138289409E+00  2.7617287930550567E-10  2.6953543367652727E-10
  5.7304717204455651E+00  2.7133401897485889E-10  2.6478546529685520E-10
  5.7875626966968250E+00  2.6658508693745328E-10  2.6012374702837007E-10
  5.8452224532733945E+00  2.6192453838573782E-10  2.5554876653343708E-10
  5.9034566567635753E+00  2.5735084959853953E-10  2.5105903188821302E-10
  5.9622710302102053E+00  2.5286251786664542E-10  2.4665307152102322E-10
  6.0216713536730744E+00  2.4845806141050402E-10  2.4232943414262957E-10
  6.0816634647969954E+00  2.4413601929034676E-10  2.3808668866869958E-10
  6.1422532593854715E+00  2.3989494848187244E-10  2.3392342138667776E-10
  6.2034466919801510E+00  2.3573328812474034E-10  2.2983810358451726E-10
  6.2652497764459909E+00  2.3164929879042737E-10  2.2582903227182540E-10
  6.3276685865622841E+00  2.2764126706537055E-10  2.2189452988751997E-10
  6.3907092566195809E+00  2.2370752379643156E-10  2.1803296212125709E-10
  6.4543779820225238E+00  2.1984644282141829E-10  2.1424273667548559E-10
  6.5186810198987208E+00  2.1605643974027187E-10  2.1052230206705251E-10
  6.5836246897136812E+00  2.1233597072546394E-10  2.0687014646694154E-10
  6.6492153738918445E+00  2.0868353137020786E-10  2.0328479657678880E-10
  6.7154595184438515E+00  2.0509765557312234E-10  1.9976481654085776E-10
  6.7823636336000028E+00  2.0157691445806647E-10  1.9630880689222486E-10
  6.8499342944500956E+00  1.9811991532789211E-10  1.9291540353196004E-10
  6.9181781415895669E+00  1.9472530067616794E-10  1.8958327676436308E-10
  6.9871018817721202E+00  1.9139179131192521E-10  1.8631117330902343E-10
  7.0567122885688551E+00  1.8811830119223911E-10  1.8309802822557724E-10
  7.1270162030339170E+00  1.8490380111917557E-10  1.7994283198819032E-10
  7.1980205343768358E+00  1.8174727715096089E-10  1.7684458992389174E-10
  7.2697322606415362E+00  1.7864773045762983E-10  1.7380232207657308E-10
  7.3421584293920938E+00  1.7560417717786334E-10  1.7081506307194154E-10
  7.4153061584053752E+00  1.7261564827530395E-10  1.6788186198175536E-10
  7.4891826363705105E+00  1.6968118939437124E-10  1.6500178218737105E-10
  7.5637951235954084E+00  1.6679986071559967E-10  1.6217390124262667E-10
  7.6391509527202430E+00  1.6397073681052832E-10  1.5939731073609918E-10
  7.7152575294380865E+00  1.6119290649617082E-10  1.5667111615276251E-10
  7.7921223332227321E+00  1.5846547268914849E-10  1.5399443673513364E-10
  7.8697529180637229E+00  1.5578754942629173E-10  1.5136640256664164E-10
  7.9481569132087344E+00  1.5315823086934906E-10  1.4878612432574861E-10
  8.0273420239133753E+00  1.5057660679540041E-10  1.4625270845879950E-10
  8.1073160321983906E+00  1.4804178405469629E-10  1.4376527810988773E-10
  8.1880867976144920E+00  1.4555288649429889E-10  1.4132297304719028E-10
  8.2696622580147228E+00  1.4310905463184819E-10  1.3892494934601322E-10
  8.3520504303346037E+00  1.4070944533668206E-10  1.3657037907889963E-10
  8.4352594113799704E+00  1.3835323151807878E-10  1.3425845001257835E-10
  8.5192973786227171E+00  1.3603960182039241E-10  1.3198836531153261E-10
  8.6041725910044597E+00  1.3376776032486916E-10  1.2975934324798478E-10
  8.6898933897481605E+00  1.3153692625793915E-10  1.2757061691809926E-10
  8.7764681991778986E+00  1.2934633370578407E-10  1.2542143396421253E-10
  8.8639055275467840E+00  1.2719523061895595E-10  1.2331105562114001E-10
  8.9522139678730923E+00  1.2508287057679995E-10  1.2123874890331942E-10
  9.0414021987847910E+00  1.2300851571359695E-10  1.1920378939414548E-10
  9.1314789853723983E+00  1.2097144258594850E-10  1.1720546680254651E-10
  9.2224531800504330E+00  1.1897094209842407E-10  1.1524308488755021E-10
  9.3143337234273549E+00  1.1700631920679155E-10  1.1331596116903740E-10
  9.4071296451842361E+00  1.1507689262842476E-10  1.1142342664543754E-10
  9.5008500649621705E+00  1.1318199455966579E-10  1.0956482551815175E-10
  9.5955041932585008E+00  1.1132097039992740E-10  1.0773951492249513E-10
  9.6911013323319963E+00  1.0949317848232643E-10  1.0594686466495465E-10
  9.7876508771170663E+00  1.0769798981064859E-10  1.0418625696657199E-10
  9.8851623161470226E+00  1.0593478780245482E-10  1.0245708621226486E-10
  9.9836452324866070E+00  1.0420296813264113E-10  1.0075875879635322E-10
  1.0083109304673766E+01  1.0250194214366475E-10  9.9090696278016546E-11
  1.0183564307670839E+01  1.0083113238182219E-10  9.7452330923127939E-11
  1.0285020113825174E+01  9.9189971242096364E-11  9.5843104643089238E-11
  1.0387486693839367E+01  9.7577902363090547E-11  9.4262470376556355E-11
  1.0490974117751158E+01  9.5994380392213094E-11  9.2709891860122554E-11
  1.0595492555923043E+01  9.4438870756971131E-11  9.1184843404911514E-11
  1.0701052280041802E+01  9.2910849442153226E-11  8.9686809678872197E-11
  1.0807663664127972E+01  9.1409802772698633E-11  8.8215285494572522E-11
  1.0915337185555344E+01  8.9935227202048590E-11  8.6769775602298258E-11
  1.1024083426080647E+01  8.8486629105792712E-11  8.5349794488274627E-11
  1.1133913072883496E+01  8.7063524580425682E-11  8.3954866177831123E-11
  1.1244836919616690E+01  8.5665439247267430E-11  8.2584524043539416E-11
  1.1356865867466940E+01  8.4291908411831064E-11  8.1238311004588445E-11
  1.1470010926226234E+01  8.2942489059892241E-11  7.9915791297897440E-11
  1.1584283215373832E+01  8.1616754931964439E-11  7.8616545540171686E-11
  1.1699693965169029E+01  8.0314287141023016E-11  7.7340161582485514E-11
  1.1816254517754830E+01  7.9034673942667421E-11  7.6086234286925086E-11
  1.1933976328272646E+01  7.7777510622365496E-11  7.4854365416719025E-11
  1.2052870965988015E+01  7.6542399385548079E-11  7.3644163529093099E-11
  1.2172950115427598E+01  7.5328949250401628E-11  7.2455243870698612E-11
  1.2294225577527529E+01  7.4136775943211584E-11  7.1287228275475917E-11
  1.2416709270793135E+01  7.2965501796127517E-11  7.0139745064823422E-11
  1.2540413232470227E+01  7.1814755647219024E-11  6.9012428949949514E-11
  1.2665349619728106E+01  7.0684172742707674E-11  6.7904920936292304E-11
  1.2791530710854337E+01  6.9573394197041149E-11  6.6816867795352618E-11
  1.2918968906461361E+01  6.8482053367585049E-11  6.5747908888585383E-11
  1.3047676730705220E+01  6.7409775058682864E-11  6.4697675448108310E-11
  1.3177666832516403E+01  6.6356191167820790E-11  6.3665805685818212E-11
  1.3308951986842885E+01  6.5320941372896672E-11  6.2651945453230006E-11
  1.3441545095905623E+01  6.4303672951264309E-11  6.1655748064158608E-11
  1.3575459190466569E+01  6.3304040604155358E-11  6.0676874122639021E-11
  1.3710707431109247E+01  6.2321706286271791E-11  5.9714991355883575E-11
  1.3847303109532136E+01  6.1356339040353045E-11  5.8769774452084287E-11
  1.3985259649854928E+01  6.0407614836529130E-11  5.7840904902875687E-11
  1.4124590609937828E+01  5.9475216416279408E-11  5.6928070850283219E-11
  1.4265309682713927E+01  5.8558833140826163E-11  5.6030966937988759E-11
  1.4407430697534908E+01  5.7658160867356027E-11  5.5149294191557179E-11
  1.4550967621530182E+01  5.6772913101031184E-11  5.4282770734203827E-11
  1.4695934560979461E+01  5.5902833699660772E-11  5.3431143888356310E-11
  1.4842345762699114E+01  5.5047673512694054E-11  5.2594167765042971E-11
  1.4990215615442288E+01  5.4207187010762050E-11  5.1771600042591729E-11
  1.5139558651312985E+01  5.3381132250466898E-11  5.0963201932334885E-11
  1.5290389547194183E+01  5.2569270839574742E-11  5.0168738144665638E-11
  1.5442723126190273E+01  5.1771367902571069E-11  4.9387976855406333E-11
  1.5596574359083814E+01  5.0987192046541890E-11  4.8620689672453364E-11
  1.5751958365806779E+01  5.0216515327346032E-11  4.7866651602666802E-11
  1.5908890416926500E+01  4.9459113216048146E-11  4.7125641018975065E-11
  1.6067385935146429E+01  4.8714764565585167E-11  4.6397439627669862E-11
  1.6227460496821777E+01  4.7983251578181245E-11  4.5681832436353517E-11
  1.6389129833490319E+01  4.7264352803501383E-11  4.4978601059466146E-11
  1.6552409833418462E+01  4.6557809613159624E-11  4.4287491767300209E-11
  1.6717316543162667E+01  4.5863354810793074E-11  4.3608242847775095E-11
  1.6883866169146383E+01  4.5180727986361898E-11  4.2940599249111418E-11
  1.7052075079252862E+01  4.4509675341139821E-11  4.2284312407486427E-11
  1.7221959804433681E+01  4.3849949500823751E-11  4.1639140063591208E-11
  1.7393537040333321E+01  4.3201309334926874E-11  4.1004846085338556E-11
  1.7566823648929972E+01  4.2563519782210824E-11  4.0381200296480914E-11
  1.7741836660192714E+01  4.1936351681924381E-11  3.9767978310911011E-11
  1.7918593273755071E+01  4.1319581610624059E-11  3.9164961372424097E-11
  1.8097110860605383E+01  4.0712991724361709E-11  3.8571936199732545E-11
  1.8277406964793972E+01  4.0116369606034532E-11  3.7988694836530046E-11
  1.8459499305157287E+01  3.9529510558102184E-11  3.7415036823943844E-11
  1.8643405777059208E+01  3.8952265436862956E-11  3.6850814713335046E-11
  1.8829144454149805E+01  3.8384535625042152E-11  3.6295929235079375E-11
  1.9016733590141538E+01  3.7826223529908571E-11  3.5750282090154357E-11
  1.9206191620603104E+01  3.7277230472884529E-11  3.5213773938051599E-11
  1.9397537164771272E+01  3.6737456805573969E-11  3.4686304510654675E-11
  1.9590789027380730E+01  3.6206802022171289E-11  3.4167772722500392E-11
  1.9785966200512068E+01  3.5685164868278340E-11  3.3658076777451862E-11
  1.9983087865458319E+01  3.5172443446160900E-11  3.3157114271814632E-11
  2.0182173394610007E+01  3.4668535316481450E-11  3.2664782293933662E-11
  2.0383242353359005E+01  3.4173337596547469E-11  3.2180977520311424E-11
  2.0586314502021274E+01  3.3686747055120154E-11  3.1705596308291148E-11
  2.0791409797778957E+01  3.3208660034592528E-11  3.1238534629058714E-11
  2.0998548396641628E+01  3.2738941830911770E-11  3.0779659079385706E-11
  2.1207750655427123E+01  3.2277386966207230E-11  3.0328769171431043E-11
  2.1419037133762181E+01  3.1823785129297145E-11  2.9885660004520376E-11
  2.1632428596102987E+01  3.1377932408685430E-11  2.9450132950758382E-11
  2.1847946013775747E+01  3.0939631082731541E-11  2.9021995449246394E-11
  2.2065610567037737E+01  3.0508689418128580E-11  2.8601060808420752E-11
  2.2285443647158807E+01  3.0084921476322597E-11  2.8187148016150456E-11
  2.2507466858523667E+01  2.9668146927519917E-11  2.7780081557249227E-11
  2.2731702020754962E+01  2.9258190871947795E-11  2.7379691238072768E-11
  2.2958171170857788E+01  2.8854883668047413E-11  2.6985812017887326E-11
  2.3186896565385329E+01  2.8458060767294661E-11  2.6598283846710678E-11
  2.3417900682626126E+01  2.8067562557304790E-11  2.6216951510905038E-11
  2.3651206224813180E+01  2.7683241885084488E-11  2.5841671696975786E-11
  2.3886836120355092E+01  2.7305002681349033E-11  2.5472349476216566E-11
  2.4124813526089312E+01  2.6932768575564761E-11  2.5108908609875578E-11
  2.4365161829557934E+01  2.6566463564588068E-11  2.4751273230653029E-11
  2.4607904651306157E+01  2.6206011979477278E-11  2.4399367811967253E-11
  2.4853065847203631E+01  2.5851338511282686E-11  2.4053117193189919E-11
  2.5100669510788826E+01  2.5502368235917413E-11  2.3712446603954074E-11
  2.5350739975636994E+01  2.5159026638113074E-11  2.3377281687539282E-11
  2.5603301817751529E+01  2.4821239634467052E-11  2.3047548523341273E-11
  2.5858379857979163E+01  2.4488933595588170E-11  2.2723173648432734E-11
  2.6115999164449295E+01  2.4162035367349032E-11  2.2404084078224813E-11
  2.6376185055037652E+01  2.3840472291255269E-11  2.2090207326238067E-11
  2.6638963099854344E+01  2.3524171679009579E-11  2.1781470921029691E-11
  2.6904359123756834E+01  2.3213051303049140E-11  2.1477793494423748E-11
  2.7172399208887956E+01  2.2907020864320867E-11  2.1179086147218359E-11
  2.7443109697239144E+01  2.2605991362018309E-11  2.0885261273110029E-11
  2.7716517193239131E+01  2.2309875436393990E-11  2.0596232880767300E-11
  2.7992648566368700E+01  2.2018587337938507E-11  2.0311916563459251E-11
  2.8271530953801228E+01  2.1732042897206261E-11  2.0032229469314632E-11
  2.8553191763069609E+01  2.1450159495270943E-11  1.9757090272195479E-11
  2.8837658674759783E+01  2.1172856034794871E-11  1.9486419143169098E-11
  2.9124959645231140E+01  2.0900052911696862E-11  1.9220137722563976E-11
  2.9415122909363877E+01  2.0631671987403991E-11  1.8958169092594689E-11
  2.9708176983333857E+01  2.0367636561672227E-11  1.8700437750541897E-11
  3.0004150667415121E+01  2.0107871302697867E-11  1.8446869542096734E-11
  3.0303073048810187E+01  1.9852299167882432E-11  1.8197388816104723E-11
  3.0604973504508663E+01  1.9600839112734402E-11  1.7951916306345100E-11
  3.0909881704174367E+01  1.9353411241183162E-11  1.7710373906269433E-11
  3.1217827613061097E+01  1.9109937418335358E-11  1.7472685237739764E-11
  3.1528841494957483E+01  1.8870341227372083E-11  1.7238775608747119E-11
  3.1842953915161232E+01  1.8634547927658147E-11  1.7008571972315584E-11
  3.2160195743483023E+01  1.8402484414025495E-11  1.6782002886554423E-11
  3.2480598157280177E+01  1.8174079177193641E-11  1.6558998475822130E-11
  3.2804192644520704E+01  1.7949262265291050E-11  1.6339490392966953E-11
  3.3131011006877863E+01  1.7727965246443453E-11  1.6123411782609995E-11
  3.3461085362855485E+01  1.7510121172395463E-11  1.5910697245438745E-11
  3.3794448150944348E+01  1.7295664543849619E-11  1.5701282804095596E-11
  3.4131132132810315E+01  1.7084533071003917E-11  1.5495107507887747E-11
  3.4471170396513934E+01  1.6876674059296921E-11  1.5292119306281330E-11
  3.4814596359762113E+01  1.6672038243574902E-11  1.5092269367811983E-11
  3.5161443773192467E+01  1.6470577059059248E-11  1.4895509551964589E-11
  3.5511746723690123E+01  1.6272242630905391E-11  1.4701792398945415E-11
  3.5865539637737562E+01  1.6076987767496869E-11  1.4511071122942999E-11
  3.6222857284798110E+01  1.5884765953746741E-11  1.4323299605390812E-11
  3.6583734780732875E+01  1.5695531344408342E-11  1.4138432388233938E-11
  3.6948207591251602E+01  1.5509238757396499E-11  1.3956424667200777E-11
  3.7316311535398619E+01  1.5325843667120293E-11  1.3777232285081014E-11
  3.7688082789072404E+01  1.5145302197829778E-11  1.3600811725011953E-11
  3.8063557888581109E+01  1.4967571116976872E-11  1.3427120103773817E-11
  3.8442773734233455E+01  1.4792607252383866E-11  1.3256114647515984E-11
  3.8825767593964599E+01  1.4620360732466472E-11  1.3087746542983946E-11
  3.9212577106999163E+01  1.4450777322764675E-11  1.2921963058000203E-11
  3.9603240287550115E+01  1.4283803895557864E-11  1.2758712553252361E-11
  3.9997795528554533E+01  1.4119388545443057E-11  1.2597944587128329E-11
  4.0396281605446966E+01  1.3957480558008531E-11  1.2439609885038145E-11
  4.0798737679970031E+01  1.3798030379409522E-11  1.2283660309617055E-11
  4.1205203304022945E+01  1.3640989586817665E-11  1.2130048831782321E-11
  4.1615718423548792E+01  1.3486310859716869E-11  1.1978729502616646E-11
  4.2030323382460161E+01  1.3333947952019308E-11  1.1829657426052942E-11
  4.2449058926603847E+01  1.3183855664976596E-11  1.1682788732335055E-11
  4.2871966207765432E+01  1.3035989820860852E-11  1.1538080552230360E-11
  4.3299086787713470E+01  1.2890307299154332E-11  1.1395491043368214E-11
  4.3730462642283833E+01  1.2746768517541087E-11  1.1254981573129755E-11
  4.4166136165505243E+01  1.2605338704216779E-11  1.1116517883096628E-11
  4.4606150173765435E+01  1.2465984098118694E-11  1.0980066677589784E-11
  4.5050547910018850E+01  1.2328671534119412E-11  1.0845595245360494E-11
  4.5499373048036865E+01  1.2193368432056438E-11  1.0713071448751589E-11
  4.5952669696699303E+01  1.2060042785991162E-11  1.0582463713081407E-11
  4.6410482404329585E+01  1.1928663153691200E-11  1.0453741016244240E-11
  4.6872856163073003E+01  1.1799198646331372E-11  1.0326872878522941E-11
  4.7339836413317840E+01  1.1671618918408524E-11  1.0201829352608607E-11
  4.7811469048161563E+01  1.1545894157864972E-11  1.0078581013822250E-11
  4.8287800417920835E+01  1.1421995076416117E-11  9.9570989505343323E-12
  4.8768877334686543E+01  1.1299892897308248E-11  9.8373547526688383E-12
  4.9254747076924559E+01  1.1179558705647749E-11  9.7193199661086039E-12
  4.9745457394121978E+01  1.1060962067080546E-11  9.6029648866599404E-12
  5.0241056511479627E+01  1.0944072675283326E-11  9.4882599812201823E-12
  5.0741593134651716E+01  1.0828860829385478E-11  9.3751763097270575E-12
  5.1247116454532353E+01  1.0715297420845786E-11  9.2636855122588461E-12
  5.1757676152089616E+01  1.0603353920558719E-11  9.1537597963626876E-12
  5.2273322403248422E+01  1.0493002366287786E-11  9.0453719246997788E-12
  5.2794105883821373E+01  1.0384215350417536E-11  8.9384952029987195E-12
  5.3320077774488915E+01  1.0276966008015293E-11  8.8331034683081274E-12
  5.3851289765829463E+01  1.0171228005194087E-11  8.7291710775404145E-12
  5.4387794063399198E+01  1.0066975527768545E-11  8.6266728962983511E-12
  5.4929643392862445E+01  9.9641832701972382E-12  8.5255842879774102E-12
  5.5476891005173925E+01  9.8628263423631166E-12  8.4258810232586312E-12
  5.6029590681811385E+01  9.7628791003597024E-12  8.3275382195392235E-12
  5.6587796740061322E+01  9.6643155411322995E-12  8.2305307146074971E-12
  5.7151564038357492E+01  9.5671102071201879E-12  8.1348338811035264E-12
  5.7720947981671401E+01  9.4712381925532675E-12  8.0404236310432461E-12
  5.8296004526957951E+01  9.3766751301744089E-12  7.9472764028078214E-12
  5.8876790188654461E+01  9.2833971783413280E-12  7.8553691484992938E-12
  5.9463362044234515E+01  9.1913810084960077E-12  7.7646793216507699E-12
  6.0055777739817678E+01  9.1006037929903705E-12  7.6751848652801395E-12
  6.0654095495834547E+01  9.0110431932577859E-12  7.5868642002765569E-12
  6.1258374112748299E+01  8.9226773483195513E-12  7.4996962141094062E-12
  6.1868672976833729E+01  8.8354848636163588E-12  7.4136602498495451E-12
  6.2485052066013317E+01  8.7494448477891998E-12  7.3287361346806695E-12
  6.3107571955751467E+01  8.6645381223329668E-12  7.2449051872868222E-12
  6.3736293825008026E+01  8.5807474011604676E-12  7.1621503745011648E-12
  6.4371279462250513E+01  8.4980558172586067E-12  7.0804550594932456E-12
  6.5012591271526247E+01  8.4164468103367292E-12  6.9998029035214454E-12
  6.5660292278595676E+01  8.3359041207479770E-12  6.9201778598892290E-12
  6.6314446137125998E+01  8.2564117835680335E-12  6.8415641680502480E-12
  6.6975117134946615E+01  8.1779541228265735E-12  6.7639463478578086E-12
  6.7642370200367822E+01  8.1005157458873859E-12  6.6873091939546241E-12
  6.8316270908560853E+01  8.0240815379736461E-12  6.6116377702990807E-12
  6.8996885488002761E+01  7.9486366568340649E-12  6.5369174048237200E-12
  6.9684280826985514E+01  7.8741665275464527E-12  6.4631336842223819E-12
  7.0378524480188659E+01  7.8006568346979190E-12  6.3902724465306371E-12
  7.1079684675319086E+01  7.7280931893908786E-12  6.3183195252312307E-12
  7.1787830319815953E+01  7.6564608266990394E-12  6.2472605224298849E-12
  7.2503031007622369E+01  7.5857451752933600E-12  6.1770812438692104E-12
  7.3225357026025378E+01  7.5159319407733021E-12  6.1077677636941829E-12
  7.3954879362563148E+01  7.4470071000914714E-12  6.0393064188761295E-12
  7.4691669712001342E+01  7.3789568961430120E-12  5.9716838037876641E-12
  7.5435800483379296E+01  7.3117678325162449E-12  5.9048867649245480E-12
  7.6187344807125967E+01  7.2454266683997432E-12  5.8389023957696617E-12
  7.6946376542246696E+01  7.1799204136417154E-12  5.7737180317944493E-12
  7.7712970283582209E+01  7.1152363239570369E-12  5.7093212455931101E-12
  7.8487201369139370E+01  7.0513618962781722E-12  5.6456998421453510E-12
  7.9269145887494801E+01  6.9882848642351024E-12  5.5828418541989909E-12
  8.0058880685273138E+01  6.9259930676501168E-12  5.5207354263313774E-12
  8.0856483374698911E+01  6.8644732510433308E-12  5.4593677850807499E-12
  8.1662032341223821E+01  6.8037117092262244E-12  5.3987258093157040E-12
  8.2475606751230643E+01  6.7436950321792996E-12  5.3387966635493221E-12
  8.3297286559813131E+01  6.6844101041518766E-12  5.2795677960298815E-12
  8.4127152518633409E+01  6.6258440970958835E-12  5.2210269321474939E-12
  8.4965286183858836E+01  6.5679844643160094E-12  5.1631620680361994E-12
  8.5811769924176019E+01  6.5108189343301794E-12  5.1059614643649977E-12
  8.6666686928886079E+01  6.4543355049341917E-12  5.0494136403111790E-12
  8.7530121216080857E+01  6.3985224374650022E-12  4.9935073677097583E-12
  8.8402157640898693E+01  6.3433682512573954E-12  4.9382316653731321E-12
  8.9282881903864620E+01  6.2888617182885761E-12  4.8835757935747967E-12
  9.0172380559312415E+01  6.2349919369320005E-12  4.8295293116615122E-12
  9.1070741023890506E+01  6.1817505433856133E-12  4.7760838714256764E-12
  9.1978051585153537E+01  6.1291319833532976E-12  4.7232334291781594E-12
  9.2894401410238672E+01  6.0771309109514485E-12  4.6709721107665310E-12
  9.3819880554628270E+01  6.0257420303344483E-12  4.6192940807820302E-12
  9.4754579971000865E+01  5.9749600964009697E-12  4.5681935428046161E-12
  9.5698591518169337E+01  5.9247799155107291E-12  4.5176647396346638E-12
  9.6652007970108102E+01  5.8751963462129791E-12  4.4677019535115699E-12
  9.7614923025071292E+01  5.8262042999885750E-12  4.4182995063191833E-12
  9.8587431314800696E+01  5.7777987420074028E-12  4.3694517597785014E-12
  9.9569628413825583E+01  5.7299746919030690E-12  4.3211531156276133E-12
  1.0056161084885598E+02  5.6827272245669394E-12  4.2733980157890624E-12
  1.0156347610826859E+02  5.6360514687705243E-12  4.2261809409270285E-12
  1.0257532265168736E+02  5.5899413905049395E-12  4.1794954368179729E-12
  1.0359724991966067E+02  5.5443875259758806E-12  4.1333322963384776E-12
  1.0462935834343274E+02  5.4993799846331010E-12  4.0876819933489026E-12
  1.0567174935481430E+02  5.4549091191419777E-12  4.0425352255510795E-12
  1.0672452539615146E+02  5.4109655207612977E-12  3.9978829092452305E-12
  1.0778778993039207E+02  5.3675400149364140E-12  3.9537161742448258E-12
  1.0886164745125480E+02  5.3246236571057449E-12  3.9100263589437756E-12
  1.0994620349349799E+02  5.2822077287189320E-12  3.8668050055306016E-12
  1.1104156464329095E+02  5.2402837334657696E-12  3.8240438553444795E-12
  1.1214783854868939E+02  5.1988433937152683E-12  3.7817348443680264E-12
  1.1326513393021446E+02  5.1578786471650112E-12  3.7398700988521132E-12
  1.1439356059153697E+02  5.1173816436972189E-12  3.6984419310654558E-12
  1.1553322943026924E+02  5.0773450594098450E-12  3.6574430849108726E-12
  1.1668425244886332E+02  5.0377642608817885E-12  3.6168684408891492E-12
  1.1784674276561789E+02  4.9986359191488368E-12  3.5767139030764651E-12
  1.1902081462579574E+02  4.9599567801120973E-12  3.5369754174251702E-12
  1.2020658341285103E+02  4.9217236572729813E-12  3.4976489645307401E-12
  1.2140416565976845E+02  4.8839334333848917E-12  3.4587305594553401E-12
  1.2261367906051633E+02  4.8465830622362888E-12  3.4202162515506623E-12
  1.2383524248161280E+02  4.8096695705765739E-12  3.3821021242800608E-12
  1.2506897597380707E+02  4.7731900601976932E-12  3.3443842950399165E-12
  1.2631500078387894E+02  4.7371417101855175E-12  3.3070589149802139E-12
  1.2757343936655293E+02  4.7015217793568178E-12  3.2701221688243631E-12
  1.2884441539653326E+02  4.6663276088990092E-12  3.2335702746881708E-12
  1.3012805378065909E+02  4.6315566112434046E-12  3.1973994709016531E-12
  1.3142448067017810E+02  4.5972057099019116E-12  3.1616055641155841E-12
  1.3273382347314578E+02  4.5632712276346410E-12  3.1261838518993853E-12
  1.3405621086694580E+02  4.5297495852087646E-12  3.0911296757779498E-12
  1.3539177281093589E+02  4.4966373483105561E-12  3.0564384545394385E-12
  1.3674064055922031E+02  4.4639312306791937E-12  3.0221056828214591E-12
  1.3810294667354870E+02  4.4316280976736457E-12  2.9881269297277330E-12
  1.3947882503634347E+02  4.3997249703145544E-12  2.9544978374743553E-12
  1.4086841086385786E+02  4.3682190298484913E-12  2.9212141200648238E-12
  1.4227184071946434E+02  4.3371076228882092E-12  2.8882715619931849E-12
  1.4368925252707484E+02  4.3063882671894400E-12  2.8556660169744625E-12
  1.4512078558469659E+02  4.2760586581331313E-12  2.8233934067016740E-12
  1.4656658057812103E+02  4.2461166751570979E-12  2.7914497195477889E-12
  1.4802677959474983E+02  4.2165604755604070E-12  2.7598310829987600E-12
  1.4950152613755921E+02  4.1873887134756959E-12  2.7285339228043885E-12
  1.5099096513920279E+02  4.1586002996634876E-12  2.6975547605980467E-12
  1.5249524297625413E+02  4.1301943514060708E-12  2.6668901650686949E-12
  1.5401450748359406E+02  4.1021702054128443E-12  2.6365367512478203E-12
  1.5554890796893707E+02  4.0745274322278506E-12  2.6064911798081711E-12
  1.5709859522750577E+02  4.0472658523368967E-12  2.5767501563738438E-12
  1.5866372155685150E+02  4.0203855542028205E-12  2.5473104308415917E-12
  1.6024444077181940E+02  3.9938869144943945E-12  2.5181687967131159E-12
  1.6184090821966655E+02  3.9677706208171521E-12  2.4893220904380697E-12
  1.6345328079532837E+02  3.9420376973066982E-12  2.4607671907675519E-12
  1.6508171695683703E+02  3.9166895335281316E-12  2.4325010181085069E-12
  1.6672637674089523E+02  3.8917279579262608E-12  2.4045205619592855E-12
  1.6838742177860351E+02  3.8671554323900506E-12  2.3768229833045913E-12
  1.7006501531134421E+02  3.8429749479914162E-12  2.3494055124980718E-12
  1.7175932220682520E+02  3.8191900145104593E-12  2.3222654102323677E-12
  1.7347050897528214E+02  3.7958047160813580E-12  2.2953999672355949E-12
  1.7519874378584174E+02  3.7728237748829057E-12  2.2688065038992724E-12
  1.7694419648305006E+02  3.7502526244019432E-12  2.2424823699115004E-12
  1.7870703860356355E+02  3.7280974940021255E-12  2.2164249438953061E-12
  1.8048744339300652E+02  3.7063655069004642E-12  2.1906316330520282E-12
  1.8228558582299817E+02  3.6850647941155979E-12  2.1650998728096331E-12
  1.8410164260834765E+02  3.6642046275310950E-12  2.1398271264758640E-12
  1.8593579222442017E+02  3.6437955759469992E-12  2.1148108848961437E-12
  1.8778821492467895E+02  3.6238496828373198E-12  2.0900486593434129E-12
  1.8965909275839741E+02  3.6043805428317295E-12  2.0655378796209997E-12
  1.9154860958855144E+02  3.5854035843814278E-12  2.0412759208337417E-12
  1.9345695110989001E+02  3.5669365072464129E-12  2.0172601909599874E-12
  1.9538430486718187E+02  3.5489996578476860E-12  1.9934881328708497E-12
  1.9733086027364911E+02  3.5316164786625088E-12  1.9699572237890183E-12
  1.9929680862958102E+02  3.5148140553941901E-12  1.9466649747562892E-12
  2.0128234314113399E+02  3.4986237876831309E-12  1.9236089301096387E-12
  2.0328765893932010E+02  3.4830822171512194E-12  1.9007866669655944E-12
  2.0531295309918329E+02  3.4682320574940880E-12  1.8781957947128019E-12
  2.0735842465916681E+02  3.4541234863460336E-12  1.8558339545125813E-12
  2.0942427464067484E+02  3.4408157794836544E-12  1.8336988188073163E-12
  2.1151070606782778E+02  3.4283793974081253E-12  1.8117880915836299E-12
  2.1361792398741406E+02  3.4168987859174401E-12  1.7900995832862044E-12
  2.1574613548904247E+02  3.4064759887226533E-12  1.7686312735173925E-12
  2.1789554972549371E+02  3.3972350599747357E-12  1.7473811772105191E-12
  2.2006637793327442E+02  3.3893281896629216E-12  1.7263473275216933E-12
  2.2225883345337812E+02  3.3829440024245439E-12  1.7055277756465814E-12
  2.2447313175225077E+02  3.3783188941675158E-12  1.6849205906391452E-12
  2.2670949044296523E+02  3.3757527166336776E-12  1.6645238592323137E-12
  2.2896812930660997E+02  3.3756307458614040E-12  1.6443356856604664E-12
  2.3124927031388532E+02  3.3784547885135648E-12  1.6243541914838236E-12
  2.3355313764691928E+02  3.3848875615705022E-12  1.6045775154145899E-12
  2.3587995772130080E+02  3.3958160453400361E-12  1.5850038131448626E-12
  2.3822995920832804E+02  3.4124406474319058E-12  1.5656312571826409E-12
  2.4060337305748379E+02  3.4363948788881520E-12  1.5464580310726495E-12
  2.4300043251913152E+02  3.4698855210815551E-12  1.5274823140309378E-12
  2.4542137316743762E+02  3.5157894643505440E-12  1.5087022986792330E-12
  2.4786643292352412E+02  3.5774897924858415E-12  1.4901161952648278E-12
  2.5033585207885017E+02  3.6579192951059861E-12  1.4717222314514019E-12
  2.5282987331882597E+02  3.7570906044359556E-12  1.4535186521204224E-12
  2.5534874174666484E+02  3.8687676002957055E-12  1.4355037191748766E-12
  2.5789270490746992E+02  3.9805614907486438E-12  1.4176757113453631E-12
  2.6046201281256162E+02  4.0804235683645519E-12  1.4000329239984512E-12
  2.6305691796404898E+02  4.1628484378313481E-12  1.3825736689472676E-12
  2.6567767537964414E+02  4.2284830649244849E-12  1.3652962742642827E-12
  2.6832454261772375E+02  4.2805857517244131E-12  1.3481990840962359E-12
  2.7099777980264207E+02  4.3226073468326152E-12  1.3312804571911219E-12
  2.7369764965029486E+02  4.3573551348997694E-12  1.3145387506090092E-12
  2.7642441749393674E+02  4.3869159426870890E-12  1.2979723237465406E-12
  2.7917835131025913E+02  4.4127780683817265E-12  1.2815795524780623E-12
  2.8195972174572506E+02  4.4359851575116631E-12  1.2653588294213665E-12
  2.8476880214316634E+02  4.4572814640807581E-12  1.2493085637214473E-12
  2.8760586856864938E+02  4.4772135910197211E-12  1.2334271808372257E-12
  2.9047119983860284E+02  4.4961938549667606E-12  1.2177131223312232E-12
  2.9336507754722004E+02  4.5145371679854069E-12  1.2021648456620532E-12
  2.9628778609413462E+02  4.5324657702697147E-12  1.1867808239797192E-12
  2.9923961271236681E+02  4.5501264398116294E-12  1.1715595459236580E-12
  3.0222084749655471E+02  4.5676480979091059E-12  1.1564995154234353E-12
  3.0523178343146253E+02  4.5851661728030900E-12  1.1415992523833221E-12
  3.0827271642077324E+02  4.6028021355292064E-12  1.1268573329194447E-12
  3.1134394531617045E+02  4.6206491686427228E-12  1.1122724103510042E-12
  3.1444577194670802E+02  4.6387645064315325E-12  1.0978431532137410E-12
  3.1757850114847122E+02  4.6571802531041454E-12  1.0835682387642252E-12
  3.2074244079453717E+02  4.6759273653780048E-12  1.0694463529433758E-12
  3.2393790182523043E+02  4.6950467646043422E-12  1.0554761903400292E-12
  3.2716519827867990E+02  4.7145782522448604E-12  1.0416564541545061E-12
  3.3042464732168366E+02  4.7345296916542124E-12  1.0279858561621419E-12
  3.3371656928087720E+02  4.7548812631015012E-12  1.0144631166767967E-12
  3.3704128767421508E+02  4.7756621605989272E-12  1.0010869645142926E-12
  3.4039912924276325E+02  4.7969429088073200E-12  9.8785613695578259E-13
  3.4379042398281240E+02  4.8187474676526449E-12  9.7476937964443349E-13
  3.4721550517830758E+02  4.8410852148851296E-12  9.6182542802714534E-13
  3.5067470943360092E+02  4.8639709283805414E-12  9.4902296895259445E-13
  3.5416837670653422E+02  4.8874074056057543E-12  9.3636068894559874E-13
  3.5769685034184761E+02  4.9114034428717588E-12  9.2383728757801315E-13
  3.6126047710492128E+02  4.9359831132850335E-12  9.1145147729279659E-13
  3.6485960721585593E+02  4.9611647350855807E-12  8.9920198322899213E-13
  3.6849459438389039E+02  4.9869329960305264E-12  8.8708754304932845E-13
  3.7216579584216299E+02  5.0132558052097568E-12  8.7510690677040053E-13
  3.7587357238281811E+02  5.0401317047443304E-12  8.6325883659535172E-13
  3.7961828839246527E+02  5.0675920450464832E-12  8.5154210674901531E-13
  3.8340031188798906E+02  5.0956704341837159E-12  8.3995550331548440E-13
  3.8722001455271487E+02  5.1244123671385596E-12  8.2849782407805552E-13
  3.9107777177293934E+02  5.1538518769258770E-12  8.1716788542595047E-13
  3.9497396267482031E+02  5.1839599382790163E-12  8.0596456280215866E-13
  3.9890897016163507E+02  5.2147249201456852E-12  7.9488676237125579E-13
  4.0288318095141295E+02  5.2461675385066152E-12  7.8393339719511063E-13
  4.0689698561493896E+02  5.2782678495307134E-12  7.7310338691876400E-13
  4.1095077861413853E+02  5.3109853066429097E-12  7.6239565775643441E-13
  4.1504495834084202E+02  5.3443238980355432E-12  7.5180914247732630E-13
  4.1917992715593971E+02  5.3783391715674002E-12  7.4134278039119673E-13
  4.2335609142892304E+02  5.4130829406791373E-12  7.3099551733368418E-13
  4.2757386157782008E+02  5.4485654835129724E-12  7.2076630565137736E-13
  4.3183365210953224E+02  5.4847775795385399E-12  7.1065410418659034E-13
  4.3613588166056905E+02  5.5217163669030638E-12  7.0065787826186048E-13
  4.4048097303818940E+02  5.5593827137712757E-12  6.9077659888294061E-13
  4.4486935326195555E+02  5.5977996478474919E-12  6.8100923594642668E-13
  4.4930145360569759E+02  5.6369770062169481E-12  6.7135476238588703E-13
  4.5377770963989832E+02  5.6768496733213353E-12  6.6181215840553929E-13
  4.5829856127449767E+02  5.7174137460480167E-12  6.5238041148817810E-13
  4.6286445280212803E+02  5.7587400319277210E-12  6.4305851633824531E-13
  4.6747583294177673E+02  5.8008630772990986E-12  6.3384547482605759E-13
  4.7213315488288225E+02  5.8437844763845902E-12  6.2474029593313501E-13
  4.7683687632987585E+02  5.8875181469843334E-12  6.1574199569854672E-13
  4.8158745954716102E+02  5.9320858538201322E-12  6.0684959716625265E-13
  4.8638537140454179E+02  5.9774797745791532E-12  5.9806213033336220E-13
  4.9123108342310780E+02  6.0236596928449596E-12  5.8937863209926193E-13
  4.9612507182157213E+02  6.0705985597349670E-12  5.8079814623796657E-13
  5.0106781756307271E+02  6.1183076410373473E-12  5.7231971277872277E-13
  5.0605980640243814E+02  6.1668074038893283E-12  5.6394235263564771E-13
  5.1110152893392831E+02  6.2161506055956449E-12  5.5566509200270272E-13
  5.1619348063944733E+02  6.2664202229390734E-12  5.4748696606792098E-13
  5.2133616193723583E+02  6.3176148625348504E-12  5.3940701889133643E-13
  5.2653007823105293E+02  6.3696845006290783E-12  5.3142430328524679E-13
  5.3177573995984483E+02  6.4225955549545109E-12  5.2353788069674117E-13
  5.3707366264790619E+02  6.4763286444932262E-12  5.1574682109243754E-13
  5.4242436695554807E+02  6.5308983535976773E-12  5.0805020284534889E-13
  5.4782837873026426E+02  6.5863418646737913E-12  5.0044711262383991E-13
  5.5328622905840848E+02  6.6426854938454799E-12  4.9293664528260230E-13
  5.5879845431739034E+02  6.6999574251549831E-12  4.8551790375558813E-13
  5.6436559622838706E+02  6.7581982297330029E-12  4.7819000705913926E-13
  5.6998820190958224E+02  6.8174228745162083E-12  4.7095212878641687E-13
  5.7566682392993255E+02  6.8775920018620134E-12  4.6380346196819333E-13
  5.8140202036347603E+02  6.9386407948087919E-12  4.5674320276455328E-13
  5.8719435484417511E+02  7.0005638293015484E-12  4.4977055061756119E-13
  5.9304439662130744E+02  7.0634375721297219E-12  4.4288470829521943E-13
  5.9895272061541243E+02  7.1273069959305987E-12  4.3608488193467052E-13
  6.0491990747479122E+02  7.1921772894036700E-12  4.2937028108462000E-13
  6.1094654363256836E+02  7.2580563254931517E-12  4.2274011874695416E-13
  6.1703322136432814E+02  7.3249537043424271E-12  4.1619361141752439E-13
  6.2318053884631877E+02  7.3928573928139102E-12  4.0972997912607974E-13
  6.2938910021424033E+02  7.4617473402523000E-12  4.0334844547533155E-13
  6.3565951562261398E+02  7.5316194036835902E-12  3.9704823626468760E-13
  6.4199240130475039E+02  7.6025002793254370E-12  3.9082856651963854E-13
  6.4838837963330798E+02  7.6744464113517475E-12  3.8468865673451931E-13
  6.5484807918145589E+02  7.7475021214142600E-12  3.7862773415499104E-13
  6.6137213478465208E+02  7.8216558294276898E-12  3.7264503097530833E-13
  6.6796118760303034E+02  7.8968693780269993E-12  3.6673978431317808E-13
  6.7461588518440874E+02  7.9731373433552252E-12  3.6091123618562069E-13
  6.8133688152793320E+02  8.0504627935490878E-12  3.5515863348576973E-13
  6.8812483714834639E+02  8.1288235061886258E-12  3.4948122796055640E-13
  6.9498041914090288E+02  8.2082406584713785E-12  3.4387827618920305E-13
  7.0190430124692568E+02  8.2887971739288827E-12  3.3834903956248415E-13
  7.0889716392002299E+02  8.3705412360414337E-12  3.3289278426268585E-13
  7.1595969439295936E+02  8.4534580645072146E-12  3.2750878127131241E-13
  7.2309258674519117E+02  8.5375002711193267E-12  3.2219629668785419E-13
  7.3029654197108312E+02  8.6226198670048803E-12  3.1695455571870431E-13
  7.3757226804879770E+02  8.7088383052990059E-12  3.1178277957387500E-13
  7.4492048000986938E+02  8.7962413002996749E-12  3.0668019796267740E-13
  7.5234190000948024E+02  8.8848837631368618E-12  3.0164604896198994E-13
  7.5983725739742795E+02  8.9747558574587793E-12  2.9667957888726896E-13
  7.6740728878980508E+02  9.0658134906245355E-12  2.9178004216622137E-13
  7.7505273814138741E+02  9.1580137058518418E-12  2.8694670121507204E-13
  7.8277435681875204E+02  9.2513472444049578E-12  2.8217882631735479E-13
  7.9057290367411679E+02  9.3458630682047655E-12  2.7747569550516693E-13
  7.9844914511991499E+02  9.4416387908440132E-12  2.7283659444282665E-13
  8.0640385520411962E+02  9.5387105825625922E-12  2.6826081631302330E-13
  8.1443781568631289E+02  9.6370673765860877E-12  2.6374766686846938E-13
  8.2255181611451133E+02  9.7366555369543553E-12  2.5929650662387207E-13
  8.3074665390276436E+02  9.8374149237110133E-12  2.5490672561649331E-13
  8.3902313440951878E+02  9.9393739732958510E-12  2.5057771635199161E-13
  8.4738207101676733E+02  1.0042629287425410E-11  2.4630887359439016E-13
  8.5582428520998189E+02  1.0147244659805072E-11  2.4209959441502491E-13
  8.6435060665885101E+02  1.0253216133954247E-11  2.3794927824061570E-13
  8.7296187329881423E+02  1.0360456971092890E-11  2.3385732690048224E-13
  8.8165893141340905E+02  1.0468867228277286E-11  2.2982314467288771E-13
  8.9044263571744455E+02  1.0578521554420919E-11  2.2584613833051103E-13
  8.9931384944099909E+02  1.0689603513032587E-11  2.2192571718505041E-13
  9.0827344441425055E+02  1.0802092355178808E-11  2.1806129313095661E-13
  9.1732230115316327E+02  1.0915895042414337E-11  2.1425228012311091E-13
  9.2646130894601777E+02  1.1030971711882157E-11  2.1049807648592083E-13
  9.3569136594080896E+02  1.1147314889681029E-11  2.0679806278266878E-13
  9.4501337923350877E+02  1.1264979519644978E-11  2.0315162370503320E-13
  9.5442826495721783E+02  1.1384040827286318E-11  1.9955814937909182E-13
  9.6393694837219698E+02  1.1504528835081383E-11  1.9601703531346908E-13
  9.7354036395679543E+02  1.1626399697233083E-11  1.9252768234839888E-13
  9.8323945549929363E+02  1.1749588544929276E-11  1.8908949660568533E-13
  9.9303517619065258E+02  1.1874091788706211E-11  1.8570188943955379E-13
  1.0029284887181867E+03  1.1999950333625256E-11  1.8236427738837627E-13
  1.0129203653601795E+03  1.2127170715836106E-11  1.7907608212724914E-13
  1.0230117880814311E+03  1.2255790710264083E-11  1.7583673042142407E-13
  1.0332037486297643E+03  1.2385891155304517E-11  1.7264565409098110E-13
  1.0434972486334857E+03  1.2517356528073595E-11  1.6950229501283506E-13
  1.0538932996998290E+03  1.2650101733007555E-11  1.6640611319915873E-13
  1.0643929235143673E+03  1.2784214273147184E-11  1.6335657456151351E-13
  1.0749971519414194E+03  1.2919726063984580E-11  1.6035314848331875E-13
  1.0857070271254620E+03  1.3056580911549035E-11  1.5739530782786924E-13
  1.0965236015935461E+03  1.3194744591659259E-11  1.5448252894606053E-13
  1.1074479383587318E+03  1.3334263182487599E-11  1.5161429168381819E-13
  1.1184811110245637E+03  1.3475199274360215E-11  1.4879007938922468E-13
  1.1296242038905764E+03  1.3617545778677793E-11  1.4600937891935140E-13
  1.1408783120588575E+03  1.3761241194311276E-11  1.4327168064678678E-13
  1.1522445415416660E+03  1.3906225745650689E-11  1.4057647846586655E-13
  1.1637240093701332E+03  1.4052496520160153E-11  1.3792326979858585E-13
  1.1753178437040388E+03  1.4200126150682242E-11  1.3531155377943006E-13
  1.1870271839426759E+03  1.4349170308781453E-11  1.3274082198461713E-13
  1.1988531808368375E+03  1.4499554267652540E-11  1.3021056607022636E-13
  1.2107969966019011E+03  1.4651181637613139E-11  1.2772028247791637E-13
  1.2228598050320452E+03  1.4804089696708059E-11  1.2526947240815509E-13
  1.2350427916156129E+03  1.4958331829404305E-11  1.2285764177732060E-13
  1.2473471536516117E+03  1.5113837847683194E-11  1.2048430117559280E-13
  1.2597741003673818E+03  1.5270490109963227E-11  1.1814896582561451E-13
  1.2723248530374312E+03  1.5428283281624648E-11  1.1585115554190766E-13
  1.2850006451034635E+03  1.5587292023068447E-11  1.1359039469102875E-13
  1.2978027222955932E+03  1.5747515780512737E-11  1.1136621215244788E-13
  1.3107323427547681E+03  1.5908867855057658E-11  1.0917814128013734E-13
  1.3237907771564214E+03  1.6071268952343903E-11  1.0702572032261619E-13
  1.3369793088353463E+03  1.6234655575824071E-11  1.0490849995238048E-13
  1.3502992339118123E+03  1.6399048776912287E-11  1.0282604165699053E-13
  1.3637518614189519E+03  1.6564583105353065E-11  1.0077791032759378E-13
  1.3773385134314017E+03  1.6731243868913823E-11  9.8763673984972674E-14
  1.3910605251952340E+03  1.6898858892520528E-11  9.6782903792738598E-14
  1.4049192452591749E+03  1.7067256233809261E-11  9.4835174069946985E-14
  1.4189160356071413E+03  1.7236366302231646E-11  9.2920062303137775E-14
  1.4330522717920896E+03  1.7406181214457037E-11  9.1037149157799872E-14
  1.4473293430711940E+03  1.7576712506592375E-11  8.9186018489263733E-14
  1.4617486525423874E+03  1.7747946768936519E-11  8.7366257353020060E-14
  1.4763116172822474E+03  1.7919795143384201E-11  8.5577456014469631E-14
  1.4910196684852581E+03  1.8092132101661220E-11  8.3819207904231131E-14
  1.5058742516044697E+03  1.8264853721141823E-11  8.2091104408089860E-14
  1.5208768264935482E+03  1.8437842276496504E-11  8.0392730266610966E-14
  1.5360288675502468E+03  1.8610951766164188E-11  7.8723673469944225E-14
  1.5513318638612975E+03  1.8784124141024851E-11  7.7083526570574416E-14
  1.5667873193487626E+03  1.8957342842798731E-11  7.5471886632821309E-14
  1.5823967529178315E+03  1.9130444639812213E-11  7.3888355183311383E-14
  1.5981616986060853E+03  1.9303186677123071E-11  7.2332538162398241E-14
  1.6140837057342692E+03  1.9475409282759181E-11  7.0804045876506087E-14
  1.6301643390585471E+03  1.9647003614205923E-11  6.9302492951379452E-14
  1.6464051789242747E+03  1.9817788405733152E-11  6.7827498286214345E-14
  1.6628078214213233E+03  1.9987518302220989E-11  6.6378685008649078E-14
  1.6793738785409262E+03  2.0155964484186059E-11  6.4955680431388678E-14
  1.6961049783341066E+03  2.0322897873960225E-11  6.3558118273190124E-14
  1.7130027650716677E+03  2.0488040168891351E-11  6.2185646523104154E-14
  1.7300688994057957E+03  2.0651100005976583E-11  6.0837919290175339E-14
  1.7473050585332587E+03  2.0811711954265119E-11  5.9514593396640705E-14
  1.7647129363602292E+03  2.0969339316123482E-11  5.8215328393838402E-14
  1.7822942436687654E+03  2.1123514741915239E-11  5.6939786580628721E-14
  1.8000507082849360E+03  2.1273932345010319E-11  5.5687633020849175E-14
  1.8179840752486186E+03  2.1420046579258452E-11  5.4458535559811545E-14
  1.8360961069850066E+03  2.1561099106285715E-11  5.3252164839850440E-14
  1.8543885834778071E+03  2.1696296474679214E-11  5.2068194314934266E-14
  1.8728633024441742E+03  2.1824772423333761E-11  5.0906300264347489E-14
  1.8915220795113753E+03  2.1945575685628407E-11  4.9766161805454918E-14
  1.9103667483952343E+03  2.2057625673727486E-11  4.8647460349147290E-14
  1.9293991610803380E+03  2.2159646345197517E-11  4.7549873547341074E-14
  1.9486211880020362E+03  2.2250064438681472E-11  4.6473077949394091E-14
  1.9680347182302723E+03  2.2327005283889554E-11  4.5416753918985419E-14
  1.9876416596552292E+03  2.2388248378401707E-11  4.4380585712743942E-14
  2.0074439391748226E+03  2.2431058015800666E-11  4.3364261438229191E-14
  2.0274435028840821E+03  2.2452142891685795E-11  4.2367473012611754E-14
  2.0476423162664009E+03  2.2447670289012124E-11  4.1389916122037088E-14
  2.0680423643866884E+03  2.2412908898920302E-11  4.0431290181651511E-14
  2.0886456520864690E+03  2.2341738728799617E-11  3.9491298296272904E-14
  2.1094542041809009E+03  2.2226296808869265E-11  3.8569647221688854E-14
  2.1304700656577738E+03  2.2056456310831412E-11  3.7666047326563629E-14
  2.1516953018784711E+03  2.1819293516556322E-11  3.6780212585568751E-14
  2.1731319987809625E+03  2.1498093788032701E-11  3.5911861772463013E-14
  2.1947822630847918E+03  2.1070842583776959E-11  3.5060718844631372E-14
  2.2166482224981146E+03  2.0508641156657761E-11  3.4226511083964708E-14
  2.2387320259268122E+03  1.9774166888085964E-11  3.3408968909324222E-14
  2.2610358436856750E+03  1.8821514187040042E-11  3.2607825857268278E-14
  2.2835618677116804E+03  1.7600921137075474E-11  3.1822818562746379E-14
  2.3063123117794280E+03  1.6074715409000498E-11  3.1053686739756986E-14
  2.3292894117186884E+03  1.4251179773335630E-11  3.0300173161968203E-14
  2.3524954256341384E+03  1.2226097382640061E-11  2.9562023643298654E-14
  2.3759326341272690E+03  1.0183784109946350E-11  2.8838987018456858E-14
  2.3996033405205294E+03  8.3200252423284105E-12  2.8130815123436020E-14
  2.4235098710836814E+03  6.7506604796655314E-12  2.7437262775766049E-14
  2.4476545752624102E+03  5.4936207918416685E-12  2.6758088054925575E-14
  2.4720398259092317E+03  4.5094078622012435E-12  2.6093053418441673E-14
  2.4966680195166841E+03  3.7423044236719353E-12  2.5441924510939495E-14
  2.5215415764528348E+03  3.1410936107701399E-12  2.4804469678443823E-14
  2.5466629411991621E+03  2.6650185795898441E-12  2.4180459958642702E-14
  2.5720345825907816E+03  2.2834595409014068E-12  2.3569669070904440E-14
  2.5976589940590757E+03  1.9738777001387498E-12  2.2971873405938042E-14
  2.6235386938767310E+03  1.7197293779041712E-12  2.2386852015102737E-14
  2.6496762254052396E+03  1.5088013290657797E-12  2.1814386599370760E-14
  2.6760741573448440E+03  1.3319882236616909E-12  2.1254261497949420E-14
  2.7027350839869705E+03  1.1824228494907576E-12  2.0706263676567469E-14
  2.7296616254692035E+03  1.0548630948007116E-12  2.0170182715430532E-14
  2.7568564280327755E+03  9.4525933336814901E-13  1.9645810589499987E-14
  2.7843221642826193E+03  8.5044697176396872E-13  1.9132939486489117E-14
  2.8120615334500408E+03  7.6792608664484318E-13  1.8631362873038728E-14
  2.8400772616579784E+03  6.9570170190715459E-13  1.8140877164662892E-14
  2.8683721021889187E+03  6.3216662087860773E-13  1.7661281722353018E-14
  2.8969488357554715E+03  5.7601456784875734E-13  1.7192378816529698E-14
  2.9258102707736634E+03  5.2617509619492928E-13  1.6733973591485193E-14
  2.9549592436389298E+03  4.8176429592263149E-13  1.6285874030306528E-14
  2.9843986190048568E+03  4.4204709175477620E-13  1.5847890920268166E-14
  3.0141312900647263E+03  4.0640813236584530E-13  1.5419837818683403E-14
  3.0441601788358407E+03  3.7432911113633690E-13  1.5001531019205498E-14
  3.0744882364466771E+03  3.4537094765721338E-13  1.4592789518568316E-14
  3.1051184434269330E+03  3.1915967654561635E-13  1.4193434997481187E-14
  3.1360538100004278E+03  2.9537520499085946E-13  1.3803292532774600E-14
  3.1672973763809459E+03  2.7374226795146804E-13  1.3422190863891995E-14
  3.1988522130710003E+03  2.5402307709401526E-13  1.3049961197164792E-14
  3.2307214211636151E+03  2.3601136097379734E-13  1.2686437079432120E-14
  3.2629081326470769E+03  2.1952748654026749E-13  1.2331454379076422E-14
  3.2954155107127149E+03  2.0441444111686033E-13  1.1984851267004666E-14
  3.3282467500658126E+03  1.9053450536858657E-13  1.1646468197577124E-14
  3.3614050772395522E+03  1.7776648445558485E-13  1.1316147889487875E-14
  3.3948937509120574E+03  1.6600339264171984E-13  1.0993735306599540E-14
  3.4287160622267315E+03  1.5515050825585209E-13  1.0679077638733651E-14
  3.4628753351156470E+03  1.4512373267841541E-13  1.0372024282422520E-14
  3.4973749266262048E+03  1.3584820011779248E-13  1.0072426821547635E-14
  3.5322182272510645E+03  1.2725709299292185E-13  9.7801388380774014E-15
  3.5674086612613714E+03  1.1929062740917916E-13  9.4950154902927512E-15
  3.6029496870432404E+03  1.1189519635896642E-13  9.2169140212426020E-15
  3.6388447974376513E+03  1.0502262811090315E-13  8.9456938811159792E-15
  3.6750975200837370E+03  9.8629544618235187E-14  8.6812167017706544E-15
  3.7117114177654212E+03  9.2676806457673592E-14  8.4233462714844711E-15
  3.7486900887615793E+03  8.7129031196020873E-14  8.1719485099274872E-15
  3.7860371671996872E+03  8.1954174276689125E-14  7.9268914433527695E-15
  3.8237563234129198E+03  7.7123163311241254E-14  7.6880451800045044E-15
  3.8618512643008871E+03  7.2609578131920963E-14  7.4552818857403590E-15
  3.9003257336939537E+03  6.8389370172500504E-14  7.2284757598667861E-15
  3.9391835127211230E+03  6.4440615746135086E-14  7.0075030111857122E-15
  3.9784284201816554E+03  6.0743298511330641E-14  6.7922418175581471E-15
  4.0180643129203927E+03  5.7279116621785395E-14  6.5825721996331548E-15
  4.0580950862067407E+03  5.4031313392059126E-14  6.3783760756985088E-15
  4.0985246741175142E+03  5.0984527105295096E-14  6.1795373025907446E-15
  4.1393570499235793E+03  4.8124656972673734E-14  5.9859416518670327E-15
  4.1805962264802893E+03  4.5438743766117142E-14  5.7974767855626474E-15
  4.2222462566218746E+03  4.2914863325945107E-14  5.6140322322183714E-15
  4.2643112335597680E+03  4.0542031383401777E-14  5.4354993631750367E-15
  4.3067952912848141E+03  3.8310118347577637E-14  5.2617713691324495E-15
  4.3497026049735778E+03  3.6209772884971566E-14  5.0927432369690586E-15
  4.3930373913986823E+03  3.4232353272753652E-14  4.9283117268196452E-15
  4.4368039093431689E+03  3.2369865637735020E-14  4.7683753494086230E-15
  4.4810064600190635E+03  3.0614908320017830E-14  4.6128343467787761E-15
  4.5256493874901053E+03  2.8960622065946637E-14  4.4615907432085733E-15
  4.5707370790986170E+03  2.7400644626037701E-14  4.3145483203276938E-15
  4.6162739658966984E+03  2.5929069123470631E-14  4.1716125059229352E-15
  4.6622645230817170E+03  2.4540406827522737E-14  4.0326903486335971E-15
  4.7087132704361020E+03  2.3229553409804352E-14  3.8976904982414164E-15
  4.7556247727714663E+03  2.1991758287386996E-14  3.7665231861275802E-15
  4.8030036403773347E+03  2.0822596736121331E-14  3.6391002058958560E-15
  4.8508545294741671E+03  1.9717944493489652E-14  3.5153348941627020E-15
  4.8991821426708957E+03  1.8673954601852711E-14  3.3951421115135450E-15
  4.9479912294272017E+03  1.7687036270597572E-14  3.2784382236244948E-15
  4.9972865865202093E+03  1.6753835559981145E-14  3.1651410825500984E-15
  5.0470730585158426E+03  1.5871217709896593E-14  3.0551700078403737E-15
  5.0973555382450422E+03  1.5036250591322569E-14  2.9484456875851560E-15
  5.1481389672845580E+03  1.4246189304930018E-14  2.8448900420375622E-15
  5.1994283364425646E+03  1.3498463604071278E-14  2.7444264093272280E-15
  5.2512286862491683E+03  1.2790665574368499E-14  2.6469795653208368E-15
  5.3035451074518014E+03  1.2120538104195982E-14  2.5524757025902682E-15
  5.3563827415154583E+03  1.1485964276972235E-14  2.4608424097082358E-15
  5.4097467811280121E+03  1.0884957602910446E-14  2.3720086508648021E-15
  5.4636424707105652E+03  1.0315653016024820E-14  2.2859047457986198E-15
  5.5180751069327853E+03  9.7762985694510153E-15  2.2024623500367584E-15
  5.5730500392334779E+03  9.2652477686171568E-15  2.1216144354366248E-15
  5.6285726703463388E+03  8.7809524875983859E-15  2.0432952710239647E-15
  5.6846484568308533E+03  8.3219564191724935E-15  1.9674404041216773E-15
  5.7412829096085770E+03  7.8868890406003989E-15  1.8939866494354865E-15
  5.7984815945047585E+03  7.4744601464392479E-15  1.8228721099641459E-15
  5.8562501327952723E+03  7.0834545074782424E-15  1.7540361231722877E-15
  5.9145942017590769E+03  6.7127269625052624E-15  1.6874192215389497E-15
  5.9735195352362025E+03  6.3611979476845770E-15  1.6229631158291649E-15
  6.0330319241911748E+03  6.0278493450649174E-15  1.5606106786773341E-15
  6.0931372172821721E+03  5.7117206244578825E-15  1.5003059283718888E-15
  6.1538413214358352E+03  5.4119052556209480E-15  1.4419940128372115E-15
  6.2151502024277170E+03  5.1275473696817963E-15  1.3856211938087143E-15
  6.2770698854686052E+03  4.8578386505522369E-15  1.3311348311966763E-15
  6.3396064557967011E+03  4.6020154387227946E-15  1.2784833676347447E-15
  6.4027660592755774E+03  4.3593560313171901E-15  1.2276163132089847E-15
  6.4665549029982021E+03  4.1291781635903853E-15  1.1784842303051614E-15
  6.5309792558970003E+03  3.9108366627286834E-15  1.1310387190192940E-15
  6.5960454493598509E+03  3.7037212548037029E-15  1.0852324032118023E-15
  6.6617598778523643E+03  3.5072545057210251E-15  1.0410189147583702E-15
  6.7281289995463312E+03  3.3208899035773618E-15  9.9835287899417317E-16
  6.7951593369543443E+03  3.1441100656637441E-15  9.5718990045250195E-16
  6.8628574775708330E+03  2.9764250605020640E-15  9.1748654875383749E-16
  6.9312300745195080E+03  2.8173708367382851E-15  8.7920034464134055E-16
  7.0002838472071207E+03  2.6665077513555372E-15  8.4228974615878024E-16
  7.0700255819838612E+03  2.5234191902545197E-15  8.0671413496672545E-16
  7.1404621328103258E+03  2.3877102747849485E-15  7.7243380279310326E-16
  7.2116004219310889E+03  2.2590066483018963E-15  7.3940993801423469E-16
  7.2834474405548845E+03  2.1369533371270778E-15  7.0760461229815402E-16
  7.3560102495418605E+03  2.0212136509020519E-15  6.7698075701716178E-16
  7.4292959800974040E+03  1.9114681430803277E-15  6.4750213856975443E-16
  7.5033118344728782E+03  1.8074137426351714E-15  6.1913336990200045E-16
  7.5780650866736087E+03  1.7087628767514752E-15  5.9183990125654152E-16
  7.6535630831736726E+03  1.6152426329756686E-15  5.6558800687495203E-16
  7.7298132436377664E+03  1.5265939709108463E-15  5.4034477184269945E-16
  7.8068230616505889E+03  1.4425709802229166E-15  5.1607807907177345E-16
  7.8846001054531635E+03  1.3629401819561668E-15  4.9275659641654458E-16
  7.9631520186866073E+03  1.2874798703687475E-15  4.7034976391820455E-16
  8.0424865211433435E+03  1.2159794926960536E-15  4.4882778117350430E-16
  8.1226114095258317E+03  1.1482390644316638E-15  4.2816159482363397E-16
  8.2035345582126956E+03  1.0840686178841963E-15  4.0832288615987513E-16
  8.2852639200326394E+03  1.0232876942479092E-15  3.8928406379737252E-16
  8.3678075270460686E+03  9.6572490905688755E-16  3.7101827326107449E-16
  8.4511734913343626E+03  9.1121742799271908E-16  3.5349936221156025E-16
  8.5353700057971309E+03  8.5961049881362093E-16  3.3670185715316058E-16
  8.6204053449574512E+03  8.1075704061355099E-16  3.2060095231195607E-16
  8.7062878657749461E+03  7.6451725558249642E-16  3.0517249859297184E-16
  8.7930260084671299E+03  7.2075826181069780E-16  2.9039299257884031E-16
  8.8806282973389280E+03  6.7935374588142022E-16  2.7623956557014484E-16
  8.9691033416203190E+03  6.4018363407904071E-16  2.6268997266778079E-16
  9.0584598363124605E+03  6.0313378111539727E-16  2.4972258189775205E-16
  9.1487065630422694E+03  5.6809567534851736E-16  2.3731636337903140E-16
  9.2398523909253217E+03  5.3496615953383102E-16  2.2545087853526273E-16
  9.3319062774375434E+03  5.0364716521558822E-16  2.1410626889501189E-16
  9.4248772692955736E+03  4.7404544596296656E-16  2.0326323848789025E-16
  9.5187745033457213E+03  4.4607234598716815E-16  1.9290304589370154E-16
  9.6136072074619678E+03  4.1964359170765933E-16  1.8300750078621028E-16
  9.7093847014529019E+03  3.9467907743353192E-16  1.7355895333804110E-16
  9.8061163979775174E+03  3.7110266138287264E-16  1.6454028342645016E-16
  9.9038118034703184E+03  3.4884197211498471E-16  1.5593488991532092E-16
  1.0002480519075627E+04  3.2782822479494189E-16  1.4772668001398590E-16
  1.0102132241591042E+04  3.0799604674558406E-16  1.3990005871365339E-16
  1.0202776764420454E+04  2.8928331177522801E-16  1.3243991830230677E-16
  1.0304423978536570E+04  2.7163098280057347E-16  1.2533162795916286E-16
  1.0407083873452837E+04  2.5498296231330543E-16  1.1856102342990338E-16
  1.0510766538205240E+04  2.3928595034510730E-16  1.1211439682778671E-16
  1.0615482162343855E+04  2.2448931758434836E-16  1.0597849045391018E-16
  1.0721241036934216E+04  2.1054498258755306E-16  1.0014048939903240E-16
  1.0828053555568540E+04  1.9740727182149328E-16  9.4588003279120484E-17
  1.0935930215387425E+04  1.8503280190181731E-16  8.9309055550853128E-17
  1.1044881618111343E+04  1.7338036987016094E-16  8.4292074010571475E-17
  1.1154918471082405E+04  1.6241084873167154E-16  7.9525881358966069E-17
  1.1266051588316896E+04  1.5208708798352981E-16  7.4999685835179076E-17
  1.1378291891567926E+04  1.4237381888053364E-16  7.0703071924054819E-17
  1.1491650411398612E+04  1.3323756419806300E-16  6.6625991140201536E-17
  1.1606138288266424E+04  1.2464655226625681E-16  6.2758752892509957E-17
  1.1721766773617852E+04  1.1657063506200769E-16  5.9092015432793458E-17
  1.1838547230994132E+04  1.0898121015702837E-16  5.5616776892042828E-17
  1.1956491137148067E+04  1.0185114598268854E-16  5.2324366216145105E-17
  1.2075610083171989E+04  9.5154709805198841E-17  4.9206433795075670E-17
  1.2195915775636744E+04  8.8867501639483034E-17  4.6254943566898485E-17
  1.2317420037742238E+04  8.2966390332243985E-17  4.3462164705948622E-17
  1.2440134810479467E+04  7.7429452049122946E-17  4.0820663112391224E-17
  1.2564072153803862E+04  7.2235911629535194E-17  3.8323293012919269E-17
  1.2689244247820594E+04  6.7366086672545542E-17  3.5963188675713044E-17
  1.2815663393981653E+04  6.2801334223747704E-17  3.3733756242372150E-17
  1.2943342016294637E+04  5.8523999939945407E-17  3.1628665679419282E-17
  1.3072292662543816E+04  5.4517369614853376E-17  2.9641842851853276E-17
  1.3202528005523371E+04  5.0765622955120939E-17  2.7767461721121322E-17
  1.3334060844282651E+04  4.7253789501683949E-17  2.5999936669754009E-17
  1.3466904105384112E+04  4.3967706764991987E-17  2.4333915053758134E-17
  1.3601070844173768E+04  4.0893982063361657E-17  2.2764270875505764E-17
  1.3736574246064059E+04  3.8019953076283847E-17  2.1286096813604487E-17
  1.3873427627829746E+04  3.5333649616977051E-17  1.9894696086642299E-17
  1.4011644438916717E+04  3.2823758995340398E-17  1.8585575490939732E-17
  1.4151238262763587E+04  3.0479593029561910E-17  1.7354438594120170E-17
  1.4292222818136706E+04  2.8291056584104257E-17  1.6197179059476290E-17
  1.4434611960478476E+04  2.6248617566095759E-17  1.5109874102817573E-17
  1.4578419683268847E+04  2.4343278315354361E-17  1.4088778083288766E-17
  1.4723660119400618E+04  2.2566548326295312E-17  1.3130316229450161E-17
  1.4870347542568465E+04  2.0910418242848241E-17  1.2231078501724111E-17
  1.5018496368671527E+04  1.9367335070220432E-17  1.1387813592120156E-17
  1.5168121157230242E+04  1.7930178549968877E-17  1.0597423061920128E-17
  1.5319236612817271E+04  1.6592238699934313E-17  9.8569556456618767E-18
  1.5471857586502461E+04  1.5347194402567662E-17  9.1636016891204345E-18
  1.5625999077312415E+04  1.4189092847449597E-17  8.5146876370050577E-18
  1.5781676233704624E+04  1.3112330061920865E-17  7.9076707209718815E-18
  1.5938904355056160E+04  1.2111632386777341E-17  7.3401337953061215E-18
  1.6097698893167018E+04  1.1182038839341384E-17  6.8097803106801937E-18
  1.6258075453779054E+04  1.0318884324995361E-17  6.3144294255041942E-18
  1.6420049798109470E+04  9.5177836599486497E-18  5.8520112542309927E-18
  1.6583637844399549E+04  8.7746163695887907E-18  5.4205622518144677E-18
  1.6748855669479468E+04  8.0855122282839870E-18  5.0182207333699272E-18
  1.6915719510348041E+04  7.4468375079555764E-18  4.6432225279459583E-18
  1.7084245765768253E+04  6.8551819041290569E-18  4.2938967651923274E-18
  1.7254450997879270E+04  6.3073461078940007E-18  3.9686617943466417E-18
  1.7426351933823848E+04  5.8003299679203171E-18  3.6660212163119165E-18
  1.7599965467392205E+04  5.3313213031933002E-18  3.3845600724858724E-18
  1.7775308660682342E+04  4.8976852665161454E-18  3.1229411568437308E-18
  1.7952398745776940E+04  4.4969542293341250E-18  2.8799014430719164E-18
  1.8131253126436666E+04  4.1268181820688211E-18  2.6542486347684057E-18
  1.8311889379810647E+04  3.7851156266415012E-18  2.4448578366867506E-18
  1.8494325258164004E+04  3.4698249388193023E-18  2.2506683449138155E-18
  1.8678578690622246E+04  3.1790561789374064E-18  2.0706805537946788E-18
  1.8864667784933412E+04  2.9110433304302625E-18  1.9039529773474364E-18
  1.9052610829247722E+04  2.6641369464524156E-18  1.7495993828490543E-18
  1.9242426293914668E+04  2.4367971856798939E-18  1.6067860342171488E-18
  1.9434132833298296E+04  2.2275872323443901E-18  1.4747290513443346E-18
  1.9627749287610623E+04  2.0351671934760369E-18  1.3526919544413004E-18
  1.9823294684762957E+04  1.8582880881072964E-18  1.2399831533308169E-18
  2.0020788242235983E+04  1.6957861457733838E-18  1.1359535278724589E-18
  2.0220249368968533E+04  1.5465775451898379E-18  1.0399941915717854E-18
  2.0421697667264762E+04  1.4096534440846526E-18  9.5153435022373159E-19
  2.0625152934720722E+04  1.2840752836573548E-18  8.7003925139221999E-19
  2.0830635166170119E+04  1.1689703544858287E-18  7.9500822227462281E-19
  2.1038164555649088E+04  1.0635276112375538E-18  7.2597279348376044E-19
  2.1247761498380900E+04  9.6699372405882635E-19  6.6249490626975414E-19
  2.1459446592780467E+04  8.7866935501571188E-19  6.0416520070021510E-19
  2.1673240642478431E+04  7.9790564844246585E-19  5.5060138231815889E-19
  2.1889164658365764E+04  7.2410092371111716E-19  5.0144666424424562E-19
  2.2107239860658818E+04  6.5669751914989575E-19  4.5636825429333795E-19
  2.2327487680984457E+04  5.9517885911815665E-19  4.1505594008882800E-19
  2.2549929764486456E+04  5.3906677534262587E-19  3.7722079757550568E-19
  2.2774587971952817E+04  4.8791891413060603E-19  3.4259391274881270E-19
  2.3001484381963892E+04  4.4132629372624124E-19  3.1092516305347456E-19
  2.3230641293062330E+04  3.9891101099974408E-19  2.8198206108110546E-19
  2.3462081225944632E+04  3.6032408944900440E-19  2.5554865815663154E-19
  2.3695826925674130E+04  3.2524346086259834E-19  2.3142450545015642E-19
  2.3931901363916404E+04  2.9337207334827301E-19  2.0942367029943761E-19
  2.4170327741196990E+04  2.6443611877257163E-19  1.8937380547868846E-19
  2.4411129489181349E+04  2.3818337298505852E-19  1.7111526920119211E-19
  2.4654330272977331E+04  2.1438164251799132E-19  1.5450029369832693E-19
  2.4899953993461488E+04  1.9281731725096855E-19  1.3939220419937815E-19
  2.5148024789627641E+04  1.7329402332778759E-19  1.2566468626463531E-19
  2.5398567040958900E+04  1.5563133257771708E-19  1.1320107228348873E-19
  2.5651605369824167E+04  1.3966357438194678E-19  1.0189368132022238E-19
  2.5907164643897660E+04  1.2523873250091937E-19  9.1643201627320433E-20
  2.6165269978602468E+04  1.1221741602343842E-19  8.2358109668344760E-20
  2.6425946739579456E+04  1.0047190006660422E-19  7.3954123922438111E-20
  2.6689220545179738E+04  8.9885232073963021E-20  6.6353691795510038E-20
  2.6955117268982282E+04  8.0350399768499838E-20  5.9485508016134265E-20
  2.7223663042336790E+04  7.1769557018212160E-20  5.3284062947461390E-20
  2.7494884256931949E+04  6.4053304064835144E-20  4.7689219299645845E-20
  2.7768807567388787E+04  5.7120018751186274E-20  4.2645815780308923E-20
  2.8045459893880354E+04  5.0895235138731500E-20  3.8103295957590263E-20
  2.8324868424777495E+04  4.5311064298775099E-20  3.4015359349065076E-20
  2.8607060619320499E+04  4.0305663414555747E-20  3.0339640093623877E-20
  2.8892064210317847E+04  3.5822743024357949E-20  2.7037406433494289E-20
  2.9179907206871892E+04  3.1811108161720777E-20  2.4073278552359558E-20
  2.9470617897131098E+04  2.8224233858006265E-20  2.1414965722499856E-20
  2.9764224851070318E+04  2.5019872750058461E-20  1.9033021668751901E-20
  3.0060756923298675E+04  2.2159692631902861E-20  1.6900617080614807E-20
  3.0360243255894980E+04  1.9608941915248821E-20  1.4993328252198085E-20
  3.0662713281271837E+04  1.7336141083303567E-20  1.3288940876854499E-20
  3.0968196725068381E+04  1.5312798336343605E-20  1.1767268069256471E-20
  3.1276723609071199E+04  1.3513147735789126E-20  1.0409981732295620E-20
  3.1588324254164974E+04  1.1913908268662878E-20  9.2004564390962212E-21
  3.1903029283312473E+04  1.0494062687069792E-20  8.1236252997290563E-21
  3.2220869624563711E+04  9.2346538646821455E-21  7.1658463968675452E-21
  3.2541876514095598E+04  8.1185973999948248E-21  6.3147791063605643E-21
  3.2866081499281936E+04  7.1305103416353620E-21  5.5592704649801574E-21
  3.3193516441793392E+04  6.2565542604789551E-21  4.8892504676309557E-21
  3.3524213520728918E+04  5.4842915515727560E-21  4.2956356547192435E-21
  3.3858205235778412E+04  4.8025539649089351E-21  3.7702404186634915E-21
  3.4195524410416190E+04  4.2013224302136642E-21  3.3056954907326942E-21
  3.4536204195127320E+04  3.6716173033968242E-21  2.8953731003293947E-21
  3.4880278070665008E+04  3.2053982213051923E-21  2.5333183285139576E-21
  3.5227779851341198E+04  2.7954728070617107E-21  2.2141862059886856E-21
  3.5578743688349939E+04  2.4354135206196701E-21  1.9331841328685039E-21
  3.5933204073123197E+04  2.1194819550026476E-21  1.6860191888507141E-21
  3.6291195840720742E+04  1.8425600082008733E-21  1.4688499936845066E-21
  3.6652754173253874E+04  1.6000875670725005E-21  1.2782429289967223E-21
  3.7017914603342513E+04  1.3880058370163517E-21  1.1111321265357714E-21
  3.7386713017607435E+04  1.2027059479472914E-21  9.6478301028254374E-22
  3.7759185660197334E+04  1.0409824193544098E-21  8.3675913415167593E-22
  3.8135369136350288E+04  8.9999106713474179E-22  7.2489204972884287E-22
  3.8515300415991398E+04  7.7721096674498232E-22  6.2725395685322623E-22
  3.8899016837366340E+04  6.7041011697726343E-22  5.4213290720987177E-22
  3.9286556110710306E+04  5.7761447645029012E-22  4.6801034747694159E-22
  3.9677956321954283E+04  4.9708007082121037E-22  4.0354080401380021E-22
  4.0073255936468260E+04  4.2726789287100980E-22  3.4753352561457632E-22
  4.0472493802840952E+04  3.6682134142873796E-22  2.9893591561425713E-22
  4.0875709156697943E+04  3.1454596887213643E-22  2.5681859976761690E-22
  4.1282941624557876E+04  2.6939129962509502E-22  2.2036196675456513E-22
  4.1694231227726217E+04  2.3043454574013614E-22  1.8884406634794085E-22
  4.2109618386229071E+04  1.9686603921976437E-22  1.6162974212422948E-22
  4.2529143922784911E+04  1.6797620953568820E-22  1.3816088011374672E-22
  4.2952849066816758E+04  1.4314395587756839E-22  1.1794766940857165E-22
  4.3380775458504300E+04  1.2182627690755965E-22  1.0056077933579763E-22
  4.3812965152875615E+04  1.0354903297812548E-22  8.5624365761779851E-23
  4.4249460623940482E+04  8.7898727002706210E-23  7.2809826490048474E-23
  4.4690304768864764E+04  7.4515200514016238E-23  6.1830232581840472E-23
  4.5135540912185730E+04  6.3085150961372609E-23  5.2435368792704421E-23
  4.5585212810070021E+04  5.3336385001250554E-23  4.4407322175005046E-23
  4.6039364654614183E+04  4.5032729891469242E-23  3.7556562786821374E-23
  4.6498041078187132E+04  3.7969535307577591E-23  3.1718467848589659E-23
  4.6961287157816696E+04  3.1969701544931765E-23  2.6750242748206266E-23
  4.7429148419619982E+04  2.6880175400427522E-23  2.2528195887180665E-23
  4.7901670843276879E+04  2.2568863780397402E-23  1.8945330865861324E-23
  4.8378900866549055E+04  1.8921918892930567E-23  1.5909222018739027E-23
  4.8860885389844050E+04  1.5841353486951978E-23  1.3340142554404619E-23
  4.9347671780823817E+04  1.3242948851427291E-23  1.1169417575231723E-23
  4.9839307879060165E+04  1.1054422148923479E-23  9.3379770113961586E-24
  5.0335842000736564E+04  9.2138231595496278E-24  7.7950860212459701E-24
  5.0837322943395746E+04  7.6681336830217269E-24  6.4972327030449618E-24
  5.1343799990736203E+04  6.3720457154510741E-24  5.4071550486365460E-24
  5.1855322917454847E+04  5.2868971174510446E-24  4.4929909708839748E-24
  5.2371941994139037E+04  4.3797458042018974E-24  3.7275369341622807E-24
  5.2893707992207252E+04  3.6225655809313412E-24  3.0876022619059272E-24
  5.3420672188898134E+04  2.9915487279224784E-24  2.5534476738003096E-24
  5.3952886372310102E+04  2.4665020500927747E-24  2.1082977983104874E-24
  5.4490402846491248E+04  2.0303246529096263E-24  1.7379185675031969E-24
  5.5033274436578948E+04  1.6685570764815061E-24  1.4302514332150663E-24
  5.5581554493991585E+04  1.3689926394326428E-24  1.1750972662930261E-24
  5.6135296901672125E+04  1.1213429329055768E-24  9.6384362788868229E-25
  5.6694556079382870E+04  9.1695037528784901E-25  7.8922984225415903E-25
  5.7259386989053884E+04  7.4854160155534137E-25  6.4514496215800078E-25
  5.7829845140184909E+04  6.1001622802987874E-25  5.2645430830232154E-25
  5.8405986595299866E+04  4.9626621351771873E-25  4.2885078977884594E-25
  5.8987867975456800E+04  4.0302164005234166E-25  3.4872767991684703E-25
  5.9575546465812855E+04  3.2671926885356606E-25  2.8306993660369283E-25
  6.0169079821243387E+04  2.6439069695027005E-25  2.2936152356720252E-25
  6.0768526372018307E+04  2.1356735384491404E-25  1.8550651402074168E-25
  6.1373945029534938E+04  1.7219994165355665E-25  1.4976204488889063E-25
  6.1985395292106761E+04  1.3859024178915619E-25  1.2068144256110705E-25
  6.2602937250811636E+04  1.1133349139857427E-25  9.7066063408491774E-26
  6.3226631595396524E+04  8.9269777860729629E-26  7.7924587452044039E-26
  6.3856539620242118E+04  7.1443113704174891E-26  6.2438674582158592E-26
  6.4492723230387171E+04  5.7067040903205741E-26  4.9934042305184630E-26
  6.5135244947611362E+04  4.5495775884713392E-26  3.9856154571889236E-26