 #p(MeV) \t \delta f_\\nu \t \delta f_\\nubar
  2.0292266747154345E-02  2.6826319622881062E-01  1.6397764322576878E-05
  2.0494432533055117E-02  2.6776660514993988E-01  1.6261136592160111E-05
  2.0698612436230120E-02  2.6734029634926731E-01  1.6125477005621108E-05
  2.0904826522727519E-02  2.6702706890714362E-01  1.5990783354267461E-05
  2.1113095058507489E-02  2.6668536350010963E-01  1.5857053909017018E-05
  2.1323438511433934E-02  2.6614845947233251E-01  1.5724287302683225E-05
  2.1535877553285947E-02  2.6561117875239865E-01  1.5592482387511266E-05
  2.1750433061789361E-02  2.6506208009026189E-01  1.5461638244058966E-05
  2.1967126122668598E-02  2.6461053704497395E-01  1.5331754267440697E-05
  2.2185978031718796E-02  2.6416860040830670E-01  1.5202829838165855E-05
  2.2407010296898767E-02  2.6372883325317148E-01  1.5074863648816383E-05
  2.2630244640444667E-02  2.6324611926330954E-01  1.4947853112430259E-05
  2.2855703001004788E-02  2.6279301942907490E-01  1.4821794095391774E-05
  2.3083407535795648E-02  2.6230146094028872E-01  1.4696680960562936E-05
  2.3313380622779444E-02  2.6183307254210891E-01  1.4572506787600807E-05
  2.3545644862863369E-02  2.6142444096750472E-01  1.4449263650092930E-05
  2.3780223082120657E-02  2.6097616287534259E-01  1.4326942876842754E-05
  2.4017138334033881E-02  2.6057085601418084E-01  1.4205535255589843E-05
  2.4256413901760608E-02  2.6012462702761113E-01  1.4085031268388789E-05
  2.4498073300421499E-02  2.5968758877458759E-01  1.3965421250287622E-05
  2.4742140279411368E-02  2.5925023620414683E-01  1.3846695188236615E-05
  2.4988638824733112E-02  2.5876795054813917E-01  1.3728842622721274E-05
  2.5237593161355015E-02  2.5825041919589181E-01  1.3611853007472114E-05
  2.5489027755591507E-02  2.5773203391692240E-01  1.3495716290509183E-05
  2.5742967317507533E-02  2.5725221232357331E-01  1.3380423375577419E-05
  2.5999436803347091E-02  2.5683937455487899E-01  1.3265966316760803E-05
  2.6258461417985737E-02  2.5642316717532687E-01  1.3152338286862902E-05
  2.6520066617407651E-02  2.5601887893807007E-01  1.3039533423696154E-05
  2.6784278111207423E-02  2.5551522222445328E-01  1.2927546637756856E-05
  2.7051121865116594E-02  2.5498545270577144E-01  1.2816373437389145E-05
  2.7320624103555572E-02  2.5451117173695720E-01  1.2706009741501081E-05
  2.7592811312210787E-02  2.5400741889936423E-01  1.2596451658537765E-05
  2.7867710240637639E-02  2.5355836372006096E-01  1.2487695563391041E-05
  2.8145347904889401E-02  2.5312744907618823E-01  1.2379738382910065E-05
  2.8425751590172136E-02  2.5268954530361226E-01  1.2272577656064183E-05
  2.8708948853526327E-02  2.5222537803190376E-01  1.2166211292042360E-05
  2.8994967526534958E-02  2.5184628878603327E-01  1.2060637218693899E-05
  2.9283835718058759E-02  2.5141825994997807E-01  1.1955853106889901E-05
  2.9575581816998681E-02  2.5098448380663763E-01  1.1851856236945900E-05
  2.9870234495085749E-02  2.5051785446262775E-01  1.1748643478356054E-05
  3.0167822709698887E-02  2.5002462698046801E-01  1.1646211333745297E-05
  3.0468375706710755E-02  2.4957735772914250E-01  1.1544556004674134E-05
  3.0771923023361847E-02  2.4913079767448873E-01  1.1443673459862657E-05
  3.1078494491163417E-02  2.4862148759535671E-01  1.1343559516688608E-05
  3.1388120238829073E-02  2.4819077394844735E-01  1.1244209885034299E-05
  3.1700830695235861E-02  2.4774347216093262E-01  1.1145620224805663E-05
  3.2016656592414573E-02  2.4727625238609574E-01  1.1047786359172740E-05
  3.2335628968570042E-02  2.4684965374051490E-01  1.0950704592480310E-05
  3.2657779171131489E-02  2.4640455213582360E-01  1.0854371967070175E-05
  3.2983138859833179E-02  2.4594120225318211E-01  1.0758786359842831E-05
  3.3311740009825820E-02  2.4546031752551428E-01  1.0663946425659058E-05
  3.3643614914819028E-02  2.4501728636806219E-01  1.0569851452944148E-05
  3.3978796190254942E-02  2.4459914597395760E-01  1.0476501194321464E-05
  3.4317316776513673E-02  2.4419941981643989E-01  1.0383895711270724E-05
  3.4659209942150396E-02  2.4374484661912826E-01  1.0292035248350441E-05
  3.5004509287165031E-02  2.4332378775506133E-01  1.0200920148747436E-05
  3.5353248746304217E-02  2.4284402865588314E-01  1.0110550763476428E-05
  3.5705462592396313E-02  2.4234057800308334E-01  1.0020927173878268E-05
  3.6061185439719645E-02  2.4185860291541650E-01  9.9320486841155674E-06
  3.6420452247404249E-02  2.4138704672232209E-01  9.8439132857024306E-06
  3.6783298322867468E-02  2.4105554414266236E-01  9.7565173343023764E-06
  3.7149759325283964E-02  2.4061966280905134E-01  9.6698555274631988E-06
  3.7519871269090017E-02  2.4016536583722478E-01  9.5839211167328485E-06
  3.7893670527523057E-02  2.3963761048803639E-01  9.4987062292695088E-06
  3.8271193836196080E-02  2.3919931228064545E-01  9.4142021966197295E-06
  3.8652478296708127E-02  2.3866441790024795E-01  9.3303998359629011E-06
  3.9037561380290332E-02  2.3825854511501890E-01  9.2472896695283657E-06
  3.9426480931488449E-02  2.3781425113775762E-01  9.1648620903131265E-06
  3.9819275171882218E-02  2.3734032917934789E-01  9.0831075219736644E-06
  4.0215982703841489E-02  2.3692425459209138E-01  9.0020167389228304E-06
  4.0616642514319963E-02  2.3651539035362998E-01  8.9215813471347414E-06
  4.1021293978686799E-02  2.3614368607367159E-01  8.8417942019000295E-06
  4.1429976864596055E-02  2.3568734110380307E-01  8.7626495823429851E-06
  4.1842731335895153E-02  2.3524421494015629E-01  8.6841431028216595E-06
  4.2259597956571825E-02  2.3477698996170493E-01  8.6062714585933700E-06
  4.2680617694740755E-02  2.3432878645022218E-01  8.5290321219100352E-06
  4.3105831926669669E-02  2.3389329873411152E-01  8.4524230673747050E-06
  4.3535282440845639E-02  2.3342530762083866E-01  8.3764425591649409E-06
  4.3969011442082040E-02  2.3301986085693291E-01  8.3010890003819008E-06
  4.4407061555666080E-02  2.3257714887307346E-01  8.2263608245300164E-06
  4.4849475831547990E-02  2.3213750101530922E-01  8.1522563855803950E-06
  4.5296297748571836E-02  2.3166198540604560E-01  8.0787737168880450E-06
  4.5747571218748312E-02  2.3121330793971265E-01  8.0059101722854238E-06
  4.6203340591570448E-02  2.3075313148675586E-01  7.9336622011192990E-06
  4.6663650658371900E-02  2.3031799224619431E-01  7.8620254043956674E-06
  4.7128546656729095E-02  2.2989341862955850E-01  7.7909948113546175E-06
  4.7598074274906851E-02  2.2948797014493674E-01  7.7205652201417669E-06
  4.8072279656348471E-02  2.2910356337492893E-01  7.6507314760984436E-06
  4.8551209404210691E-02  2.2866983516875802E-01  7.5814886421664473E-06
  4.9034910585943475E-02  2.2822645183521684E-01  7.5128320722723810E-06
  4.9523430737915701E-02  2.2776100935205693E-01  7.4447574190145801E-06
  5.0016817870086994E-02  2.2725886066272633E-01  7.3772606114070883E-06
  5.0515120470725712E-02  2.2679256568736650E-01  7.3103378399033342E-06
  5.1018387511174441E-02  2.2630359103909681E-01  7.2439856350985651E-06
  5.1526668450662519E-02  2.2588526354485911E-01  7.1782010481320013E-06
  5.2040013241166902E-02  2.2547254796656424E-01  7.1129817079242105E-06
  5.2558472332321048E-02  2.2503239761225616E-01  7.0483256042115355E-06
  5.3082096676373071E-02  2.2468491500676188E-01  6.9842306765114900E-06
  5.3610937733193136E-02  2.2425016512144230E-01  6.9206943939845038E-06
  5.4145047475330658E-02  2.2382674172230752E-01  6.8577134766900453E-06
  5.4684478393122023E-02  2.2339946973742758E-01  6.7952837989965096E-06
  5.5229283499849180E-02  2.2295979557937112E-01  6.7334004328128158E-06
  5.5779516336949490E-02  2.2249773566967473E-01  6.6720577694768851E-06
  5.6335230979277756E-02  2.2203846722358911E-01  6.6112496670748991E-06
  5.6896482040420242E-02  2.2163789959649147E-01  6.5509695852996834E-06
  5.7463324678062186E-02  2.2120435049133721E-01  6.4912106540815478E-06
  5.8035814599408257E-02  2.2074998585953318E-01  6.4319656532245868E-06
  5.8614008066657335E-02  2.2028744646149012E-01  6.3732270680853231E-06
  5.9197961902531876E-02  2.1984630791811202E-01  6.3149873795799920E-06
  5.9787733495862021E-02  2.1944462219553371E-01  6.2572395367645491E-06
  6.0383380807225662E-02  2.1901711074477243E-01  6.1999774334727390E-06
  6.0984962374644708E-02  2.1863846248865074E-01  6.1431962214868030E-06
  6.1592537319337774E-02  2.1823920185301579E-01  6.0868923953985889E-06
  6.2206165351530500E-02  2.1781724115022846E-01  6.0310636962821231E-06
  6.2825906776323701E-02  2.1732573598991511E-01  5.9757089141106294E-06
  6.3451822499619878E-02  2.1680340137935289E-01  5.9208276578881327E-06
  6.4083974034108801E-02  2.1631252851613508E-01  5.8664201393141541E-06
  6.4722423505312723E-02  2.1586764742569950E-01  5.8124870096376630E-06
  6.5367233657692050E-02  2.1547810675758219E-01  5.7590292970317757E-06
  6.6018467860811322E-02  2.1512348207305729E-01  5.7060483719336051E-06
  6.6676190115567163E-02  2.1475494699453479E-01  5.6535457899410715E-06
  6.7340465060478055E-02  2.1434869014512831E-01  5.6015229746200207E-06
  6.8011357978036632E-02  2.1393348357434025E-01  5.5499808302301883E-06
  6.8688934801125465E-02  2.1345170032468427E-01  5.4989194171825902E-06
  6.9373262119496792E-02  2.1299094024110535E-01  5.4483377883842847E-06
  7.0064407186316666E-02  2.1258286440325977E-01  5.3982339863692281E-06
  7.0762437924774199E-02  2.1216266201980233E-01  5.3486051503573795E-06
  7.1467422934756997E-02  2.1173129995251774E-01  5.2994476765655158E-06
  7.2179431499592869E-02  2.1130977661894351E-01  5.2507573874297984E-06
  7.2898533592858666E-02  2.1086379600992758E-01  5.2025296779257390E-06
  7.3624799885256983E-02  2.1044190378508798E-01  5.1547595822289796E-06
  7.4358301751561662E-02  2.1005212376390203E-01  5.1074417409241983E-06
  7.5099111277631969E-02  2.0962679716061150E-01  5.0605703648722804E-06
  7.5847301267496961E-02  2.0920528820080986E-01  5.0141392940043669E-06
  7.6602945250510632E-02  2.0875413415366373E-01  4.9681421697637441E-06
  7.7366117488577898E-02  2.0829816058297046E-01  4.9225726680425258E-06
  7.8136892983452735E-02  2.0790076480456254E-01  4.8774247060633010E-06
  7.8915347484109180E-02  2.0746860659449748E-01  4.8326925734186151E-06
  7.9701557494185810E-02  2.0704005753174223E-01  4.7883709840916485E-06
  8.0495600279503893E-02  2.0662067118985233E-01  4.7444550674672037E-06
  8.1297553875660983E-02  2.0619022681025906E-01  4.7009403247297370E-06
  8.2107497095700144E-02  2.0580365508941537E-01  4.6578225727907745E-06
  8.2925509537855019E-02  2.0542263286370299E-01  4.6150979105022748E-06
  8.3751671593372684E-02  2.0500029016228724E-01  4.5727627536136910E-06
  8.4586064454414259E-02  2.0455395020724598E-01  4.5308139046102808E-06
  8.5428770122034078E-02  2.0410003247321026E-01  4.4892485760844426E-06
  8.6279871414238388E-02  2.0364333101049831E-01  4.4480643212846101E-06
  8.7139451974124454E-02  2.0321727876707021E-01  4.4072588856836648E-06
  8.8007596278100855E-02  2.0277630998593332E-01  4.3668300365026670E-06
  8.8884389644189224E-02  2.0236235357477553E-01  4.3267754249790206E-06
  8.9769918240409113E-02  2.0196989957992573E-01  4.2870925035357988E-06
  9.0664269093246472E-02  2.0156273044119777E-01  4.2477784972740512E-06
  9.1567530096205926E-02  2.0118506565961983E-01  4.2088304141309986E-06
  9.2479790018448832E-02  2.0077928650946406E-01  4.1702450754972317E-06
  9.3401138513517237E-02  2.0039686837434931E-01  4.1320191530650436E-06
  9.4331666128144642E-02  1.9999636113156399E-01  4.0941491872497071E-06
  9.5271464311154436E-02  1.9955897711988838E-01  4.0566315948608229E-06
  9.6220625422447359E-02  1.9912600194223712E-01  4.0194627094748030E-06
  9.7179242742078287E-02  1.9866110348902177E-01  3.9826388809217686E-06
  9.8147410479423325E-02  1.9822597567387648E-01  3.9461566198406902E-06
  9.9125223782438376E-02  1.9778394499712820E-01  3.9100127418494514E-06
  1.0011277874701015E-01  1.9738381950719763E-01  3.8742044648083305E-06
  1.0111017242639977E-01  1.9698975411380468E-01  3.8387294433937182E-06
  1.0211750284078097E-01  1.9655817311839902E-01  3.8035857476350007E-06
  1.0313486898687330E-01  1.9615586697432152E-01  3.7687718048902710E-06
  1.0416237084767106E-01  1.9570161599031238E-01  3.7342863276057692E-06
  1.0520010940226894E-01  1.9528836507926811E-01  3.7001282389636555E-06
  1.0624818663578640E-01  1.9484503604494471E-01  3.6662966076509410E-06
  1.0730670554939019E-01  1.9442752527626014E-01  3.6327906041520449E-06
  1.0837577017041670E-01  1.9406215373351682E-01  3.5996094798219125E-06
  1.0945548556259561E-01  1.9371376916914768E-01  3.5667525599978424E-06
  1.1054595783637529E-01  1.9331856136527029E-01  3.5342192364517691E-06
  1.1164729415935058E-01  1.9293826657085156E-01  3.5020089507157011E-06
  1.1275960276679506E-01  1.9250861744746980E-01  3.4701211743393900E-06
  1.1388299297229804E-01  1.9207904342787394E-01  3.4385553889728757E-06
  1.1501757517850754E-01  1.9163473609783113E-01  3.4073110682559965E-06
  1.1616346088797981E-01  1.9120327326495609E-01  3.3763876645345643E-06
  1.1732076271413799E-01  1.9077668643015763E-01  3.3457846000490820E-06
  1.1848959439233916E-01  1.9035834213148017E-01  3.3155012615045433E-06
  1.1967007079105153E-01  1.8994850305167874E-01  3.2855369958957358E-06
  1.2086230792314351E-01  1.8953253725848856E-01  3.2558911431095533E-06
  1.2206642295728530E-01  1.8912657553637274E-01  3.2265632206197055E-06
  1.2328253422946323E-01  1.8874376492335698E-01  3.1975533467876708E-06
  1.2451076125460978E-01  1.8834707455324898E-01  3.1688628602580806E-06
  1.2575122473834899E-01  1.8793245115792273E-01  3.1404949761044551E-06
  1.2700404658885908E-01  1.8754348304183055E-01  3.1124552834617201E-06
  1.2826934992885261E-01  1.8713567898026931E-01  3.0847519534626801E-06
  1.2954725910767725E-01  1.8672459250417989E-01  3.0573956387016535E-06
  1.3083789971353604E-01  1.8629829555632599E-01  3.0303991385349219E-06
  1.3214139858582949E-01  1.8589578334439494E-01  3.0037769430015656E-06
  1.3345788382762125E-01  1.8547610525310260E-01  2.9775447568793693E-06
  1.3478748481822764E-01  1.8506598115973363E-01  2.9517190709481081E-06
  1.3613033222593218E-01  1.8460689486274459E-01  2.9263168041642564E-06
  1.3748655802082754E-01  1.8422803976316809E-01  2.9013549548404542E-06
  1.3885629548778494E-01  1.8384158727064340E-01  2.8768501903493959E-06
  1.4023967923955316E-01  1.8343876068752415E-01  2.8528183581099003E-06
  1.4163684522998701E-01  1.8304460103151066E-01  2.8292739645327060E-06
  1.4304793076740932E-01  1.8266777295452757E-01  2.8062297231043632E-06
  1.4447307452810468E-01  1.8227118614090340E-01  2.7836963023556980E-06
  1.4591241656994786E-01  1.8186909310029581E-01  2.7616822997602794E-06
  1.4736609834616834E-01  1.8140380866274133E-01  2.7401944103844254E-06
  1.4883426271925210E-01  1.8100795969341277E-01  2.7192377227085147E-06
  1.5031705397498105E-01  1.8059736640673299E-01  2.6988160641372508E-06
  1.5181461783661326E-01  1.8016090165120227E-01  2.6789323317787332E-06
  1.5332710147920423E-01  1.7979502486952526E-01  2.6595887864357909E-06
  1.5485465354407049E-01  1.7937426944370996E-01  2.6407874631966926E-06
  1.5639742415339722E-01  1.7903282541586468E-01  2.6225309863150584E-06
  1.5795556492499241E-01  1.7865350584097078E-01  2.6048239323594787E-06
  1.5952922898718694E-01  1.7823808707016495E-01  2.5876746179359942E-06
  1.6111857099388327E-01  1.7787022991943405E-01  2.5710969604117171E-06
  1.6272374713975440E-01  1.7745436670893364E-01  2.5551119433624138E-06
  1.6434491517559449E-01  1.7706216230737690E-01  2.5397483628553067E-06
  1.6598223442382140E-01  1.7667669287525783E-01  2.5250427863456970E-06
  1.6763586579413456E-01  1.7627606751355029E-01  2.5110388757753552E-06
  1.6930597179932880E-01  1.7587904140379723E-01  2.4977863475403589E-06
  1.7099271657126550E-01  1.7546817651391647E-01  2.4853398410454299E-06
  1.7269626587700210E-01  1.7510956821034387E-01  2.4737579005028039E-06
  1.7441678713508418E-01  1.7474711001141924E-01  2.4631021038351439E-06
  1.7615444943199823E-01  1.7437311669507552E-01  2.4534361378338042E-06
  1.7790942353878855E-01  1.7400154938686008E-01  2.4448246597205113E-06
  1.7968188192784038E-01  1.7364877748604110E-01  2.4373318940025490E-06
  1.8147199878982997E-01  1.7328167459874275E-01  2.4310200575456039E-06
  1.8327995005084302E-01  1.7294444949155940E-01  2.4259479694307355E-06
  1.8510591338966406E-01  1.7259420793288077E-01  2.4221702179833588E-06
  1.8695006825523866E-01  1.7224776647519438E-01  2.4197370028010141E-06
  1.8881259588430821E-01  1.7188006655988947E-01  2.4186946382529203E-06
  1.9069367931922152E-01  1.7152528114847448E-01  2.4190865502743772E-06
  1.9259350342592391E-01  1.7114172608246989E-01  2.4209545360915770E-06
  1.9451225491212470E-01  1.7076814513973196E-01  2.4243400841468458E-06
  1.9645012234564621E-01  1.7039031957567016E-01  2.4292855702285894E-06
  1.9840729617295547E-01  1.7002051792023490E-01  2.4358351674246992E-06
  2.0038396873788114E-01  1.6964161435667227E-01  2.4440352668824119E-06
  2.0238033430051555E-01  1.6933800858829484E-01  2.4539343316593606E-06
  2.0439658905630620E-01  1.6902041205250487E-01  2.4655822921777578E-06
  2.0643293115533753E-01  1.6872750039974060E-01  2.4790297018295057E-06
  2.0848956072180400E-01  1.6841889528085258E-01  2.4943268409669037E-06
  2.1056667987367694E-01  1.6812586114252651E-01  2.5115230967795299E-06
  2.1266449274256927E-01  1.6777372560712267E-01  2.5306667949349006E-06
  2.1478320549379618E-01  1.6746929886270515E-01  2.5518054872265893E-06
  2.1692302634663549E-01  1.6710982881402953E-01  2.5749865826979756E-06
  2.1908416559479216E-01  1.6680699418263356E-01  2.6002581621961504E-06
  2.2126683562706445E-01  1.6647341289697415E-01  2.6276698096588196E-06
  2.2347125094821596E-01  1.6613292735605309E-01  2.6572732455267658E-06
  2.2569762820005790E-01  1.6581924133869694E-01  2.6891224016312535E-06
  2.2794618618273899E-01  1.6550367263644086E-01  2.7232725800046192E-06
  2.3021714587624748E-01  1.6520186065869977E-01  2.7597785378333485E-06
  2.3251073046213089E-01  1.6487315146705270E-01  2.7986916165991336E-06
  2.3482716534542622E-01  1.6456307860474684E-01  2.8400561768355175E-06
  2.3716667817681356E-01  1.6426661506693749E-01  2.8839059433248881E-06
  2.3952949887499000E-01  1.6394977814263242E-01  2.9302608925731391E-06
  2.4191585964926227E-01  1.6362067233783903E-01  2.9791250736867207E-06
  2.4432599502236990E-01  1.6332004970726816E-01  3.0304854477220654E-06
  2.4676014185353234E-01  1.6300688320867476E-01  3.0843115572128545E-06
  2.4921853936172589E-01  1.6266125343910853E-01  3.1405556589895457E-06
  2.5170142914919480E-01  1.6234129827924279E-01  3.1991530135887022E-06
  2.5420905522519410E-01  1.6200679841265372E-01  3.2600222776594706E-06
  2.5674166402996940E-01  1.6170523607953502E-01  3.3230659353754539E-06
  2.5929950445897754E-01  1.6138559842597788E-01  3.3881709612653699E-06
  2.6188282788734635E-01  1.6107568962569541E-01  3.4552100765739102E-06
  2.6449188819457814E-01  1.6076772526157079E-01  3.5240434150490725E-06
  2.6712694178950158E-01  1.6045497219000568E-01  3.5945202578170613E-06
  2.6978824763546977E-01  1.6009485951528912E-01  3.6664806497212184E-06
  2.7247606727580953E-01  1.5980079303026182E-01  3.7397564871485950E-06
  2.7519066485952642E-01  1.5943339195250716E-01  3.8141717988229186E-06
  2.7793230716726353E-01  1.5908085951849599E-01  3.8895421742045107E-06
  2.8070126363751868E-01  1.5874113520024552E-01  3.9656735153774520E-06
  2.8349780639312683E-01  1.5838976534810101E-01  4.0423604777853106E-06
  2.8632221026799959E-01  1.5804650645182450E-01  4.1193849767928140E-06
  2.8917475283413685E-01  1.5770700748200245E-01  4.1965153656822225E-06
  2.9205571442890677E-01  1.5737753913056318E-01  4.2735068042353544E-06
  2.9496537818259311E-01  1.5703859054131192E-01  4.3501031271757366E-06
  2.9790403004622296E-01  1.5665366885299367E-01  4.4260404013582043E-06
  3.0087195881966822E-01  1.5634344282210416E-01  4.5010521764106756E-06
  3.0386945618002648E-01  1.5606226451589572E-01  4.5748756034779821E-06
  3.0689681671028801E-01  1.5568958182094678E-01  4.6472573686410971E-06
  3.0995433792828520E-01  1.5542679403140333E-01  4.7179583874389557E-06
  3.1304232031593104E-01  1.5509608812685019E-01  4.7867565507235819E-06
  3.1616106734875049E-01  1.5477083187997248E-01  4.8534473780777471E-06
  3.1931088552570480E-01  1.5444606042709533E-01  4.9178430507062652E-06
  3.2249208439931143E-01  1.5410357306144395E-01  4.9797703930415519E-06
  3.2570497660606823E-01  1.5375348696917870E-01  5.0390686715801694E-06
  3.2894987789717689E-01  1.5340703351037738E-01  5.0955880288702672E-06
  3.3222710716957293E-01  1.5305463301922992E-01  5.1491888142106216E-06
  3.3553698649726771E-01  1.5269029974387963E-01  5.1997417070756114E-06
  3.3887984116299957E-01  1.5234400695148742E-01  5.2471293230807611E-06
  3.4225599969020037E-01  1.5197650116285844E-01  5.2912488108858254E-06
  3.4566579387528473E-01  1.5159276332627097E-01  5.3320147342590356E-06
  3.4910955882025402E-01  1.5126843954463470E-01  5.3693616307768119E-06
  3.5258763296563039E-01  1.5092767131047874E-01  5.4032456651231774E-06
  3.5610035812371998E-01  1.5059591396523866E-01  5.4336450362528997E-06
  3.5964807951220024E-01  1.5028607295723895E-01  5.4605591825958506E-06
  3.6323114578805038E-01  1.4999618703923939E-01  5.4840070694033381E-06
  3.6684990908181508E-01  1.4964028699027848E-01  5.5040249235717075E-06
  3.7050472503220905E-01  1.4933141985801404E-01  5.5206639560637998E-06
  3.7419595282107043E-01  1.4901812678982310E-01  5.5339882723760789E-06
  3.7792395520865846E-01  1.4867944567667440E-01  5.5440727694133959E-06
  3.8168909856930339E-01  1.4833666778478613E-01  5.5510013290466842E-06
  3.8549175292741439E-01  1.4798604762899892E-01  5.5548653608205332E-06
  3.8933229199384328E-01  1.4764215825975471E-01  5.5557624043133978E-06
  3.9321109320261011E-01  1.4730513350103983E-01  5.5537948217703915E-06
  3.9712853774799839E-01  1.4694269445177263E-01  5.5490686623320750E-06
  4.0108501062201646E-01  1.4660310975730981E-01  5.5416927806760249E-06
  4.0508090065223135E-01  1.4628498532834003E-01  5.5317782562348247E-06
  4.0911660053998450E-01  1.4594836475950865E-01  5.5194380528375034E-06
  4.1319250689898318E-01  1.4560053003476214E-01  5.5047868165520036E-06
  4.1730902029427680E-01  1.4526262500693160E-01  5.4879406319014524E-06
  4.2146654528162747E-01  1.4492178812693937E-01  5.4690166001534228E-06
  4.2566549044726287E-01  1.4457041026551404E-01  5.4481321804237433E-06
  4.2990626844803326E-01  1.4424528371119780E-01  5.4254042569040518E-06
  4.3418929605196810E-01  1.4388718316015356E-01  5.4009479447014277E-06
  4.3851499417922912E-01  1.4356864545867970E-01  5.3748753334152852E-06
  4.4288378794348143E-01  1.4322592724397051E-01  5.3472943639317799E-06
  4.4729610669367065E-01  1.4290564789055799E-01  5.3183080568053852E-06
  4.5175238405621609E-01  1.4257549075969356E-01  5.2880142177477414E-06
  4.5625305797762888E-01  1.4224003333477064E-01  5.2565056331119515E-06
  4.6079857076755010E-01  1.4193686354650162E-01  5.2238706385839509E-06
  4.6538936914221840E-01  1.4160420464156087E-01  5.1901939252834873E-06
  4.7002590426837382E-01  1.4127211384078756E-01  5.1555573527362390E-06
  4.7470863180759609E-01  1.4092642916386361E-01  5.1200405693191554E-06
  4.7943801196108327E-01  1.4057881477725107E-01  5.0837213739297733E-06
  4.8421450951488193E-01  1.4024629470335551E-01  5.0466758048368400E-06
  4.8903859388556303E-01  1.3990821369400608E-01  5.0089777994939323E-06
  4.9391073916635297E-01  1.3958368335339272E-01  4.9706985324860630E-06
  4.9883142417372883E-01  1.3923448326469548E-01  4.9319055530658986E-06
  5.0380113249447289E-01  1.3888769926575895E-01  4.8926618952357989E-06
  5.0882035253319635E-01  1.3857342695471550E-01  4.8530253530101186E-06
  5.1388957756034137E-01  1.3820798232844872E-01  4.8130481149273081E-06
  5.1900930576065585E-01  1.3790056231228032E-01  4.7727768244234750E-06
  5.2418004028215115E-01  1.3754835203918164E-01  4.7322530442164541E-06
  5.2940228928555566E-01  1.3722739159284755E-01  4.6915140268185055E-06
  5.3467656599424807E-01  1.3691131730231079E-01  4.6505935720649318E-06
  5.4000338874469789E-01  1.3658781793838062E-01  4.6095228524571614E-06
  5.4538328103740918E-01  1.3625953259462517E-01  4.5683312777632891E-06
  5.5081677158836151E-01  1.3591984736479448E-01  4.5270471585200556E-06
  5.5630439438097523E-01  1.3557553174077952E-01  4.4856981642596196E-06
  5.6184668871858845E-01  1.3527003792692127E-01  4.4443117459435165E-06
  5.6744419927745515E-01  1.3496146713235371E-01  4.4029155304716203E-06
  5.7309747616027773E-01  1.3464225638117211E-01  4.3615376648074569E-06
  5.7880707495026740E-01  1.3430498496613152E-01  4.3202070863866420E-06
  5.8457355676574285E-01  1.3398228935925963E-01  4.2789536516642158E-06
  5.9039748831527883E-01  1.3365798116258024E-01  4.2378080727140106E-06
  5.9627944195339799E-01  1.3331761504575249E-01  4.1968016296544110E-06
  6.0221999573681806E-01  1.3299048612103609E-01  4.1559657581952015E-06
  6.0821973348126512E-01  1.3263829335270588E-01  4.1153316071463556E-06
  6.1427924481884633E-01  1.3228738457666644E-01  4.0749295282065245E-06
  6.2039912525599583E-01  1.3196193873152715E-01  4.0347885478876634E-06
  6.2657997623200201E-01  1.3158395172327317E-01  3.9949359418443897E-06
  6.3282240517811272E-01  1.3127207237417501E-01  3.9553967952019172E-06
  6.3912702557722978E-01  1.3093550750234625E-01  3.9161935642430026E-06
  6.4549445702420560E-01  1.3062763658655271E-01  3.8773456748952185E-06
  6.5192532528672720E-01  1.3030264010284082E-01  3.8388692458427155E-06
  6.5842026236681817E-01  1.2997693038726302E-01  3.8007770295569696E-06
  6.6497990656295292E-01  1.2961417953235618E-01  3.7630786308629396E-06
  6.7160490253277827E-01  1.2932189532996610E-01  3.7257809596621549E-06
  6.7829590135647477E-01  1.2898700173333422E-01  3.6888887551415861E-06
  6.8505356060074041E-01  1.2865858286629656E-01  3.6524050862180314E-06
  6.9187854438341156E-01  1.2836008257269954E-01  3.6163318382945681E-06
  6.9877152343873394E-01  1.2801544027392761E-01  3.5806701941702070E-06
  7.0573317518327794E-01  1.2770025926503889E-01  3.5454209112982256E-06
  7.1276418378251083E-01  1.2732581969466053E-01  3.5105844641287404E-06
  7.1986524021803777E-01  1.2702054607632593E-01  3.4761611222436072E-06
  7.2703704235550692E-01  1.2669300478158954E-01  3.4421509584308251E-06
  7.3428029501319136E-01  1.2634154136004305E-01  3.4085538072797814E-06
  7.4159571003126012E-01  1.2598836778453346E-01  3.3753691801730170E-06
  7.4898400634173234E-01  1.2564758264747419E-01  3.3425962048869381E-06
  7.5644591003913053E-01  1.2531137464444969E-01  3.3102336422074692E-06
  7.6398215445184137E-01  1.2497059571719617E-01  3.2782799601036050E-06
  7.7159348021418328E-01  1.2459900891029248E-01  3.2467333743214222E-06
  7.7928063533919001E-01  1.2431365968294247E-01  3.2155918597358988E-06
  7.8704437529213056E-01  1.2398800375862429E-01  3.1848531865238297E-06
  7.9488546306474428E-01  1.2366428739337024E-01  3.1545149700988855E-06
  8.0280466925022842E-01  1.2335437709828259E-01  3.1245747318463880E-06
  8.1080277211897533E-01  1.2297714866925770E-01  3.0950299914387077E-06
  8.1888055769504642E-01  1.2266622555741186E-01  3.0658783604097945E-06
  8.2703881983342931E-01  1.2233814834490953E-01  3.0371176209052640E-06
  8.3527836029805147E-01  1.2198730763215795E-01  3.0087457556371261E-06
  8.4359998884057175E-01  1.2162980820745581E-01  2.9807609013489406E-06
  8.5200452327996601E-01  1.2125773495428381E-01  2.9531612581359041E-06
  8.6049278958289499E-01  1.2092404275031921E-01  2.9259450710476701E-06
  8.6906562194487647E-01  1.2053452067435985E-01  2.8991106527614089E-06
  8.7772386287227122E-01  1.2021493709265496E-01  2.8726563473737670E-06
  8.8646836326507872E-01  1.1986291294357478E-01  2.8465804478892498E-06
  8.9529998250055820E-01  1.1955821942080128E-01  2.8208811299497222E-06
  9.0421958851769024E-01  1.1920785160492214E-01  2.7955564167117764E-06
  9.1322805790247197E-01  1.1889141389837954E-01  2.7706041354548830E-06
  9.2232627597406180E-01  1.1853599839973052E-01  2.7460218769884390E-06
  9.3151513687179133E-01  1.1820716228170346E-01  2.7218069672248668E-06
  9.4079554364303442E-01  1.1783497748614263E-01  2.6979564703546219E-06
  9.5016840833195249E-01  1.1749175077287882E-01  2.6744671891665757E-06
  9.5963465206913712E-01  1.1714361661687051E-01  2.6513356163365880E-06
  9.6919520516212221E-01  1.1677466457180906E-01  2.6285578801495795E-06
  9.7885100718681761E-01  1.1637150710026491E-01  2.6061297997630226E-06
  9.8860300707985305E-01  1.1602884627109342E-01  2.5840470275851305E-06
  9.9845216323182340E-01  1.1567568082283168E-01  2.5623051241351237E-06
  1.0083994435814860E+00  1.1531264572884738E-01  2.5408996006671468E-06
  1.0184458257108828E+00  1.1495878261561555E-01  2.5198259406812471E-06
  1.0285922969414105E+00  1.1459421355704830E-01  2.4990796187672898E-06
  1.0388398544308564E+00  1.1424136694277524E-01  2.4786561398596202E-06
  1.0491895052713924E+00  1.1388698751138905E-01  2.4585510979223931E-06
  1.0596422665885465E+00  1.1352917070294567E-01  2.4387602257047406E-06
  1.0701991656411662E+00  1.1316176816265448E-01  2.4192794161519507E-06
  1.0808612399223725E+00  1.1279363822429146E-01  2.4001047284935194E-06
  1.0916295372615163E+00  1.1242188259164698E-01  2.3812323075274539E-06
  1.1025051159271628E+00  1.1205045996538265E-01  2.3626582430543771E-06
  1.1134890447310908E+00  1.1166988160942551E-01  2.3443785613141459E-06
  1.1245824031333262E+00  1.1128634589651014E-01  2.3263892749735993E-06
  1.1357862813482380E+00  1.1090243295606589E-01  2.3086863869201700E-06
  1.1471017804516734E+00  1.1051332184522876E-01  2.2912658949688699E-06
  1.1585300124891649E+00  1.1012995558625427E-01  2.2741238123144381E-06
  1.1700721005852306E+00  1.0973266541004112E-01  2.2572561810417318E-06
  1.1817291790537348E+00  1.0933869504045701E-01  2.2406590555628824E-06
  1.1935023935093716E+00  1.0896774850147002E-01  2.2243284988178754E-06
  1.2053929009802598E+00  1.0855342949805771E-01  2.2082606395873480E-06
  1.2174018700216336E+00  1.0817773053420005E-01  2.1924517581768142E-06
  1.2295304808306995E+00  1.0778209206219225E-01  2.1768983224699960E-06
  1.2417799253626152E+00  1.0737863995456874E-01  2.1615969241169617E-06
  1.2541514074476283E+00  1.0697476421731951E-01  2.1465441621472397E-06
  1.2666461429093903E+00  1.0658760809094490E-01  2.1317366517255103E-06
  1.2792653596844399E+00  1.0618108655231054E-01  2.1171710842686424E-06
  1.2920102979428776E+00  1.0577772475046633E-01  2.1028442037647343E-06
  1.3048822102102506E+00  1.0536513469112792E-01  2.0887527820684863E-06
  1.3178823614906443E+00  1.0494242798574555E-01  2.0748936187193374E-06
  1.3310120293909973E+00  1.0453137708283265E-01  2.0612635647234767E-06
  1.3442725042466681E+00  1.0411333315436953E-01  2.0478595570056807E-06
  1.3576650892482403E+00  1.0368337897913922E-01  2.0346786137524477E-06
  1.3711911005695923E+00  1.0326176460139706E-01  2.0217178083242220E-06
  1.3848518674972525E+00  1.0282415760774495E-01  2.0089742949505860E-06
  1.3986487325610339E+00  1.0238209506912105E-01  1.9964453580986680E-06
  1.4125830516659676E+00  1.0194849900934418E-01  1.9841283120202127E-06
  1.4266561942255698E+00  1.0150589602859203E-01  1.9720203687336899E-06
  1.4408695432964065E+00  1.0105109249417102E-01  1.9601186727659580E-06
  1.4552244957140221E+00  1.0060472179620313E-01  1.9484203439538002E-06
  1.4697224622302250E+00  1.0015552114152880E-01  1.9369224800461487E-06
  1.4843648676517114E+00  9.9713033252212258E-02  1.9256221522219130E-06
  1.4991531509801066E+00  9.9261128598758575E-02  1.9145163994267190E-06
  1.5140887655533790E+00  9.8790329090757870E-02  1.9036022227396172E-06
  1.5291731791886642E+00  9.8349761476781247E-02  1.8928766054631670E-06
  1.5444078743265248E+00  9.7871655205557934E-02  1.8823365723179885E-06
  1.5597943481766368E+00  9.7399461960878619E-02  1.8719792496360195E-06
  1.5753341128649223E+00  9.6942600197249332E-02  1.8618019179178294E-06
  1.5910286955821675E+00  9.6482558036554714E-02  1.8518020327795799E-06
  1.6068796387341038E+00  9.6002639034768147E-02  1.8419771340596084E-06
  1.6228885000929845E+00  9.5518002361823867E-02  1.8323247360710309E-06
  1.6390568529506868E+00  9.5024897944461159E-02  1.8228423486775671E-06
  1.6553862862733248E+00  9.4539880348021826E-02  1.8135275060212632E-06
  1.6718784048574020E+00  9.4065801989951292E-02  1.8043777403396138E-06
  1.6885348294875342E+00  9.3558506890824455E-02  1.7953905586959520E-06
  1.7053571970957300E+00  9.3062466126858881E-02  1.7865634294908486E-06
  1.7223471609222567E+00  9.2569918569585255E-02  1.7778937660639379E-06
  1.7395063906781254E+00  9.2079210400250341E-02  1.7693789007212109E-06
  1.7568365727091790E+00  9.1564495025633019E-02  1.7610160563031960E-06
  1.7743394101618126E+00  9.1073024015208157E-02  1.7528023525494989E-06
  1.7920166231503714E+00  9.0558731128891345E-02  1.7447349032443695E-06
  1.8098699489261756E+00  9.0031387925328832E-02  1.7368108986439824E-06
  1.8279011420482603E+00  8.9533884733225697E-02  1.7290274947674858E-06
  1.8461119745558190E+00  8.8999730260522006E-02  1.7213818034187488E-06
  1.8645042361423283E+00  8.8474857432964224E-02  1.7138710201214160E-06
  1.8830797343314538E+00  8.7951807551392550E-02  1.7064925009624422E-06
  1.9018402946546789E+00  8.7394191657464371E-02  1.6992438293857640E-06
  1.9207877608307049E+00  8.6914581328082205E-02  1.6921229021542954E-06
  1.9399239949466576E+00  8.6364415733069147E-02  1.6851280290618075E-06
  1.9592508776410802E+00  8.5822218505616762E-02  1.6782580421297152E-06
  1.9787703082887487E+00  8.5297127926872232E-02  1.6715124184493304E-06
  1.9984842051873488E+00  8.4745630261130578E-02  1.6648913973470431E-06
  2.0183945057459924E+00  8.4209189029617118E-02  1.6583960020548538E-06
  2.0385031666756119E+00  8.3648422325906940E-02  1.6520280236641710E-06
  2.0588121641812736E+00  8.3097979816973686E-02  1.6457899343350563E-06
  2.0793234941563794E+00  8.2565150432450177E-02  1.6396846115897644E-06
  2.1000391723788256E+00  8.2005239904627894E-02  1.6337150552250281E-06
  2.1209612347090920E+00  8.1460978359952377E-02  1.6278842497002225E-06
  2.1420917372903352E+00  8.0897667213511132E-02  1.6221950445673960E-06
  2.1634327567504510E+00  8.0340816510236696E-02  1.6166500220371908E-06
  2.1849863904061513E+00  7.9791661270211339E-02  1.6112513680206396E-06
  2.2067547564690941E+00  7.9236316717071667E-02  1.6060007437168806E-06
  2.2287399942540458E+00  7.8678870855534488E-02  1.6008991545691755E-06
  2.2509442643891222E+00  7.8125891970408437E-02  1.5959468349516158E-06
  2.2733697490281339E+00  7.7572616688904764E-02  1.5911432260151178E-06
  2.2960186520650385E+00  7.7023488596737882E-02  1.5864870711972007E-06
  2.3188931993505300E+00  7.6474845962892793E-02  1.5819765665033194E-06
  2.3419956389107819E+00  7.5930601883275495E-02  1.5776094854161174E-06
  2.3653282411683860E+00  7.5388392125873352E-02  1.5733832827846411E-06
  2.3888932991654768E+00  7.4839648828050512E-02  1.5692952689055173E-06
  2.4126931287890736E+00  7.4306471685177941E-02  1.5653427874539277E-06
  2.4367300689986942E+00  7.3764356075861681E-02  1.5615233161263217E-06
  2.4610064820562094E+00  7.3228079921179107E-02  1.5578345149415781E-06
  2.4855247537579914E+00  7.2700754562764522E-02  1.5542742720518009E-06
  2.5102872936693967E+00  7.2165074700347706E-02  1.5508407567294812E-06
  2.5352965353615571E+00  7.1607925802277386E-02  1.5475324660550690E-06
  2.5605549366505498E+00  7.1095555243027644E-02  1.5443482508249456E-06
  2.5860649798389299E+00  7.0539644853907194E-02  1.5412873054458756E-06
  2.6118291719596995E+00  7.0028105501337284E-02  1.5383491465704864E-06
  2.6378500450226792E+00  6.9496887079734768E-02  1.5355336172364777E-06
  2.6641301562633397E+00  6.8964988307438704E-02  1.5328406835586460E-06
  2.6906720883941322E+00  6.8441780712154690E-02  1.5302702118120378E-06
  2.7174784498582989E+00  6.7897217236093793E-02  1.5278218748928881E-06
  2.7445518750862141E+00  6.7383944309625618E-02  1.5254950474911772E-06
  2.7718950247543028E+00  6.6878362112040568E-02  1.5232886625455054E-06
  2.7995105860465106E+00  6.6363807486831891E-02  1.5212010332612387E-06
  2.8274012729183964E+00  6.5851434447612836E-02  1.5192296382381441E-06
  2.8555698263638378E+00  6.5344965847623643E-02  1.5173708929839397E-06
  2.8840190146844233E+00  6.4839146649386586E-02  1.5156199519263608E-06
  2.9127516337615038E+00  6.4343723793169286E-02  1.5139706093330803E-06
  2.9417705073309488E+00  6.3845516583944661E-02  1.5124153446163330E-06
  2.9710784872606752E+00  6.3351076445714999E-02  1.5109455138456481E-06
  3.0006784538309059E+00  6.2834212771965936E-02  1.5095516933234225E-06
  3.0305733160172257E+00  6.2364068575772057E-02  1.5082240790977309E-06
  3.0607660117764821E+00  6.1871429744124226E-02  1.5069527315431481E-06
  3.0912595083355057E+00  6.1377097072614385E-02  1.5057278374941390E-06
  3.1220568024827235E+00  6.0884554463033203E-02  1.5045400184475797E-06
  3.1531609208626605E+00  6.0390065913369734E-02  1.5033806750911877E-06
  3.1845749202734051E+00  5.9885262187111939E-02  1.5022423849934792E-06
  3.2163018879670111E+00  5.9388719149432743E-02  1.5011193430053434E-06
  3.2483449419528920E+00  5.8897259362302619E-02  1.5000077922847565E-06
  3.2807072313042660E+00  5.8402437474730035E-02  1.4989063403079002E-06
  3.3133919364676276E+00  5.7901305854187721E-02  1.4978160952303554E-06
  3.3464022695752962E+00  5.7400048217308472E-02  1.4967405942044249E-06
  3.3797414747611172E+00  5.6897925582890668E-02  1.4956855056243386E-06
  3.4134128284792706E+00  5.6398784447335079E-02  1.4946579348785245E-06
  3.4474196398262600E+00  5.5879819020072635E-02  1.4936657426351674E-06
  3.4817652508661379E+00  5.5381958427397134E-02  1.4927170788112331E-06
  3.5164530369589375E+00  5.4896497567696705E-02  1.4918200746637236E-06
  3.5514864070923999E+00  5.4391717598034191E-02  1.4909825777797730E-06
  3.5868688042169796E+00  5.3893303454784554E-02  1.4902118450958515E-06
  3.6226037055842282E+00  5.3397236256753022E-02  1.4895141971092976E-06
  3.6586946230885147E+00  5.2928632209110281E-02  1.4888946697628973E-06
  3.6951451036121519E+00  5.2445581433593222E-02  1.4883567239889191E-06
  3.7319587293739889E+00  5.1966825913972892E-02  1.4879020893899562E-06
  3.7691391182814526E+00  5.1494541377942862E-02  1.4875307775645958E-06
  3.8066899242860863E+00  5.1025755545294135E-02  1.4872413162961008E-06
  3.8446148377426743E+00  5.0562059061400447E-02  1.4870313833901274E-06
  3.8829175857718949E+00  5.0105377548558129E-02  1.4868983361950670E-06
  3.9216019326266216E+00  4.9649281492944501E-02  1.4868394953654000E-06
  3.9606716800618407E+00  4.9200094847365101E-02  1.4868524029994629E-06
  4.0001306677082988E+00  4.8754668157288315E-02  1.4869348953882498E-06
  4.0399827734498368E+00  4.8316473174940214E-02  1.4870850345117287E-06
  4.0802319138044778E+00  4.7880738539330413E-02  1.4873011074726988E-06
  4.1208820443093588E+00  4.7446790168572422E-02  1.4875817075990886E-06
  4.1619371599094457E+00  4.7020600591170428E-02  1.4879257789688622E-06
  4.2034012953501394E+00  4.6592057596689419E-02  1.4883325888475798E-06
  4.2452785255738119E+00  4.6153711498860439E-02  1.4888016541031444E-06
  4.2875729661202646E+00  4.5748337169104800E-02  1.4893326011283355E-06
  4.3302887735311932E+00  4.5321061074857796E-02  1.4899249400606382E-06
  4.3734301457586682E+00  4.4907291347295028E-02  1.4905777692965419E-06
  4.4170013225777085E+00  4.4495155580280242E-02  1.4912895051497977E-06
  4.4610065860029477E+00  4.4080861738487111E-02  1.4920577396836235E-06
  4.5054502607094333E+00  4.3669770279572251E-02  1.4928793674701070E-06
  4.5503367144576750E+00  4.3256031394669804E-02  1.4937510828660022E-06
  4.5956703585228720E+00  4.2846894839643240E-02  1.4946696885337498E-06
  4.6414556481284270E+00  4.2440954182318184E-02  1.4956320215968405E-06
  4.6876970828838136E+00  4.2018023409082318E-02  1.4966348810756119E-06
  4.7343992072267636E+00  4.1632945978140407E-02  1.4976751373432768E-06
  4.7815666108698913E+00  4.1228892227230307E-02  1.4987498184477859E-06
  4.8292039292517295E+00  4.0833334895528366E-02  1.4998562085750513E-06
  4.8773158439923110E+00  4.0433752719962086E-02  1.5009919777473024E-06
  4.9259070833532528E+00  4.0037174702512453E-02  1.5021553491397968E-06
  4.9749824227024124E+00  3.9639376413881149E-02  1.5033453409782820E-06
  5.0245466849832212E+00  3.9249582702786508E-02  1.5045617878716428E-06
  5.0746047411886606E+00  3.8861639978415921E-02  1.5058050886549518E-06
  5.1251615108399378E+00  3.8471697098217190E-02  1.5070755997263619E-06
  5.1762219624699961E+00  3.8070389070539258E-02  1.5083731927030227E-06
  5.2277911141117803E+00  3.7703374162860029E-02  1.5096974825326854E-06
  5.2798740337914056E+00  3.7324311083035022E-02  1.5110481558858505E-06
  5.3324758400261949E+00  3.6944590335513686E-02  1.5124248948106927E-06
  5.3856017023277492E+00  3.6557600199780216E-02  1.5138273318413391E-06
  5.4392568417099660E+00  3.6194150928805548E-02  1.5152550582725015E-06
  5.4934465312021281E+00  3.5824540337643755E-02  1.5167075563333720E-06
  5.5481760963671451E+00  3.5444388594789794E-02  1.5181841423843810E-06
  5.6034509158249222E+00  3.5090778977413216E-02  1.5196839327704889E-06
  5.6592764217809277E+00  3.4728188855219139E-02  1.5212057978635661E-06
  5.7156581005600833E+00  3.4355624355405158E-02  1.5227483565303550E-06
  5.7726014931459231E+00  3.3995584476522900E-02  1.5243102933664128E-06
  5.8301121957251478E+00  3.3653997478815069E-02  1.5258908016959954E-06
  5.8881958602375759E+00  3.3299129319765294E-02  1.5274895159859669E-06
  5.9468581949316279E+00  3.2954012912329814E-02  1.5291062222621694E-06
  6.0061049649253002E+00  3.2605595385365990E-02  1.5307409386169014E-06
  6.0659419927727125E+00  3.2260752659298050E-02  1.5323939095521490E-06
  6.1263751590363746E+00  3.1918892164505365E-02  1.5340654091454534E-06
  6.1874104028650772E+00  3.1577334852888626E-02  1.5357557682176373E-06
  6.2490537225775578E+00  3.1240726761834450E-02  1.5374653658402782E-06
  6.3113111762520298E+00  3.0906187321248550E-02  1.5391946483380217E-06
  6.3741888823215200E+00  3.0573640427224470E-02  1.5409441805644281E-06
  6.4376930201751827E+00  3.0245424088212847E-02  1.5427146169543736E-06
  6.5018298307655567E+00  2.9914309478697169E-02  1.5445065678354307E-06
  6.5666056172219456E+00  2.9593908664282575E-02  1.5463203890055395E-06
  6.6320267454698456E+00  2.9264806888487795E-02  1.5481560928632204E-06
  6.6980996448565460E+00  2.8952741779512552E-02  1.5500133968355015E-06
  6.7648308087830182E+00  2.8633926344083748E-02  1.5518917119209967E-06
  6.8322267953420477E+00  2.8307322382432758E-02  1.5537902866522839E-06
  6.9002942279627169E+00  2.8010145182540479E-02  1.5557085296107477E-06
  6.9690397960613728E+00  2.7684239976372645E-02  1.5576459413362814E-06
  7.0384702556990097E+00  2.7391766592720412E-02  1.5596020286064462E-06
  7.1085924302452437E+00  2.7083082529166396E-02  1.5615763028304409E-06
  7.1794132110488613E+00  2.6778187976621851E-02  1.5635682681947950E-06
  7.2509395581151175E+00  2.6480244253333896E-02  1.5655774277455974E-06
  7.3231785007897203E+00  2.6172009075265418E-02  1.5676032883056579E-06
  7.3961371384496237E+00  2.5873662790836929E-02  1.5696453996688729E-06
  7.4698226412007740E+00  2.5591023616776842E-02  1.5717034325392407E-06
  7.5442422505827373E+00  2.5289253798722443E-02  1.5737772868862563E-06
  7.6194032802803529E+00  2.5014161111002870E-02  1.5758671003485828E-06
  7.6953131168425379E+00  2.4722775008820821E-02  1.5779730775854131E-06
  7.7719792204081779E+00  2.4432496971824397E-02  1.5800952894571156E-06
  7.8494091254393012E+00  2.4154559689664536E-02  1.5822337050301625E-06
  7.9276104414615052E+00  2.3876270191244012E-02  1.5843883216663847E-06
  8.0065908538118364E+00  2.3610498028475514E-02  1.5865591818544314E-06
  8.0863581243940601E+00  2.3336628035147682E-02  1.5887463401059959E-06
  8.1669200924414405E+00  2.3066797081086686E-02  1.5909498802529820E-06
  8.2482846752872021E+00  2.2797544860185159E-02  1.5931699576501874E-06
  8.3304598691425991E+00  2.2527628842536649E-02  1.5954067684405185E-06
  8.4134537498827182E+00  2.2272569883217342E-02  1.5976604431164922E-06
  8.4972744738401964E+00  2.2011900387197431E-02  1.5999309507638691E-06
  8.5819302786067748E+00  2.1755906293462985E-02  1.6022181166638116E-06
  8.6674294838428576E+00  2.1501508868703181E-02  1.6045217819601552E-06
  8.7537804920951157E+00  2.1241655419073937E-02  1.6068418811946679E-06
  8.8409917896223060E+00  2.0993082202584029E-02  1.6091785862758924E-06
  8.9290719472292448E+00  2.0748747197608029E-02  1.6115323210025288E-06
  9.0180296211090845E+00  2.0502575894615221E-02  1.6139035122688751E-06
  9.1078735536940698E+00  2.0268723058477389E-02  1.6162925661320783E-06
  9.1986125745146872E+00  2.0029247140458985E-02  1.6186998840350704E-06
  9.2902556010673614E+00  1.9784761734965208E-02  1.6211258879504288E-06
  9.3828116396908996E+00  1.9552284182314569E-02  1.6235710299112669E-06
  9.4762897864515576E+00  1.9327644648391616E-02  1.6260357690783660E-06
  9.5706992280369949E+00  1.9091378799317774E-02  1.6285205693256835E-06
  9.6660492426590583E+00  1.8872567700735466E-02  1.6310258757498085E-06
  9.7623492009656712E+00  1.8648962988580545E-02  1.6335520426530586E-06
  9.8596085669617306E+00  1.8427520842743832E-02  1.6360993818860857E-06
  9.9578368989391439E+00  1.8208193808868140E-02  1.6386680643638306E-06
  1.0057043850416260E+01  1.7992698985888702E-02  1.6412578918486238E-06
  1.0157239171086546E+01  1.7779140121993574E-02  1.6438686851916423E-06
  1.0258432707776707E+01  1.7567172170497334E-02  1.6465003876529043E-06
  1.0360634405414485E+01  1.7357740184008763E-02  1.6491529632853141E-06
  1.0463854308005940E+01  1.7150704509575156E-02  1.6518264314083697E-06
  1.0568102559622581E+01  1.6946023268541725E-02  1.6545208920988972E-06
  1.0673389405398231E+01  1.6743700650704168E-02  1.6572364892879155E-06
  1.0779725192535953E+01  1.6543741628055855E-02  1.6599733622626820E-06
  1.0887120371324892E+01  1.6345855961481772E-02  1.6627316242882330E-06
  1.0995585496167280E+01  1.6149919922028477E-02  1.6655113716583994E-06
  1.1105131226615724E+01  1.5956406813382208E-02  1.6683126599603516E-06
  1.1215768328420774E+01  1.5764201985215606E-02  1.6711355725073787E-06
  1.1327507674588892E+01  1.5575034299725229E-02  1.6739805547882215E-06
  1.1440360246451093E+01  1.5387868702844160E-02  1.6768482649551575E-06
  1.1554337134742097E+01  1.5201959823384308E-02  1.6797393473809388E-06
  1.1669449540690305E+01  1.5018785999329647E-02  1.6826544957567793E-06
  1.1785708777118577E+01  1.4837779080049532E-02  1.6855944440134218E-06
  1.1903126269556076E+01  1.4658946115442169E-02  1.6885599464627438E-06
  1.2021713557361098E+01  1.4480016512985437E-02  1.6915517852092726E-06
  1.2141482294855081E+01  1.4305559243387523E-02  1.6945707699981864E-06
  1.2262444252468013E+01  1.4132332742366978E-02  1.6976177301153525E-06
  1.2384611317895162E+01  1.3960868594003254E-02  1.7006934889360326E-06
  1.2507995497265309E+01  1.3791437572103561E-02  1.7037988332049468E-06
  1.2632608916320747E+01  1.3623500599566246E-02  1.7069344939233057E-06
  1.2758463821608910E+01  1.3453598684136260E-02  1.7101010484715015E-06
  1.2885572581685885E+01  1.3294414275779638E-02  1.7132989600166859E-06
  1.3013947688332028E+01  1.3131835298446578E-02  1.7165287732208832E-06
  1.3143601757779543E+01  1.2971647463193155E-02  1.7197911464899919E-06
  1.3274547531952409E+01  1.2813191899861463E-02  1.7230868102503815E-06
  1.3406797879718537E+01  1.2652258609161603E-02  1.7264165407478091E-06
  1.3540365798154566E+01  1.2497074373153517E-02  1.7297811573364272E-06
  1.3675264413823113E+01  1.2343907463998733E-02  1.7331815152058213E-06
  1.3811506984062783E+01  1.2197031628911668E-02  1.7366184869072608E-06
  1.3949106898291118E+01  1.2047429965297207E-02  1.7400929482230523E-06
  1.4088077679320428E+01  1.1899419062069094E-02  1.7436057566488008E-06
  1.4228432984686705E+01  1.1752985879540373E-02  1.7471577098048321E-06
  1.4370186607991943E+01  1.1608322532015380E-02  1.7507495323773980E-06
  1.4513352480259650E+01  1.1465728410443948E-02  1.7543819322974318E-06
  1.4657944671303969E+01  1.1319944269908330E-02  1.7580556262184929E-06
  1.4803977391112348E+01  1.1184097687626184E-02  1.7617713073376976E-06
  1.4951464991242140E+01  1.1043134363931851E-02  1.7655296473860462E-06
  1.5100421966230972E+01  1.0906653453968115E-02  1.7693313141186696E-06
  1.5250862955021164E+01  1.0774556502056998E-02  1.7731769742581260E-06
  1.5402802742398494E+01  1.0640988611794499E-02  1.7770672980726050E-06
  1.5556256260445139E+01  1.0509270607843542E-02  1.7810029583380973E-06
  1.5711238590007094E+01  1.0378870515138307E-02  1.7849846250169467E-06
  1.5867764962176365E+01  1.0250018067309364E-02  1.7890129497096124E-06
  1.6025850759787755E+01  1.0122785262948988E-02  1.7930885388534771E-06
  1.6185511518930671E+01  9.9972482222913522E-03  1.7972119134010949E-06
  1.6346762930475876E+01  9.8724366781354975E-03  1.8013834647603327E-06
  1.6509620841617647E+01  9.7493828117522670E-03  1.8056034625046044E-06
  1.6674101257431108E+01  9.6244552334569435E-03  1.8098721294897219E-06
  1.6840220342445114E+01  9.5077147378993723E-03  1.8141897043455044E-06
  1.7007994422230947E+01  9.3890098952792884E-03  1.8185564403001991E-06
  1.7177439985006664E+01  9.2682704212784916E-03  1.8229725807457221E-06
  1.7348573683257456E+01  9.1556491234052149E-03  1.8274383398895039E-06
  1.7521412335372300E+01  9.0403838287783107E-03  1.8319538877615422E-06
  1.7695972927296740E+01  8.9246694554626482E-03  1.8365193312166579E-06
  1.7872272614202227E+01  8.8161733576681833E-03  1.8411346890505513E-06
  1.8050328722172008E+01  8.7043655647419602E-03  1.8457998491352478E-06
  1.8230158749903968E+01  8.5926551238970344E-03  1.8505145063560175E-06
  1.8411780370430282E+01  8.4875616233294742E-03  1.8552780897229533E-06
  1.8595211432854210E+01  8.3807304818761877E-03  1.8600897215282388E-06
  1.8780469964104348E+01  8.2747899837133706E-03  1.8649482768301267E-06
  1.8967574170706190E+01  8.1702863952148527E-03  1.8698524682481904E-06
  1.9156542440571343E+01  8.0670184373527794E-03  1.8748008741844980E-06
  1.9347393344804726E+01  7.9618455238041341E-03  1.8797919561239555E-06
  1.9540145639529619E+01  7.8620020564255551E-03  1.8848240854645020E-06
  1.9734818267730965E+01  7.7640729724029762E-03  1.8898955656805488E-06
  1.9931430361116938E+01  7.6649972132059431E-03  1.8950046546223700E-06
  2.0130001241999267E+01  7.5676592415886883E-03  1.9001496079743188E-06
  2.0330550425192101E+01  7.4713470118066682E-03  1.9053287406877239E-06
  2.0533097619929723E+01  7.3756886210091096E-03  1.9105404873224457E-06
  2.0737662731803777E+01  7.2812604397202779E-03  1.9157834408751489E-06
  2.0944265864719394E+01  7.1857154795922197E-03  1.9210563648360239E-06
  2.1152927322870628E+01  7.0930437013684662E-03  1.9263581676679476E-06
  2.1363667612736432E+01  7.0039797268145829E-03  1.9316878556099520E-06
  2.1576507445095608E+01  6.9133607813828451E-03  1.9370445257034633E-06
  2.1791467737062181E+01  6.8218098868408029E-03  1.9424273281794709E-06
  2.2008569614141127E+01  6.7327967799323584E-03  1.9478354066275643E-06
  2.2227834412304638E+01  6.6469779213306759E-03  1.9532678267264010E-06
  2.2449283680088698E+01  6.5598350684821817E-03  1.9587234902729956E-06
  2.2672939180710888E+01  6.4718153748860368E-03  1.9642010443050201E-06
  2.2898822894209381E+01  6.3880402533873278E-03  1.9696987848876950E-06
  2.3126957019602735E+01  6.3025653478350077E-03  1.9752145476804187E-06
  2.3357363977071710E+01  6.2193141251945640E-03  1.9807455882442539E-06
  2.3590066410162759E+01  6.1344638908803284E-03  1.9862884575168539E-06
  2.3825087188013072E+01  6.0519096153038854E-03  1.9918389426479359E-06
  2.4062449407598216E+01  5.9718826769164313E-03  1.9973922318031342E-06
  2.4302176396002171E+01  5.8893568656744107E-03  2.0029431161837037E-06
  2.4544291712709519E+01  5.8100506721666277E-03  2.0084861622522476E-06
  2.4788819151920954E+01  5.7312528929037978E-03  2.0140158466831268E-06
  2.5035782744891826E+01  5.6519038689809937E-03  2.0195266433452744E-06
  2.5285206762293534E+01  5.5741219782659331E-03  2.0250131003301978E-06
  2.5537115716598933E+01  5.4975066341805406E-03  2.0304699274667721E-06
  2.5791534364491461E+01  5.4194966946314949E-03  2.0358920659508125E-06
  2.6048487709297838E+01  5.3439210201495901E-03  2.0412747543602837E-06
  2.6308001003445451E+01  5.2690872119410970E-03  2.0466135901282230E-06
  2.6570099750944227E+01  5.1965473369921132E-03  2.0519045561319764E-06
  2.6834809709892756E+01  5.1226878830212047E-03  2.0571439741907355E-06
  2.7102156895009873E+01  5.0505319408909151E-03  2.0623282810140736E-06
  2.7372167580191430E+01  4.9786102915728011E-03  2.0674538012750224E-06
  2.7644868301092085E+01  4.9075582371797578E-03  2.0725166491590565E-06
  2.7920285857733294E+01  4.8366269473476137E-03  2.0775126601179042E-06
  2.8198447317137269E+01  4.7665029126939679E-03  2.0824373136798163E-06
  2.8479380015986717E+01  4.6966321911256475E-03  2.0872856103330792E-06
  2.8763111563311522E+01  4.6267393906504369E-03  2.0920519102215594E-06
  2.9049669843202217E+01  4.5580108647673570E-03  2.0967298847260857E-06
  2.9339083017550227E+01  4.4907074677976401E-03  2.1013125885968216E-06
  2.9631379528815142E+01  4.4231742311327633E-03  2.1057925810091919E-06
  2.9926588102820613E+01  4.3557973803101694E-03  2.1101620847385253E-06
  3.0224737751577102E+01  4.2883371211680449E-03  2.1144131716328853E-06
  3.0525857776132682E+01  4.2220477323778463E-03  2.1185379685059554E-06
  3.0829977769453368E+01  4.1557065856856869E-03  2.1225288614733495E-06
  3.1137127619331061E+01  4.0897498055474570E-03  2.1263786208382581E-06
  3.1447337511320413E+01  4.0238056060248675E-03  2.1300805013254695E-06
  3.1760637931706100E+01  3.9587589733888866E-03  2.1336283522711218E-06
  3.2077059670498492E+01  3.8938809631646120E-03  2.1370167662523054E-06
  3.2396633824459492E+01  3.8290725660575062E-03  2.1402412631614421E-06
  3.2719391800158732E+01  3.7660919107370861E-03  2.1432983832832474E-06
  3.3045365317060302E+01  3.7017192833654808E-03  2.1461855919411428E-06
  3.3374586410639651E+01  3.6397948147353278E-03  2.1489011026557867E-06
  3.3707087435532081E+01  3.5773656542058500E-03  2.1514436643927462E-06
  3.4042901068712631E+01  3.5146769526086478E-03  2.1538123161696703E-06
  3.4382060312707097E+01  3.4537840461797745E-03  2.1560061142587564E-06
  3.4724598498835569E+01  3.3932164560889649E-03  2.1580238680279780E-06
  3.5070549290488287E+01  3.3327099735112292E-03  2.1598639811714390E-06
  3.5419946686433619E+01  3.2731421824121689E-03  2.1615244376430077E-06
  3.5772825024159474E+01  3.2138935806746722E-03  2.1630028315860529E-06
  3.6129218983248080E+01  3.1544442865317768E-03  2.1642963740830168E-06
  3.6489163588783789E+01  3.0965270486985083E-03  2.1654018468064221E-06
  3.6852694214795385E+01  3.0393434085794419E-03  2.1663155633548527E-06
  3.7219846587732739E+01  2.9821624035724281E-03  2.1670334067214421E-06
  3.7590656789977430E+01  2.9255922679153647E-03  2.1675508986648177E-06
  3.7965161263389042E+01  2.8689884383294798E-03  2.1678632799923884E-06
  3.8343396812886709E+01  2.8135603243967609E-03  2.1679656096599241E-06
  3.8725400610065748E+01  2.7589929023831457E-03  2.1678528752401163E-06
  3.9111210196850969E+01  2.7044733534243156E-03  2.1675200943578425E-06
  3.9500863489186379E+01  2.6502759926654565E-03  2.1669623513679313E-06
  3.9894398780760987E+01  2.5968780243214940E-03  2.1661747789690107E-06
  4.0291854746772330E+01  2.5440051001387547E-03  2.1651525375111659E-06
  4.0693270447727663E+01  2.4918987068513862E-03  2.1638908509110672E-06
  4.1098685333282113E+01  2.4401505138628233E-03  2.1623850960007471E-06
  4.1508139246115960E+01  2.3889389638898995E-03  2.1606309160969404E-06
  4.1921672425850396E+01  2.3381060864817141E-03  2.1586242932450389E-06
  4.2339325513001739E+01  2.2882914345208069E-03  2.1563615693024361E-06
  4.2761139552975543E+01  2.2388072735768445E-03  2.1538394245656320E-06
  4.3187156000100785E+01  2.1899251266995689E-03  2.1510548316838209E-06
  4.3617416721703250E+01  2.1416371992471510E-03  2.1480050083009571E-06
  4.4051964002220345E+01  2.0937238473166032E-03  2.1446873464008372E-06
  4.4490840547356875E+01  2.0464444938726044E-03  2.1410993196046328E-06
  4.4934089488281934E+01  2.0002312851084333E-03  2.1372384207208120E-06
  4.5381754385866955E+01  1.9545553041074503E-03  2.1331021206031379E-06
  4.5833879234967895E+01  1.9091319891949387E-03  2.1286878320703304E-06
  4.6290508468748314E+01  1.8643489133025218E-03  2.1239928901783485E-06
  4.6751686963045508E+01  1.8207054820050437E-03  2.1190145512242472E-06
  4.7217460040781880E+01  1.7772760632260368E-03  2.1137500353699765E-06
  4.7687873476418602E+01  1.7345216277928127E-03  2.1081966207310161E-06
  4.8162973500453489E+01  1.6923868247354311E-03  2.1023517438460516E-06
  4.8642806803965584E+01  1.6507585363454529E-03  2.0962130766180240E-06
  4.9127420543203115E+01  1.6100469399552648E-03  2.0897785866856722E-06
  4.9616862344217672E+01  1.5695092404180431E-03  2.0830466029305140E-06
  5.0111180307544977E+01  1.5303289243778274E-03  2.0760158660951471E-06
  5.0610423012932316E+01  1.4912550409818899E-03  2.0686855127038172E-06
  5.1114639524112143E+01  1.4529433018172484E-03  2.0610549757272865E-06
  5.1623879393624229E+01  1.4151395573524085E-03  2.0531238999913460E-06
  5.2138192667685786E+01  1.3782894239876371E-03  2.0448921299057665E-06
  5.2657629891109202E+01  1.3418875159237171E-03  2.0363597550504907E-06
  5.3182242112269734E+01  1.3061438499817747E-03  2.0275271397081030E-06
  5.3712080888122642E+01  1.2710781312227741E-03  2.0183949002302093E-06
  5.4247198289269384E+01  1.2365283899294104E-03  2.0089638729967295E-06
  5.4787646905075292E+01  1.2029326073277331E-03  1.9992350533386805E-06
  5.5333479848838095E+01  1.1697848039881713E-03  1.9892094818105520E-06
  5.5884750763007119E+01  1.1371252706153048E-03  1.9788881206590707E-06
  5.6441513824455384E+01  1.1054212986414686E-03  1.9682717833457759E-06
  5.7003823749804226E+01  1.0742427938465464E-03  1.9573611537480509E-06
  5.7571735800799964E+01  1.0438808193119350E-03  1.9461569056631670E-06
  5.8145305789745180E+01  1.0138006285389768E-03  1.9346598156604912E-06
  5.8724590084984094E+01  9.8477074571174696E-04  1.9228707589528285E-06
  5.9309645616441522E+01  9.5614501692621037E-04  1.9107906283764395E-06
  5.9900529881218098E+01  9.2803328737771839E-04  1.8984202606160078E-06
  6.0497300949241243E+01  9.0086934803579397E-04  1.8857604516727489E-06
  6.1100017468971345E+01  8.7409665257130698E-04  1.8728120610371313E-06
  6.1708738673165847E+01  8.4798405054180043E-04  1.8595761798631522E-06
  6.2323524384700818E+01  8.2247208682909468E-04  1.8460543120961387E-06
  6.2944435022449390E+01  7.9750478790972866E-04  1.8322485126287369E-06
  6.3571531607219853E+01  7.7324758073351587E-04  1.8181614724794757E-06
  6.4204875767752952E+01  7.4949473896548382E-04  1.8037965301560323E-06
  6.4844529746777766E+01  7.2624430889001754E-04  1.7891575730771760E-06
  6.5490556407129048E+01  7.0371733035496091E-04  1.7742488775598374E-06
  6.6143019237925458E+01  6.8177078619842076E-04  1.7590750321105144E-06
  6.6801982360808907E+01  6.6019429673555368E-04  1.7436409424991912E-06
  6.7467510536245214E+01  6.3936737973507537E-04  1.7279518382944511E-06
  6.8139669169890183E+01  6.1897698088235996E-04  1.7120132144108143E-06
  6.8818524319016632E+01  5.9913224690536849E-04  1.6958307537269103E-06
  6.9504142699005385E+01  5.7981618407325851E-04  1.6794102912778831E-06
  7.0196591689903471E+01  5.6100179362488401E-04  1.6627578146294271E-06
  7.0895939343045228E+01  5.4272280693402853E-04  1.6458794489675996E-06
  7.1602254387739194E+01  5.2493781423470413E-04  1.6287814172722646E-06
  7.2315606238024330E+01  5.0762969771224562E-04  1.6114700386846115E-06
  7.3036064999490804E+01  4.9083658924877393E-04  1.5939517879047070E-06
  7.3763701476169459E+01  4.7446845516242411E-04  1.5762333906962999E-06
  7.4498587177490577E+01  4.5859991199684774E-04  1.5583218750259165E-06
  7.5240794325311924E+01  4.4317015695918588E-04  1.5402245189206303E-06
  7.5990395861015628E+01  4.2820760761781376E-04  1.5219487809354351E-06
  7.6747465452676948E+01  4.1367104591426301E-04  1.5035022587208992E-06
  7.7512077502304663E+01  3.9955097247227847E-04  1.4848926555290158E-06
  7.8284307153151985E+01  3.8582590690322891E-04  1.4661277426314229E-06
  7.9064230297101972E+01  3.7261134368580108E-04  1.4472153746031569E-06
  7.9851923582126219E+01  3.5971288281575853E-04  1.4281635607723493E-06
  8.0647464419816714E+01  3.4721085312274934E-04  1.4089805100984737E-06
  8.1450930992993932E+01  3.3511938858637628E-04  1.3896746201513185E-06
  8.2262402263390996E+01  3.2338456639529229E-04  1.3702544279090832E-06
  8.3081957979412579E+01  3.1201212586561434E-04  1.3507285437337138E-06
  8.3909678683972899E+01  3.0099905587344962E-04  1.3311056140006299E-06
  8.4745645722411638E+01  2.9033783704100416E-04  1.3113943694605971E-06
  8.5589941250487300E+01  2.7998052822312744E-04  1.2916036992100871E-06
  8.6442648242451611E+01  2.7002558853893765E-04  1.2717426557253358E-06
  8.7303850499204472E+01  2.6033558611214492E-04  1.2518204027106860E-06
  8.8173632656528582E+01  2.5093404481676490E-04  1.2318461522454476E-06
  8.9052080193407647E+01  2.4191571839432451E-04  1.2118291096129272E-06
  8.9939279440427427E+01  2.3311822865269168E-04  1.1917784594963506E-06
  9.0835317588259002E+01  2.2464270243829841E-04  1.1717033903668334E-06
  9.1740282696227993E+01  2.1644841629498690E-04  1.1516131079679013E-06
  9.2654263700969310E+01  2.0852872858755266E-04  1.1315168523167471E-06
  9.3577350425166443E+01  2.0088821918169970E-04  1.1114239340473808E-06
  9.4509633586379380E+01  1.9346392867792322E-04  1.0913437626853714E-06
  9.5451204805960600E+01  1.8631672249923612E-04  1.0712858181252008E-06
  9.6402156618058171E+01  1.7939390461640831E-04  1.0512595690896991E-06
  9.7362582478710209E+01  1.7271612527830149E-04  1.0312744338309712E-06
  9.8332576775029750E+01  1.6627474940141869E-04  1.0113397864931213E-06
  9.9312234834480662E+01  1.6002967126195310E-04  9.9146494164328377E-07
  1.0030165293424457E+02  1.5403949216879483E-04  9.7165909977154020E-07
  1.0130092831068514E+02  1.4822466080793151E-04  9.5193129857254501E-07
  1.0231015916890283E+02  1.4261325603676418E-04  9.3229041249948729E-07
  1.0332944469238493E+02  1.3721177369268304E-04  9.1274517580509681E-07
  1.0435888505275535E+02  1.3199436599482689E-04  8.9330417603800911E-07
  1.0539858141961801E+02  1.2695797145180590E-04  8.7397583064082999E-07
  1.0644863597049802E+02  1.2209607469197543E-04  8.5476837415073926E-07
  1.0750915190088594E+02  1.1741772608973919E-04  8.3568987004343912E-07
  1.0858023343437787E+02  1.1289002389768217E-04  8.1674825131114915E-07
  1.0966198583291806E+02  1.0853039711582440E-04  7.9795133830488708E-07
  1.1075451540714403E+02  1.0433044406565259E-04  7.7930681329722496E-07
  1.1185792952683501E+02  1.0028649964744372E-04  7.6082219484661803E-07
  1.1297233663146261E+02  9.6369525122667679E-05  7.4250482206978525E-07
  1.1409784624084845E+02  9.2605414093604687E-05  7.2436181999201628E-07
  1.1523456896592809E+02  8.8983316229127030E-05  7.0640006716603842E-07
  1.1638261651962003E+02  8.5480467142808893E-05  6.8862619936483702E-07
  1.1754210172780523E+02  8.2111198916934791E-05  6.7104662513974080E-07
  1.1871313854041583E+02  7.8867939793937308E-05  6.5366752755692663E-07
  1.1989584204263240E+02  7.5740536198418053E-05  6.3649485442356881E-07
  1.2109032846619468E+02  7.2729160073078464E-05  6.1953429891901451E-07
  1.2229671520082528E+02  6.9825033907188827E-05  6.0279127056981290E-07
  1.2351512080576472E+02  6.7031707504860107E-05  5.8627087856386351E-07
  1.2474566502142383E+02  6.4340906833222538E-05  5.6997796192301036E-07
  1.2598846878115211E+02  6.1752747883368964E-05  5.5391712604085714E-07
  1.2724365422312103E+02  5.9255545014314428E-05  5.3809274539505111E-07
  1.2851134470232819E+02  5.6856876061740349E-05  5.2250894417511572E-07
  1.2979166480272093E+02  5.4544639933607236E-05  5.0716956632700895E-07
  1.3108474034943842E+02  5.2320941499517888E-05  4.9207815974483047E-07
  1.3239069842117800E+02  5.0181217349877482E-05  4.7723798462010742E-07
  1.3370966736268494E+02  4.8119268664007963E-05  4.6265201987700324E-07
  1.3504177679736409E+02  4.6138880196358038E-05  4.4832296420256400E-07
  1.3638715764001935E+02  4.4231532554873509E-05  4.3425324348998005E-07
  1.3774594210972063E+02  4.2399822567350034E-05  4.2044502759540878E-07
  1.3911826374279599E+02  4.0634773656310725E-05  4.0690024762078687E-07
  1.4050425740595603E+02  3.8936358952671888E-05  3.9362058853799537E-07
  1.4190405930954890E+02  3.7304439107137526E-05  3.8060747116209998E-07
  1.4331780702094491E+02  3.5735430327812829E-05  3.6786205417981927E-07
  1.4474563947805686E+02  3.4226602838380459E-05  3.5538524546346468E-07
  1.4618769700299538E+02  3.2776232382582279E-05  3.4317769798663985E-07
  1.4764412131585735E+02  3.1381020133552774E-05  3.3123979365709177E-07
  1.4911505554865471E+02  3.0041687853430111E-05  3.1957163950315987E-07
  1.5060064425938140E+02  2.8752665804780566E-05  3.0817308278637030E-07
  1.5210103344621970E+02  2.7515071107613826E-05  2.9704372150997388E-07
  1.5361637056188630E+02  2.6325837504457088E-05  2.8618290782353567E-07
  1.5514680452812709E+02  2.5181458661669735E-05  2.7558974854910058E-07
  1.5669248575035078E+02  2.4082350005755740E-05  2.6526310653616923E-07
  1.5825356613240831E+02  2.3028476392691351E-05  2.5520161096856791E-07
  1.5983019909152512E+02  2.2013694567963458E-05  2.4540367787660013E-07
  1.6142253957337667E+02  2.1041352265958361E-05  2.3586752347453578E-07
  1.6303074406731386E+02  2.0106602306047858E-05  2.2659117007525486E-07
  1.6465497062174612E+02  1.9209150104504291E-05  2.1757245336292451E-07
  1.6629537885967173E+02  1.8346021382871067E-05  2.0880902297112081E-07
  1.6795212999436441E+02  1.7518654154468299E-05  2.0029833984719812E-07
  1.6962538684521752E+02  1.6723521361875363E-05  1.9203768205818812E-07
  1.7131531385374637E+02  1.5962204520688075E-05  1.8402415592370853E-07
  1.7302207709974692E+02  1.5230290409029699E-05  1.7625470615465583E-07
  1.7474584431761846E+02  1.4528520341234856E-05  1.6872612458414743E-07
  1.7648678491284900E+02  1.3854725383706874E-05  1.6143505910982761E-07
  1.7824506997866169E+02  1.3207937797203773E-05  1.5437802040761235E-07
  1.8002087231283031E+02  1.2588646739479950E-05  1.4755138511358539E-07
  1.8181436643466233E+02  1.1993530853678160E-05  1.4095140433555158E-07
  1.8362572860214769E+02  1.1423898636752106E-05  1.3457422087105917E-07
  1.8545513682928208E+02  1.0877098232845958E-05  1.2841588367731605E-07
  1.8730277090356248E+02  1.0353280435483806E-05  1.2247235645115543E-07
  1.8916881240365385E+02  9.8510861167419107E-06  1.1673952065642354E-07
  1.9105344471723498E+02  9.3696247228605784E-06  1.1121317791243027E-07
  1.9295685305902254E+02  8.9087207509618466E-06  1.0588905851952342E-07
  1.9487922448897083E+02  8.4668435452343010E-06  1.0076283234214361E-07
  1.9682074793065658E+02  8.0438472443419894E-06  9.5830117334908972E-08
  1.9878161418984675E+02  7.6388415727491329E-06  9.1086486576993869E-08
  2.0076201597324794E+02  7.2507266280458189E-06  8.6527475831630203E-08
  2.0276214790744604E+02  6.8795521480030135E-06  8.2148593120182232E-08
  2.0478220655803460E+02  6.5244872650164356E-06  7.7945328003886676E-08
  2.0682239044893026E+02  6.1844855667578897E-06  7.3913157490208826E-08
  2.0888290008188400E+02  5.8594113827501741E-06  7.0047551642197357E-08
  2.1096393795618710E+02  5.5486987280616195E-06  6.6343981256057238E-08
  2.1306570858856898E+02  5.2515843009959499E-06  6.2797924249694612E-08
  2.1518841853329982E+02  4.9677338208710795E-06  5.9404869087990507E-08
  2.1733227640248700E+02  4.6965784169045572E-06  5.6160318955972962E-08
  2.1949749288657779E+02  4.4376206331232749E-06  5.3059798482626570E-08
  2.2168428077506687E+02  4.1904487733864541E-06  5.0098860354108667E-08
  2.2389285497740565E+02  3.9546015920571155E-06  4.7273091015644634E-08
  2.2612343254412403E+02  3.7295866349411619E-06  4.4578115951695836E-08
  2.2837623268816296E+02  3.5150877490512048E-06  4.2009604447349820E-08
  2.3065147680641496E+02  3.3106648726539564E-06  3.9563273752815354E-08
  2.3294938850148350E+02  3.1159033105767020E-06  3.7234893238393086E-08
  2.3527019360365935E+02  2.9305624336830973E-06  3.5020289736053507E-08
  2.3761412019311166E+02  2.7540870591415762E-06  3.2915353731266530E-08
  2.3998139862230391E+02  2.5863186319908321E-06  3.0916044144403273E-08
  2.4237226153863395E+02  2.4268059616721343E-06  2.9018391237695697E-08
  2.4478694390729439E+02  2.2752776083222996E-06  2.7218498209092269E-08
  2.4722568303436600E+02  2.1314105453112660E-06  2.5512543446416716E-08
  2.4968871859014047E+02  1.9949532619616760E-06  2.3896783447177964E-08
  2.5217629263267145E+02  1.8655408886352108E-06  2.2367555494668395E-08
  2.5468864963156460E+02  1.7429353879657772E-06  2.0921279796207558E-08
  2.5722603649200471E+02  1.6268566532408234E-06  1.9554461177785422E-08
  2.5978870257901696E+02  1.5170752130221984E-06  1.8263690622582499E-08
  2.6237689974197798E+02  1.4132829691228164E-06  1.7045646859271050E-08
  2.6499088233936260E+02  1.3152627680676912E-06  1.5897097692427383E-08
  2.6763090726374327E+02  1.2227720630287260E-06  1.4814900631738808E-08
  2.7029723396703793E+02  1.1355755622497708E-06  1.3796003596360042E-08
  2.7299012448600456E+02  1.0534662944581740E-06  1.2837445575208673E-08
  2.7570984346799526E+02  9.7620045615244352E-07  1.1936356510238866E-08
  2.7845665819696615E+02  9.0357091212704526E-07  1.1089956808669720E-08
  2.8123083861974180E+02  8.3537758027847761E-07  1.0295557068321563E-08
  2.8403265737254611E+02  7.7142542619740828E-07  9.5505579672293991E-09
  2.8686238980779819E+02  7.1150861849638461E-07  8.8524499693323631E-09
  2.8972031402116897E+02  6.5543688117220631E-07  8.1988127133278295E-09
  2.9260671087891347E+02  6.0303377433311794E-07  7.5873142083355830E-09
  2.9552186404547507E+02  5.5412038349903555E-07  7.0157098586926358E-09
  2.9846606001135933E+02  5.0851633343913083E-07  6.4818413100524270E-09
  3.0143958812129097E+02  4.6605515950250107E-07  5.9836352553339116E-09
  3.0444274060265161E+02  4.2657652222989494E-07  5.5191023127062221E-09
  3.0747581259419519E+02  3.8992139935716794E-07  5.0863358582696500E-09
  3.1053910217505444E+02  3.5593240671473098E-07  4.6835105693751800E-09
  3.1363291039403759E+02  3.2446112010260245E-07  4.3088806038612558E-09
  3.1675754129920938E+02  2.9536459725448800E-07  3.9607776641619369E-09
  3.1991330196777716E+02  2.6850174639950635E-07  3.6376091749162409E-09
  3.2310050253626468E+02  2.4373608366313925E-07  3.3378564766485246E-09
  3.2631945623099318E+02  2.2093712478732259E-07  3.0600729214635550E-09
  3.2957047939886610E+02  1.9997877215082691E-07  2.8028818858163294E-09
  3.3285389153845438E+02  1.8073882580369892E-07  2.5649747399073881E-09
  3.3617001533139779E+02  1.6310001132680470E-07  2.3451087839048206E-09
  3.3951917667411868E+02  1.4695077108765583E-07  2.1421051721288229E-09
  3.4290170470984623E+02  1.3218524415536681E-07  1.9548468310199516E-09
  3.4631793186096490E+02  1.1870320645957774E-07  1.7822763615359967E-09
  3.4976819386168614E+02  1.0641022766919699E-07  1.6233939461538574E-09
  3.5325282979103901E+02  9.5217810363542304E-08  1.4772552268511025E-09
  3.5677218210619532E+02  8.5043296909254562E-08  1.3429691298231833E-09
  3.6032659667612751E+02  7.5809541898167881E-08  1.2196957332145869E-09
  3.6391642281559518E+02  6.7444479230653711E-08  1.1066442008334441E-09
  3.6754201331947610E+02  5.9880681445452138E-08  1.0030707435789463E-09
  3.7120372449744048E+02  5.3054952938736895E-08  9.0827659868639536E-10
  3.7490191620896269E+02  4.6907979439472863E-08  8.2160603326426192E-10
  3.7863695189868957E+02  4.1384045649920796E-08  7.4244438147754655E-10
  3.8240919863216061E+02  3.6430820530104790E-08  6.7021611868763760E-10
  3.8621902713187643E+02  3.1999197443584015E-08  6.0438297240210006E-10
  3.9006681181373813E+02  2.8043173218852466E-08  5.4444208304943100E-10
  3.9395293082383824E+02  2.4519751120738277E-08  4.8992423592165658E-10
  3.9787776607562552E+02  2.1388854657290583E-08  4.4039213715787771E-10
  4.0184170328744085E+02  1.8613242402830543E-08  3.9543871080067100E-10
  4.0584513202041904E+02  1.6158417347573735E-08  3.5468543855156068E-10