 #p(MeV) \t \delta f_\\nu \t \delta f_\\nubar
  1.4217682976078966E-01  2.6826315752417396E-01  1.6314450780807369E-05
  1.4359329500262871E-01  2.6776656635754698E-01  1.6177813110236519E-05
  1.4502387206412715E-01  2.6734025748082085E-01  1.6042143552048514E-05
  1.4646870153712474E-01  2.6702702998148220E-01  1.5907439888486211E-05
  1.4792792541413544E-01  2.6668532451243659E-01  1.5773700378623170E-05
  1.4940168710230237E-01  2.6614842038999426E-01  1.5640923640594580E-05
  1.5089013143749100E-01  2.6561113957526078E-01  1.5509108509331196E-05
  1.5239340469852319E-01  2.6506204081627660E-01  1.5378254047699765E-05
  1.5391165462155321E-01  2.6461049769036044E-01  1.5248359634891364E-05
  1.5544503041458615E-01  2.6416856097459274E-01  1.5119424637243783E-05
  1.5699368277214210E-01  2.6372879374061736E-01  1.4991447733037072E-05
  1.5855776389006540E-01  2.6324607966463309E-01  1.4864426322416251E-05
  1.6013742748048207E-01  2.6279297974912286E-01  1.4738356262708538E-05
  1.6173282878690634E-01  2.6230142117252464E-01  1.4613231911375156E-05
  1.6334412459949682E-01  2.6183303269029329E-01  1.4489046345540227E-05
  1.6497147327046588E-01  2.6142440104152798E-01  1.4365791638354040E-05
  1.6661503472964145E-01  2.6097612286846267E-01  1.4243459120063330E-05
  1.6827497050018442E-01  2.6057081593346854E-01  1.4122039581844554E-05
  1.6995144371446294E-01  2.6012458686612322E-01  1.4001523510936809E-05
  1.7164461913008389E-01  2.5968754853375403E-01  1.3881901247905532E-05
  1.7335466314608514E-01  2.5925019588381626E-01  1.3763162783779041E-05
  1.7508174381928826E-01  2.5876791014068762E-01  1.3645297661357458E-05
  1.7682603088081458E-01  2.5825037869529749E-01  1.3528295336805902E-05
  1.7858769575276626E-01  2.5773199332295454E-01  1.3412145761077038E-05
  1.8036691156507206E-01  2.5725217164257708E-01  1.3296839838482293E-05
  1.8216385317250297E-01  2.5683933379797325E-01  1.3182369620713380E-05
  1.8397869717185544E-01  2.5642312634184872E-01  1.3068728275874517E-05
  1.8581162191930697E-01  2.5601883802990344E-01  1.2955909935633607E-05
  1.8766280754794462E-01  2.5551518122483807E-01  1.2843909503440460E-05
  1.8953243598546726E-01  2.5498541161020066E-01  1.2732722479594875E-05
  1.9142069097206521E-01  2.5451113055461344E-01  1.2622344774067389E-05
  1.9332775807847724E-01  2.5400737762516740E-01  1.2512772486676563E-05
  1.9525382472422786E-01  2.5355832236305115E-01  1.2404001986476103E-05
  1.9719908019604654E-01  2.5312740763928665E-01  1.2296030197855063E-05
  1.9916371566646937E-01  2.5268950378550709E-01  1.2188854659720439E-05
  2.0114792421262781E-01  2.5222533642805167E-01  1.2082473282197720E-05
  2.0315190083522261E-01  2.5184624711059167E-01  1.1976883996734703E-05
  2.0517584247768827E-01  2.5141821819459709E-01  1.1872084481494802E-05
  2.0721994804554814E-01  2.5098444197023162E-01  1.1768072027244461E-05
  2.0928441842596143E-01  2.5051781253954991E-01  1.1664843516026783E-05
  2.1136945650746619E-01  2.5002458496614455E-01  1.1562395464045056E-05
  2.1347526719991847E-01  2.4957731563118163E-01  1.1460724087145776E-05
  2.1560205745462960E-01  2.4913075549291133E-01  1.1359825368956513E-05
  2.1775003628470543E-01  2.4862144531951894E-01  1.1259695141796778E-05
  2.1991941478558635E-01  2.4819073159148236E-01  1.1160329128518689E-05
  2.2211040615579400E-01  2.4774342971996685E-01  1.1061722998978499E-05
  2.2432322571788274E-01  2.4727620985769988E-01  1.0963872583284340E-05
  2.2655809093960125E-01  2.4684961113144924E-01  1.0866774190385288E-05
  2.2881522145526464E-01  2.4640450944289952E-01  1.0770424864431163E-05
  2.3109483908733872E-01  2.4594115947324527E-01  1.0674822480453485E-05
  2.3339716786824019E-01  2.4546027465553863E-01  1.0579965687968069E-05
  2.3572243406235399E-01  2.4501724341432948E-01  1.0485853767633931E-05
  2.3807086618826914E-01  2.4459910294058113E-01  1.0392486463280579E-05
  2.4044269504123744E-01  2.4419937670642514E-01  1.0299863827301772E-05
  2.4283815371585427E-01  2.4374480342313826E-01  1.0207986095086609E-05
  2.4525747762896727E-01  2.4332374447864277E-01  1.0116853600726877E-05
  2.4770090454281143E-01  2.4284398528902656E-01  1.0026466686406351E-05
  2.5016867458837577E-01  2.4234053454167861E-01  9.9368254249037708E-06
  2.5266103028900272E-01  2.4185855936295969E-01  9.8479291125160725E-06
  2.5517821658422224E-01  2.4138700308044991E-01  9.7597757340853449E-06
  2.5772048085382337E-01  2.4105550043488808E-01  9.6723616398304135E-06
  2.6028807294216633E-01  2.4061961901763135E-01  9.5856815232600276E-06
  2.6288124518273565E-01  2.4016532195891802E-01  9.4997286332348821E-06
  2.6550025242293940E-01  2.3963756651030282E-01  9.4144950947280795E-06
  2.6814535204915346E-01  2.3919926821845608E-01  9.3299722362297171E-06
  2.7081680401201802E-01  2.3866437373713914E-01  9.2461508701219367E-06
  2.7351487085198323E-01  2.3825850087265729E-01  9.1630215119040052E-06
  2.7623981772511125E-01  2.3781420680949844E-01  9.0805745458410904E-06
  2.7899191242913518E-01  2.3734028476002625E-01  8.9988003849678324E-06
  2.8177142542977640E-01  2.3692421009133410E-01  8.9176897918872205E-06
  2.8457862988732563E-01  2.3651534577249056E-01  8.8372343595828252E-06
  2.8741380168348807E-01  2.3614364141826519E-01  8.7574269282717583E-06
  2.9027721944849538E-01  2.3568729635961697E-01  8.6782617593249602E-06
  2.9316916458848946E-01  2.3524417010923629E-01  8.5997344473470236E-06
  2.9608992131317691E-01  2.3477694503974997E-01  8.5218416668199140E-06
  2.9903977666376119E-01  2.3432874144023774E-01  8.4445808695278798E-06
  3.0201902054115110E-01  2.3389325363801991E-01  8.3679500120000124E-06
  3.0502794573445124E-01  2.3342526243288356E-01  8.2919473441228181E-06
  3.0806684794973743E-01  2.3301981558747265E-01  8.2165712585796458E-06
  3.1113602583911576E-01  2.3257710351554023E-01  8.1418201817926695E-06
  3.1423578103007421E-01  2.3213745556996435E-01  8.0676924636612178E-06
  3.1736641815512567E-01  2.3166193986654579E-01  7.9941861372079606E-06
  3.2052824488174503E-01  2.3121326231035561E-01  7.9212985606102717E-06
  3.2372157194260681E-01  2.3075308576533285E-01  7.8490261921995939E-06
  3.2694671316612173E-01  2.3031794643671658E-01  7.7773646476324444E-06
  3.3020398550727958E-01  2.2989337273358409E-01  7.7063089766504245E-06
  3.3349370907879777E-01  2.2948792416549588E-01  7.6358540017945325E-06
  3.3681620718258060E-01  2.2910351731539363E-01  7.5659945942192864E-06
  3.4017180634149335E-01  2.2866978902055082E-01  7.4967258408109124E-06
  3.4356083633145040E-01  2.2822640559650140E-01  7.4280431145872439E-06
  3.4698363021382489E-01  2.2776096301889645E-01  7.3599420817562642E-06
  3.5044052436818146E-01  2.2725881422869018E-01  7.2924186809980723E-06
  3.5393185852533293E-01  2.2679251915837989E-01  7.2254691112863081E-06
  3.5745797580072947E-01  2.2630354441112110E-01  7.1590899109844495E-06
  3.6101922272817710E-01  2.2588521682976925E-01  7.0932781353814371E-06
  3.6461594929389529E-01  2.2547250116514850E-01  7.0280314136266610E-06
  3.6824850897091088E-01  2.2503235071966571E-01  6.9633477318223931E-06
  3.7191725875379694E-01  2.2468486803863560E-01  6.8992250203053948E-06
  3.7562255919375725E-01  2.2425011806270639E-01  6.8356607347399186E-06
  3.7936477443405886E-01  2.2382669457470142E-01  6.7726515803115502E-06
  3.8314427224581926E-01  2.2339942250009348E-01  6.7101934181386036E-06
  3.8696142406415018E-01  2.2295974824998527E-01  6.6482813120114294E-06
  3.9081660502465959E-01  2.2249768824419597E-01  6.5869096520440333E-06
  3.9471019400032015E-01  2.2203841970228602E-01  6.5260723006747151E-06
  3.9864257363870176E-01  2.2163785198919969E-01  6.4657627228123530E-06
  4.0261413039957850E-01  2.2120430279221057E-01  6.4059740497214056E-06
  4.0662525459290710E-01  2.2074993806479873E-01  6.3466990590359631E-06
  4.1067634041718554E-01  2.2028739856953497E-01  6.2879302324689640E-06
  4.1476778599819419E-01  2.1984625993238682E-01  6.2296600456283719E-06
  4.1889999342812106E-01  2.1944457412258236E-01  6.1718814423066720E-06
  4.2307336880507829E-01  2.1901706257994874E-01  6.1145883108724025E-06
  4.2728832227301261E-01  2.1863841424011399E-01  6.0577757952923621E-06
  4.3154526806201182E-01  2.1823915351699832E-01  6.0014403787785313E-06
  4.3584462452901407E-01  2.1781719272259170E-01  5.9455797860756142E-06
  4.4018681419892308E-01  2.1732568745845474E-01  5.8901927842362451E-06
  4.4457226380613185E-01  2.1680335273847967E-01  5.8352789529706233E-06
  4.4900140433646007E-01  2.1631247977095319E-01  5.7808384715884983E-06
  4.5347467106951034E-01  2.1586759858379392E-01  5.7268719621630698E-06
  4.5799250362144639E-01  2.1547805782815221E-01  5.6733804317087976E-06
  4.6255534598819564E-01  2.1512343306177956E-01  5.6203652363017420E-06
  4.6716364658908427E-01  2.1475489789868407E-01  5.5678279221441351E-06
  4.7181785831090667E-01  2.1434864095786085E-01  5.5157699071125444E-06
  4.7651843855243253E-01  2.1393343429376419E-01  5.4641920942157516E-06
  4.8126584926935834E-01  2.1345165093897189E-01  5.4130945489354209E-06
  4.8606055701970774E-01  2.1299089075352817E-01  5.3624763357147943E-06
  4.9090303300968247E-01  2.1258281482257890E-01  5.3123355142924108E-06
  4.9579375313997021E-01  2.1216261234359790E-01  5.2626692467195020E-06
  5.0073319805251493E-01  2.1173125017855524E-01  5.2134739577615254E-06
  5.0572185317775320E-01  2.1130972674863574E-01  5.1647455030434556E-06
  5.1076020878231942E-01  2.1086374603877325E-01  5.1164793117505602E-06
  5.1584876001722746E-01  2.1044185371699781E-01  5.0686704470194109E-06
  5.2098800696653380E-01  2.1005207360419520E-01  5.0213135706857015E-06
  5.2617845469648195E-01  2.0962674690289748E-01  4.9744029100023073E-06
  5.3142061330513912E-01  2.0920523784552728E-01  4.9279323180097557E-06
  5.3671499797252797E-01  2.0875408369544121E-01  4.8818954443265708E-06
  5.4206212901125561E-01  2.0829811002075010E-01  4.8362859652664101E-06
  5.4746253191764727E-01  2.0790071414827371E-01  4.7910977898431545E-06
  5.5291673742339120E-01  2.0746855583786697E-01  4.7463251915706514E-06
  5.5842528154769755E-01  2.0704000667513989E-01  4.7019628614196090E-06
  5.6398870564997450E-01  2.0662062023459413E-01  4.6580058995027433E-06
  5.6960755648303230E-01  2.0619017575412596E-01  4.6144497719489222E-06
  5.7528238624681716E-01  2.0580360393972130E-01  4.5712902555554618E-06
  5.8101375264267685E-01  2.0542258162107130E-01  4.5285234070286651E-06
  5.8680221892817108E-01  2.0500023881915747E-01  4.4861456026165563E-06
  5.9264835397242699E-01  2.0455389875902857E-01  4.4441536074469171E-06
  5.9855273231204431E-01  2.0409998091816220E-01  4.4025445972854040E-06
  6.0451593420755900E-01  2.0364327934768320E-01  4.3613160904517241E-06
  6.1053854570046895E-01  2.0321722700137351E-01  4.3204658028359764E-06
  6.1662115867082923E-01  2.0277625811426611E-01  4.2799914792947097E-06
  6.2276437089541803E-01  2.0236230160136959E-01  4.2398907564164342E-06
  6.2896878610648466E-01  2.0196984750805100E-01  4.2001610794230811E-06
  6.3523501405108362E-01  2.0156267826778893E-01  4.1607996727783323E-06
  6.4156367055099561E-01  2.0118501338935096E-01  4.1218035493907136E-06
  6.4795537756324983E-01  2.0077923413692719E-01  4.0831695414456008E-06
  6.5441076324124814E-01  2.0039681590315894E-01  4.0448943373995913E-06
  6.6093046199649674E-01  1.9999630855808573E-01  4.0069744967275053E-06
  6.6751511456095314E-01  1.9955892443718204E-01  3.9694064550554212E-06
  6.7416536804999616E-01  1.9912594915062296E-01  3.9321865650975872E-06
  6.8088187602602224E-01  1.9866105058243927E-01  3.8953111962108944E-06
  6.8766529856267389E-01  1.9822592265711661E-01  3.8587768763911266E-06
  6.9451630230970984E-01  1.9778389186854656E-01  3.8225804343973419E-06
  7.0143556055852196E-01  1.9738376627374443E-01  3.7867190959540196E-06
  7.0842375330830187E-01  1.9698970077612524E-01  3.7511905177211304E-06
  7.1548156733286994E-01  1.9655811966945025E-01  3.7159927661099575E-06
  7.2260969624816940E-01  1.9615581341883256E-01  3.6811242603106334E-06
  7.2980884058043205E-01  1.9570156231865982E-01  3.6465837001945361E-06
  7.3707970783502108E-01  1.9528831129823523E-01  3.6123699910921652E-06
  7.4442301256596588E-01  1.9484498214873544E-01  3.5784821806088090E-06
  7.5183947644618399E-01  1.9442747126894719E-01  3.5449194186528833E-06
  7.5932982833840346E-01  1.9406209962383278E-01  3.5116809372403422E-06
  7.6689480436679380E-01  1.9371371495960435E-01  3.4787660425964504E-06
  7.7453514798931078E-01  1.9331850704704434E-01  3.4461741082427451E-06
  7.8225161007075816E-01  1.9293821214605511E-01  3.4139045598467837E-06
  7.9004494895658128E-01  1.9250856290678778E-01  3.3819568564331004E-06
  7.9791593054739518E-01  1.9207898877076035E-01  3.3503304712237472E-06
  8.0586532837425406E-01  1.9163468132109462E-01  3.3190248736284369E-06
  8.1389392367466851E-01  1.9120321837031010E-01  3.2880395151953288E-06
  8.2200250546938691E-01  1.9077663141789600E-01  3.2573738202174781E-06
  8.3019187063993538E-01  1.9035828700250601E-01  3.2270271806288763E-06
  8.3846282400693140E-01  1.8994844780694453E-01  3.1969989506137091E-06
  8.4681617840917944E-01  1.8953248189634439E-01  3.1672884753601346E-06
  8.5525275478355578E-01  1.8912652005803846E-01  3.1378952741568308E-06
  8.6377338224568323E-01  1.8874370933241436E-01  3.1088194643461189E-06
  8.7237889817141634E-01  1.8834701884664701E-01  3.0800623815350463E-06
  8.8107014827913521E-01  1.8793239533187633E-01  3.0516272351631241E-06
  8.8984798671286036E-01  1.8754342710035887E-01  3.0235196054464010E-06
  8.9871327612619045E-01  1.8713562291940086E-01  2.9957476508518498E-06
  9.0766688776708715E-01  1.8672453632271968E-01  2.9683220075543207E-06
  9.1670970156349452E-01  1.8629823925091338E-01  2.9412554554130315E-06
  9.2584260620981429E-01  1.8589572691866818E-01  2.9145624627325725E-06
  9.3506649925424545E-01  1.8547604870331086E-01  2.8882587104916157E-06
  9.4438228718699246E-01  1.8506592448692355E-01  2.8623606633396378E-06
  9.5379088552934865E-01  1.8460683805737815E-01  2.8368852120901142E-06
  9.6329321892367326E-01  1.8422798283900793E-01  2.8118493259149290E-06
  9.7289022122426094E-01  1.8384153022558522E-01  2.7872696425144685E-06
  9.8258283558911874E-01  1.8343870351784738E-01  2.7631619782949432E-06
  9.9237201457265112E-01  1.8304454373799664E-01  2.7395408070851642E-06
  1.0022587202192808E+00  1.8266771553951450E-01  2.7164188092962242E-06
  1.0122439241579904E+00  1.8227112859997752E-01  2.6938066202978471E-06
  1.0223286076978115E+00  1.8186903543159810E-01  2.6717128040795890E-06
  1.0325137619242633E+00  1.8140375085388402E-01  2.6501440215195363E-06
  1.0428003877967549E+00  1.8100790175610787E-01  2.6291053255509506E-06
  1.0531894962469543E+00  1.8059730833735008E-01  2.6086005063023614E-06
  1.0636821082781389E+00  1.8016084344404729E-01  2.5886324206765544E-06
  1.0742792550655371E+00  1.7979496653646868E-01  2.5692032740771229E-06
  1.0849819780576686E+00  1.7937421097365969E-01  2.5503150216505803E-06
  1.0957913290786903E+00  1.7903276682219094E-01  2.5319701828880468E-06
  1.1067083704317713E+00  1.7865344711552253E-01  2.5141732056693654E-06
  1.1177341750034897E+00  1.7823802820498780E-01  2.4969322561715977E-06
  1.1288698263692705E+00  1.7787017092180266E-01  2.4802610793297734E-06
  1.1401164188998758E+00  1.7745430756843716E-01  2.4641804644616540E-06
  1.1514750578689597E+00  1.7706210302662359E-01  2.4487189940742099E-06
  1.1629468595616841E+00  1.7667663345358744E-01  2.4339130044862061E-06
  1.1745329513844265E+00  1.7627600794609416E-01  2.4198059101591145E-06
  1.1862344719755786E+00  1.7587898168896055E-01  2.4064471650936652E-06
  1.1980525713174461E+00  1.7546811664668510E-01  2.3938911325104243E-06
  1.2099884108492613E+00  1.7510950819774179E-01  2.3821960723556416E-06
  1.2220431635813316E+00  1.7474704984989367E-01  2.3714232788843073E-06
  1.2342180142103150E+00  1.7437305637944536E-01  2.3616361583839372E-06
  1.2465141592356463E+00  1.7400148891433820E-01  2.3528990930049585E-06
  1.2589328070771273E+00  1.7364871685670341E-01  2.3452760375293232E-06
  1.2714751781936862E+00  1.7328161380629920E-01  2.3388289452822812E-06
  1.2841425052033166E+00  1.7294438853779420E-01  2.3336163799534112E-06
  1.2969360330042170E+00  1.7259414681138835E-01  2.3296926797718479E-06
  1.3098570188971361E+00  1.7224770518252572E-01  2.3271077965443386E-06
  1.3229067327089319E+00  1.7188000508770646E-01  2.3259077982169278E-06
  1.3360864569173680E+00  1.7152521949467525E-01  2.3261358650721905E-06
  1.3493974867771519E+00  1.7114166423690982E-01  2.3278335482093109E-06
  1.3628411304472257E+00  1.7076808309936542E-01  2.3310420702702269E-06
  1.3764187091193276E+00  1.7039025733450960E-01  2.3358034639245311E-06
  1.3901315571478332E+00  1.7002045547429764E-01  2.3421614624831848E-06
  1.4039810221808939E+00  1.6964155169833317E-01  2.3501619191289574E-06
  1.4179684652928755E+00  1.6933794572556202E-01  2.3598526596766179E-06
  1.4320952611181192E+00  1.6902034897587234E-01  2.3712828783015031E-06
  1.4463627979860401E+00  1.6872743710650084E-01  2.3845022917070575E-06
  1.4607724780575635E+00  1.6841883175990235E-01  2.3995602450537154E-06
  1.4753257174629211E+00  1.6812579738802239E-01  2.4165050961894380E-06
  1.4900239464408309E+00  1.6777366159799836E-01  2.4353840486277418E-06
  1.5048686094790518E+00  1.6746923459764182E-01  2.4562434377818176E-06
  1.5198611654563374E+00  1.6710976427083701E-01  2.4791293607525061E-06
  1.5350030877858190E+00  1.6680692935983460E-01  2.5040884973659271E-06
  1.5502958645598020E+00  1.6647334777500991E-01  2.5311689832850175E-06
  1.5657409986960065E+00  1.6613286191892937E-01  2.5604210702899280E-06
  1.5813400080852760E+00  1.6581917557597686E-01  2.5918972009612987E-06
  1.5970944257407480E+00  1.6550360653096066E-01  2.6256511666214679E-06
  1.6130057999485037E+00  1.6520179419526893E-01  2.6617361894397754E-06
  1.6290756944197482E+00  1.6487308462123998E-01  2.7002020485259844E-06
  1.6453056884444632E+00  1.6456301136001614E-01  2.7410915086629303E-06
  1.6616973770466241E+00  1.6426654740458058E-01  2.7844366551069202E-06
  1.6782523711409638E+00  1.6394971003580680E-01  2.8302557698074123E-06
  1.6949722976912647E+00  1.6362060375997531E-01  2.8785511428721003E-06
  1.7118587998702699E+00  1.6331998063877498E-01  2.9293079016695556E-06
  1.7289135372211615E+00  1.6300681362011715E-01  2.9824936669534033E-06
  1.7461381858206484E+00  1.6266118329533205E-01  3.0380586996659754E-06
  1.7635344384436962E+00  1.6234122755564021E-01  3.0959362181138469E-06
  1.7811040047298807E+00  1.6200672707461122E-01  3.1560427806111107E-06
  1.7988486113514013E+00  1.6170516410086377E-01  3.2182787003327946E-06
  1.8167700021827804E+00  1.6138552576793855E-01  3.2825286930001229E-06
  1.8348699384722420E+00  1.6107561625369710E-01  3.3486631190429085E-06
  1.8531501990147932E+00  1.6076765113748076E-01  3.4165396361980855E-06
  1.8716125803270498E+00  1.6045489727222778E-01  3.4860049261733767E-06
  1.8902588968237850E+00  1.6009478375055397E-01  3.5568963045629914E-06
  1.9090909809962386E+00  1.5980071638844573E-01  3.6290427981398400E-06
  1.9281106835922184E+00  1.5943331436972122E-01  3.7022654123065412E-06
  1.9473198737979791E+00  1.5908078094824882E-01  3.7763765473305263E-06
  1.9667204394219111E+00  1.5874105559311474E-01  3.8511787997548253E-06
  1.9863142870800898E+00  1.5838968464642075E-01  3.9264635645140270E-06
  2.0061033423836241E+00  1.5804642460008628E-01  4.0020095902182654E-06
  2.0260895501279101E+00  1.5770692442128570E-01  4.0775821601443025E-06
  2.0462748744837715E+00  1.5737745480116624E-01  4.1529334658491254E-06
  2.0666612991904652E+00  1.5703850487645007E-01  4.2278044819577538E-06
  2.0872508277506556E+00  1.5665358177424338E-01  4.3019285329273266E-06
  2.1080454836273059E+00  1.5634335427961615E-01  4.3750365545669173E-06
  2.1290473104425307E+00  1.5606217444667797E-01  4.4468632269775802E-06
  2.1502583721784445E+00  1.5568949012817532E-01  4.5171529250309861E-06
  2.1716807533800000E+00  1.5542670067009046E-01  4.5856644354868185E-06
  2.1933165593598423E+00  1.5509599300257623E-01  4.6521737252513845E-06
  2.2151679164052216E+00  1.5477073491653245E-01  4.7164746031650774E-06
  2.2372369719869529E+00  1.5444596154551796E-01  4.7783776993757357E-06
  2.2595258949704542E+00  1.5410347217609893E-01  4.8377084210677790E-06
  2.2820368758289082E+00  1.5375338399592947E-01  4.8943047661752524E-06
  2.3047721268585262E+00  1.5340692836725275E-01  4.9480157724427186E-06
  2.3277338823959584E+00  1.5305452562034330E-01  4.9987008658058792E-06
  2.3509243990378912E+00  1.5269019000047435E-01  5.0462300021943672E-06
  2.3743459558628066E+00  1.5234389478359686E-01  5.0904852934372923E-06
  2.3980008546549576E+00  1.5197638647734910E-01  5.1313636282051627E-06
  2.4218914201305988E+00  1.5159264603092418E-01  5.1687795824576428E-06
  2.4460200001664263E+00  1.5126831957299128E-01  5.2026680154936126E-06
  2.4703889660303275E+00  1.5092754857074769E-01  5.2329857657785279E-06
  2.4950007126144387E+00  1.5059578837494886E-01  5.2597120916541336E-06
  2.5198576586704728E+00  1.5028594443959473E-01  5.2828477372122651E-06
  2.5449622470474518E+00  1.4999605551797457E-01  5.3024130332103450E-06
  2.5703169449317742E+00  1.4964015235714381E-01  5.3184456341083371E-06
  2.5959242440896690E+00  1.4933128204864254E-01  5.3309982663637631E-06
  2.6217866611120964E+00  1.4901798572118741E-01  5.3401366605154377E-06
  2.6479067376620584E+00  1.4867930125797041E-01  5.3459374615576511E-06
  2.6742870407243786E+00  1.4833651993465558E-01  5.3484864323899346E-06
  2.7009301628579911E+00  1.4798589626556505E-01  5.3478769988793192E-06
  2.7278387224507186E+00  1.4764200330871033E-01  5.3442088494316326E-06
  2.7550153639765904E+00  1.4730497488979477E-01  5.3375866312994963E-06
  2.7824627582557491E+00  1.4694253209455718E-01  5.3281188253655835E-06
  2.8101836027169194E+00  1.4660294359217446E-01  5.3159168853907214E-06
  2.8381806216624925E+00  1.4628481529519508E-01  5.3010945975124538E-06
  2.8664565665362796E+00  1.4594819078093493E-01  5.2837675531525486E-06
  2.8950142161939030E+00  1.4560035203811972E-01  5.2640529152149114E-06
  2.9238563771758810E+00  1.4526244293178270E-01  5.2420691935798632E-06
  2.9529858839834771E+00  1.4492160190795930E-01  5.2179358392630509E-06
  2.9824055993572247E+00  1.4457021983470517E-01  5.1917726038086097E-06
  3.0121184145582856E+00  1.4424508902202457E-01  5.1636986247601268E-06
  3.0421272496526104E+00  1.4388698413511025E-01  5.1338312454625728E-06
  3.0724350537978715E+00  1.4356844206235303E-01  5.1022847577891280E-06
  3.1030448055333304E+00  1.4322571940636783E-01  5.0691692704190147E-06
  3.1339595130725444E+00  1.4290543557022317E-01  5.0345899107142657E-06
  3.1651822145989934E+00  1.4257527389759822E-01  4.9986465093823896E-06
  3.1967159785646810E+00  1.4223981187570997E-01  4.9614337900349151E-06
  3.2285639039916787E+00  1.4193663746032995E-01  4.9230419501113103E-06
  3.2607291207766815E+00  1.4160397386044404E-01  4.8835574814992933E-06
  3.2932147899986162E+00  1.4127187831691657E-01  4.8430639917594605E-06
  3.3260241042292962E+00  1.4092618884107394E-01  4.8016428310888969E-06
  3.3591602878471614E+00  1.4057856960805584E-01  4.7593734618585440E-06
  3.3926265973541803E+00  1.4024604465330034E-01  4.7163335601339954E-06
  3.4264263216958781E+00  1.3990795871561362E-01  4.6725986969366985E-06
  3.4605627825845486E+00  1.3958342341406954E-01  4.6282416987038626E-06
  3.4950393348257247E+00  1.3923421830523416E-01  4.5833318054068129E-06
  3.5298593666478615E+00  1.3888742924765479E-01  4.5379337724755373E-06
  3.5650263000353113E+00  1.3857315186395122E-01  4.4921071189772316E-06
  3.6005435910646439E+00  1.3820770208803113E-01  4.4459057193039791E-06
  3.6364147302442875E+00  1.3790027693129445E-01  4.3993778481484814E-06
  3.6726432428575451E+00  1.3754806144692147E-01  4.3525666516660769E-06
  3.7092326893090917E+00  1.3722709578056722E-01  4.3055109169595519E-06
  3.7461866654748257E+00  1.3691101624154844E-01  4.2582459229477982E-06
  3.7835088030552817E+00  1.3658751159143051E-01  4.2108042538864527E-06
  3.8212027699325635E+00  1.3625922092674608E-01  4.1632166570636791E-06
  3.8592722705307621E+00  1.3591953033615339E-01  4.1155127071164114E-06
  3.8977210461800516E+00  1.3557520931801498E-01  4.0677212779875752E-06
  3.9365528754843617E+00  1.3526971011686661E-01  4.0198709942986806E-06
  3.9757715746927094E+00  1.3496113390567219E-01  3.9719906604280081E-06
  4.0153809980742734E+00  1.3464191770220629E-01  3.9241096344919096E-06
  4.0553850382971639E+00  1.3430464079260540E-01  3.8762580870717714E-06
  4.0957876268109636E+00  1.3398193968063291E-01  3.8284671432467176E-06
  4.1365927342331288E+00  1.3365762595409317E-01  3.7807688916054145E-06
  4.1778043707391888E+00  1.3331725426933827E-01  3.7331960965308355E-06
  4.2194265864568372E+00  1.3299011976877748E-01  3.6857817811150137E-06
  4.2614634718639968E+00  1.3263792137931574E-01  3.6385587757523510E-06
  4.3039191581907925E+00  1.3228700696456866E-01  3.5915591937687999E-06
  4.3467978178255526E+00  1.3196155549018140E-01  3.5448138871924048E-06
  4.3901036647248741E+00  1.3158356278133052E-01  3.4983520055630288E-06
  4.4338409548277387E+00  1.3127167778821347E-01  3.4522005567044261E-06
  4.4780139864737656E+00  1.3093510723368396E-01  3.4063839792205921E-06
  4.5226271008256713E+00  1.3062723065659088E-01  3.3609237765160702E-06
  4.5676846822958543E+00  1.3030222848433615E-01  3.3158382800102119E-06
  4.6131911589773047E+00  1.2997651307290894E-01  3.2711425835416889E-06
  4.6591510030788008E+00  1.2961375647461904E-01  3.2268486138379805E-06
  4.7055687313643739E+00  1.2932146660759197E-01  3.1829654681676062E-06
  4.7524489055972374E+00  1.2898656729550712E-01  3.1394999104738515E-06
  4.7997961329880914E+00  1.2865814272087181E-01  3.0964568719776233E-06
  4.8476150666478839E+00  1.2835963675774303E-01  3.0538399295794554E-06
  4.8959104060451297E+00  1.2801498873635195E-01  3.0116517725387442E-06
  4.9446868974677427E+00  1.2769980204504944E-01  2.9698944599314991E-06
  4.9939493344894696E+00  1.2732535672277773E-01  2.9285695569462412E-06
  5.0437025584410149E+00  1.2702007744505631E-01  2.8876782088427695E-06
  5.0939514588858117E+00  1.2669253046907150E-01  2.8472211693859256E-06
  5.1447009741005383E+00  1.2634106134175965E-01  2.8071988068007139E-06
  5.1959560915604603E+00  1.2598788206465528E-01  2.7676111103974201E-06
  5.2477218484295687E+00  1.2564709124939757E-01  2.7284577669707376E-06
  5.3000033320555993E+00  1.2531087758218989E-01  2.6897382341115418E-06
  5.3528056804700235E+00  1.2497009299319842E-01  2.6514517580820780E-06
  5.4061340828929891E+00  1.2459850049142204E-01  2.6135973962111561E-06
  5.4599937802432681E+00  1.2431314569837709E-01  2.5761740474650867E-06
  5.5143900656533766E+00  1.2398748416431742E-01  2.5391804942348830E-06
  5.5693282849896981E+00  1.2366376220448408E-01  2.5026154456651047E-06
  5.6248138373778795E+00  1.2335384634809737E-01  2.4664775826984611E-06
  5.6808521757334791E+00  1.2297661227527691E-01  2.4307656094071820E-06
  5.7374488072977803E+00  1.2266568363062218E-01  2.3954783078455375E-06
  5.7946092941790903E+00  1.2233760087697734E-01  2.3606145901162295E-06
  5.8523392538993368E+00  1.2198675460667990E-01  2.3261735380816542E-06
  5.9106443599461196E+00  1.2162924963232327E-01  2.2921544232522932E-06
  5.9695303423303212E+00  1.2125717082623731E-01  2.2585567000215230E-06
  6.0290029881492027E+00  1.2092347314773791E-01  2.2253799637172719E-06
  6.0890681421551331E+00  1.2053394553297123E-01  2.1926238892471927E-06
  6.1497317073300151E+00  1.2021435654296793E-01  2.1602881616305076E-06
  6.2109996454653986E+00  1.1986232695931813E-01  2.1283723911473542E-06
  6.2728779777483590E+00  1.1955762810190264E-01  2.0968760297260228E-06
  6.3353727853532780E+00  1.1920725490576051E-01  2.0657983118145773E-06
  6.3984902100394576E+00  1.1889081190075899E-01  2.0351382017663109E-06
  6.4622364547546951E+00  1.1853539106942899E-01  2.0048943474386873E-06
  6.5266177842449196E+00  1.1820654969116845E-01  1.9750650429580362E-06
  6.5916405256698480E+00  1.1783435959437370E-01  1.9456482056582216E-06
  6.6573110692247770E+00  1.1749112765811452E-01  1.9166413681534626E-06
  6.7236358687686515E+00  1.1714298830243275E-01  1.8880416794671525E-06
  6.7906214424582414E+00  1.1677403105468581E-01  1.8598459451201646E-06
  6.8582743733887659E+00  1.1637086835462065E-01  1.8320506904458181E-06
  6.9266013102408932E+00  1.1602820243260918E-01  1.8046522269406032E-06
  6.9956089679340634E+00  1.1567503190763780E-01  1.7776467204819634E-06
  7.0653041282864741E+00  1.1531199175438576E-01  1.7510302612309973E-06
  7.1356936406815548E+00  1.1495812363284530E-01  1.7247989065993199E-06
  7.2067844227410687E+00  1.1459354958286160E-01  1.6989487098760118E-06
  7.2785834610050006E+00  1.1424069803399216E-01  1.6734757406639506E-06
  7.3510978116181409E+00  1.1388631370213069E-01  1.6483760980390710E-06
  7.4243346010235234E+00  1.1352849202429247E-01  1.6236459178106040E-06
  7.4983010266628201E+00  1.1316108463480644E-01  1.5992813756684180E-06
  7.5730043576836641E+00  1.1279294988348355E-01  1.5752786959809583E-06
  7.6484519356540117E+00  1.1242118946901355E-01  1.5516341516940622E-06
  7.7246511752836877E+00  1.1204976209952464E-01  1.5283440509529853E-06
  7.8016095651530533E+00  1.1166917902175755E-01  1.5054047233224249E-06
  7.8793346684489318E+00  1.1128563862007482E-01  1.4828125077894355E-06
  7.9578341237079400E+00  1.1090172102904088E-01  1.4605637420344131E-06
  8.0371156455671535E+00  1.1051260529709665E-01  1.4386547569918879E-06
  8.1171870255222327E+00  1.1012923446743968E-01  1.4170818765231062E-06
  8.1980561326932460E+00  1.0973193973403564E-01  1.3958414209952084E-06
  8.2797309145978879E+00  1.0933796485369121E-01  1.3749297149093764E-06
  8.3622193979326092E+00  1.0896701388876165E-01  1.3543430980850588E-06
  8.4455296893614822E+00  1.0855269041673722E-01  1.3340779390352840E-06
  8.5296699763127872E+00  1.0817698710002939E-01  1.3141306478524268E-06
  8.6146485277837446E+00  1.0778134427770338E-01  1.2944976870844596E-06
  8.7004736951531143E+00  1.0737788784559812E-01  1.2751755797567976E-06
  8.7871539130019265E+00  1.0697400782418080E-01  1.2561609132798518E-06
  8.8746976999424447E+00  1.0658684748809602E-01  1.2374503399183484E-06
  8.9631136594553134E+00  1.0618032174287317E-01  1.2190405707150581E-06
  9.0524104807350643E+00  1.0577695578225289E-01  1.2009283682853540E-06
  9.1425969395440969E+00  1.0536436158725207E-01  1.1831105453096142E-06
  9.2336818990751066E+00  1.0494165076742575E-01  1.1655839639247284E-06
  9.3256743108221070E+00  1.0453059581535873E-01  1.1483455345110998E-06
  9.4185832154601918E+00  1.0411254786543478E-01  1.1313922119294123E-06
  9.5124177437339981E+00  1.0368258968625980E-01  1.1147209875890844E-06
  9.6071871173550107E+00  1.0326097136345645E-01  1.0983288748309855E-06
  9.7029006499079067E+00  1.0282336043358581E-01  1.0822128860049138E-06
  9.7995677477658099E+00  1.0238129399094134E-01  1.0663700148901507E-06
  9.8971979110146986E+00  1.0194769408591478E-01  1.0507972247335666E-06
  9.9958007343871280E+00  1.0150508728223014E-01  1.0354914405570175E-06
  1.0095385908205051E+01  1.0105027994013106E-01  1.0204495470695876E-06
  1.0195963219332198E+01  1.0060390549271137E-01  1.0056683923855534E-06
  1.0297542552135953E+01  1.0015470112304289E-01  9.9114479169489237E-07
  1.0400133889458635E+01  9.9712209573166469E-02  9.7687553126212428E-07
  1.0503747313598666E+01  9.9260301279234450E-02  9.6285737341671690E-07
  1.0608393007301403E+01  9.8789498130214620E-02  9.4908706320452142E-07
  1.0714081254759810E+01  9.8348926979330731E-02  9.3556133760008211E-07
  1.0820822442625227E+01  9.7870817130089910E-02  9.2227693790990908E-07
  1.0928627061028095E+01  9.7398620358910393E-02  9.0923062758379591E-07
  1.1037505704608854E+01  9.6941755140434377E-02  8.9641920795857883E-07
  1.1147469073559213E+01  9.6481709556207690E-02  8.8383952779450339E-07
  1.1258527974673688E+01  9.6001787125278792E-02  8.7148848794913281E-07
  1.1370693322411633E+01  9.5517147049841516E-02  8.5936304014814474E-07
  1.1483976139969915E+01  9.5024039247908323E-02  8.4746017652930294E-07
  1.1598387560366234E+01  9.4539018320613649E-02  8.3577691700460164E-07
  1.1713938827533166E+01  9.4064936691440448E-02  8.2431029576949191E-07
  1.1830641297423270E+01  9.3557638283206346E-02  8.1305734529142884E-07
  1.1948506439125058E+01  9.3061594269664663E-02  8.0201507800341774E-07
  1.2067545835990114E+01  9.2569043504939524E-02  7.9118046593208290E-07
  1.2187771186771515E+01  9.2078332166292048E-02  7.8055041981476112E-07
  1.2309194306773531E+01  9.1563613602438407E-02  7.7012176668932888E-07
  1.2431827129012714E+01  9.1072139487905421E-02  7.5989123380937734E-07
  1.2555681705390780E+01  9.0557843479125807E-02  7.4985545278584677E-07
  1.2680770207878872E+01  9.0030497155772382E-02  7.4001097901372799E-07
  1.2807104929713832E+01  8.9532990942527077E-02  7.3035432510772284E-07
  1.2934698286606428E+01  8.8998833396846125E-02  7.2088201923370152E-07
  1.3063562817961348E+01  8.8473957547466106E-02  7.1159067442905876E-07
  1.3193711188109670E+01  8.7950904677836908E-02  7.0247705638520077E-07
  1.3325156187553423E+01  8.7393285746144356E-02  6.9353816208204399E-07
  1.3457910734222537E+01  8.6913672585214402E-02  6.8477131089110470E-07
  1.3591987874744452E+01  8.6363504025471549E-02  6.7617424776875932E-07
  1.3727400785726267E+01  8.5821303878542088E-02  6.6774525224531558E-07
  1.3864162775049628E+01  8.5296210446095685E-02  6.5948324597149194E-07
  1.4002287283178672E+01  8.4744709891817038E-02  6.5138788571025514E-07
  1.4141787884480859E+01  8.4208265831626050E-02  6.4345958227970159E-07
  1.4282678288560970E+01  8.3647496267522770E-02  6.3569945311029908E-07
  1.4424972341608525E+01  8.3097050945713874E-02  6.2810922579189669E-07
  1.4568684027758472E+01  8.2564218812196222E-02  6.2069106548191244E-07
  1.4713827470465533E+01  8.2004305494837823E-02  6.1344733895269778E-07
  1.4860416933892139E+01  8.1460041218751666E-02  6.0638045189624181E-07
  1.5008466824310352E+01  8.0896727317593883E-02  5.9949271157281722E-07
  1.5157991691517614E+01  8.0339873895214950E-02  5.9278619898350115E-07
  1.5309006230266602E+01  7.9790715974169868E-02  5.8626264402135097E-07
  1.5461525281709465E+01  7.9235368745095403E-02  5.7992329610755038E-07
  1.5615563834856315E+01  7.8677920221779357E-02  5.7376878064781594E-07
  1.5771137028048251E+01  7.8124938703888341E-02  5.6779889165453591E-07
  1.5928260150445166E+01  7.7571660806590129E-02  5.6201248168758729E-07
  1.6086948643528284E+01  7.7022530124973190E-02  5.5640748259984143E-07
  1.6247218102617694E+01  7.6473884917897125E-02  5.5098098891637494E-07
  1.6409084278404954E+01  7.5929638288756082E-02  5.4572940633149669E-07
  1.6572563078501094E+01  7.5387425997961638E-02  5.4064870886230658E-07
  1.6737670568999924E+01  7.4838680160314308E-02  5.3573463027693484E-07
  1.6904422976056889E+01  7.4305500521486767E-02  5.3098279041736745E-07
  1.7072836687483814E+01  7.3763382399097133E-02  5.2638879452640002E-07
  1.7242928254359406E+01  7.3227103746762903E-02  5.2194830867639778E-07
  1.7414714392655757E+01  7.2699775910756201E-02  5.1765712572260650E-07
  1.7588211984881244E+01  7.2164093546291080E-02  5.1351123395967723E-07
  1.7763438081739615E+01  7.1606942087037481E-02  5.0950696017321982E-07
  1.7940409903805694E+01  7.1094569064183530E-02  5.0564110990757613E-07
  1.8119144843217690E+01  7.0538656093606725E-02  5.0191098091858662E-07
  1.8299660465386545E+01  7.0027114251557873E-02  4.9831433362700011E-07
  1.8481974510722125E+01  6.9495893275440507E-02  4.9484933040231992E-07
  1.8666104896376652E+01  6.8963991927398438E-02  4.9151441620418234E-07
  1.8852069718005623E+01  6.8440781756095442E-02  4.8830818342132592E-07
  1.9039887251546151E+01  6.7896215628984125E-02  4.8522924867400925E-07
  1.9229575955012983E+01  6.7382940103282274E-02  4.8227611264861768E-07
  1.9421154470312601E+01  6.6877355299663155E-02  4.7944699613931821E-07
  1.9614641625075215E+01  6.6362798019699826E-02  4.7673964431830598E-07
  1.9810056434505100E+01  6.5850422303205383E-02  4.7415109960254119E-07
  2.0007418103249272E+01  6.5343951011581775E-02  4.7167743965020750E-07
  2.0206746027284950E+01  6.4838129093385446E-02  4.6931350484706171E-07
  2.0408059795825697E+01  6.4342703511761218E-02  4.6705274959354914E-07
  2.0611379193246460E+01  6.3844493537811187E-02  4.6488721528912600E-07
  2.0816724201028091E+01  6.3350050610088277E-02  4.6280761499199462E-07
  2.1024114999720943E+01  6.2833184055032409E-02  4.6080361881760892E-07
  2.1233571970928100E+01  6.2363037055387004E-02  4.5886430116820180E-07
  2.1445115699308523E+01  6.1870395323591482E-02  4.5697847208715892E-07
  2.1658766974599960E+01  6.1376059704315880E-02  4.5513499013657445E-07
  2.1874546793662116E+01  6.0883514105303134E-02  4.5332308318324737E-07
  2.2092476362540069E+01  6.0389022512286790E-02  4.5153269777546280E-07
  2.2312577098548445E+01  5.9884215664604785E-02  4.4975490072097417E-07
  2.2534870632376176E+01  5.9387669471112660E-02  4.4798236877334789E-07
  2.2759378810212212E+01  5.8896206483288922E-02  4.4621007189494395E-07
  2.2986123695892612E+01  5.8401381326904180E-02  4.4443573022974355E-07
  2.3215127573068855E+01  5.7900246360664161E-02  4.4265995920285198E-07
  2.3446412947397679E+01  5.7398985316333841E-02  4.4088620932461620E-07
  2.3680002548753041E+01  5.6896859210919790E-02  4.3912043420113217E-07
  2.3915919333459836E+01  5.6397714551341710E-02  4.3737033968017700E-07
  2.4154186486549879E+01  5.5878745489711078E-02  4.3564480528074649E-07
  2.4394827424040599E+01  5.5380881259456810E-02  4.3395346227958329E-07
  2.4637865795236181E+01  5.4895416739443668E-02  4.3230632960115295E-07
  2.4883325485051785E+01  5.4390633007752279E-02  4.3071349643409163E-07
  2.5131230616360760E+01  5.3892215070720499E-02  4.2918479849267414E-07
  2.5381605552365503E+01  5.3396144040739106E-02  4.2772943729328542E-07
  2.5634474898991712E+01  5.2927536192333757E-02  4.2635527214085434E-07
  2.5889863507306497E+01  5.2444481540106669E-02  4.2506814179801363E-07
  2.6147796475960778E+01  5.1965722117919569E-02  4.2387164123475091E-07
  2.6408299153655854E+01  5.1493433659124746E-02  4.2276708062169684E-07
  2.6671397141634451E+01  5.1024643874295603E-02  4.2175361174048610E-07
  2.6937116296196919E+01  5.0560943410234746E-02  4.2082870795388781E-07
  2.7205482731242160E+01  5.0104257890223963E-02  4.1998865190620780E-07
  2.7476522820834077E+01  4.9648157777779790E-02  4.1922882929044121E-07
  2.7750263201793398E+01  4.9198967035754160E-02  4.1854395429534396E-07
  2.8026730776315620E+01  4.8753536193136909E-02  4.1792822281822853E-07
  2.8305952714614758E+01  4.8315337002468581E-02  4.1737542763189307E-07
  2.8587956457593467E+01  4.7879598079981218E-02  4.1687907060072807E-07
  2.8872769719540003E+01  4.7445645331632737E-02  4.1643264153861790E-07
  2.9160420490851777E+01  4.7019451292520199E-02  4.1603007732926967E-07
  2.9450937040786073E+01  4.6590903715731435E-02  4.1566590813574677E-07
  2.9744347920238440E+01  4.6152552886285489E-02  4.1533528625951592E-07
  3.0040681964548401E+01  4.5747173786366918E-02  4.1503397501776778E-07
  3.0339968296333392E+01  4.5319892725907286E-02  4.1475825944622191E-07
  3.0642236328350695E+01  4.4906117928925453E-02  4.1450480963279951E-07
  3.0947515766388175E+01  4.4493976952581379E-02  4.1427060307579778E-07
  3.1255836612183597E+01  4.4079677748259383E-02  4.1405287481664286E-07
  3.1567229166372943E+01  4.3668580787053685E-02  4.1384909374856585E-07
  3.1881724031468497E+01  4.3254836242526032E-02  4.1365696121761775E-07
  3.2199352114866208E+01  4.2845693890232989E-02  4.1347442311389206E-07
  3.2520144631883085E+01  4.2439747293480615E-02  4.1329967013388022E-07
  3.2844133108825076E+01  4.2016810379983914E-02  4.1313107420809389E-07
  3.3171349386085282E+01  4.1631726765125013E-02  4.1296717140812719E-07
  3.3501825621273149E+01  4.1227666621880391E-02  4.1280667665823482E-07
  3.3835594292374658E+01  4.0832102767562294E-02  4.1264848687999422E-07
  3.4172688200944364E+01  4.0432513900861014E-02  4.1249166427315850E-07
  3.4513140475328896E+01  4.0035929041933510E-02  4.1233539218002675E-07
  3.4856984573922610E+01  3.9638123745779658E-02  4.1217894287229925E-07
  3.5204254288455907E+01  3.9248322884470783E-02  4.1202165499402215E-07
  3.5554983747316129E+01  3.8860372844258410E-02  4.1186291586106476E-07
  3.5909207418901417E+01  3.8470422466108642E-02  4.1170214791732585E-07
  3.6266960115008366E+01  3.8069106725142403E-02  4.1153879587911820E-07
  3.6628276994253042E+01  3.7702084023608598E-02  4.1137231046743108E-07
  3.6993193565526347E+01  3.7323012923632423E-02  4.1120211075769020E-07
  3.7361745691483520E+01  3.6943283959207235E-02  4.1102754894410747E-07
  3.7733969592068817E+01  3.6556285383727211E-02  4.1084789760502907E-07
  3.8109901848074998E+01  3.6192827540920972E-02  4.1066234372310872E-07
  3.8489579404738180E+01  3.5823208147367357E-02  4.1046999002580815E-07
  3.8873039575368942E+01  3.5443047351129527E-02  4.1026987249740019E-07
  3.9260320045019228E+01  3.5089428541583992E-02  4.1006097929657298E-07
  3.9651458874185757E+01  3.4726828969129021E-02  4.0984226414596683E-07
  4.0046494502550722E+01  3.4354254750834215E-02  4.0961265875582633E-07
  4.0445465752759333E+01  3.3994204951786518E-02  4.0937108429743581E-07
  4.0848411834235250E+01  3.3652607845401000E-02  4.0911646386517256E-07
  4.1255372347033770E+01  3.3297729276718556E-02  4.0884773785617562E-07
  4.1666387285733819E+01  3.2952602226662166E-02  4.0856389066116060E-07
  4.2081497043368373E+01  3.2604173771865447E-02  4.0826398628583120E-07
  4.2500742415393958E+01  3.2259319846837636E-02  4.0794718852853248E-07
  4.2924164603700206E+01  3.1917447870904649E-02  4.0761277272239695E-07
  4.3351805220658811E+01  3.1575878777385706E-02  4.0726012975678137E-07
  4.3783706293212987E+01  3.1239258610202290E-02  4.0688875202745502E-07
  4.4219910267007926E+01  3.0904706779441054E-02  4.0649820860205662E-07
  4.4660460010562062E+01  3.0572147170643878E-02  4.0608813015739005E-07
  4.5105398819480094E+01  3.0243917789997708E-02  4.0565819773451565E-07
  4.5554770420707762E+01  2.9912789774958832E-02  4.0520813558937815E-07
  4.6008618976829396E+01  2.9592375229484803E-02  4.0473770713844309E-07
  4.6466989090408006E+01  2.9263259314891075E-02  4.0424671204365287E-07
  4.6929925808368409E+01  2.8951179743209338E-02  4.0373497796442370E-07
  4.7397474626424618E+01  2.8632349421245006E-02  4.0320233672444601E-07
  4.7869681493550857E+01  2.8305730132078870E-02  4.0264861370643953E-07
  4.8346592816497072E+01  2.8008537293158383E-02  4.0207362651980106E-07
  4.8828255464349958E+01  2.7682615899027211E-02  4.0147718486489488E-07
  4.9314716773138834E+01  2.7390126005217494E-02  4.0085909209740343E-07
  4.9806024550487770E+01  2.7081424899972426E-02  4.0021914882894625E-07
  5.0302227080313784E+01  2.6776512836267349E-02  3.9955715608909867E-07
  5.0803373127572222E+01  2.6478551128416451E-02  3.9887291845163190E-07
  5.1309511943049145E+01  2.6170297403924001E-02  3.9816624761450066E-07
  5.1820693268201289E+01  2.5871932074743507E-02  3.9743696682301855E-07
  5.2336967340044822E+01  2.5589273363274653E-02  3.9668491668425330E-07
  5.2858384896092261E+01  2.5287483346762677E-02  3.9590996282763136E-07
  5.3384997179338640E+01  2.5012369972034810E-02  3.9511200623619945E-07
  5.3916855943297804E+01  2.4720962485685716E-02  3.9429099390036814E-07
  5.4454013457088301E+01  2.4430662416571026E-02  3.9344692741649917E-07
  5.4996522510570358E+01  2.4152702478410733E-02  3.9257986893830904E-07
  5.5544436419533625E+01  2.3874389616087913E-02  3.9168994227769894E-07
  5.6097809030937164E+01  2.3608593411199620E-02  3.9077732209772710E-07
  5.6656694728201224E+01  2.3334698571484614E-02  3.8984222246755167E-07
  5.7221148436551609E+01  2.3064841989475376E-02  3.8888488917068775E-07
  5.7791225628417912E+01  2.2795563307494941E-02  3.8790559338037411E-07
  5.8366982328884951E+01  2.2525619951735461E-02  3.8690462729477351E-07
  5.8948475121198548E+01  2.2270532814189954E-02  3.8588230071212965E-07
  5.9535761152326636E+01  2.2009834156933132E-02  3.8483893727127189E-07
  6.0128898138575259E+01  2.1753809925027585E-02  3.8377486252586517E-07
  6.0727944371260826E+01  2.1499381321388907E-02  3.8269038686882220E-07
  6.1332958722438505E+01  2.1239495562606087E-02  3.8158580025696648E-07
  6.1944000650688324E+01  2.0990888938937729E-02  3.8046137041905086E-07
  6.2561130206958389E+01  2.0746519332005064E-02  3.7931734290159487E-07
  6.3184408040466238E+01  2.0500312133820916E-02  3.7815394506504567E-07
  6.3813895404659633E+01  2.0266422118522094E-02  3.7697139182728722E-07
  6.4449654163236104E+01  2.0026907561040232E-02  3.7576988949190528E-07
  6.5091746796222523E+01  1.9782381975419858E-02  3.7454963902871933E-07
  6.5740236406115770E+01  1.9549862713725004E-02  3.7331083892342571E-07
  6.6395186724083985E+01  1.9325179824206735E-02  3.7205368805467268E-07
  6.7056662116229916E+01  1.9088868749935064E-02  3.7077838916683232E-07
  6.7724727589916384E+01  1.8870010624674593E-02  3.6948515424640057E-07
  6.8399448800155270E+01  1.8646356823464251E-02  3.6817421307935129E-07
  6.9080892056059810E+01  1.8424863436914456E-02  3.6684581972761634E-07
  6.9769124327360771E+01  1.8205482865542695E-02  3.6550025738788102E-07
  7.0464213250988635E+01  1.7989932062140439E-02  3.6413784210175400E-07
  7.1166227137720369E+01  1.7776314588845293E-02  3.6275892244527866E-07
  7.1875234978892507E+01  1.7564285205689232E-02  3.6136387314093000E-07
  7.2591306453181986E+01  1.7354788761917025E-02  3.5995309070833837E-07
  7.3314511933453360E+01  1.7147685371543084E-02  3.5852699061619117E-07
  7.4044922493675159E+01  1.6942932898500955E-02  3.5708600605836983E-07
  7.4782609915904331E+01  1.6740535247033887E-02  3.5563058877936341E-07
  7.5527646697341240E+01  1.6540497071086301E-02  3.5416121156000343E-07
  7.6280106057454176E+01  1.6342527773676029E-02  3.5267837089478122E-07
  7.7040061945174884E+01  1.6146503225887045E-02  3.5118258309936183E-07
  7.7807589046166399E+01  1.5952896286522179E-02  3.4967438380371150E-07
  7.8582762790162718E+01  1.5760591787885754E-02  3.4815433347465969E-07
  7.9365659358381464E+01  1.5571318032464521E-02  3.4662302227359230E-07
  8.0156355691011200E+01  1.5384039301397395E-02  3.4508107194045569E-07
  8.0954929494772529E+01  1.5198009466487427E-02  3.4352912942511421E-07
  8.1761459250554921E+01  1.5014706019717322E-02  3.4196786021186460E-07
  8.2576024221129231E+01  1.4833559811202140E-02  3.4039794385052501E-07
  8.3398704458937857E+01  1.4654576737590502E-02  3.3882007061073765E-07
  8.4229580813961761E+01  1.4475484832947364E-02  3.3723493998435941E-07
  8.5068734941665838E+01  1.4300851538918108E-02  3.3564326051197162E-07
  8.5916249311024174E+01  1.4127433381261947E-02  3.3404575006260256E-07
  8.6772207212624636E+01  1.3955759718195536E-02  3.3244312971653773E-07
  8.7636692766854011E+01  1.3786098643912828E-02  3.3083611525244621E-07
  8.8509790932165657E+01  1.3617907819279185E-02  3.2922541836084302E-07
  8.9391587513428547E+01  1.3447724211203450E-02  3.2761174980329026E-07
  9.0282169170359680E+01  1.3288225532779337E-02  3.2599582258582060E-07
  9.1181623426041156E+01  1.3125293298923165E-02  3.2437835220575124E-07
  9.2090038675521257E+01  1.2964705449265068E-02  3.2276005452813346E-07
  9.3007504194501848E+01  1.2805792953509003E-02  3.2114164416408284E-07
  9.3934110148111586E+01  1.2644332389569510E-02  3.1952383267261793E-07
  9.4869947599767656E+01  1.2488532834133275E-02  3.1790732714249271E-07
  9.5815108520124809E+01  1.2334637953214486E-02  3.1629282907044500E-07
  9.6769685796113677E+01  1.2186886993888464E-02  3.1468103305780015E-07
  9.7733773240069866E+01  1.2036212318439857E-02  3.1307262194964047E-07
  9.8707465598953277E+01  1.1886853936321102E-02  3.1146825537777880E-07
  9.9690858563659063E+01  1.1738676385893519E-02  3.0986856401587931E-07
  1.0068404877842255E+02  1.1591663484486080E-02  3.0827414669972179E-07
  1.0168713385031651E+02  1.1445728914674375E-02  3.0668556824391178E-07
  1.0270021235884393E+02  1.1294809332736340E-02  3.0510335988818049E-07
  1.0372338386562556E+02  1.1150032456827462E-02  3.0352802316860825E-07
  1.0475674892418520E+02  1.0989578697754760E-02  3.0196003244118896E-07
  1.0580040908983126E+02  1.0776015976305580E-02  3.0039983649717801E-07
  1.0685446692963706E+02  2.8074849887641228E-04  2.9884785903547090E-07
  1.0791902603252123E+02  6.6406439603851098E-05  2.9730449773233982E-07
  1.0899419101942796E+02  3.7077375065530294E-05  2.9577012208071258E-07
  1.1008006755360819E+02  2.5501902089742347E-05  2.9424507096307274E-07
  1.1117676235100460E+02  1.9320419258983838E-05  2.9272965370747285E-07
  1.1228438319073879E+02  1.5481855071007323E-05  2.9122414836115790E-07
  1.1340303892570364E+02  1.2870084521159144E-05  2.8972879679911848E-07
  1.1453283949326050E+02  1.0980257480433467E-05  2.8824380062819178E-07
  1.1567389592604408E+02  9.5508435634080910E-06  2.8676931985360458E-07
  1.1682632036287413E+02  8.4328649825823390E-06  2.8530547803481190E-07
  1.1799022605977548E+02  7.5352612881947395E-06  2.8385236620571100E-07
  1.1916572740110929E+02  6.7992548618554447E-06  2.8241004359830537E-07
  1.2035293991081389E+02  6.1852200027897778E-06  2.8097853524437223E-07
  1.2155198026375766E+02  5.6654764887525003E-06  2.7955782506819801E-07
  1.2276296629720621E+02  5.2201077424677813E-06  2.7814784377811458E-07
  1.2398601702240251E+02  4.8344196089839802E-06  2.7674845103649434E-07
  1.2522125263626300E+02  4.4973358214506727E-06  2.7535941574780128E-07
  1.2646879453318975E+02  4.2003510311883856E-06  2.7398039097932044E-07
  1.2772876531700128E+02  3.9368267877412563E-06  2.7261088024013270E-07
  1.2900128881298133E+02  3.7015064946077221E-06  2.7125020484502780E-07
  1.3028649008004751E+02  3.4901738490563852E-06  2.6989748068987024E-07
  1.3158449542304245E+02  3.2994076680471416E-06  2.6855163776857913E-07
  1.3289543240514615E+02  3.1264028280301412E-06  2.6721146067238124E-07
  1.3421942986041202E+02  2.9688373573979811E-06  2.6587561839135414E-07
  1.3555661790642898E+02  2.8247723820041340E-06  2.6454269366901827E-07
  1.3690712795710854E+02  2.6925757273279881E-06  2.6321120839145090E-07
  1.3827109273559984E+02  2.5708627425308296E-06  2.6187964897651465E-07
  1.3964864628733255E+02  2.4584497274735038E-06  2.6054649876565838E-07
  1.4103992399319139E+02  2.3543183034763833E-06  2.5921031159652991E-07
  1.4244506258282044E+02  2.2575901328793079E-06  2.5786984380724811E-07
  1.4386420014805944E+02  2.1675047765385355E-06  2.5652413747893783E-07
  1.4529747615651684E+02  2.0834010053864867E-06  2.5517258335152526E-07
  1.4674503146527545E+02  2.0047016989982276E-06  2.5381497305931047E-07
  1.4820700833473319E+02  1.9309014797214137E-06  2.5245149400068645E-07
  1.4968355044258774E+02  1.8615563784827294E-06  2.5108265241595917E-07
  1.5117480289795421E+02  1.7962753048695507E-06  2.4970921363045163E-07
  1.5268091225562600E+02  1.7347129374206655E-06  2.4833214475908472E-07
  1.5420202653047801E+02  1.6765638362800239E-06  2.4695256207980649E-07
  1.5573829521201401E+02  1.6215576626840395E-06  2.4557168037709129E-07
  1.5728986927905612E+02  1.5694554049113104E-06  2.4419075087602989E-07
  1.5885690121458322E+02  1.5200458431206311E-06  2.4281095111116068E-07
  1.6043954502071756E+02  1.4731393740859510E-06  2.4143313473857096E-07
  1.6203795623385747E+02  1.4285634236127434E-06  2.4005762018361842E-07
  1.6365229193996393E+02  1.3861599683752983E-06  2.3868404159102159E-07
  1.6528271078999936E+02  1.3457832834233762E-06  2.3731121247546686E-07
  1.6692937301551729E+02  1.3072978929583387E-06  2.3593706215183898E-07
  1.6859244044441027E+02  1.2705771256454921E-06  2.3455876964537001E-07
  1.7027207651681479E+02  1.2355018830261382E-06  2.3317289947209013E-07
  1.7196844630117158E+02  1.2019595415920495E-06  2.3177551241468758E-07
  1.7368171651044878E+02  1.1698429458702637E-06  2.3036226391053105E-07
  1.7541205551852715E+02  1.1390492876946354E-06  2.2892847623345171E-07
  1.7715963337674489E+02  1.1094787889890806E-06  2.2746920480769211E-07
  1.7892462183061093E+02  1.0810334376828747E-06  2.2597933833423414E-07
  1.8070719433668438E+02  1.0536196251668904E-06  2.2445396232537961E-07
  1.8250752607961917E+02  1.0271518618439691E-06  2.2288877220676228E-07
  1.8432579398938142E+02  1.0015528094361016E-06  2.2128025118721944E-07
  1.8616217675863888E+02  9.7675303994327952E-07  2.1962581652194422E-07
  1.8801685486031957E+02  9.5269094236240407E-07  2.1792392693062394E-07
  1.8989001056534957E+02  9.2931237906810902E-07  2.1617400316330597E-07
  1.9178182796056669E+02  9.0657019422079535E-07  2.1437627388765789E-07
  1.9369249296680971E+02  8.8442381783631243E-07  2.1253166694535576E-07
  1.9562219335719124E+02  8.6283889147474499E-07  2.1064171147359841E-07
  1.9757111877555229E+02  8.4178706427392517E-07  2.0870847465722318E-07
  1.9953946075509768E+02  8.2124601181836322E-07  2.0673452293113031E-07
  2.0152741273722020E+02  8.0119964291373226E-07  2.0472288504313246E-07
  2.0353517009051231E+02  7.8163669753908352E-07  2.0267685054701943E-07
  2.0556293012996562E+02  7.6254699117728304E-07  2.0059957022005891E-07
  2.0761089213635961E+02  7.4392040425569351E-07  1.9849392101699244E-07
  2.0967925737585102E+02  7.2574671733384570E-07  1.9636245006078326E-07
  2.1176822911975123E+02  7.0801542519356512E-07  1.9420732635989975E-07
  2.1387801266450020E+02  6.9071561814271448E-07  1.9203034455182903E-07
  2.1600881535184766E+02  6.7383598923299294E-07  1.8983298655156610E-07
  2.1816084658922713E+02  6.5736482693343067E-07  1.8761646644708072E-07
  2.2033431787033314E+02  6.4129002037887118E-07  1.8538177125106700E-07
  2.2252944279591134E+02  6.2559903993932777E-07  1.8312969067046487E-07
  2.2474643709474728E+02  6.1027886459560868E-07  1.8086083521916488E-07
  2.2698551864486700E+02  5.9531585920226816E-07  1.7857565050544285E-07
  2.2924690749495014E+02  5.8069586221201418E-07  1.7627446415761684E-07
  2.3153082588595692E+02  5.6640519763379377E-07  1.7395764595757010E-07
  2.3383749827296640E+02  5.5243117703082767E-07  1.7162569675961935E-07
  2.3616715134723657E+02  5.3876210640336969E-07  1.6927927388164745E-07
  2.3852001405848389E+02  5.2538729292087436E-07  1.6691921277241068E-07
  2.4089631763738112E+02  5.1229704666361244E-07  1.6454653384141905E-07
  2.4329629561828295E+02  4.9948262112122355E-07  1.6216241331933013E-07
  2.4572018386217846E+02  4.8693615238181366E-07  1.5976815576888059E-07
  2.4816822057986792E+02  4.7465060065896351E-07  1.5736517073602964E-07
  2.5064064635537446E+02  4.6261969793562133E-07  1.5495495278066695E-07
  2.5313770416958934E+02  4.5083791857507544E-07  1.5253906760252642E-07
  2.5565963942414842E+02  4.3930047099115294E-07  1.5011914060805740E-07
  2.5820669996555057E+02  4.2800327229828253E-07  1.4769683930488938E-07
  2.6077913610951680E+02  4.1694260328063503E-07  1.4527380223662186E-07
  2.6337720066558722E+02  4.0611475605220224E-07  1.4285156939228286E-07
  2.6600114896196783E+02  3.9551597184269416E-07  1.4043156074671917E-07
  2.6865123887062475E+02  3.8514240100241838E-07  1.3801506048645358E-07
  2.7132773083262384E+02  3.7499006295530743E-07  1.3560320759022887E-07
  2.7403088788372730E+02  3.6505484789185439E-07  1.3319701224355447E-07
  2.7676097568024574E+02  3.5533253787544183E-07  1.3079737981043665E-07
  2.7951826252514257E+02  3.4581882354564796E-07  1.2840512918235871E-07
  2.8230301939440312E+02  3.3650932209761506E-07  1.2602100991466431E-07
  2.8511551996366740E+02  3.2739958553755396E-07  1.2364571556370831E-07
  2.8795604063512212E+02  3.1848510013467909E-07  1.2127989561234259E-07
  2.9082486056466649E+02  3.0976128567155058E-07  1.1892417004379297E-07
  2.9372226168934793E+02  3.0122361648857653E-07  1.1657917158048346E-07
  2.9664852875506699E+02  2.9286786438600714E-07  1.1424561290244918E-07
  2.9960394934456212E+02  2.8469016793168702E-07  1.1192431837112750E-07
  3.0258881390567461E+02  2.7668706596726463E-07  1.0961624685560335E-07
  3.0560341577988891E+02  2.6885553826889495E-07  1.0732251026194365E-07
  3.0864805123116281E+02  2.6119300597693150E-07  1.0504436164991562E-07
  3.1172301947504474E+02  2.5369727993579827E-07  1.0278315510042957E-07
  3.1482862270807874E+02  2.4636651983811372E-07  1.0054031578419146E-07
  3.1796516613749890E+02  2.3919919183495135E-07  9.8317312522297098E-08
  3.2113295801123138E+02  2.3219403900950877E-07  9.6115637253698483E-08
  3.2433230964818449E+02  2.2535007005296752E-07  9.3936790961707003E-08
  3.2756353546883975E+02  2.1866655960976967E-07  9.1782271261707569E-08
  3.3082695302615969E+02  2.1214296434800243E-07  8.9653537198273675E-08
  3.3412288303679242E+02  2.0577857489078675E-07  8.7551911171010748E-08
  3.3745164941258571E+02  1.9957236263264430E-07  8.5478530390826927E-08
  3.4081357929242841E+02  1.9352296080116274E-07  8.3434331770886314E-08
  3.4420900307439575E+02  1.8762864335395283E-07  8.1420039355430860E-08
  3.4763825444821879E+02  1.8188731814436134E-07  7.9436165941316198E-08
  3.5110167042807927E+02  1.7629656854991857E-07  7.7483044319385506E-08
  3.5459959138573305E+02  1.7085369289168278E-07  7.5560854642651729E-08
  3.5813236108395546E+02  1.6555574123726056E-07  7.3669647869432112E-08
  3.6170032671032789E+02  1.6039954641578809E-07  7.1809364824109895E-08
  3.6530383891135972E+02  1.5538174144406578E-07  6.9979848756111385E-08
  3.6894325182694473E+02  1.5049876635248802E-07  6.8180854546838138E-08
  3.7261892312516625E+02  1.4574689052545222E-07  6.6412063199873123E-08
  3.7633121403745025E+02  1.4112240407541282E-07  6.4673143367355703E-08
  3.8008048939406098E+02  1.3662177583720852E-07  6.2963800982782070E-08
  3.8386711765995767E+02  1.3224166504290987E-07  6.1283786961721314E-08
  3.8769147097100796E+02  1.2797892407780794E-07  5.9632901669761485E-08
  3.9155392517055543E+02  1.2383060057489251E-07  5.8010997054275401E-08
  3.9545485984635883E+02  1.1979392426500168E-07  5.6417968370125280E-08
  3.9939465836789833E+02  1.1586628952696840E-07  5.4853743758623331E-08
  4.0337370792404732E+02  1.1204524045656385E-07  5.3318276097506691E-08
  4.0739239956112618E+02  1.0832845650635372E-07  5.1811535813501813E-08
  4.1145112822133518E+02  1.0471374244467009E-07  5.0333506057912173E-08
  4.1555029278156337E+02  1.0119902256740394E-07  4.8884179456926984E-08
  4.1969029609259070E+02  9.7782335879178303E-08  4.7463554829881216E-08
  4.2387154501868167E+02  9.4461791976506895E-08  4.6071621241071770E-08
  4.2809445047756543E+02  9.1235500613087248E-08  4.4708334440453579E-08
  4.3235942748082113E+02  8.8101558530121289E-08  4.3373612080693147E-08
  4.3666689517466716E+02  8.5058047292025056E-08  4.2067332601671592E-08
  4.4101727688114767E+02  8.2103030847944693E-08  4.0789334549166422E-08
  4.4541100013973755E+02  7.9234557680360715E-08  3.9539419316968383E-08
  4.4984849674936265E+02  7.6450667316813626E-08  3.8317356534976301E-08
  4.5433020281082941E+02  7.3749395467997546E-08  3.7122888266763211E-08
  4.5885655876968627E+02  7.1128779247337386E-08  3.5955732857433931E-08
  4.6342800945951092E+02  6.8586860905187661E-08  3.4815587837628482E-08
  4.6804500414562580E+02  6.6121689231014232E-08  3.3702131946727129E-08
  4.7270799656924385E+02  6.3731319773353901E-08  3.2615026769966733E-08
  4.7741744499207164E+02  6.1413823543401761E-08  3.1553921178036813E-08
  4.8217381224134022E+02  5.9167314869441962E-08  3.0518462264904536E-08
  4.8697756575528405E+02  5.6989960329238275E-08  2.9508299364195446E-08
  4.9182917762909079E+02  5.4879977638799719E-08  2.8523084490693433E-08
  4.9672912466129151E+02  5.2835634528196094E-08  2.7562472680727558E-08
  5.0167788840061206E+02  5.0855247215659436E-08  2.6626121854987320E-08
  5.0667595519331070E+02  4.8937177703232525E-08  2.5713691813545591E-08
  5.1172381623096692E+02  4.7079831307500188E-08  2.4824843424554041E-08
  5.1682196759875285E+02  4.5281654338626643E-08  2.3959237950543896E-08
  5.2197091032418905E+02  4.3541132181806789E-08  2.3116536557343354E-08
  5.2717115042638648E+02  4.1856787944495116E-08  2.2296400059349135E-08
  5.3242319896576987E+02  4.0227181241668289E-08  2.1498488796484752E-08
  5.3772757209430642E+02  3.8650906169546029E-08  2.0722462313609112E-08
  5.4308479110623432E+02  3.7126585511086183E-08  1.9967977513695214E-08
  5.4849538248928673E+02  3.5652867043478627E-08  1.9234687514237265E-08
  5.5395987797643716E+02  3.4228423065391062E-08  1.8522241821587584E-08
  5.5947881459815858E+02  3.2851949776930928E-08  1.7830286576848419E-08
  5.6505273473519492E+02  3.1522166709862396E-08  1.7158464834012353E-08
  5.7068218617186710E+02  3.0237816546960313E-08  1.6506417004554813E-08
  5.7636772214991129E+02  2.8997665034861803E-08  1.5873781322072264E-08
  5.8210990142284152E+02  2.7800500839599182E-08  1.5260194268393485E-08
  5.8790928831086660E+02  2.6645135349265170E-08  1.4665290971946083E-08
  5.9376645275635201E+02  2.5530402413286688E-08  1.4088705547428217E-08
  5.9968197037982509E+02  2.4455158105754396E-08  1.3530071384533619E-08
  6.0565642253654858E+02  2.3418280537517422E-08  1.2989021411784971E-08
  6.1169039637365722E+02  2.2418670113106901E-08  1.2465188599665677E-08
  6.1778448488785364E+02  2.1455249816870183E-08  1.1958206520742197E-08
  6.2393928698368916E+02  2.0526964747863310E-08  1.1467709497391439E-08
  6.3015540753242578E+02  1.9632781640998884E-08  1.0993332677562069E-08
  6.3643345743147370E+02  1.8771688361948746E-08  1.0534712130671930E-08
  6.4277405366443043E+02  1.7942693677489303E-08  1.0091485166963930E-08
  6.4917781936172128E+02  1.7144827216632021E-08  9.6632908014380918E-09
  6.5564538386182937E+02  1.6377139345855437E-08  9.2497701411560782E-09
  6.6217738277314913E+02  1.5638701082025108E-08  8.8505667490039994E-09
  6.6877445803645514E+02  1.4928603951791365E-08  8.4653269386233012E-09
  6.7543725798798209E+02  1.4245959754415131E-08  8.0937000076186956E-09
  6.8216643742314454E+02  1.3589900256747671E-08  7.7353384449076386E-09
  6.8896265766089107E+02  1.2959577451896307E-08  7.3898983864378099E-09
  6.9582658660869436E+02  1.2354164860330255E-08  7.0570405185417568E-09
  7.0275889882818080E+02  1.1772857577006478E-08  6.7364303980443496E-09
  7.0976027560144166E+02  1.1214871818919384E-08  6.4277385316209641E-09
  7.1683140499797764E+02  1.0679444506955838E-08  6.1306404464139081E-09
  7.2397298194231155E+02  1.0165832774545523E-08  5.8448166926138138E-09
  7.3118570828229997E+02  9.6733133387710676E-09  5.5699527414332687E-09
  7.3847029285810015E+02  9.2011819364642978E-09  5.3057389155835674E-09
  7.4582745157182273E+02  8.7487527943435306E-09  5.0518703375546346E-09
  7.5325790745790619E+02  8.3153581467709528E-09  4.8080469047763559E-09
  7.6076239075416311E+02  7.9003478073734578E-09  4.5739732962791661E-09
  7.6834163897354415E+02  7.5030887731488285E-09  4.3493589957344422E-09
  7.7599639697662110E+02  7.1229647749197472E-09  4.1339182763118679E-09
  7.8372741704479336E+02  6.7593754274252883E-09  3.9273699699924904E-09
  7.9153545895421053E+02  6.4117356711191096E-09  3.7294373742745170E-09
  7.9942129005044455E+02  6.0794754806455068E-09  3.5398483298040791E-09
  8.0738568532390661E+02  5.7620395659786627E-09  3.3583352989375348E-09
  8.1542942748600103E+02  5.4588872347061947E-09  3.1846354408896698E-09
  8.2355330704605149E+02  5.1694922865181939E-09  3.0184906955872956E-09
  8.3175812238899505E+02  4.8933427814407451E-09  2.8596478618690242E-09
  8.4004467985383394E+02  4.6299407918394572E-09  2.7078586664267570E-09
  8.4841379381288459E+02  4.3788021992186647E-09  2.5628798241382177E-09
  8.5686628675181669E+02  4.1394565002196841E-09  2.4244730872664728E-09
  8.6540298935047349E+02  3.9114466026662491E-09  2.2924052850289417E-09
  8.7402474056451297E+02  3.6943286162709958E-09  2.1664483576075520E-09
  8.8273238770786293E+02  3.4876717074255957E-09  2.0463794157112187E-09
  8.9152678653598116E+02  3.2910579757588073E-09  1.9319807970625874E-09
  9.0040880132996108E+02  3.1040822521645065E-09  1.8230400744981482E-09
  9.0937930498147568E+02  2.9263518482665732E-09  1.7193500530468458E-09
  9.1843917907855121E+02  2.7574862740351056E-09  1.6207087610223623E-09
  9.2758931399221171E+02  2.5971169971436780E-09  1.5269194315569827E-09
  9.3683060896398706E+02  2.4448872498819491E-09  1.4377904773626255E-09
  9.4616397219427677E+02  2.3004518096707811E-09  1.3531354624933436E-09
  9.5559032093160772E+02  2.1634767432694041E-09  1.2727730702152791E-09
  9.6511058156278716E+02  2.0336391660281875E-09  1.1965270678461441E-09
  9.7472568970392979E+02  1.9106270191354486E-09  1.1242262684202543E-09
  9.8443659029241496E+02  1.7941388420294343E-09  1.0557044886804566E-09
  9.9424423767975600E+02  1.6838835284876206E-09  9.9080049874856743E-10
  1.0041495957253791E+03  1.5795800736987908E-09  9.2935796242859659E-10
  1.0141536378913537E+03  1.4809573506212815E-09  8.7122538423330657E-10
  1.0242573473380669E+03  1.3877539039340210E-09  8.1625605585663097E-10
  1.0344617170208326E+03  1.2997177382490055E-09  7.6430799853790027E-10
  1.0447677497874811E+03  1.2166060744233726E-09  7.1524389952314227E-10
  1.0551764584769212E+03  1.1381851166127104E-09  6.6893104225513595E-10
  1.0656888660186735E+03  1.0642298604807935E-09  6.2524123444067476E-10
  1.0763060055333879E+03  9.9452387748200174E-10  5.8405073362021076E-10
  1.0870289204343987E+03  9.2885907624769861E-10  5.4524017081388824E-10
  1.0978586645302555E+03  8.6703548132181442E-10  5.0869447250173775E-10
  1.1087963021282744E+03  8.0886102524444102E-10  4.7430278064672691E-10
  1.1198429081391594E+03  7.5415133680157660E-10  4.4195836894838690E-10
  1.1309995681826299E+03  7.0272951398927817E-10  4.1155855050858546E-10
  1.1422673786940952E+03  6.5442590778647922E-10  3.8300458935915826E-10
  1.1536474470324367E+03  6.0907791936355914E-10  3.5620161530506005E-10
  1.1651408915888196E+03  5.6652980246182397E-10  3.3105853718492938E-10
  1.1767488418966000E+03  5.2663246401240104E-10  3.0748795487811595E-10
  1.1884724387423382E+03  4.8924325810467693E-10  2.8540607093381895E-10
  1.2003128342779164E+03  4.5422578369197664E-10  2.6473260102400827E-10
  1.2122711921337543E+03  4.2144969571844882E-10  2.4539068329728554E-10
  1.2243486875331739E+03  3.9079052080378602E-10  2.2730678685417532E-10
  1.2365465074079029E+03  3.6212946706554161E-10  2.1041061942564088E-10
  1.2488658505147073E+03  3.3535323175334429E-10  1.9463503457003575E-10
  1.2613079275532082E+03  3.1035381497910253E-10  1.7991593886499376E-10
  1.2738739612848733E+03  2.8702834271206310E-10  1.6619220109812644E-10
  1.2865651866531684E+03  2.6527889169960966E-10  1.5340556134959680E-10
  1.2993828509049333E+03  2.4501231150343759E-10  1.4150053806260032E-10
  1.3123282137129615E+03  2.2614004915575765E-10  1.3042433552788201E-10
  1.3254025472997828E+03  2.0857797928517622E-10  1.2012675212121853E-10
  1.3386071365626990E+03  1.9224623856331007E-10  1.1056008908510245E-10
  1.3519432792000684E+03  1.7706905699982348E-10  1.0167906026068466E-10
  1.3654122858388212E+03  1.6297458914461908E-10  9.3440703155128755E-11
  1.3790154801632723E+03  1.4989476013400255E-10  8.5804291365219930E-11
  1.3927541990452155E+03  1.3776511817651853E-10  7.8731248522752626E-11
  1.4066297926752902E+03  1.2652468244471010E-10  7.2185063811453723E-11
  1.4206436246956821E+03  1.1611579366195199E-10  6.6131209061440432E-11
  1.4347970723341434E+03  1.0648397102333214E-10  6.0537056919932425E-11
  1.4490915265393276E+03  9.7577774102499370E-11  5.5371800245702683E-11
  1.4635283921174926E+03  8.9348670384479987E-11  5.0606374447559158E-11
  1.4781090878705697E+03  8.1750904842330226E-11  4.6213381879204575E-11
  1.4928350467355788E+03  7.4741371508985959E-11  4.2167018021138360E-11
  1.5077077159254738E+03  6.8279489748234306E-11  3.8442999553452432E-11
  1.5227285570713500E+03  6.2327086385949321E-11  3.5018494367658203E-11
  1.5378990463660959E+03  5.6848282098968128E-11  3.1872053460626773E-11
  1.5532206747094779E+03  5.1809380994520237E-11  2.8983544761418959E-11
  1.5686949478546419E+03  4.7178762503817301E-11  2.6334088903016937E-11
  1.5843233865561008E+03  4.2926775741632631E-11  2.3905996957688653E-11
  1.6001075267192014E+03  3.9025639005047595E-11  2.1682710162954587E-11
  1.6160489195510452E+03  3.5449344226757044E-11  1.9648741719972003E-11
  1.6321491317129469E+03  3.2173564668237172E-11  1.7789620802764258E-11
  1.6484097454744085E+03  2.9175565323803898E-11  1.6091838348561639E-11
  1.6648323588686012E+03  2.6434116718197745E-11  1.4542794707829198E-11
  1.6814185858494218E+03  2.3929411889130968E-11  1.3130749298393477E-11
  1.6981700564501180E+03  2.1642986293278170E-11  1.1844772243988003E-11
  1.7150884169434601E+03  1.9557641286314287E-11  1.0674697966603250E-11
  1.7321753300035430E+03  1.7657371535547917E-11  9.6110807172680462E-12
  1.7494324748691959E+03  1.5927295763529468E-11  8.6451520137834851E-12
  1.7668615475089930E+03  1.4353590269900360E-11  7.7687799511024180E-12
  1.7844642607879346E+03  1.2923425108579818E-11  6.9744303484782094E-12
  1.8022423446357948E+03  1.1624903042257193E-11  6.2551296923223673E-12
  1.8201975462171058E+03  1.0447001589268887E-11  5.6044298287827665E-12
  1.8383316301028931E+03  9.3795182319683308E-12  5.0163743383793694E-12
  1.8566463784440630E+03  8.4130184748525841E-12  4.4854665862995981E-12
  1.8751435911465594E+03  7.5387864273809752E-12  4.0066394206861356E-12
  1.8938250860482628E+03  6.7487778789400364E-12  3.5752264394844918E-12
  1.9126926990976158E+03  6.0355758094563308E-12  3.1869347756010618E-12
  1.9317482845340685E+03  5.3923480887557440E-12  2.8378193563074761E-12
  1.9509937150703140E+03  4.8128073518049049E-12  2.5242585816866223E-12
  1.9704308820763113E+03  4.2911732116266883E-12  2.2429313687182947E-12
  1.9900616957651721E+03  3.8221367687869861E-12  1.9907955118030363E-12
  2.0098880853809026E+03  3.4008271913446860E-12  1.7650673080534207E-12
  2.0299119993879781E+03  3.0227802063862559E-12  1.5632023976563849E-12
  2.0501354056628425E+03  2.6839084398408746E-12  1.3828777704572297E-12
  2.0705602916873167E+03  2.3804735415297673E-12  1.2219749005622070E-12
  2.0911886647438964E+03  2.1090599864771895E-12  1.0785639530333946E-12
  2.1120225521130324E+03  1.8665504767427963E-12  9.5088898509440088E-13
  2.1330640012723770E+03  1.6501029661528242E-12  8.3735411494489145E-13
  2.1543150800979784E+03  1.4571292037522351E-12  7.3651061602235447E-13
  2.1757778770675136E+03  1.2852746908914836E-12  6.4704488938993820E-13
  2.1974545014655532E+03  1.1323999898525648E-12  5.6776726887728620E-13
  2.2193470835908211E+03  9.9656327839388027E-13  4.9760161560267354E-13
  2.2414577749655869E+03  8.7600405688644735E-13  4.3557565846836700E-13
  2.2637887485470815E+03  7.6912799185103255E-13  3.8081203897651612E-13
  2.2863421989410576E+03  6.7449288343124138E-13  3.3252001987503424E-13
  2.3091203426174839E+03  5.9079568852439927E-13  2.8998781841067840E-13
  2.3321254181283416E+03  5.1686050462805934E-13  2.5257552555453641E-13
  2.3553596863276366E+03  4.5162743605365031E-13  2.1970857390487183E-13
  2.3788254305936007E+03  3.9414229562565671E-13  1.9087172487644728E-13
  2.4025249570530668E+03  3.4354709399584215E-13  1.6560353995181028E-13
  2.4264605948081194E+03  2.9907128509976293E-13  1.4349130245691450E-13
  2.4506346961650052E+03  2.6002373003749657E-13  1.2416635961517425E-13
  2.4750496368652798E+03  2.2578531024116302E-13  1.0729985611353975E-13
  2.4997078163193019E+03  1.9580212356571961E-13  9.2598831796715808E-14
  2.5246116578420533E+03  1.6957923323802678E-13  7.9802657497845541E-14
  2.5497636088912627E+03  1.4667495421802815E-13  6.8679784373925034E-14
  2.5751661413079478E+03  1.2669564280995173E-13  5.9024783452508324E-14
  2.6008217515593569E+03  1.0929094104490583E-13  5.0655653414385815E-14
  2.6267329609842768E+03  9.4149433820797544E-14  4.3411375931445633E-14
  2.6529023160408401E+03  8.0994689636709439E-14  3.7149699209359609E-14
  2.6793323885567956E+03  6.9581663805272786E-14  3.1745131228039471E-14
  2.7060257759822230E+03  5.9693439208637909E-14  2.7087125515326941E-14
  2.7329851016448397E+03  5.1138268040881624E-14  2.3078443608612475E-14
  2.7602130150077792E+03  4.3746884005278725E-14  1.9633679268655165E-14
  2.7877121919299807E+03  3.7370071731762916E-14  1.6677930519495033E-14
  2.8154853349291857E+03  3.1876479062402181E-14  1.4145606564523127E-14
  2.8435351734474930E+03  2.7150647880858457E-14  1.1979357561857186E-14