 #p(MeV) \t \delta f_\\nu \t \delta f_\\nubar
  5.3250586368445170E+00  2.9485721242844012E-11  2.8672324481481524E-11
  5.3781106037686337E+00  2.8991628916981115E-11  2.8186335330482655E-11
  5.4316911115758550E+00  2.8506490927923159E-11  2.7709178709011401E-11
  5.4858054259609634E+00  2.8030149439587796E-11  2.7240698582640588E-11
  5.5404588650792714E+00  2.7562438303024378E-11  2.6780730853408237E-11
  5.5956568000692961E+00  2.7103192831102447E-11  2.6329112888583101E-11
  5.6514046555805919E+00  2.6652251613145060E-11  2.5885685289643361E-11
  5.7077079103068735E+00  2.6209456445982232E-11  2.5450291824358482E-11
  5.7645720975244537E+00  2.5774652267118003E-11  2.5022779360936780E-11
  5.8220028056360098E+00  2.5347687089913109E-11  2.4602997804142097E-11
  5.8800056787198152E+00  2.4928411940688312E-11  2.4190800033286487E-11
  5.9385864170843998E+00  2.4516680797660345E-11  2.3786041842013226E-11
  5.9977507778287622E+00  2.4112350531625853E-11  2.3388581879786615E-11
  6.0575045754081662E+00  2.3715280848314165E-11  2.2998281595010981E-11
  6.1178536822055420E+00  2.3325334232333553E-11  2.2615005179705661E-11
  6.1788040291086297E+00  2.2942374976522031E-11  2.2238618630195006E-11
  6.2403616060928178E+00  2.2566265105245455E-11  2.1868985811364596E-11
  6.3025324628098289E+00  2.2196867951318308E-11  2.1505971916006423E-11
  6.3653227091822684E+00  2.1834049864937642E-11  2.1149445113595685E-11
  6.4287385160040609E+00  2.1477680140215500E-11  2.0799276477855652E-11
  6.4927861155469166E+00  2.1127630943301032E-11  2.0455339915904998E-11
  6.5574718021727962E+00  2.0783777242984790E-11  2.0117512099838295E-11
  6.6228019329525063E+00  2.0445996743668503E-11  1.9785672400625329E-11
  6.6887829282904612E+00  2.0114169820588977E-11  1.9459702824219790E-11
  6.7554212725556271E+00  1.9788179457191613E-11  1.9139487949774320E-11
  6.8227235147188159E+00  1.9467911184552662E-11  1.8824914869863067E-11
  6.8906962689962681E+00  1.9153253022756418E-11  1.8515873132619719E-11
  6.9593462154996795E+00  1.8844095903960675E-11  1.8212255148565274E-11
  7.0286801008927133E+00  1.8540341943348815E-11  1.7913964176862838E-11
  7.0987047390540123E+00  1.8241902825686378E-11  1.7620912761508439E-11
  7.1694270117468681E+00  1.7948691709147743E-11  1.7333014899949634E-11
  7.2408538692955098E+00  1.7660622911529742E-11  1.7050185739031738E-11
  7.3129923312681724E+00  1.7377611903372131E-11  1.6772341568207499E-11
  7.3858494871669587E+00  1.7099575301322986E-11  1.6499399812972677E-11
  7.4594324971245447E+00  1.6826430861706193E-11  1.6231279028485868E-11
  7.5337485926078873E+00  1.6558097474251247E-11  1.5967898893333241E-11
  7.6088050771288689E+00  1.6294495155949091E-11  1.5709180203403863E-11
  7.6846093269620814E+00  1.6035545045001411E-11  1.5455044865842617E-11
  7.7611687918697454E+00  1.5781169394833057E-11  1.5205415893052114E-11
  7.8384909958338218E+00  1.5531291534742664E-11  1.4960217364735835E-11
  7.9165835377954554E+00  1.5285830472115044E-11  1.4719369220584380E-11
  7.9954540924017810E+00  1.5044694936668761E-11  1.4482781507837665E-11
  8.0751104107601304E+00  1.4807794266150582E-11  1.4250364903872210E-11
  8.1555603211998200E+00  1.4575040010584518E-11  1.4022032267583463E-11
  8.2368117300414507E+00  1.4346345870738865E-11  1.3797698578733981E-11
  8.3188726223739469E+00  1.4121627638913851E-11  1.3577280879577115E-11
  8.4017510628392795E+00  1.3900803141941632E-11  1.3360698218649933E-11
  8.4854551964250291E+00  1.3683792186295234E-11  1.3147871596633850E-11
  8.5699932492648703E+00  1.3470516505208878E-11  1.2938723914186552E-11
  8.6553735294469707E+00  1.3260899707716091E-11  1.2733179921653842E-11
  8.7416044278305005E+00  1.3054867229517508E-11  1.2531166170574381E-11
  8.8286944188702581E+00  1.2852346285611234E-11  1.2332610966910356E-11
  8.9166520614494882E+00  1.2653267902321333E-11  1.2137446322010275E-11
  9.0054859997210475E+00  1.2457575737283023E-11  1.1945616435473218E-11
  9.0952049639568813E+00  1.2265218004419812E-11  1.1757069916770185E-11
  9.1858177714060432E+00  1.2076143501771219E-11  1.1571755956562920E-11
  9.2773333271611946E+00  1.1890301607638809E-11  1.1389624322963972E-11
  9.3697606250337664E+00  1.1707642281418822E-11  1.1210625362317109E-11
  9.4631087484378558E+00  1.1528116064395601E-11  1.1034709999926876E-11
  9.5573868712828904E+00  1.1351674080479187E-11  1.0861829740721445E-11
  9.6526042588752130E+00  1.1178268036871544E-11  1.0691936669833724E-11
  9.7487702688286504E+00  1.1007850224647723E-11  1.0524983453087480E-11
  9.8458943519841267E+00  1.0840373519240013E-11  1.0360923337377188E-11
  9.9439860533384881E+00  1.0675791380814101E-11  1.0199710150930674E-11
  1.0043055012982503E+01  1.0514057403379496E-11  1.0041297872707930E-11
  1.0143110967048306E+01  1.0355119292769317E-11  9.8856348783957014E-12
  1.0244163748666194E+01  1.0198920875430327E-11  9.7326658679389601E-12
  1.0346223288930991E+01  1.0045407133432833E-11  9.5823366839828452E-12
  1.0449299617878076E+01  9.8945243017645008E-12  9.4345944041361480E-12
  1.0553402865469044E+01  9.7462198362414992E-12  9.2893873093468238E-12
  1.0658543262587276E+01  9.6004423825451300E-12  9.1466648533797494E-12
  1.0764731142043400E+01  9.4571417463342603E-12  9.0063776333474916E-12
  1.0871976939590727E+01  9.3162688643855138E-12  8.8684773612471238E-12
  1.0980291194950873E+01  9.1777757767157330E-12  8.7329168364584820E-12
  1.1089684552849530E+01  9.0416155996435796E-12  8.5996499191611667E-12
  1.1200167764062634E+01  8.9077424997490302E-12  8.4686315046300458E-12
  1.1311751686472869E+01  8.7761117043290986E-12  8.3398175325515137E-12
  1.1424447286136754E+01  8.6466824333549966E-12  8.2131677827557316E-12
  1.1538265638362374E+01  8.5194197427153995E-12  8.0886476192352023E-12
  1.1653217928797769E+01  8.3942896422585127E-12  7.9662233327534364E-12
  1.1769315454530258E+01  8.2712585868256645E-12  7.8458616564855156E-12
  1.1886569625196673E+01  8.1502934734228683E-12  7.7275297631924444E-12
  1.2004991964104622E+01  8.0313616386908072E-12  7.6111952626753007E-12
  1.2124594109365011E+01  7.9144308566374203E-12  7.4968261994744106E-12
  1.2245387815035734E+01  7.7994693366007053E-12  7.3843910507816384E-12
  1.2367384952276877E+01  7.6864457214109608E-12  7.2738587245361318E-12
  1.2490597510517325E+01  7.5753290857246330E-12  7.1651985576761846E-12
  1.2615037598633059E+01  7.4660889345038039E-12  7.0583803145221773E-12
  1.2740717446137188E+01  7.3586952016654916E-12  6.9533741853118147E-12
  1.2867649404381787E+01  7.2531178855701494E-12  6.8501504420641848E-12
  1.2995845947771754E+01  7.1493263978530710E-12  6.7486788447020310E-12
  1.3125319674990774E+01  7.0472905496357835E-12  6.6489295629602135E-12
  1.3256083310239427E+01  6.9469806296439530E-12  6.5508732389202196E-12
  1.3388149704485725E+01  6.8483673956135108E-12  6.4544809785909150E-12
  1.3521531836727998E+01  6.7514220671400227E-12  6.3597243448716228E-12
  1.3656242815270494E+01  6.6561163192596630E-12  6.2665753512140946E-12
  1.3792295879011542E+01  6.5624222766957925E-12  6.1750064559187935E-12
  1.3929704398744670E+01  6.4703125087091609E-12  6.0849905570051004E-12
  1.4068481878472635E+01  6.3797600244944693E-12  5.9965009875990746E-12
  1.4208641956734523E+01  6.2907382690694887E-12  5.9095115117867110E-12
  1.4350198407946097E+01  6.2032211196072066E-12  5.8239963208838173E-12
  1.4493165143753535E+01  6.1171826665700282E-12  5.7399298236191464E-12
  1.4637556214400552E+01  6.0325939475027632E-12  5.6572835169499529E-12
  1.4783385810109275E+01  5.9494238558019891E-12  5.5760268621190698E-12
  1.4930668262474734E+01  5.8676420072833065E-12  5.4961300332683067E-12
  1.5079418045873391E+01  5.7872187975563838E-12  5.4175639717806632E-12
  1.5229649778885564E+01  5.7081253781901779E-12  5.3403003628540070E-12
  1.5381378225732124E+01  5.6303336340817674E-12  5.2643116132452392E-12
  1.5534618297725475E+01  5.5538161619602607E-12  5.1895708301175739E-12
  1.5689385054734947E+01  5.4785462499607511E-12  5.1160518009272739E-12
  1.5845693706666845E+01  5.4044978582069021E-12  5.0437289742895409E-12
  1.6003559614959247E+01  5.3316456003440943E-12  4.9725774417666828E-12
  1.6162998294091626E+01  5.2599647259683123E-12  4.9025729205247851E-12
  1.6324025413109563E+01  5.1894311200539623E-12  4.8336917527689406E-12
  1.6486656797164681E+01  5.1200232914446920E-12  4.7659128132346251E-12
  1.6650908429069851E+01  5.0517239116692272E-12  4.6992189691446943E-12
  1.6816796450869919E+01  4.9845162682795894E-12  4.6335936834538767E-12
  1.6984337165428094E+01  4.9183838541426789E-12  4.5690206229689051E-12
  1.7153547038028158E+01  4.8533103662236010E-12  4.5054836571508871E-12
  1.7324442697992573E+01  4.7892797044444509E-12  4.4429668569865773E-12
  1.7497040940316761E+01  4.7262759706093035E-12  4.3814544939195131E-12
  1.7671358727319692E+01  4.6642834673869430E-12  4.3209310388329846E-12
  1.7847413190310828E+01  4.6032866973434533E-12  4.2613811610769049E-12
  1.8025221631273730E+01  4.5432703620173103E-12  4.2027897275316763E-12
  1.8204801524566477E+01  4.4842193610302690E-12  4.1451418017024525E-12
  1.8386170518638945E+01  4.4261187914533266E-12  4.0884226430338245E-12
  1.8569346437767226E+01  4.3689537638519128E-12  4.0326175217042661E-12
  1.8754347283805348E+01  4.3127085060017096E-12  3.9777108517488768E-12
  1.8941191237954445E+01  4.2573671776613337E-12  3.9236869893430251E-12
  1.9129896662549505E+01  4.2029142322523532E-12  3.8705305803555837E-12
  1.9320482102863956E+01  4.1493344111300530E-12  3.8182265546785820E-12
  1.9512966288932283E+01  4.0966127379925883E-12  3.7667601206921735E-12
  1.9707368137390667E+01  4.0447345134254160E-12  3.7161167598618204E-12
  1.9903706753336067E+01  3.9936853095765957E-12  3.6662822214634390E-12
  2.0102001432203860E+01  3.9434509649588528E-12  3.6172425174323890E-12
  2.0302271661664054E+01  3.8940175793745614E-12  3.5689839173325671E-12
  2.0504537123536462E+01  3.8453715089597662E-12  3.5214929434417347E-12
  2.0708817695724999E+01  3.7974993613435817E-12  3.4747563659495879E-12
  2.0915133454171219E+01  3.7503880132690120E-12  3.4287612207688968E-12
  2.1123504674827242E+01  3.7040249588740803E-12  3.3834951458354270E-12
  2.1333951835648428E+01  3.6583981858172949E-12  3.3389462573912436E-12
  2.1546495618605942E+01  3.6134958798296612E-12  3.2951028670205295E-12
  2.1761156911719191E+01  3.5693064159598229E-12  3.2519534732513944E-12
  2.1977956811108672E+01  3.5258183559143925E-12  3.2094867589056793E-12
  2.2196916623069253E+01  3.4830204454389064E-12  3.1676915884878559E-12
  2.2418057866164041E+01  3.4409016117383566E-12  3.1265570056119235E-12
  2.2641402273339136E+01  3.3994509609362883E-12  3.0860722304653027E-12
  2.2866971794059477E+01  3.3586577755714223E-12  3.0462266573088751E-12
  2.3094788596466000E+01  3.3185115121311152E-12  3.0070098520122288E-12
  2.3324875069554157E+01  3.2790017986206318E-12  2.9684115496233779E-12
  2.3557253825374268E+01  3.2401183941578689E-12  2.9304216174764354E-12
  2.3791947701253793E+01  3.2018498478543024E-12  2.8930288340722564E-12
  2.4028979762041612E+01  3.1641832011123699E-12  2.8562206209202144E-12
  2.4268373302374798E+01  3.1271056930450278E-12  2.8199846012871622E-12
  2.4510151848967958E+01  3.0906048708461754E-12  2.7843087006964694E-12
  2.4754339162925323E+01  3.0546685814945532E-12  2.7491811388074673E-12
  2.5000959242075865E+01  3.0192849637236393E-12  2.7145904215542631E-12
  2.5250036323331763E+01  2.9844424402479303E-12  2.6805253335345763E-12
  2.5501594885070325E+01  2.9501297102365672E-12  2.6469749306397182E-12
  2.5755659649539599E+01  2.9163357420255835E-12  2.6139285329170413E-12
  2.6012255585287974E+01  2.8830497660602667E-12  2.5813757176566233E-12
  2.6271407909618084E+01  2.8502612680596198E-12  2.5493063126942094E-12
  2.6533142091064946E+01  2.8179599829367631E-12  2.5177103904109229E-12
  2.6797483851898981E+01  2.7861363457165563E-12  2.4865786691702933E-12
  2.7064459170653940E+01  2.7547822950688975E-12  2.4559032268467053E-12
  2.7334094284679942E+01  2.7238901488552052E-12  2.4256764933543185E-12
  2.7606415692721892E+01  2.6934523654655739E-12  2.3958910368548751E-12
  2.7881450157523858E+01  2.6634615410070109E-12  2.3665395609818032E-12
  2.8159224708459107E+01  2.6339104065655493E-12  2.3376149021358039E-12
  2.8439766644186445E+01  2.6047918255399386E-12  2.3091100268495666E-12
  2.8723103535333045E+01  2.5760987910445626E-12  2.2810180292193562E-12
  2.9009263227204052E+01  2.5478244233793885E-12  2.2533321284013070E-12
  2.9298273842519002E+01  2.5199619675648645E-12  2.2260456661703443E-12
  2.9590163784175683E+01  2.4925047909396715E-12  2.1991521045396714E-12
  2.9884961738041486E+01  2.4654463808194104E-12  2.1726450234389563E-12
  3.0182696675772544E+01  2.4387803344124797E-12  2.1465181111325599E-12
  3.0483397857660844E+01  2.4125003306681637E-12  2.1207651415855053E-12
  3.0787094835509997E+01  2.3866001623580505E-12  2.0953800030500862E-12
  3.1093817455539394E+01  2.3610737338868629E-12  2.0703566934304615E-12
  3.1403595861317346E+01  2.3359150585779477E-12  2.0456893176287427E-12
  3.1716460496723514E+01  2.3111182566007811E-12  2.0213720854996013E-12
  3.2032442108940899E+01  2.2866775529468741E-12  1.9973993098515756E-12
  3.2351571751477415E+01  2.2625872754527525E-12  1.9737654044938345E-12
  3.2673880787217826E+01  2.2388418528687468E-12  1.9504648823270994E-12
  3.2999400891505928E+01  2.2154358129723441E-12  1.9274923534775255E-12
  3.3328164055257552E+01  2.1923637807249250E-12  1.9048425234723437E-12
  3.3660202588104340E+01  2.1696204764707454E-12  1.8825101914561358E-12
  3.3995549121569233E+01  2.1472006877329967E-12  1.8604902260131727E-12
  3.4334236612273259E+01  2.1250986555363093E-12  1.8387770352604322E-12
  3.4676298345174374E+01  2.1033080675697661E-12  1.8173645599676470E-12
  3.5021767936838629E+01  2.0818227211501226E-12  1.7962468519778520E-12
  3.5370679338743919E+01  2.0606365542122420E-12  1.7754181011782631E-12
  3.5723066840616475E+01  2.0397436417852354E-12  1.7548726320600494E-12
  3.6078965073800880E+01  2.0191381925722117E-12  1.7346049003784453E-12
  3.6438409014663421E+01  1.9988145456303686E-12  1.7146094899100099E-12
  3.6801433988029530E+01  1.9787671671482078E-12  1.6948811093038575E-12
  3.7168075670655178E+01  1.9589906473168227E-12  1.6754145890238340E-12
  3.7538370094733303E+01  1.9394796972922258E-12  1.6562048783786824E-12
  3.7912353651434778E+01  1.9202291462458914E-12  1.6372470426373908E-12
  3.8290063094484815E+01  1.9012339402351456E-12  1.6185362615998972E-12
  3.8671535543774979E+01  1.8824894512937461E-12  1.6000680834537075E-12
  3.9056808489011289E+01  1.8639918449644179E-12  1.5818387285084277E-12
  3.9445919793398431E+01  1.8457374519265730E-12  1.5638445648965368E-12
  3.9838907697360867E+01  1.8277226675372114E-12  1.5460820240282455E-12
  4.0235810822301040E+01  1.8099439505351595E-12  1.5285475993138806E-12
  4.0636668174394856E+01  1.7923978217806422E-12  1.5112378449199437E-12
  4.1041519148425017E+01  1.7750808630290701E-12  1.4941493745578046E-12
  4.1450403531652739E+01  1.7579897157380105E-12  1.4772788603039798E-12
  4.1863361507727831E+01  1.7411210799063489E-12  1.4606230314509942E-12
  4.2280433660637755E+01  1.7244717129446576E-12  1.4441786733878735E-12
  4.2701660978696076E+01  1.7080384285758208E-12  1.4279426265093079E-12
  4.3127084858570761E+01  1.6918180957650318E-12  1.4119117851526028E-12
  4.3556747109352337E+01  1.6758075746664234E-12  1.3960830475007505E-12
  4.3990689956662770E+01  1.6600034630879293E-12  1.3804531186370654E-12
  4.4428956046805354E+01  1.6444023241929620E-12  1.3650186900824888E-12
  4.4871588450955734E+01  1.6290007878273358E-12  1.3497765188441755E-12
  4.5318630669394700E+01  1.6137955490920708E-12  1.3347234260110925E-12
  4.5770126635783448E+01  1.5987833669558583E-12  1.3198562953941528E-12
  4.6226120721481081E+01  1.5839610629068869E-12  1.3051720722035830E-12
  4.6686657739905250E+01  1.5693255196427589E-12  1.2906677617622679E-12
  4.7151782950936273E+01  1.5548736797973369E-12  1.2763404282539117E-12
  4.7621542065365198E+01  1.5406025447033355E-12  1.2621871935048553E-12
  4.8095981249385950E+01  1.5265091731895915E-12  1.2482052357984687E-12
  4.8575147129132432E+01  1.5125906804118901E-12  1.2343917887210306E-12
  4.9059086795260860E+01  1.4988442383830643E-12  1.2207441406021376E-12
  4.9547847807577490E+01  1.4852670359770798E-12  1.2072595880928114E-12
  5.0041478199712714E+01  1.4718562479647861E-12  1.1939354127160030E-12
  5.0540026483841672E+01  1.4586091015251840E-12  1.1807689476552954E-12
  5.1043541655451790E+01  1.4455228800972864E-12  1.1677575811723657E-12
  5.1552073198157856E+01  1.4325949220919755E-12  1.1548987553479027E-12
  5.2065671088565090E+01  1.4198226196475507E-12  1.1421899648633358E-12
  5.2584385801180780E+01  1.4072034174273368E-12  1.1296287558218264E-12
  5.3108268313374545E+01  1.3947348114579249E-12  1.1172127246070700E-12
  5.3637370110388304E+01  1.3824143480065426E-12  1.1049395167784367E-12
  5.4171743190396114E+01  1.3702396224961990E-12  1.0928068260010821E-12
  5.4711440069614291E+01  1.3582082784572653E-12  1.0808123930097173E-12
  5.5256513787462360E+01  1.3463180070524318E-12  1.0689540050672487E-12
  5.5807017911775887E+01  1.3345667154630488E-12  1.0572296390981743E-12
  5.6363006544070771E+01  1.3229527513873997E-12  1.0456376504391120E-12
  5.6924534324859977E+01  1.3114745428675280E-12  1.0341764650816338E-12
  5.7491656439023693E+01  1.3001305379812563E-12  1.0228445283844284E-12
  5.8064428621232622E+01  1.2889192046093756E-12  1.0116403048339588E-12
  5.8642907161425100E+01  1.2778390302156217E-12  1.0005622778156584E-12
  5.9227148910339501E+01  1.2668885216388586E-12  9.8960894939505174E-13
  5.9817211285101102E+01  1.2560662048968849E-12  9.7877884010821571E-13
  6.0413152274864558E+01  1.2453706250013324E-12  9.6807048876104170E-13
  6.1015030446513592E+01  1.2348003457830804E-12  9.5748245223673321E-13
  6.1622904950415908E+01  1.2243539497277598E-12  9.4701330531104874E-13
  6.2236835526236597E+01  1.2140300378205230E-12  9.3666164047463751E-13
  6.2856882508809605E+01  1.2038271214329008E-12  9.2642597842368785E-13
  6.3483106834066298E+01  1.1937431035462403E-12  9.1630434154556541E-13
  6.4115570045024768E+01  1.1837757045507062E-12  9.0629460925957731E-13
  6.4754334297837829E+01  1.1739226961508544E-12  8.9639471126459886E-13
  6.5399462367901222E+01  1.1641819004267215E-12  8.8660262657572250E-13
  6.6051017656023404E+01  1.1545511886339031E-12  8.7691638235150660E-13
  6.6709064194656108E+01  1.1450284800477020E-12  8.6733405276157531E-13
  6.7373666654187076E+01  1.1356117408497182E-12  8.5785375789296737E-13
  6.8044890349295940E+01  1.1262989830553394E-12  8.4847366269366822E-13
  6.8722801245373006E+01  1.1170882634806653E-12  8.3919197595186891E-13
  6.9407465965001791E+01  1.1079776827474087E-12  8.3000694930950823E-13
  7.0098951794506917E+01  1.0989653843244188E-12  8.2091687630869547E-13
  7.0797326690566521E+01  1.0900495951360023E-12  8.1192012447423131E-13
  7.1502659286890619E+01  1.0812292794592796E-12  8.0301565409105543E-13
  7.2215018900966555E+01  1.0725039942867920E-12  7.9420289756257575E-13
  7.2934475540871077E+01  1.0638733089198687E-12  7.8548129504398295E-13
  7.3661099912150178E+01  1.0553367870709964E-12  7.7685028018391164E-13
  7.4394963424768562E+01  1.0468939872332103E-12  7.6830928045893440E-13
  7.5136138200126652E+01  1.0385444630471926E-12  7.5985771750380056E-13
  7.5884697078148776E+01  1.0302877636659438E-12  7.5149500743720605E-13
  7.6640713624442128E+01  1.0221234341169111E-12  7.4322056118299251E-13
  7.7404262137525492E+01  1.0140510156615232E-12  7.3503378478665111E-13
  7.8175417656131913E+01  1.0060700461519859E-12  7.2693407972698717E-13
  7.8954255966582878E+01  9.9818006038534460E-13  7.1892084322287250E-13
  7.9740853610236115E+01  9.9038058721451828E-13  7.1099346603826109E-13
  8.0535287891008210E+01  9.8267077846627989E-13  7.0315104508092571E-13
  8.1337636882971594E+01  9.7504907907904070E-13  6.9539213131504833E-13
  8.2147979438027122E+01  9.6751388707913289E-13  6.8771524598194554E-13
  8.2966395193653696E+01  9.6006363688378915E-13  6.8011894545096600E-13
  8.3792964580734733E+01  9.5269679849305135E-13  6.7260182041192522E-13
  8.4627768831462149E+01  9.4541187671155521E-13  6.6516249509398017E-13
  8.5470889987320220E+01  9.3820741039912605E-13  6.5779962650987560E-13
  8.6322410907147926E+01  9.3108197174928141E-13  6.5051190372461144E-13
  8.7182415275281883E+01  9.2403416559467152E-13  6.4329804714754418E-13
  8.8050987609780975E+01  9.1706262873858034E-13  6.3615680784698926E-13
  8.8928213270732229E+01  9.1016602931162409E-13  6.2908696688645474E-13
  8.9814178468639341E+01  9.0334306615404745E-13  6.2208733468229710E-13
  9.0708970272896110E+01  8.9659258038664103E-13  6.1515683404953166E-13
  9.1612676620342128E+01  8.8991397044737528E-13  6.0829480934960709E-13
  9.2525386323905394E+01  8.8330680116858666E-13  6.0150072981176044E-13
  9.3447189081331160E+01  8.7677064062055963E-13  5.9477406616819636E-13
  9.4378175483995818E+01  8.7030506017558040E-13  5.8811429067786793E-13
  9.5318437025810894E+01  8.6390963461180447E-13  5.8152087717892705E-13
  9.6268066112214456E+01  8.5758394221853813E-13  5.7499330114046936E-13
  9.7227156069251990E+01  8.5132756490296107E-13  5.6853103971352512E-13
  9.8195801152748800E+01  8.4514008829835078E-13  5.6213357178125938E-13
  9.9174096557572739E+01  8.3902110187385926E-13  5.5580037800836353E-13
  1.0016213842698940E+02  8.3297019904590497E-13  5.4953094088959957E-13
  1.0116002386211129E+02  8.2698697729124109E-13  5.4332474479746770E-13
  1.0216785093144024E+02  8.2107102612474343E-13  5.3718126756831914E-13
  1.0318571868050495E+02  8.1522178392321363E-13  5.3109987929995650E-13
  1.0421372714159541E+02  8.0943858968891844E-13  5.2507987992072192E-13
  1.0525197734359344E+02  8.0372079297259198E-13  5.1912057826295392E-13
  1.0630057132190100E+02  7.9806775615696356E-13  5.1322129362992466E-13
  1.0735961212846865E+02  7.9247885434901548E-13  5.0738135561867296E-13
  1.0842920384192271E+02  7.8695347527851559E-13  5.0160010394615393E-13
  1.0950945157779324E+02  7.8149101920284546E-13  4.9587688827862255E-13
  1.1060046149884572E+02  7.7609089881819447E-13  4.9021106806416711E-13
  1.1170234082551281E+02  7.7075253917718228E-13  4.8460201236833412E-13
  1.1281519784643234E+02  7.6547537761298948E-13  4.7904909971274583E-13
  1.1393914192909008E+02  7.6025886367006564E-13  4.7355171791664696E-13
  1.1507428353056659E+02  7.5510246001177275E-13  4.6810926449557675E-13
  1.1622073420839374E+02  7.5000568848579743E-13  4.6272117505486791E-13
  1.1737860663151774E+02  7.4496815117386587E-13  4.5738693671261754E-13
  1.1854801459137146E+02  7.3998946478479933E-13  4.5210604571666857E-13
  1.1972907301305818E+02  7.3506925475234466E-13  4.4687800342290565E-13
  1.2092189796664556E+02  7.3020715530075496E-13  4.4170231623768269E-13
  1.2212660667857234E+02  7.2540280951666632E-13  4.3657849556113879E-13
  1.2334331754316955E+02  7.2065586942754798E-13  4.3150605773136566E-13
  1.2457215013429553E+02  7.1596599608698005E-13  4.2648452396941212E-13
  1.2581322521708682E+02  7.1133285966703958E-13  4.2151342032509400E-13
  1.2706666475982738E+02  7.0675613955810160E-13  4.1659227762358471E-13
  1.2833259194593458E+02  7.0223552447637881E-13  4.1172063141276414E-13
  1.2961113118606508E+02  6.9777071256872301E-13  4.0689802190696872E-13
  1.3090240813034202E+02  6.9336140086580434E-13  4.0212398826083051E-13
  1.3220654968070318E+02  6.8900725997880322E-13  3.9739805385896542E-13
  1.3352368400337198E+02  6.8470796324682924E-13  3.9271974290394072E-13
  1.3485394054145402E+02  6.8046319526153821E-13  3.8808858549626690E-13
  1.3619745002765788E+02  6.7627265197981602E-13  3.8350411754665243E-13
  1.3755434449714241E+02  6.7213604084750052E-13  3.7896588068967318E-13
  1.3892475730049429E+02  6.6805308093469275E-13  3.7447342219886037E-13
  1.4030882311683138E+02  6.6402350308323983E-13  3.7002629490318072E-13
  1.4170667796703930E+02  6.6004705006694136E-13  3.6562405710486277E-13
  1.4311845922713994E+02  6.5612347676514559E-13  3.6126627249854782E-13
  1.4454430564179043E+02  6.5225255035041331E-13  3.5695251009173755E-13
  1.4598435733791999E+02  6.4843405049097341E-13  3.5268234412649770E-13
  1.4743875583850053E+02  6.4466777295441137E-13  3.4845535571932290E-13
  1.4890764407645457E+02  6.4095355740217166E-13  3.4427114783341441E-13
  1.5039116640870313E+02  6.3729127321780962E-13  3.4012933739513603E-13
  1.5188946863035193E+02  6.3368080232794397E-13  3.3602954508100567E-13
  1.5340269798901934E+02  6.3012203930317468E-13  3.3197139513006785E-13
  1.5493100319930821E+02  6.2661489170977456E-13  3.2795451530497780E-13
  1.5647453445742050E+02  6.2315928048296995E-13  3.2397853685352035E-13
  1.5803344345591753E+02  6.1975514032321953E-13  3.2004309447055720E-13
  1.5960788339862870E+02  6.1640242011694026E-13  3.1614782626038589E-13
  1.6119800901570741E+02  6.1310108338330153E-13  3.1229237369951333E-13
  1.6280397657883680E+02  6.0985110874880611E-13  3.0847638159983555E-13
  1.6442594391658855E+02  6.0665249045151045E-13  3.0469949807221127E-13
  1.6606407042993317E+02  6.0350523899038731E-13  3.0096137458621809E-13
  1.6771851710790483E+02  6.0040938790068723E-13  2.9726166996246173E-13
  1.6938944654342436E+02  5.9736499666161613E-13  2.9360005141949192E-13
  1.7107702294927620E+02  5.9437214286915488E-13  2.8997618923912776E-13
  1.7278141217424783E+02  5.9143092228885159E-13  2.8638975636945012E-13
  1.7450278171942952E+02  5.8854144959417063E-13  2.8284042840160556E-13
  1.7624130075467360E+02  5.8570385915218249E-13  2.7932788354679387E-13
  1.7799714013522177E+02  5.8291830586010040E-13  2.7585180261342318E-13
  1.7977047241849542E+02  5.8018496603651508E-13  2.7241186898444478E-13
  1.8156147188105339E+02  5.7750403837150921E-13  2.6900776859485906E-13
  1.8337031453572035E+02  5.7487574494019036E-13  2.6563918990939179E-13
  1.8519717814888406E+02  5.7230033228464036E-13  2.6230582390034045E-13
  1.8704224225796511E+02  5.6977807256500719E-13  2.5900736402290703E-13
  1.8890568818906226E+02  5.6730925707401417E-13  2.5574350233986487E-13
  1.9078769907477198E+02  5.6489418219044662E-13  2.5251392198248309E-13
  1.9268845987218555E+02  5.6253317020773795E-13  2.4931830710216236E-13
  1.9460815738106695E+02  5.6022657529153176E-13  2.4615634510025309E-13
  1.9654698026221027E+02  5.5797478508119033E-13  2.4302772658451881E-13
  1.9850511905598029E+02  5.5577822241120495E-13  2.3993214532617150E-13
  2.0048276620103886E+02  5.5363734716297370E-13  2.3686929821746383E-13
  2.0248011605325684E+02  5.5155265825848240E-13  2.3383888522983846E-13
  2.0449736490481359E+02  5.4952469580863691E-13  2.3084060937262378E-13
  2.0653471100349026E+02  5.4755404343035289E-13  2.2787417665226112E-13
  2.0859235457215010E+02  5.4564133074803460E-13  2.2493929603206986E-13
  2.1067049782841687E+02  5.4378723609676955E-13  2.2203567939253119E-13
  2.1276934500454934E+02  5.4199249388252946E-13  2.1916304285717332E-13
  2.1488910236750965E+02  5.4025792198012603E-13  2.1632111487902159E-13
  2.1702997823923698E+02  5.3858440815024049E-13  2.1350963027268528E-13
  2.1919218301711962E+02  5.3697290209774633E-13  2.1072832584748571E-13
  2.2137592919467141E+02  5.3542441955407810E-13  2.0797694037171036E-13
  2.2358143138241638E+02  5.3394004676770469E-13  2.0525521455727100E-13
  2.2580890632897882E+02  5.3252094539404144E-13  2.0256289104450654E-13
  2.2805857294238422E+02  5.3116835782748867E-13  1.9989971438712184E-13
  2.3033065231157394E+02  5.2988361302371370E-13  1.9726543103725468E-13
  2.3262536772813232E+02  5.2866813286641769E-13  1.9465978933067283E-13
  2.3494294470823027E+02  5.2752343913992830E-13  1.9208253947208961E-13
  2.3728361101478964E+02  5.2645116117704629E-13  1.8953343352059762E-13
  2.3964759667986613E+02  5.2545304334940304E-13  1.8701222530042509E-13
  2.4203513402725531E+02  5.2453094288595737E-13  1.8451866921007428E-13
  2.4444645769532599E+02  5.2368684246794483E-13  1.8205252050739237E-13
  2.4688180466007890E+02  5.2292286941528848E-13  1.7961353635440367E-13
  2.4934141425843478E+02  5.2224130806415102E-13  1.7720147582742268E-13
  2.5182552821175832E+02  5.2164461326919944E-13  1.7481609989840865E-13
  2.5433439064961044E+02  5.2113542539301724E-13  1.7245717141670164E-13
  2.5686824813374170E+02  5.2071658698034769E-13  1.7012445509109839E-13
  2.5942734968232537E+02  5.2039116134588305E-13  1.6781771747226243E-13
  2.6201194679442642E+02  5.2016245334091603E-13  1.6553672693544620E-13
  2.6462229347472095E+02  5.2003403260757581E-13  1.6328125366350291E-13
  2.6725864625845747E+02  5.2000975968096301E-13  1.6105106963017615E-13
  2.6992126423666798E+02  5.2009381538672457E-13  1.5884594857601290E-13
  2.7261040908163142E+02  5.2029073474992609E-13  1.5666566697159246E-13
  2.7532634507258973E+02  5.2060544761359356E-13  1.5451000649063640E-13
  2.7806933912171888E+02  5.2104331970078976E-13  1.5237875101905818E-13
  2.8083966080036186E+02  5.2161020061352472E-13  1.5027168592385964E-13
  2.8363758236552053E+02  5.2231247959455880E-13  1.4818859804041529E-13
  2.8646337878661080E+02  5.2315714941792166E-13  1.4612927566019607E-13
  2.8931732777248760E+02  5.2415187984202997E-13  1.4409350851889604E-13
  2.9219970979873625E+02  5.2530510235761500E-13  1.4208108778494260E-13
  2.9511080813523535E+02  5.2662610833276043E-13  1.4009180604835700E-13
  2.9805090887399763E+02  5.2812516311901971E-13  1.3812545730994026E-13
  3.0102030095728497E+02  5.2981363926150850E-13  1.3618183697076363E-13
  3.0401927620600338E+02  5.3170417268620067E-13  1.3426074182193857E-13
  3.0704812934838554E+02  5.3381085024260566E-13  1.3236196978978211E-13
  3.1010715804895131E+02  5.3614943668232800E-13  1.3048531702354603E-13
  3.1319666293776339E+02  5.3873762266556376E-13  1.2863057948074633E-13
  3.1631694763997371E+02  5.4159533212867449E-13  1.2679755467699195E-13
  3.1946831880565844E+02  5.4474509405181376E-13  1.2498604167948140E-13
  3.2265108613995835E+02  5.4821249214680277E-13  1.2319584109238940E-13
  3.2586556243351356E+02  5.5202671230248260E-13  1.2142675504262762E-13
  3.2911206359320306E+02  5.5622121355403522E-13  1.1967858716595342E-13
  3.3239090867319265E+02  5.6083455636821468E-13  1.1795114259340571E-13
  3.3570241990628909E+02  5.6591143295866583E-13  1.1624422793804894E-13
  3.3904692273560761E+02  5.7150395935596132E-13  1.1455765128200737E-13
  3.4242474584655662E+02  5.7767330979804704E-13  1.1289122216376937E-13
  3.4583622119913906E+02  5.8449180242268801E-13  1.1124475162182224E-13
  3.4928168406057517E+02  5.9204558252292339E-13  1.0961805413388898E-13
  3.5276147303825314E+02  6.0043813135504694E-13  1.0801094772178232E-13
  3.5627593011300542E+02  6.0979488518810124E-13  1.0642325170281782E-13
  3.5982540067271611E+02  6.2026938699755017E-13  1.0485478657090160E-13
  3.6341023354626674E+02  6.3205158507241829E-13  1.0330537398903677E-13
  3.6703078103781655E+02  6.4537916941867611E-13  1.0177483678211008E-13
  3.7068739896142426E+02  6.6055325608639243E-13  1.0026299892993733E-13
  3.7438044667602043E+02  6.7796035537842323E-13  9.8769685560548799E-14
  3.7811028712071885E+02  6.9810347790598102E-13  9.7294722943699511E-14
  3.8187728685048717E+02  7.2164651398991219E-13  9.5837938484586555E-14
  3.8568181607217275E+02  7.4947758635895309E-13  9.4399160717755274E-14
  3.8952424868088070E+02  7.8279821377455864E-13  9.2978219301488019E-14
  3.9340496229672243E+02  8.2324299467626028E-13  9.1574944683469834E-14
  3.9732433830192593E+02  8.7301980045563963E-13  9.0189167602997788E-14
  4.0128276187831494E+02  9.3500658579044479E-13  8.8820719839867311E-14
  4.0528062204516567E+02  1.0125874645428530E-12  8.7469434337718857E-14
  4.0931831169743731E+02  1.1086962217267217E-12  8.6135145195636277E-14
  4.1339622764438246E+02  1.2233464498370353E-12  8.4817687660104346E-14
  4.1751477064854726E+02  1.3503029533596442E-12  8.3516898117297669E-14
  4.2167434546515500E+02  1.4771778289099122E-12  8.2232614085681101E-14
  4.2587536088188307E+02  1.5919232209533502E-12  8.0964674208897140E-14
  4.3011822975903948E+02  1.6890345488409965E-12  7.9712918248918357E-14
  4.3440336907013614E+02  1.7691595551666299E-12  7.8477187079446970E-14
  4.3873119994286600E+02  1.8355572803345317E-12  7.7257322679538585E-14
  4.4310214770049259E+02  1.8916792761837159E-12  7.6053168293551664E-14
  4.4751664190364801E+02  1.9403335313452105E-12  7.4864569485120124E-14
  4.5197511639254702E+02  1.9836075628475730E-12  7.3691373334285689E-14
  4.5647800932962622E+02  2.0229903171576563E-12  7.2533427898029639E-14
  4.6102576324260349E+02  2.0595260445050779E-12  7.1390582204804682E-14
  4.6561882506796621E+02  2.0939595591714788E-12  7.0262686250097525E-14
  4.7025764619489951E+02  2.1268379790430374E-12  6.9149590992335925E-14
  4.7494268250964126E+02  2.1585740894369174E-12  6.8051148349116016E-14
  4.7967439444028764E+02  2.1894832238065249E-12  6.6967211193718838E-14
  4.8445324700204509E+02  2.2197879953722317E-12  6.5897633351891367E-14
  4.8927970984292409E+02  2.2496355056491104E-12  6.4842269598870174E-14
  4.9415425728989987E+02  2.2791549487465702E-12  6.3800975656620023E-14
  4.9907736839552547E+02  2.3084819710928635E-12  6.2773608239893183E-14
  5.0404952698500961E+02  2.3377381119235446E-12  6.1760025967438361E-14
  5.0907122170376851E+02  2.3670164298910153E-12  6.0760089289206027E-14
  5.1414294606544672E+02  2.3963739707474496E-12  5.9773659517001601E-14
  5.1926519850041586E+02  2.4258425960663676E-12  5.8800598777113446E-14
  5.2443848240476211E+02  2.4554529638664374E-12  5.7840770010150465E-14
  5.2966330618975610E+02  2.4852456386639886E-12  5.6894036971133468E-14
  5.3494018333181634E+02  2.5152600047627399E-12  5.5960264229814416E-14
  5.4026963242297529E+02  2.5455034457271577E-12  5.5039317171196317E-14
  5.4565217722184173E+02  2.5759555969646423E-12  5.4131061996233445E-14
  5.5108834670507599E+02  2.6066450399760541E-12  5.3235365722686334E-14
  5.5657867511937241E+02  2.6376416165348677E-12  5.2352096186112338E-14
  5.6212370203396756E+02  2.6689685306313241E-12  5.1481122017129848E-14
  5.6772397239366467E+02  2.7006343777720883E-12  5.0622308872576936E-14
  5.7338003657238755E+02  2.7326532176681775E-12  4.9775515571035189E-14
  5.7909245042727252E+02  2.7650270750895883E-12  4.8940601477714338E-14
  5.8486177535329432E+02  2.7977638860292012E-12  4.8117427531331258E-14
  5.9068857833843629E+02  2.8308867721328713E-12  4.7305856219470795E-14
  5.9657343201941501E+02  2.8644130052960817E-12  4.6505751554589534E-14
  6.0251691473795540E+02  2.8983261280667467E-12  4.5716979050640479E-14
  6.0851961059762789E+02  2.9325928012233074E-12  4.4939405700294988E-14
  6.1458210952125114E+02  2.9672102109600110E-12  4.4172899952740553E-14
  6.2070500730886943E+02  3.0022082393379050E-12  4.3417331692033045E-14
  6.2688890569630553E+02  3.0376189085215871E-12  4.2672572215984171E-14
  6.3313441241429382E+02  3.0734860045691791E-12  4.1938494215572527E-14
  6.3944214124821053E+02  3.1098416961098950E-12  4.1214973560986098E-14
  6.4581271209839190E+02  3.1466547921502435E-12  4.0501896531761036E-14
  6.5224675104105381E+02  3.1839112820075004E-12  3.9799152940023460E-14
  6.5874489038982449E+02  3.2216293499805927E-12  3.9106633046232813E-14
  6.6530776875788297E+02  3.2597863609199082E-12  3.8424227567680537E-14
  6.7193603112072117E+02  3.2983389084798615E-12  3.7751827688187489E-14
  6.7863032887952670E+02  3.3372879431813505E-12  3.7089325067649787E-14
  6.8539131992520493E+02  3.3766857871740264E-12  3.6436611851429507E-14
  6.9221966870303129E+02  3.4165808292670246E-12  3.5793580679587726E-14
  6.9911604627794850E+02  3.4569797123504482E-12  3.5160124695956682E-14
  7.0608113040052137E+02  3.4978693574364538E-12  3.4536137557046642E-14
  7.1311560557354028E+02  3.5392428074580718E-12  3.3921513440787347E-14
  7.2022016311929065E+02  3.5810965908579306E-12  3.3316146826806431E-14
  7.2739550124749690E+02  3.6234492174094165E-12  3.2719929350635828E-14
  7.3464232512393755E+02  3.6663057870938664E-12  3.2132750855526513E-14
  7.4196134693974773E+02  3.7095961548375425E-12  3.1554502077678684E-14
  7.4935328598140745E+02  3.7533110757137196E-12  3.0985074709316980E-14
  7.5681886870143524E+02  3.7975156826300017E-12  3.0424361392457368E-14
  7.6435882878977907E+02  3.8422384922521194E-12  2.9872255712780655E-14
  7.7197390724591764E+02  3.8874746899336822E-12  2.9328652193608267E-14
  7.7966485245168872E+02  3.9332313791631683E-12  2.8793446289976983E-14
  7.8743242024483436E+02  3.9795230763406786E-12  2.8266534382809501E-14
  7.9527737399327953E+02  4.0263342456880318E-12  2.7747813773177960E-14
  8.0320048467015818E+02  4.0736164582029237E-12  2.7237182676655900E-14
  8.1120253092957807E+02  4.1213339156284504E-12  2.6734540227860188E-14
  8.1928429918314600E+02  4.1694885685339589E-12  2.6239787431223194E-14
  8.2744658367724992E+02  4.2180910088771666E-12  2.5752827826387712E-14
  8.3569018657111940E+02  4.2671834521707703E-12  2.5273565837506945E-14
  8.4401591801565678E+02  4.3168375981366547E-12  2.4801906589943424E-14
  8.5242459623305308E+02  4.3670399807160635E-12  2.4337755911693686E-14
  8.6091704759720449E+02  4.4177276412265632E-12  2.3881020334745786E-14
  8.6949410671492387E+02  4.4688531264899846E-12  2.3431607096368515E-14
  8.7815661650795903E+02  4.5203821668751019E-12  2.2989424140331042E-14
  8.8690542829583796E+02  4.5723133496645163E-12  2.2554380118051147E-14
  8.9574140187953049E+02  4.6246666507484385E-12  2.2126384389671814E-14
  9.0466540562594412E+02  4.6774498576751431E-12  2.1705347025064580E-14
  9.1367831655326813E+02  4.7306711780016510E-12  2.1291178804745247E-14
  9.2278102041716159E+02  4.7843495818297303E-12  2.0883790736505420E-14
  9.3197441179780299E+02  4.8384764440663360E-12  2.0483092615731164E-14
  9.4125939418780274E+02  4.8929867981331470E-12  2.0088994629923331E-14
  9.5063688008100098E+02  4.9477880960718033E-12  1.9701407887036888E-14
  9.6010779106214090E+02  5.0028448339323709E-12  1.9320244407914900E-14
  9.6967305789743648E+02  5.0582007926442423E-12  1.8945417118838405E-14
  9.7933362062604942E+02  5.1138653606765333E-12  1.8576839844191091E-14
  9.8909042865247125E+02  5.1698049107813102E-12  1.8214427299236175E-14
  9.9894444083982285E+02  5.2259848865811666E-12  1.7858095083001563E-14
  1.0088966256040954E+03  5.2823684074071161E-12  1.7507759671269874E-14
  1.0189479610093174E+03  5.3388924030549305E-12  1.7163338409670716E-14
  1.0290994348636780E+03  5.3954806458743227E-12  1.6824749506871254E-14
  1.0393520448166014E+03  5.4520670066678768E-12  1.6491912188448370E-14
  1.0497067984567968E+03  5.5086097389206590E-12  1.6164748142119352E-14
  1.0601647134112795E+03  5.5650894206188199E-12  1.5843180710512222E-14
  1.0707268174453743E+03  5.6214658897481072E-12  1.5527133879020670E-14
  1.0813941485637288E+03  5.6776331816673226E-12  1.5216532264162267E-14
  1.0921677551123198E+03  5.7334473290564821E-12  1.4911301115819058E-14
  1.1030486958814784E+03  5.7887838534791484E-12  1.4611366319324802E-14
  1.1140380402099511E+03  5.8435113409727481E-12  1.4316654397399513E-14
  1.1251368680899845E+03  5.8974550249413144E-12  1.4027092511933193E-14
  1.1363462702734669E+03  5.9504622769978469E-12  1.3742608465619084E-14
  1.1476673483791178E+03  6.0024170430337778E-12  1.3463130703438092E-14
  1.1591012150007582E+03  6.0531385434761438E-12  1.3188588313995144E-14
  1.1706489938166485E+03  6.1023470815940832E-12  1.2918911010135278E-14
  1.1823118196999162E+03  6.1496869634461356E-12  1.2654028375392188E-14
  1.1940908388300936E+03  6.1947492133091486E-12  1.2393869705008840E-14
  1.2059872088057577E+03  6.2371295908427034E-12  1.2138365018224850E-14
  1.2180020987582900E+03  6.2764080490632898E-12  1.1887445125778595E-14
  1.2301366894667815E+03  6.3120338095067269E-12  1.1641041623858000E-14
  1.2423921734740713E+03  6.3432654079123578E-12  1.1399086888106254E-14
  1.2547697552039485E+03  6.3691667449035078E-12  1.1161514067679771E-14
  1.2672706510795113E+03  6.3885963491833788E-12  1.0928257079356861E-14
  1.2798960896427209E+03  6.4001774255242330E-12  1.0699250601694630E-14
  1.2926473116751363E+03  6.4022366577807651E-12  1.0474430069232540E-14
  1.3055255703198470E+03  6.3926557804445593E-12  1.0253731666740642E-14
  1.3185321312046365E+03  6.3686350811630346E-12  1.0037092323676442E-14
  1.3316682725663600E+03  6.3264531625947604E-12  9.8244498683932605E-15
  1.3449352853765602E+03  6.2611414385392254E-12  9.6157433231717609E-15
  1.3583344734683465E+03  6.1660629606291798E-12  9.4109124729296125E-15
  1.3718671536645270E+03  6.0324027887159107E-12  9.2098977658117912E-15
  1.3855346559070233E+03  5.8484453517366555E-12  9.0126403104825214E-15
  1.3993383233875657E+03  5.5989676176659402E-12  8.8190818733610194E-15
  1.4132795126797071E+03  5.2658621366964097E-12  8.6291648758009619E-15
  1.4273595938721364E+03  4.8323065511805972E-12  8.4428323912145408E-15
  1.4415799507033232E+03  4.2940940947640641E-12  8.2600281421414392E-15
  1.4559419806975125E+03  3.6771077456920860E-12  8.0806964972628873E-15
  1.4704470953020666E+03  3.0431850893952890E-12  7.9047824683618248E-15
  1.4850967200261714E+03  2.4632979754916044E-12  7.7322317072293686E-15
  1.4998922945809384E+03  1.9798619033378889E-12  7.5629905066786820E-15
  1.5148352730208890E+03  1.5985440455411747E-12  7.3970058296872685E-15
  1.5299271238868571E+03  1.3045786295482293E-12  7.2342252849470817E-15
  1.5451693303503048E+03  1.0784821554472960E-12  7.0745971035091656E-15
  1.5605633903590929E+03  9.0314358646309939E-13  6.9180701355020177E-15
  1.5761108167846885E+03  7.6542254777921276E-13  6.7645938469485123E-15
  1.5918131375708399E+03  6.5571748595958020E-13  6.6141183165274357E-15
  1.6076718958837475E+03  5.6711235096015599E-13  6.4665942322803374E-15
  1.6236886502637144E+03  4.9461616430717141E-13  6.3219728882649611E-15
  1.6398649747783106E+03  4.3459345644192690E-13  6.1802061811559307E-15
  1.6562024591770746E+03  3.8436270877988968E-13  6.0412466067936030E-15
  1.6727027090477434E+03  3.4191886791065172E-13  5.9050472566822045E-15
  1.6893673459740460E+03  3.0574204163098858E-13  5.7715618127328878E-15
  1.7061980076950599E+03  2.7466480562051072E-13  5.6407445155027531E-15
  1.7231963482661722E+03  2.4777921457814486E-13  5.5125501715743778E-15
  1.7403640382216302E+03  2.2437084752874604E-13  5.3869341740075832E-15
  1.7577027647387083E+03  2.0387144153491934E-13  5.2638524984401460E-15
  1.7752142318035289E+03  1.8582443695295798E-13  5.1432616989889457E-15
  1.7929001603785189E+03  1.6985960299186988E-13  5.0251189041209661E-15
  1.8107622885715339E+03  1.5567412797992155E-13  4.9093818124949452E-15
  1.8288023718066841E+03  1.4301836794732648E-13  4.7960086887741305E-15
  1.8470221829968423E+03  1.3168499126772633E-13  4.6849583594112350E-15
  1.8654235127178852E+03  1.2150062696342135E-13  4.5761902084061908E-15
  1.8840081693846553E+03  1.1231937852515693E-13  4.4696641730375856E-15
  1.9027779794286967E+03  1.0401774185076537E-13  4.3653407395917691E-15
  1.9217347874777461E+03  9.6490588240629936E-14  4.2631809184512655E-15
  1.9408804565370076E+03  8.9647964684306482E-14  4.1631461892886909E-15
  1.9602168681722562E+03  8.3412535631470646E-14  4.0651985601292960E-15
  1.9797459226947428E+03  7.7717512652974782E-14  3.9693005792806574E-15
  1.9994695393479460E+03  7.2504970403849687E-14  3.8754153305289441E-15
  2.0193896564961992E+03  6.7724469258640415E-14  3.7835064283262987E-15
  2.0395082318151779E+03  6.3331922236047429E-14  3.6935380129702270E-15
  2.0598272424842967E+03  5.9288657774899911E-14  3.6054747457755999E-15
  2.0803486853810123E+03  5.5560640487186286E-14  3.5192818042402090E-15
  2.1010745772770788E+03  5.2117820076264836E-14  3.4349248772044202E-15
  2.1220069550367466E+03  4.8933584805845596E-14  3.3523701600060025E-15
  2.1431478758169278E+03  4.5984300701710101E-14  3.2715843496307620E-15
  2.1644994172693800E+03  4.3248921681839116E-14  3.1925346503250010E-15
  2.1860636777448844E+03  4.0708659558993072E-14  3.1151888359712348E-15
  2.2078427764994576E+03  3.8346699398254285E-14  3.0395151954167661E-15
  2.2298388539026350E+03  3.6147956179028850E-14  2.9654824887944542E-15
  2.2520540716478140E+03  3.4098866651491580E-14  2.8930599430065135E-15
  2.2744906129646970E+03  3.2187209872122331E-14  2.8222172474214362E-15
  2.2971506828338461E+03  3.0401951972867341E-14  2.7529245495533325E-15
  2.3200365082033900E+03  2.8733111485149705E-14  2.6851524507249709E-15
  2.3431503382078781E+03  2.7171642158265737E-14  2.6188720017158844E-15
  2.3664944443893064E+03  2.5709330716378392E-14  2.5540546983968446E-15
  2.3900711209203723E+03  2.4338707411966799E-14  2.4906724773519196E-15
  2.4138826848299286E+03  2.3052967573991479E-14  2.4286977114895152E-15
  2.4379314762306885E+03  2.1845902591128444E-14  2.3681032014168867E-15
  2.4622198585492142E+03  2.0711838304268405E-14  2.3088620896932189E-15
  2.4867502187581777E+03  1.9645581525413527E-14  2.2509478700823113E-15
  2.5115249676109493E+03  1.8642373444668402E-14  2.1943344682903786E-15
  2.5365465398785063E+03  1.7697847451375872E-14  2.1389962402518933E-15
  2.5618173945887279E+03  1.6807991602853946E-14  2.0849079667834916E-15
  2.5873400152680547E+03  1.5969115198461919E-14  2.0320448482721541E-15
  2.6131169101855485E+03  1.5177818953658148E-14  1.9803824993977792E-15
  2.6391506125994160E+03  1.4430968337747077E-14  1.9298969438902264E-15
  2.6654436810059574E+03  1.3725669697705867E-14  1.8805646093211113E-15
  2.6919986993909956E+03  1.3059248840508308E-14  1.8323623219304496E-15
  2.7188182774838442E+03  1.2429231789121682E-14  1.7852673014882910E-15
  2.7459050510137636E+03  1.1833327466471918E-14  1.7392571566653224E-15
  2.7732616819690006E+03  1.1269412591772224E-14  1.6943099570166706E-15
  2.8008908588583872E+03  1.0735518090405570E-14  1.6504043072097629E-15
  2.8287952969755720E+03  1.0229815200062503E-14  1.6075191820044045E-15
  2.8569777386658629E+03  9.7506038032757382E-15  1.5656338989858391E-15
  2.8854409535957266E+03  9.2963020126713107E-15  1.5247281151611351E-15
  2.9141877390249952E+03  8.8654367164980892E-15  1.4847818235287787E-15
  2.9432209200817661E+03  8.4566349848724477E-15  1.4457753496236175E-15
  2.9725433500400331E+03  8.0686162486387610E-15  1.4076893480391893E-15
  3.0021579106001145E+03  7.7001851727615491E-15  1.3705047989293905E-15
  3.0320675121718450E+03  7.3502251549304174E-15  1.3342030044915643E-15
  3.0622750941606055E+03  7.0176923877411546E-15  1.2987655854328431E-15
  3.0927836252561833E+03  6.7016104295651952E-15  1.2641744774216675E-15
  3.1235961037245443E+03  6.4010650625657936E-15  1.2304118931313075E-15
  3.1547155577024819E+03  6.1151990045210106E-15  1.1974601738038121E-15
  3.1861450454952014E+03  5.8432085145848620E-15  1.1653019266557069E-15
  3.2178876558768970E+03  5.5843399109287563E-15  1.1339200878085226E-15
  3.2499465083942987E+03  5.3378860193393475E-15  1.1032979170364474E-15
  3.2823247536732356E+03  5.1031829065619238E-15  1.0734189925024344E-15
  3.3150255737282910E+03  4.8796068732329825E-15  1.0442672055644639E-15
  3.3480521822755086E+03  4.6665716832860886E-15  1.0158267556512100E-15
  3.3814078250482121E+03  4.4635260089972064E-15  9.8808214520627340E-16
  3.4150957801160084E+03  4.2699510728714597E-15  9.6101817470018603E-16
  3.4491193582069254E+03  4.0853584693907162E-15  9.3461993770945756E-16
  3.4834819030327917E+03  3.9092881512648860E-15  9.0887281606187738E-16
  3.5181867916178221E+03  3.7413065826580935E-15  8.8376247915275060E-16
  3.5532374346305282E+03  3.5810052554657216E-15  8.5927493800206861E-16
  3.5886372767188896E+03  3.4279989932785326E-15  8.3539652009222263E-16
  3.6243897968488741E+03  3.2819242377823147E-15  8.1211381125116229E-16
  3.6604985086463580E+03  3.1424376747037696E-15  7.8941365032284564E-16
  3.6969669607424216E+03  3.0092149643362514E-15  7.6728312546311790E-16
  3.7337987371220843E+03  2.8819495616030651E-15  7.4570957046221364E-16
  3.7709974574765474E+03  2.7603516186008630E-15  7.2468056109438503E-16
  3.8085667775589104E+03  2.6441469631824498E-15  7.0418391149521605E-16
  3.8465103895434509E+03  2.5330761476949280E-15  6.8420767056707528E-16
  3.8848320223884634E+03  2.4268935624938303E-15  6.6474011841320334E-16
  3.9235354422027508E+03  2.3253666093103001E-15  6.4576976280085645E-16
  3.9626244526157320E+03  2.2282749297268570E-15  6.2728533557587204E-16
  4.0021028951512358E+03  2.1354096631003931E-15  6.0927578249399231E-16
  4.0419746496050566E+03  2.0465727601826043E-15  5.9173025541531723E-16
  4.0822436344262346E+03  1.9615763960297432E-15  5.7463812090387608E-16
  4.1229138071021343E+03  1.8802423858425933E-15  5.5798895808317806E-16
  4.1639891645473926E+03  1.8024016337665303E-15  5.4177255513979647E-16
  4.2054737434967137E+03  1.7278936168826606E-15  5.2597890586533616E-16
  4.2473716209015802E+03  1.6565659018901417E-15  5.1059820623680875E-16
  4.2896869143309159E+03  1.5882736921762852E-15  4.9562085103546533E-16
  4.3324237823757603E+03  1.5228794031502025E-15  4.8103743050409601E-16
  4.3755864250579580E+03  1.4602522638800579E-15  4.6683872704282763E-16
  4.4191790842428954E+03  1.4002679432239122E-15  4.5301571194342007E-16
  4.4632060440564155E+03  1.3428081987816193E-15  4.3955954216195917E-16
  4.5076716313058214E+03  1.2877605364741990E-15  4.2646155361141070E-16
  4.5525802159050900E+03  1.2350178647956273E-15  4.1371324617283750E-16
  4.5979362113043617E+03  1.1844782456088651E-15  4.0130629374903752E-16
  4.6437440749236530E+03  1.1360446350442095E-15  3.8923254604482379E-16
  4.6900083085909300E+03  1.0896246243969041E-15  3.7748402535111152E-16
  4.7367334589845086E+03  1.0451301962230474E-15  3.6605292337478104E-16
  4.7839241180799163E+03  1.0024774946504208E-15  3.5493159811504156E-16
  4.8315849236011618E+03  9.6158660898764073E-16  3.4411257078589894E-16
  4.8797205594764928E+03  9.2238136978000973E-16  3.3358852278431122E-16
  4.9283357562987512E+03  8.8478915652050502E-16  3.2335229270360426E-16
  4.9774352917902606E+03  8.4874071627989372E-16  3.1339687339175942E-16
  5.0270239912723473E+03  8.1416999257098770E-16  3.0371540905414564E-16
  5.0771067281395872E+03  7.8101396397871584E-16  2.9430119244663169E-16
  5.1276884243387231E+03  7.4921249397654739E-16  2.8514766275509946E-16
  5.1787740508523893E+03  7.1870818578260665E-16  2.7624840257920922E-16
  5.2303686281876135E+03  6.8944624405262063E-16  2.6759713457940226E-16
  5.2824772268692541E+03  6.6137434619933082E-16  2.5918771878888852E-16
  5.3351049679382932E+03  6.3444252076483255E-16  2.5101414998469921E-16
  5.3882570234550813E+03  6.0860303236892663E-16  2.4307055509978841E-16
  5.4419386170076959E+03  5.8381027284203950E-16  2.3535119067575847E-16
  5.4961550242252742E+03  5.6002065817700088E-16  2.2785044035584062E-16
  5.5509115732963937E+03  5.3719253095759598E-16  2.2056281241772027E-16
  5.6062136454928568E+03  5.1528606794377376E-16  2.1348293734576138E-16
  5.6620666756984492E+03  4.9426319251425963E-16  2.0660556544229425E-16
  5.7184761529430634E+03  4.7408749166439064E-16  1.9992556446815290E-16
  5.7754476209421482E+03  4.5472413593945481E-16  1.9343791676593342E-16
  5.8329866786415705E+03  4.3613980423532987E-16  1.8713771673230794E-16
  5.8910989807677852E+03  4.1830261544406507E-16  1.8102016951547362E-16
  5.9497902383835963E+03  4.0118206149341646E-16  1.7508058889387383E-16
  6.0090662194494544E+03  3.8474894356587142E-16  1.6931439509941687E-16
  6.0689327493902365E+03  3.6897531155004294E-16  1.6371711267759838E-16
  6.1293957116677893E+03  3.5383440654504963E-16  1.5828436838408010E-16
  6.1904610483591669E+03  3.3930060624947935E-16  1.5301188911729465E-16
  6.2521347607405214E+03  3.2534937307668983E-16  1.4789549988666001E-16
  6.3144229098769265E+03  3.1195720484761826E-16  1.4293112181595088E-16
  6.3773316172180721E+03  2.9910158792122621E-16  1.3811477018140595E-16
  6.4408670651997827E+03  2.8676095263048812E-16  1.3344255248381747E-16
  6.5050354978516416E+03  2.7491462616649214E-16  1.2891066428664900E-16
  6.5698432214106724E+03  2.6354278035982059E-16  1.2451538164950657E-16
  6.6352966049410106E+03  2.5262640950068579E-16  1.2025306678412729E-16
  6.7014020809598760E+03  2.4214729818798630E-16  1.1612016832761480E-16
  6.7681661460697733E+03  2.3208798617818117E-16  1.1211321945730228E-16
  6.8355953615968738E+03  2.2243173492931198E-16  1.0822883604404381E-16
  6.9036963542358799E+03  2.1316249575122173E-16  1.0446371484322638E-16
  6.9724758167013142E+03  2.0426487947815108E-16  1.0081463172282377E-16
  7.0419405083851698E+03  1.9572412758464411E-16  9.7278439927826731E-17
  7.1120972560212431E+03  1.8752608467011674E-16  9.3852068380367115E-17
  7.1829529543560775E+03  1.7965717224169007E-16  9.0532520014893328E-17
  7.2545145668264722E+03  1.7210436372881938E-16  8.7316870147756683E-17
  7.3267891262438698E+03  1.6485516195866840E-16  8.4202265564638401E-17
  7.3997837354855465E+03  1.5789758747182603E-16  8.1185928744301034E-17
  7.4735055681925842E+03  1.5122014928209269E-16  7.8265152489482066E-17
  7.5479618694748997E+03  1.4481181631678420E-16  7.5437294353775543E-17
  7.6231599566233072E+03  1.3866199794533868E-16  7.2699775242946609E-17
  7.6991072198286156E+03  1.3276052548996665E-16  7.0050078092480045E-17
  7.7758111229078031E+03  1.2709763457012863E-16  6.7485746568752489E-17
  7.8532792040377162E+03  1.2166394824013806E-16  6.5004383793531313E-17
  7.9315190764958070E+03  1.1645046088141287E-16  6.2603651091533528E-17
  8.0105384294082342E+03  1.1144852281285949E-16  6.0281266760745759E-17
  8.0903450285057224E+03  1.0664982558479516E-16  5.8035004865209841E-17
  8.1709467168866458E+03  1.0204638792367126E-16  5.5862694049999949E-17
  8.2523514157877253E+03  9.7630542069241070E-17  5.3762216246810012E-17
  8.3345671253626933E+03  9.3394912491142069E-17  5.1731500760524121E-17
  8.4176019254684088E+03  8.9332402735299262E-17  4.9768522580547598E-17
  8.5014639764588883E+03  8.5436195788472930E-17  4.7871307993079383E-17
  8.5861615199873213E+03  8.1699743372103084E-17  4.6037933840512896E-17
  8.6717028798160718E+03  7.8116754863021199E-17  4.4266526325311250E-17
  8.7580964626346085E+03  7.4681186704418624E-17  4.2555259842292794E-17
  8.8453507588857337E+03  7.1387232283721363E-17  4.0902355838653076E-17
  8.9334743436000426E+03  6.8229312255234360E-17  3.9306081701072189E-17
  9.0224758772385503E+03  6.5202065286547046E-17  3.7764749669269663E-17
  9.1123641065438460E+03  6.2300339208738465E-17  3.6276715775373443E-17
  9.2031478653997583E+03  5.9519182551449289E-17  3.4840378808491394E-17
  9.2948360756994080E+03  5.6853836445908825E-17  3.3454179304624036E-17
  9.3874377482220661E+03  5.4299728327395129E-17  3.2116599439338029E-17
  9.4809619835187514E+03  5.1852467172592366E-17  3.0826163673817990E-17
  9.5754179728065101E+03  4.9507832103559097E-17  2.9581435265731653E-17
  9.6708149988717232E+03  4.7261764725786377E-17  2.8381014824108831E-17
  9.7671624369824603E+03  4.5110362739660131E-17  2.7223539466825686E-17
  9.8644697558097196E+03  4.3049873818990918E-17  2.6107681995934579E-17
  9.9627465183580480E+03  4.1076689744615506E-17  2.5032150090471808E-17
  1.0062002382905393E+04  3.9187340781661582E-17  2.3995685516386862E-17
  1.0162247103952190E+04  3.7378490289611402E-17  2.2997063353240614E-17
  1.0263490533180033E+04  3.5646929554808162E-17  2.2035091237319331E-17
  1.0365742620419944E+04  3.3989572835550061E-17  2.1108608620821778E-17
  1.0469013414630077E+04  3.2403452610381339E-17  2.0216486046780617E-17
  1.0573313064883339E+04  3.0885714934045894E-17  1.9357624384409146E-17
  1.0678651821364892E+04  2.9433614481913641E-17  1.8530953765976572E-17
  1.0785040036379352E+04  2.8044510842661419E-17  1.7735433207380660E-17
  1.0892488165368264E+04  2.6715864865613993E-17  1.6970050174738978E-17
  1.1001006767937663E+04  2.5445234780503010E-17  1.6233819924077817E-17
  1.1110606508895724E+04  2.4230272471378812E-17  1.5525784853720666E-17
  1.1221298159300912E+04  2.3068719900803987E-17  1.4845013870841197E-17
  1.1333092597520596E+04  2.1958405677802643E-17  1.4190601771847098E-17
  1.1446000810300000E+04  2.0897241763342370E-17  1.3561668636267762E-17
  1.1560033893842003E+04  1.9883220307403667E-17  1.2957359233820645E-17
  1.1675203054897680E+04  1.8914410611971527E-17  1.2376842444342001E-17
  1.1791519611867647E+04  1.7988956214540219E-17  1.1819310690272311E-17
  1.1908994995914209E+04  1.7105072073253465E-17  1.1283979371960007E-17
  1.2027640752085073E+04  1.6261041534325314E-17  1.0770086091470450E-17
  1.2147468540447804E+04  1.5455213797714583E-17  1.0276890152854225E-17
  1.2268490137235585E+04  1.4686001859277278E-17  9.8036723285169172E-18
  1.2390717436004834E+04  1.3951880130559954E-17  9.3497343560046273E-18
  1.2514162448803923E+04  1.3251382129560663E-17  8.9143984308494061E-18
  1.2638837307353515E+04  1.2583098261711522E-17  8.4970067106177661E-18
  1.2764754264239125E+04  1.1945673687254572E-17  8.0969208298681737E-18
  1.2891925694115098E+04  1.1337806271362785E-17  7.7135214257356661E-18
  1.3020364094920707E+04  1.0758244613513950E-17  7.3462076738638223E-18
  1.3150082089108446E+04  1.0205786152785011E-17  6.9943968344146727E-18
  1.3281092424884626E+04  9.6792753458847310E-18  6.6575238078943907E-18
  1.3413407977462026E+04  9.1776019155178090E-18  6.3350407010078832E-18
  1.3547041750325337E+04  8.6996994162237725E-18  6.0264165787123295E-18
  1.3682006876509149E+04  8.2445439338658580E-18  5.7311372751229621E-18
  1.3818316619888474E+04  7.8111518715720356E-18  5.4487045310216541E-18
  1.3955984376482340E+04  7.3985783526613370E-18  5.1786355267995339E-18
  1.4095023675770397E+04  7.0059157979045432E-18  4.9204625056240875E-18
  1.4235448182022359E+04  6.6322925549214210E-18  4.6737324037410302E-18
  1.4377271695640988E+04  6.2768715776404377E-18  4.4380064877652100E-18
  1.4520508154518406E+04  5.9388491538395495E-18  4.2128599988210408E-18
  1.4665171635405706E+04  5.6174536788720270E-18  3.9978818033970481E-18
  1.4811276355296442E+04  5.3119444737620018E-18  3.7926740507826313E-18
  1.4958836672823913E+04  5.0216106459346920E-18  3.5968518369606718E-18
  1.5107867089672096E+04  4.7457699909213294E-18  3.4100428748340534E-18
  1.5258382252000911E+04  4.4837679005293971E-18  3.2318871464476478E-18
  1.5410396951885679E+04  4.2349761751717058E-18  3.0620364633134384E-18
  1.5563926128770659E+04  3.9987922107215534E-18  2.9001542791438177E-18
  1.5718984870937316E+04  3.7746381405097881E-18  2.7459154510923899E-18
  1.5875588416987253E+04  3.5619599113292373E-18  2.5990059347153698E-18
  1.6033752157339608E+04  3.3602263923058538E-18  2.4591224848466415E-18
  1.6193491635743660E+04  3.1689285156914762E-18  2.3259723624992560E-18
  1.6354822550806512E+04  2.9875784483571260E-18  2.1992730476767359E-18
  1.6517760757535700E+04  2.8157087928189685E-18  2.0787519579822287E-18
  1.6682322268897460E+04  2.6528718166788219E-18  1.9641461729174396E-18
  1.6848523257390516E+04  2.4986387094107309E-18  1.8552021637686068E-18
  1.7016380056635266E+04  2.3525988654712926E-18  1.7516755289809352E-18
  1.7185909162979082E+04  2.2143591993467596E-18  1.6533307399237646E-18
  1.7357127237117580E+04  2.0835436024986119E-18  1.5599409804056216E-18
  1.7530051105731942E+04  1.9597922566356781E-18  1.4712878663018794E-18
  1.7704697763142332E+04  1.8427608728398276E-18  1.3871610974148601E-18
  1.7881084372978450E+04  1.7321200945343080E-18  1.3073582200279853E-18
  1.8059228269866122E+04  1.6275549267060685E-18  1.2316843983788005E-18
  1.8239146961130635E+04  1.5287641846797169E-18  1.1599521905652736E-18
  1.8420858128517750E+04  1.4354599617803186E-18  1.0919813288465484E-18
  1.8604379629931176E+04  1.3473671152498964E-18  1.0275985043011252E-18
  1.8789729501187339E+04  1.2642227698066212E-18  9.6663715580562396E-19
  1.8976925957788353E+04  1.1857758382599334E-18  9.0893726329817471E-19
  1.9165987396711895E+04  1.1117865586188441E-18  8.5434514529188782E-19
  1.9356932398219142E+04  1.0420260471009964E-18  8.0271326056381506E-19
  1.9549779727680860E+04  9.7627585699403239E-19  7.5390000663694679E-19
  1.9744548337421715E+04  9.1432755368823567E-19  7.0776952332968349E-19
  1.9941257368582596E+04  8.5598233529820494E-19  6.6419152433049245E-19
  2.0139926153001852E+04  8.0105064677871669E-19  6.2304111723789578E-19
  2.0340574215115288E+04  7.4935180423840097E-19  5.8419862509348853E-19
  2.0543221273874686E+04  7.0071363247726311E-19  5.4754941200642961E-19
  2.0747887244685866E+04  6.5497211532293881E-19  5.1298371282946244E-19
  2.0954592241365997E+04  6.1197105835634889E-19  4.8039646684678881E-19
  2.1163356578120063E+04  5.7156176363197674E-19  4.4968715543390863E-19
  2.1374200771537402E+04  5.3360271601175437E-19  4.2075964364916722E-19
  2.1587145542608137E+04  4.9795928074505378E-19  3.9352202571662714E-19
  2.1802211818759271E+04  4.6450341193988214E-19  3.6788647435946788E-19
  2.2019420735911521E+04  4.3311337702096645E-19  3.4376909826979654E-19
  2.2238793640556578E+04  4.0367350775672258E-19  3.2108981633503784E-19
  2.2460352091854729E+04  3.7607391255946272E-19  2.9977219713493027E-19
  2.2684117863753720E+04  3.5021021454200754E-19  2.7974331479562918E-19
  2.2910112947128768E+04  3.2598331119410216E-19  2.6093361818941526E-19
  2.3138359551943457E+04  3.0329914287215423E-19  2.4327680360129899E-19
  2.3368880109432612E+04  2.8206846982149301E-19  2.2670969081577643E-19
  2.3601697274306869E+04  2.6220665747452770E-19  2.1117210258854959E-19
  2.3836833926978845E+04  2.4363346977516175E-19  1.9660674746651165E-19
  2.4074313175811851E+04  2.2627287028638233E-19  1.8295910591770891E-19
  2.4314158359391062E+04  2.1005283084448521E-19  1.7017731973161921E-19
  2.4556393048816863E+04  1.9490514752954435E-19  1.5821208464864090E-19
  2.4801041050021453E+04  1.8076526368955376E-19  1.4701654614694037E-19
  2.5048126406108560E+04  1.6757209919864022E-19  1.3654619787485455E-19
  2.5297673399716030E+04  1.5526788736296969E-19  1.2675878394137146E-19
  2.5549706555402350E+04  1.4379801871985039E-19  1.1761420460982928E-19
  2.5804250642056970E+04  1.3311089029613299E-19  1.0907442438352024E-19
  2.6061330675334422E+04  1.2315776089643936E-19  1.0110338302864219E-19
  2.6320971920112410E+04  1.1389261225690983E-19  9.3666909507264993E-20
  2.6583199892975379E+04  1.0527201587530516E-19  8.6732638768866784E-20
  2.6848040364721877E+04  9.7255005333033235E-20  8.0269931348183145E-20
  2.7115519362896885E+04  8.9802953929048908E-20  7.4249795716176186E-20
  2.7385663174350360E+04  8.2879457449972933E-20  6.8644813330176192E-20
  2.7658498347820285E+04  7.6450221905135616E-20  6.3429066328623389E-20
  2.7934051696541450E+04  7.0482956069126793E-20  5.8578067823375490E-20
  2.8212350300881219E+04  6.4947269616646846E-20  5.4068695520657173E-20
  2.8493421511000499E+04  5.9814575205042550E-20  4.9879127384373479E-20
  2.8777292949541566E+04  5.5057992396676608E-20  4.5988777665838739E-20
  2.9063992514342815E+04  5.0652257702543425E-20  4.2378236905393412E-20
  2.9353548381180637E+04  4.6573638877323275E-20  3.9029214430981874E-20
  2.9645989006538093E+04  4.2799853072212723E-20  3.5924483090647563E-20
  2.9941343130401663E+04  3.9309988707523577E-20  3.3047826163129744E-20
  3.0239639779085901E+04  3.6084430930471269E-20  3.0383986390635998E-20
  3.0540908268085674E+04  3.3104790526930114E-20  2.7918617077809309E-20
  3.0845178204957359E+04  3.0353836159236276E-20  2.5638235200923590E-20
  3.1152479492228747E+04  2.7815429805423178E-20  2.3530176471466368E-20
  3.1462842330337397E+04  2.5474465278517610E-20  2.1582552298449510E-20
  3.1776297220598772E+04  2.3316809769363154E-20  1.9784208647307944E-20
  3.2092874968204036E+04  2.1329248339586401E-20  1.8124686775967220E-20
  3.2412606685247054E+04  1.9499430719427277E-20  1.6594185334411769E-20
  3.2735523793782184E+04  1.7815820932797768E-20  1.5183524315904823E-20
  3.3061658028912512E+04  1.6267649529030790E-20  1.3884110707638568E-20
  3.3391041441908274E+04  1.4844868229218440E-20  1.2687905711195331E-20
  3.3723706403356919E+04  1.3538106887832529E-20  1.1587393480635322E-20
  3.4059685606344581E+04  1.2338632673259056E-20  1.0575551326710067E-20
  3.4399012069668643E+04  1.1238311373753323E-20  9.6458213364115429E-21
  3.4741719141082882E+04  1.0229570738156200E-20  8.7920833578212113E-21
  3.5087840500574974E+04  9.3053657635222848E-21  8.0086293010350175E-21
  3.5437410163676068E+04  8.4591458445731849E-21  7.2901387067844914E-21
  3.5790462484803829E+04  7.6848236916656032E-21  6.6316555256692516E-21
  3.6147032160638970E+04  6.9767458527446854E-21  6.0285659875265198E-21
  3.6507154233534602E+04  6.3296650556054821E-21  5.4765777707674801E-21
  3.6870864094960372E+04  5.7387140989517846E-21  4.9717002555244201E-21
  3.7238197488980732E+04  5.1993811154676593E-21  4.5102257260011058E-21
  3.7609190515767361E+04  4.7074862423946746E-21  4.0887115702130735E-21
  3.7983879635147146E+04  4.2591596343860242E-21  3.7039634369937945E-21
  3.8362301670185552E+04  3.8508207538472816E-21  3.3530193094956873E-21
  3.8744493810805019E+04  3.4791588763724164E-21  3.0331344555073181E-21
  3.9130493617440035E+04  3.1411147512295163E-21  2.7417672160074859E-21
  3.9520339024728666E+04  2.8338633591492099E-21  2.4765655944845480E-21
  3.9914068345240470E+04  2.5547977119109835E-21  2.2353546106569360E-21
  4.0311720273241226E+04  2.3015136411009327E-21  2.0161243839516602E-21
  4.0713333888496578E+04  2.0717955583544370E-21  1.8170189421442470E-21
  4.1118948660112219E+04  1.8636030690620587E-21  1.6363256613133647E-21
  4.1528604450412226E+04  1.6750583639035707E-21  1.4724652800680835E-21
  4.1942341518857575E+04  1.5044344716955615E-21  1.3239825701923528E-21
  4.2360200526002249E+04  1.3501442697580866E-21  1.1895375807239700E-21
  4.2782222537488633E+04  1.2107302046215318E-21  1.0678974215958201E-21
  4.3208449028084346E+04  1.0848546837717380E-21  9.5792855932656641E-22
  4.3638921885757663E+04  9.7129110087093200E-22  8.5858959826989718E-22
  4.4073683415793945E+04  8.6891545857674813E-22  7.6892452193586469E-22
  4.4512776344953476E+04  7.7669855471838343E-22  6.8805636988949741E-22
  4.4956243825670754E+04  6.9369869917395454E-22  6.1518132670597467E-22
  4.5404129440294782E+04  6.1905493032632061E-22  5.4956320041655730E-22
  4.5856477205372503E+04  5.5198069417089182E-22  4.9052826230940395E-22
  4.6313331575974822E+04  4.9175795814844550E-22  4.3746042763422425E-22
  4.6774737450064946E+04  4.3773178372943330E-22  3.8979680266739675E-22
  4.7240740172911042E+04  3.8930526313124267E-22  3.4702351770676956E-22
  4.7711385541542950E+04  3.4593481365755002E-22  3.0867184360458644E-22
  4.8186719809252296E+04  3.0712581503288856E-22  2.7431458197069406E-22
  4.8666789690138452E+04  2.7242856786410652E-22  2.4356271250541885E-22
  4.9151642363699662E+04  2.4143455252460010E-22  2.1606228171940151E-22
  4.9641325479469131E+04  2.1377296887416487E-22  1.9149151807028174E-22
  5.0135887161698090E+04  1.8910753829841407E-22  1.6955815929367053E-22
  5.0635376014085625E+04  1.6713355057831050E-22  1.4999697842862201E-22
  5.1139841124554609E+04  1.4757513908302002E-22  1.3256749573544841E-22
  5.1649332070076242E+04  1.3018276921557770E-22  1.1705186482546842E-22
  5.2163898921542539E+04  1.1473092813759367E-22  1.0325292395303430E-22
  5.2683592248686567E+04  1.0101599090077879E-22  9.0992391633187806E-23
  5.3208463125052498E+04  8.8854259343006152E-23  8.0109204751658486E-23
  5.3738563133015268E+04  7.8080163549124148E-23  7.0457991298452162E-23
  5.4273944368849283E+04  6.8544610779517512E-23  6.1907665330721198E-23
  5.4814659447848549E+04  6.0113471094097201E-23  5.4340135551307819E-23
  5.5360761509497832E+04  5.2666189611467925E-23  4.7649119430824985E-23
  5.5912304222694263E+04  4.6094515977623922E-23  4.1739055281036075E-23
  5.6469341791022598E+04  4.0301342221089664E-23  3.6524105145784336E-23
  5.7031928958081357E+04  3.5199640743214936E-23  3.1927241813408230E-23
  5.7600121012863150E+04  3.0711494734096627E-23  2.7879413671664948E-23
  5.8173973795188649E+04  2.6767213790840802E-23  2.4318781498814590E-23
  5.8753543701193623E+04  2.3304527204670989E-23  2.1190020935721949E-23
  5.9338887688871640E+04  2.0267850726390396E-23  1.8443687376494252E-23
  5.9930063283672127E+04  1.7607620832818680E-23  1.6035638329428781E-23
  6.0527128584152990E+04  1.5279688444952393E-23  1.3926506361626572E-23
  6.1130142267690666E+04  1.3244768615686136E-23  1.2081219856932426E-23
  6.1739163596247148E+04  1.1467941619370495E-23  1.0468567788135541E-23
  6.2354252422193262E+04  9.9182011071083819E-24  9.0608048783358988E-24
  6.2975469194191079E+04  8.5680453133852138E-24  7.8332937855603145E-24
  6.3602874963135044E+04  7.3931076012807694E-24  6.7641811887768521E-24
  6.4236531388150979E+04  6.3718229160434924E-24  5.8341048829907444E-24
  6.4876500742656164E+04  5.4851269811622632E-24  5.0259292067322179E-24
  6.5522845920479689E+04  4.7161853182509354E-24  4.3245063276630217E-24
  6.6175630442042690E+04  4.0501494656077141E-24  3.7164611599515664E-24
  6.6834918460601228E+04  3.4739378590470767E-24  3.1899977472561684E-24
  6.7500774768551506E+04  2.9760388242689496E-24  2.7347249124729711E-24
  6.8173264803796425E+04  2.5463340894400229E-24  2.3414998456843323E-24
  6.8852454656177739E+04  2.1759407252175187E-24  2.0022878219841904E-24
  6.9538411073970070E+04  1.8570697152540398E-24  1.7100365001900807E-24
  7.0231201470441141E+04  1.5828995570894893E-24  1.4585634226662028E-24
  7.0930893930477396E+04  1.3474634311956222E-24  1.2424554525149813E-24
  7.1637557217274123E+04  1.1455486035152692E-24  1.0569789921053482E-24
  7.2351260779093835E+04  9.7260684475703539E-25  8.9799992676417264E-25
  7.3072074756091723E+04  8.2467475856686395E-25  7.6191232991629362E-25
  7.3800069987207928E+04  6.9830301106487911E-25  6.4557505144856516E-25
  7.4535318017129757E+04  5.9049354303143699E-25  5.4625538662455586E-25
  7.5277891103323360E+04  4.9864392437326145E-25  4.6157908947575890E-25
  7.6027862223133881E+04  4.2049815828554428E-25  3.8948612672297845E-25
  7.6785305080957958E+04  3.5410318999774721E-25  3.2819151406705373E-25
  7.7550294115487603E+04  2.9777050906171368E-25  2.7615069720818865E-25
  7.8322904507024723E+04  2.5004230760067522E-25  2.3202900440716831E-25
  7.9103212184870135E+04  2.0966169411510939E-25  1.9467472851999434E-25
  7.9891293834786018E+04  1.7554651246329369E-25  1.6309543992718780E-25
  8.0687226906531447E+04  1.4676636128320789E-25  1.3643717156210747E-25
  8.1491089621474224E+04  1.2252245064430422E-25  1.1396615350961811E-25
  8.2302960980278775E+04  1.0212997043319042E-25  9.5052807660468067E-26
  8.3122920770668861E+04  8.5002679186270670E-26  7.9157742914901520E-26
  8.3951049575270124E+04  7.0639453119975417E-26  6.5819518715190447E-26
  8.4787428779528331E+04  5.8612563964075491E-26  5.4643970153181700E-26
  8.5632140579708095E+04  4.8557475823168734E-26  4.5294906759475922E-26
  8.6485267990971348E+04  4.0163978420148341E-26  3.7486021318646268E-26
  8.7346894855534745E+04  3.3168495131852210E-26  3.0973863735705367E-26
  8.8217105850909880E+04  2.7347418948113159E-26  2.5551747845459129E-26
  8.9095986498225582E+04  2.2511347775092073E-26  2.1044475406124020E-26
  8.9983623170631618E+04  1.8500105435442432E-26  1.7303774822160637E-26
  9.0880103101787565E+04  1.5178448010396803E-26  1.4204364001601155E-26
  9.1785514394436468E+04  1.2432367046182199E-26  1.1640557368674716E-26
  9.2699946029062063E+04  1.0165911742815193E-26  9.5233465382270096E-27
  9.3623487872634068E+04  8.2984616803002475E-27  7.7778926205060756E-27
  9.4556230687440489E+04  6.7623900285213394E-27  6.3413756612046087E-27
  9.5498266140006352E+04  5.5010646361389832E-27  5.1611534220886165E-27
  9.6449686810102750E+04  4.4671409953347429E-27  4.1931876546602382E-27
  9.7410586199846060E+04  3.6211069198298017E-27  3.4007012887151175E-27
  9.8381058742885638E+04  2.9300439320945599E-27  2.7530346184333380E-27
  9.9361199813685016E+04  2.3665749038621277E-27  2.2246726838514610E-27
  1.0035110573689567E+05  1.9079714971799354E-27  1.7944196726267041E-27
  1.0135087379682191E+05  1.5353984703736433E-27  1.4446993580803145E-27
  1.0236060224698328E+05  1.2332749979572409E-27  1.1609633919291205E-27
  1.0338039031976926E+05  9.8873585402180702E-28  9.3119172672888777E-28
  1.0441033823619178E+05  7.9117766850109431E-28  7.4547159254313998E-28
  1.0545054721573551E+05  6.3187752413881623E-28  5.9564332962370533E-28
  1.0650111948630388E+05  5.0367295413340050E-28  4.7500301532569757E-28