 #p(MeV) \t \delta f_\\nu \t \delta f_\\nubar
  3.8599523266998514E-01  2.6826257653351149E-01  1.5257220994144825E-05
  3.8984078775454084E-01  2.6776598353562769E-01  1.5121224647019740E-05
  3.9372465495452341E-01  2.6733967299445727E-01  1.4986202581359677E-05
  3.9764721596208336E-01  2.6702644410530052E-01  1.4852153074435427E-05
  4.0160885627205511E-01  2.6668473716696250E-01  1.4719074392843581E-05
  4.0560996521984366E-01  2.6614783107682138E-01  1.4586964798241228E-05
  4.0965093601968566E-01  2.6561054828324387E-01  1.4455822515840320E-05
  4.1373216580329364E-01  2.6506144750487393E-01  1.4325645824198252E-05
  4.1785405565888512E-01  2.6460990259354955E-01  1.4196433199925106E-05
  4.2201701067059899E-01  2.6416796410478777E-01  1.4068183029296546E-05
  4.2622143995830691E-01  2.6372819509076489E-01  1.3940892960257685E-05
  4.3046775671781901E-01  2.6324547911290930E-01  1.3814559330586056E-05
  4.3475637826149155E-01  2.6279237735603828E-01  1.3689176917547317E-05
  4.3908772605923990E-01  2.6230081682560918E-01  1.3564738988955906E-05
  4.4346222577995709E-01  2.6183242643211058E-01  1.3441237540243887E-05
  4.4788030733334910E-01  2.6142379300707019E-01  1.3318663870024544E-05
  4.5234240491218292E-01  2.6097551294044846E-01  1.3197009231046589E-05
  4.5684895703495831E-01  2.6057020420453642E-01  1.3076264916206495E-05
  4.6140040658900444E-01  2.6012397321594816E-01  1.2956422322043502E-05
  4.6599720087400370E-01  2.5968693296992973E-01  1.2837472979675492E-05
  4.7063979164595210E-01  2.5924957839037394E-01  1.2719408262193224E-05
  4.7532863516155505E-01  2.5876729058817288E-01  1.2602219220558611E-05
  4.8006419222306712E-01  2.5824975697934760E-01  1.2485896900991141E-05
  4.8484692822357867E-01  2.5773136942778735E-01  1.2370432897182976E-05
  4.8967731319275098E-01  2.5725154565444436E-01  1.2255819786909123E-05
  4.9455582184301178E-01  2.5683870587744123E-01  1.2142051311454512E-05
  4.9948293361620577E-01  2.5642249646980630E-01  1.2029122336478673E-05
  5.0445913273071330E-01  2.5601820622740168E-01  1.1917028557482238E-05
  5.0948490822903847E-01  2.5551454722595929E-01  1.1805765897672601E-05
  5.1456075402586876E-01  2.5498477533746383E-01  1.1695330317826044E-05
  5.1968716895661693E-01  2.5451049214141358E-01  1.1585717780728724E-05
  5.2486465682644279E-01  2.5400673698474507E-01  1.1476924151803884E-05
  5.3009372645976660E-01  2.5355767962647779E-01  1.1368945365781516E-05
  5.3537489175027508E-01  2.5312676284256747E-01  1.1261777778247855E-05
  5.4070867171142256E-01  2.5268885689873932E-01  1.1155418271051405E-05
  5.4609559052744061E-01  2.5222468737029247E-01  1.1049864039854095E-05
  5.5153617760485074E-01  2.5184559609089019E-01  1.0945112266118195E-05
  5.5703096762449333E-01  2.5141756507147589E-01  1.0841159858838006E-05
  5.6258050059407472E-01  2.5098378671413463E-01  1.0738003328244545E-05
  5.6818532190123616E-01  2.5051715504895317E-01  1.0635638793676605E-05
  5.7384598236715234E-01  2.5002392515494543E-01  1.0534062201822865E-05
  5.7956303830066591E-01  2.4957665360366085E-01  1.0433269475601904E-05
  5.8533705155295657E-01  2.4913009123421903E-01  1.0333256521207348E-05
  5.9116858957276119E-01  2.4862077864693852E-01  1.0234019248478158E-05
  5.9705822546213683E-01  2.4819006269544355E-01  1.0135553566726456E-05
  6.0300653803278648E-01  2.4774275853946526E-01  1.0037855406052197E-05
  6.0901411186294019E-01  2.4727553632258201E-01  9.9409209040985154E-06
  6.1508153735480608E-01  2.4684893533225724E-01  9.8447467067414128E-06
  6.2120941079259384E-01  2.4640383131312063E-01  9.7493302124732092E-06
  6.2739833440111359E-01  2.4594047894673224E-01  9.6546696593640457E-06
  6.3364891640496090E-01  2.4545959166773529E-01  9.5607640641547174E-06
  6.3996177108829222E-01  2.4501655804872302E-01  9.4676130666727614E-06
  6.4633751885519231E-01  2.4459841524618645E-01  9.3752165849155542E-06
  6.5277678629064739E-01  2.4419868671470449E-01  9.2835744711128855E-06
  6.5928020622212102E-01  2.4374411096780446E-01  9.1926864681759649E-06
  6.6584841778174930E-01  2.4332304963014759E-01  9.1025522227073153E-06
  6.7248206646914943E-01  2.4284328786812437E-01  9.0131712642692374E-06
  6.7918180421485852E-01  2.4233983446201923E-01  8.9245427762308139E-06
  6.8594828944440323E-01  2.4185785665932394E-01  8.8366651217933349E-06
  6.9278218714300643E-01  2.4138629775678805E-01  8.7495353300655043E-06
  6.9968416892093954E-01  2.4105479284727854E-01  8.6631487858836599E-06
  7.0665491307952732E-01  2.4061890885620163E-01  8.5774992158030387E-06
  7.1369510467780661E-01  2.4016460914602422E-01  8.4925789042578872E-06
  7.2080543559985411E-01  2.3963685081600775E-01  8.4083790182186943E-06
  7.2798660462277864E-01  2.3919854985782754E-01  8.3248900838329970E-06
  7.3523931748539850E-01  2.3866365241419552E-01  8.2421026244557660E-06
  7.4256428695759558E-01  2.3825777691149425E-01  8.1600073331592770E-06
  7.4996223291036479E-01  2.3781348007370617E-01  8.0785950803374520E-06
  7.5743388238656173E-01  2.3733955513686145E-01  7.9978569617982948E-06
  7.6497996967235138E-01  2.3692347771038300E-01  7.9177845437307067E-06
  7.7260123636937228E-01  2.3651461062368134E-01  7.8383702932812657E-06
  7.8029843146761968E-01  2.3614290357531895E-01  7.7596079638123736E-06
  7.8807231141905032E-01  2.3568655555679874E-01  7.6814927495765524E-06
  7.9592364021192730E-01  2.3524342635344037E-01  7.6040211858760621E-06
  8.0385318944589867E-01  2.3477619823354159E-01  7.5271908887140163E-06
  8.1186173840783082E-01  2.3432799160722090E-01  7.4510002492830520E-06
  8.1995007414839105E-01  2.3389250078453414E-01  7.3754481261920690E-06
  8.2811899155939661E-01  2.3342450643761778E-01  7.3005334515328423E-06
  8.3636929345193611E-01  2.3301905659758884E-01  7.2262550495366568E-06
  8.4470179063526318E-01  2.3257634139549835E-01  7.1526116213512964E-06
  8.5311730199648206E-01  2.3213669029786188E-01  7.0796016998832049E-06
  8.6161665458102532E-01  2.3166117130885835E-01  7.0072234499029704E-06
  8.7020068367393022E-01  2.3121249051178003E-01  6.9354743344379247E-06
  8.7887023288193111E-01  2.3075231066054019E-01  6.8643509037114706E-06
  8.8762615421636160E-01  2.3031716806471089E-01  6.7938488598913857E-06
  8.9646930817689174E-01  2.2989259109158675E-01  6.7239633377965521E-06
  9.0540056383609113E-01  2.2948713927513642E-01  6.6546892453229506E-06
  9.1442079892483918E-01  2.2910272920370708E-01  6.5860215397527764E-06
  9.2353089991858739E-01  2.2866899750973477E-01  6.5179553889984821E-06
  9.3273176212447551E-01  2.2822561062255498E-01  6.4504861504329171E-06
  9.4202428976932040E-01  2.2776016448033462E-01  6.3836092680898002E-06
  9.5140939608848207E-01  2.2725801197936668E-01  6.3173202630163520E-06
  9.6088800341560943E-01  2.2679171326341169E-01  6.2516147584904778E-06
  9.7046104327328742E-01  2.2630273476240748E-01  6.1864885965596674E-06
  9.8012945646458027E-01  2.2588440359331025E-01  6.1219380481474360E-06
  9.8989419316549376E-01  2.2547168431418252E-01  6.0579598969807062E-06
  9.9975621301835116E-01  2.2503153012759672E-01  5.9945512425884839E-06
  1.0097164852261058E+00  2.2468404393509175E-01  5.9317091017770386E-06
  1.0197759886475919E+00  2.2424929013920097E-01  5.8694300015132520E-06
  1.0299357118937191E+00  2.2382586281481529E-01  5.8077097108356185E-06
  1.0401966534246330E+00  2.2339858684019009E-01  5.7465431545554338E-06
  1.0505598216478398E+00  2.2295890859882883E-01  5.6859246401224535E-06
  1.0610262350173065E+00  2.2249684447885604E-01  5.6258483821460793E-06
  1.0715969221335546E+00  2.2203757177525130E-01  5.5663086386578902E-06
  1.0822729218447427E+00  2.2163700002356460E-01  5.5072997014881191E-06
  1.0930552833487650E+00  2.2120344663198635E-01  5.4488158416644427E-06
  1.1039450662963595E+00  2.2074907759054332E-01  5.3908511978403747E-06
  1.1149433408952467E+00  2.2028653370042225E-01  5.3333997626449091E-06
  1.1260511880153095E+00  2.1984539067921166E-01  5.2764556213187513E-06
  1.1372696992948115E+00  2.1944370055331239E-01  5.2200133909879899E-06
  1.1485999772476827E+00  2.1901618456072788E-01  5.1640686707008565E-06
  1.1600431353718708E+00  2.1863753187040311E-01  5.1086183327694309E-06
  1.1716002982587690E+00  2.1823826668014620E-01  5.0536605967908545E-06
  1.1832726017037387E+00  2.1781630129497789E-01  4.9991948087512032E-06
  1.1950611928177317E+00  2.1732479116686021E-01  4.9452206594801993E-06
  1.2069672301400232E+00  2.1680245142864782E-01  4.8917377865744389E-06
  1.2189918837520677E+00  2.1631157348391439E-01  4.8387457639041586E-06
  1.2311363353924911E+00  2.1586668740558562E-01  4.7862441274720461E-06
  1.2434017785732303E+00  2.1547714187360387E-01  4.7342324571985198E-06
  1.2557894186968221E+00  2.1512251237874683E-01  4.6827104482471192E-06
  1.2683004731748690E+00  2.1475397237490820E-01  4.6316778310874610E-06
  1.2809361715476826E+00  2.1434771039963244E-01  4.5811341070331539E-06
  1.2936977556051159E+00  2.1393249859620522E-01  4.5310781997540693E-06
  1.3065864795086020E+00  2.1345070980414510E-01  4.4815081633349628E-06
  1.3196036099144111E+00  2.1298994416528125E-01  4.4324210348799164E-06
  1.3327504260981307E+00  2.1258186286633948E-01  4.3838128695745978E-06
  1.3460282200803877E+00  2.1216165488832225E-01  4.3356792186648976E-06
  1.3594382967538239E+00  2.1173028709324626E-01  4.2880156078223934E-06
  1.3729819740113383E+00  2.1130875797000362E-01  4.2408175846248168E-06
  1.3866605828756005E+00  2.1086277138673490E-01  4.1940807093898202E-06
  1.4004754676298612E+00  2.1044087317285312E-01  4.1478004951107819E-06
  1.4144279859500657E+00  2.1005108717612650E-01  4.1019722796280756E-06
  1.4285195090382761E+00  2.0962575436827979E-01  4.0565911196785207E-06
  1.4427514217574302E+00  2.0920423911359276E-01  4.0116518003459712E-06
  1.4571251227674438E+00  2.0875307855886269E-01  3.9671489707881303E-06
  1.4716420246626625E+00  2.0829709835521679E-01  3.9230773457945585E-06
  1.4863035541106848E+00  2.0789969604836889E-01  3.8794318939715866E-06
  1.5011111519925737E+00  2.0746753107318580E-01  3.8362079586047325E-06
  1.5160662735444603E+00  2.0703897514659692E-01  3.7934012114669199E-06
  1.5311703885005559E+00  2.0661958186066637E-01  3.7510074476423692E-06
  1.5464249812375943E+00  2.0618913037926442E-01  3.7090225343777125E-06
  1.5618315509207144E+00  2.0580255160096367E-01  3.6674424114683694E-06
  1.5773916116507849E+00  2.0542152221706594E-01  3.6262631141412742E-06
  1.5931066926132098E+00  2.0499917207612428E-01  3.5854808566660019E-06
  1.6089783382282117E+00  2.0455282445996684E-01  3.5450921412391144E-06
  1.6250081083026093E+00  2.0409889890067878E-01  3.5050938101525226E-06
  1.6411975781831092E+00  2.0364218946246299E-01  3.4654829993770097E-06
  1.6575483389111263E+00  2.0321612921820470E-01  3.4262570109435268E-06
  1.6740619973791477E+00  2.0277515223118273E-01  3.3874131575253977E-06
  1.6907401764886469E+00  2.0236118756766883E-01  3.3489486315784669E-06
  1.7075845153095801E+00  2.0196872524949999E-01  3.3108604561456249E-06
  1.7245966692414698E+00  2.0156154757008476E-01  3.2731455947801297E-06
  1.7417783101760862E+00  2.0118387420130979E-01  3.2358010160141576E-06
  1.7591311266617571E+00  2.0077808618440046E-01  3.1988236958602452E-06
  1.7766568240693146E+00  2.0039565910431426E-01  3.1622106175229707E-06
  1.7943571247596908E+00  1.9999514266758142E-01  3.1259587525048144E-06
  1.8122337682531815E+00  1.9955774913047319E-01  3.0900650345621485E-06
  1.8302885114004046E+00  1.9912476425819420E-01  3.0545263746114467E-06
  1.8485231285549575E+00  1.9865985578644374E-01  3.0193397411447847E-06
  1.8669394117477889E+00  1.9822471787830589E-01  2.9845022876421682E-06
  1.8855391708633165E+00  1.9778267687769327E-01  2.9500114821791988E-06
  1.9043242338172979E+00  1.9738254103321656E-01  2.9158651970265665E-06
  1.9232964467364662E+00  1.9698846510029902E-01  2.8820617197720647E-06
  1.9424576741399620E+00  1.9655687318809117E-01  2.8485995344645721E-06
  1.9618097991225760E+00  1.9615455602734000E-01  2.8154771120418663E-06
  1.9813547235398099E+00  1.9570029356867191E-01  2.7826928929889945E-06
  2.0010943681947766E+00  1.9528703111818677E-01  2.7502452846404013E-06
  2.0210306730269818E+00  1.9484369016106279E-01  2.7181326594409593E-06
  2.0411655973029683E+00  1.9442616732188051E-01  2.6863533650457622E-06
  2.0615011198088631E+00  1.9406078367128013E-01  2.6549057445505255E-06
  2.0820392390448474E+00  1.9371238679795758E-01  2.6237881575730427E-06
  2.1027819734215667E+00  1.9331716618463754E-01  2.5929989938017688E-06
  2.1237313614584834E+00  1.9293685834675844E-01  2.5625366749885314E-06
  2.1448894619842203E+00  1.9250719563834667E-01  2.5323996466030255E-06
  2.1662583543388956E+00  1.9207760770426444E-01  2.5025863634605417E-06
  2.1878401385784745E+00  1.9163328604728480E-01  2.4730952684268092E-06
  2.2096369356811434E+00  1.9120180859001126E-01  2.4439247724508656E-06
  2.2316508877557668E+00  1.9077520678207460E-01  2.4150732522651771E-06
  2.2538841582523994E+00  1.9035684716299262E-01  2.3865390520076188E-06
  2.2763389321748990E+00  1.8994699240174431E-01  2.3583204831733078E-06
  2.2990174162956629E+00  1.8953101047833962E-01  2.3304158579660588E-06
  2.3219218393725063E+00  1.8912503223873822E-01  2.3028236732687212E-06
  2.3450544523676879E+00  1.8874220476968581E-01  2.2755430343371544E-06
  2.3684175286691307E+00  1.8834549700135189E-01  2.2485742745509263E-06
  2.3920133643138444E+00  1.8793085562227144E-01  2.2219196103605371E-06
  2.4158442782135694E+00  1.8754186913767457E-01  2.1955836376226446E-06
  2.4399126123826638E+00  1.8713404607181719E-01  2.1695735360438218E-06
  2.4642207321682812E+00  1.8672294000886736E-01  2.1438985601270632E-06
  2.4887710264828207E+00  1.8629662279359249E-01  2.1185682194196599E-06
  2.5135659080386987E+00  1.8589408980042424E-01  2.0935915467880593E-06
  2.5386078135854646E+00  1.8547439014888628E-01  2.0689770967319736E-06
  2.5638992041492776E+00  1.8506424381024908E-01  2.0447329614911547E-06
  2.5894425652747612E+00  1.8460513420373550E-01  2.0208667777589649E-06
  2.6152404072692774E+00  1.8422625539293758E-01  1.9973856650294701E-06
  2.6412952654496316E+00  1.8383977823952816E-01  1.9742960231840475E-06
  2.6676097003912349E+00  1.8343692592772565E-01  1.9516031825206461E-06
  2.6941862981797362E+00  1.8304273954877912E-01  1.9293109802069843E-06
  2.7210276706651908E+00  1.8266588373384543E-01  1.9074213832366969E-06
  2.7481364557187344E+00  1.8226926786817521E-01  1.8859342662691858E-06
  2.7755153174918217E+00  1.8186714445981547E-01  1.8648475013428467E-06
  2.8031669466780502E+00  1.8140182789358300E-01  1.8441580355682871E-06
  2.8310940607775978E+00  1.8100594576962017E-01  1.8238627660048563E-06
  2.8592994043642812E+00  1.8059531769384080E-01  1.8039586054440188E-06
  2.8877857493552841E+00  1.8015881634458344E-01  1.7844424811203416E-06
  2.9165558952835755E+00  1.7979290169733944E-01  1.7653113422093659E-06
  2.9456126695730349E+00  1.7937210620490521E-01  1.7465623375690628E-06
  2.9749589278163135E+00  1.7903062069938136E-01  1.7281934503832777E-06
  3.0045975540554850E+00  1.7865125732276230E-01  1.7102047333023595E-06
  3.0345314610654723E+00  1.7823579229299413E-01  1.6926000064131229E-06
  3.0647635906402995E+00  1.7786788687832225E-01  1.6753886423556473E-06
  3.0952969138822053E+00  1.7745197255553813E-01  1.6585869851763364E-06
  3.1261344314936368E+00  1.7705971454757671E-01  1.6422189532046448E-06
  3.1572791740721375E+00  1.7667418869092047E-01  1.6263132605190015E-06
  3.1887342024081864E+00  1.7627350365648659E-01  1.6108986151112468E-06
  3.2205026077860084E+00  1.7587641446558400E-01  1.5960029739712462E-06
  3.2525875122873695E+00  1.7546548259932718E-01  1.5816536468268509E-06
  3.2849920690983918E+00  1.7510680359554598E-01  1.5678774102980502E-06
  3.3177194628194600E+00  1.7474427009047869E-01  1.5547005591628964E-06
  3.3507729097781764E+00  1.7437019631997730E-01  1.5421486845881189E-06
  3.3841556583454513E+00  1.7399854300778553E-01  1.5302459891081007E-06
  3.4178709892547432E+00  1.7364567913008147E-01  1.5190141260092362E-06
  3.4519222159244816E+00  1.7327847733777010E-01  1.5084707569033958E-06
  3.4863126847836878E+00  1.7294114611022693E-01  1.4986281631021663E-06
  3.5210457756008551E+00  1.7259078998896482E-01  1.4894922646537591E-06
  3.5561249018161050E+00  1.7224422480631549E-01  1.4810635662528712E-06
  3.5915535108766377E+00  1.7187639078018210E-01  1.4733417655184521E-06
  3.6273350845755368E+00  1.7152146020918696E-01  1.4663274998794990E-06
  3.6634731393939552E+00  1.7113774729148423E-01  1.4600224047390015E-06
  3.6999712268466944E+00  1.7076399495012565E-01  1.4544291544891093E-06
  3.7368329338312338E+00  1.7038598279169115E-01  1.4495514821961231E-06
  3.7740618829802388E+00  1.7001597782615088E-01  1.4453940516309416E-06
  3.8116617330175862E+00  1.6963685208097010E-01  1.4419620222396110E-06
  3.8496361791179203E+00  1.6933300431189743E-01  1.4392602171110197E-06
  3.8879889532698035E+00  1.6901514215903063E-01  1.4372919293420675E-06
  3.9267238246424911E+00  1.6872193894925352E-01  1.4360575372449282E-06
  3.9658445999563434E+00  1.6841301226004671E-01  1.4355531848734888E-06
  4.0053551238569280E+00  1.6811962308773770E-01  1.4357702499395138E-06
  4.0452592792928774E+00  1.6776709299291362E-01  1.4366983687259093E-06
  4.0855609878974803E+00  1.6746222881586112E-01  1.4383279180646967E-06
  4.1262642103740736E+00  1.6710226990883351E-01  1.4406501030685324E-06
  4.1673729468853091E+00  1.6679888979721499E-01  1.4436568937865371E-06
  4.2088912374462630E+00  1.6646469515985096E-01  1.4473409583701619E-06
  4.2508231623214616E+00  1.6612351763453570E-01  1.4516954581550524E-06
  4.2931728424258981E+00  1.6580904812592986E-01  1.4567134021423717E-06
  4.3359444397300120E+00  1.6549258644347611E-01  1.4623862399919898E-06
  4.3791421576686895E+00  1.6518975086865492E-01  1.4687014961315103E-06
  4.4227702415544137E+00  1.6485985830711708E-01  1.4756394878733241E-06
  4.4668329789944217E+00  1.6454840808714227E-01  1.4831694668993985E-06
  4.5113347003120952E+00  1.6425032580565221E-01  1.4912460790580607E-06
  4.5562797789725646E+00  1.6393156366927669E-01  1.4998125759641266E-06
  4.6016726320124510E+00  1.6360013918608296E-01  1.5088087442071809E-06
  4.6475177204740099E+00  1.6329668333477770E-01  1.5181719529507594E-06
  4.6938195498435258E+00  1.6297998494010132E-01  1.5278369318895953E-06
  4.7405826704940841E+00  1.6262984378563278E-01  1.5377355772214600E-06
  4.7878116781327886E+00  1.6230395216617952E-01  1.5477968237779032E-06
  4.8355112142524002E+00  1.6196130737322995E-01  1.5579467202298801E-06
  4.8836859665874686E+00  1.6164792175622825E-01  1.5681089129294831E-06
  4.9323406695750549E+00  1.6130959644399928E-01  1.5782057470442649E-06
  4.9814801048200055E+00  1.6096580636209573E-01  1.5881601163407036E-06
  5.0311091015648461E+00  1.6057767967874456E-01  1.5978980195901404E-06
  5.0812325371644187E+00  1.5983970009086831E-01  1.6073515191991693E-06
  5.1318553375651952E+00  7.9911484858667962E-04  1.6164591021343210E-06
  5.1829824777893583E+00  2.8150097158365507E-04  1.6251598640401705E-06
  5.2346189824237719E+00  1.7209120821562465E-04  1.6333914657837890E-06
  5.2867699261137497E+00  1.2450985914775519E-04  1.6410902769340795E-06
  5.3394404340617632E+00  9.7854110042569080E-05  1.6481915690074858E-06
  5.3926356825311776E+00  8.0778534153294883E-05  1.6546297630562435E-06
  5.4463608993548931E+00  6.8881950274895604E-05  1.6603388758108556E-06
  5.5006213644491426E+00  6.0099597458439474E-05  1.6652534356157461E-06
  5.5554224103324197E+00  5.3334434560186793E-05  1.6693102284891737E-06
  5.6107694226494687E+00  4.7949702183414270E-05  1.6724512344501745E-06
  5.6666678407006197E+00  4.3550506964820792E-05  1.6746279450269825E-06
  5.7231231579763291E+00  3.9879112722450672E-05  1.6758068846912501E-06
  5.7801409226970408E+00  3.6760831949862219E-05  1.6759735513184787E-06
  5.8377267383584721E+00  3.4073361813374140E-05  1.6751235841918482E-06
  5.8958862642822947E+00  3.1728153887278441E-05  1.6732552544646014E-06
  5.9546252161722952E+00  2.9659501185154954E-05  1.6703690779256284E-06
  6.0139493666761217E+00  2.7817630843087452E-05  1.6664678089947461E-06
  6.0738645459525875E+00  2.6164159985347001E-05  1.6615564275305977E-06
  6.1343766422446135E+00  2.4669022361681517E-05  1.6556421491020861E-06
  6.1954916024579472E+00  2.3308338902193677E-05  1.6487345418478826E-06
  6.2572154327455749E+00  2.2062910810681071E-05  1.6408458843382078E-06
  6.3195541990979729E+00  2.0917133784919205E-05  1.6319919353690424E-06
  6.3825140279392869E+00  1.9858205229242497E-05  1.6221932735760675E-06
  6.4461011067293912E+00  1.8875547478798609E-05  1.6114772629162233E-06
  6.5103216845719514E+00  1.7960434553111632E-05  1.5998802095015314E-06
  6.5751820728286239E+00  1.7105674960049318E-05  1.5874451141163633E-06
  6.6406886457392416E+00  1.6305187658937540E-05  1.5742166464464047E-06
  6.7068478410482761E+00  1.5553770990456538E-05  1.5602402647665609E-06
  6.7736661606375677E+00  1.4846946064426021E-05  1.5455620005914711E-06
  6.8411501711652107E+00  1.4180832133014297E-05  1.5302282513706803E-06
  6.9093065047109796E+00  1.3552046630271613E-05  1.5142855916733872E-06
  6.9781418594280753E+00  1.2957624404541860E-05  1.4977805980138276E-06
  7.0476630002013767E+00  1.2394951993698317E-05  1.4807596686530043E-06
  7.1178767593123089E+00  1.1861713735749580E-05  1.4632688073809307E-06
  7.1887900371102704E+00  1.1355847116736796E-05  1.4453533298505470E-06
  7.2604098026907611E+00  1.0875504880280590E-05  1.4270574538875637E-06
  7.3327430945803149E+00  1.0419019761604342E-05  1.4084237694853091E-06
  7.4057970214281994E+00  9.9848726264462656E-06  1.3894930510057290E-06
  7.4795787627050103E+00  9.5716827401788780E-06  1.3703049244708899E-06
  7.5540955694082816E+00  9.1781949410290759E-06  1.3508980318765328E-06
  7.6293547647750701E+00  8.8032638936965222E-06  1.3313099536904240E-06
  7.7053637450016277E+00  8.4458406527840969E-06  1.3115771443663741E-06
  7.7821299799703239E+00  8.1049611801376425E-06  1.2917348586481482E-06
  7.8596610139837315E+00  7.7797364543145352E-06  1.2718170372978260E-06
  7.9379644665060223E+00  7.4693438412163279E-06  1.2518561157592672E-06
  8.0170480329118678E+00  7.1730193667454592E-06  1.2318827085716562E-06
  8.0969194852426050E+00  6.8900503946204226E-06  1.2119251250789326E-06
  8.1775866729701008E+00  6.6197677340564867E-06  1.1920086975169051E-06
  8.2590575237682078E+00  6.3615342458526094E-06  1.1721549569444405E-06
  8.3413400442917656E+00  6.1147279815808645E-06  1.1523812608214625E-06
  8.4244423209635535E+00  5.8787534817408570E-06  1.1327028499352527E-06
  8.5083725207689689E+00  5.6530551665153902E-06  1.1131342153124225E-06
  8.5931388920586098E+00  5.4371144616813616E-06  1.0936891536055512E-06
  8.6787497653589565E+00  5.2304464812314326E-06  1.0743807639357430E-06
  8.7652135541910283E+00  5.0325970848662215E-06  1.0552214515644169E-06
  8.8525387558972177E+00  4.8431402713699496E-06  1.0362229455382141E-06
  8.9407339524764229E+00  4.6616758529442730E-06  1.0173963162906824E-06
  9.0298078114274301E+00  4.4878273378754102E-06  9.9875196524153420E-07
  9.1197690866006962E+00  4.3212398986301568E-06  9.8029954262442082E-07
  9.2106266190587043E+00  4.1615781552577358E-06  9.6204773674081439E-07
  9.3023893379447955E+00  4.0085230067732450E-06  9.4400388063905743E-07
  9.3950662613606681E+00  3.8617656846019436E-06  9.2617344024913147E-07
  9.4886664972527033E+00  3.7210072922650445E-06  9.0856046216364223E-07
  9.5831992443070249E+00  3.5859654625633365E-06  8.9116854177974122E-07
  9.6786737928534858E+00  3.4563741710456175E-06  8.7400094476485101E-07
  9.7750995257787512E+00  3.3319825378395233E-06  8.5706061629390221E-07
  9.8724859194483798E+00  3.2125537370969973E-06  8.4035019029567324E-07
  9.9708425446380797E+00  3.0978639988390633E-06  8.2387199505143228E-07
  1.0070179067474417E+01  2.9877016971850173E-06  8.0762805894399433E-07
  1.0170505250384618E+01  2.8818665283949452E-06  7.9162012605376258E-07
  1.0271830953056055E+01  2.7801687983246806E-06  7.7584969681683105E-07
  1.0374166133405279E+01  2.6824288781048880E-06  7.6031811465188292E-07
  1.0477520848556512E+01  2.5884769970355078E-06  7.4502672131454591E-07
  1.0581905255830140E+01  2.4981538727680641E-06  7.2997708940986231E-07
  1.0687329613740896E+01  2.4113109626445932E-06  7.1517103188674333E-07
  1.0793804283005997E+01  2.3278073158826477E-06  7.0061014192207515E-07
  1.0901339727563414E+01  2.2475082673920840E-06  6.8629567361674266E-07
  1.1009946515600211E+01  2.1702850934324343E-06  6.7222855602865717E-07
  1.1119635320591099E+01  2.0960146976789793E-06  6.5840940820064321E-07
  1.1230416922347464E+01  2.0245793176680416E-06  6.4483855263065111E-07
  1.1342302208076733E+01  1.9558662425782244E-06  6.3151602106477176E-07
  1.1455302173452278E+01  1.8897675253601590E-06  6.1844154161224420E-07
  1.1569427923694128E+01  1.8261796578530195E-06  6.0561449165804425E-07
  1.1684690674660285E+01  1.7650031458095682E-06  5.9303379757136435E-07
  1.1801101753948965E+01  1.7061418411813420E-06  5.8069776256716854E-07
  1.1918672602011890E+01  1.6495016530030135E-06  5.6860381270268340E-07
  1.2037414773278575E+01  1.5949889062950463E-06  5.5674836738825016E-07
  1.2157339937291825E+01  1.5425126148479169E-06  5.4512748345782368E-07
  1.2278459879854687E+01  1.4919862266832601E-06  5.3373724265133399E-07
  1.2400786504188568E+01  1.4433274369122973E-06  5.2257376467151374E-07
  1.2524331832103114E+01  1.3964579441709603E-06  5.1163320716419021E-07
  1.2649108005177737E+01  1.3513032237843436E-06  5.0091176621815307E-07
  1.2775127285954689E+01  1.3077923174690635E-06  4.9040567831774392E-07
  1.2902402059144308E+01  1.2658576386849859E-06  4.8011122375492321E-07
  1.3030944832842106E+01  1.2254347927167201E-06  4.7002473113922133E-07
  1.3160768239757967E+01  1.1864624104378678E-06  4.6014258216254497E-07
  1.3291885038457728E+01  1.1488819941547633E-06  4.5046121512635560E-07
  1.3424308114617000E+01  1.1126377722071908E-06  4.4097712515987659E-07
  1.3558050482287490E+01  1.0776765526588082E-06  4.3168685888138295E-07
  1.3693125285176047E+01  1.0439475633442714E-06  4.2258700470107939E-07
  1.3829545797936342E+01  1.0114023095293774E-06  4.1367418860616533E-07
  1.3967325427473417E+01  9.7999445544304550E-07  4.0494507433741442E-07
  1.4106477714261334E+01  9.4967971405628818E-07  3.9639636388529673E-07
  1.4247016333673848E+01  9.2041574341605014E-07  3.8802479799646278E-07
  1.4388955097328338E+01  8.9216204911654854E-07  3.7982715670507969E-07
  1.4532307954443235E+01  8.6487989349743162E-07  3.7180026075123847E-07
  1.4677088993208866E+01  8.3853221312953025E-07  3.6394097531317842E-07
  1.4823312442171920E+01  8.1308354773091058E-07  3.5624621792841965E-07
  1.4970992671633955E+01  7.8849998707824552E-07  3.4871297285928876E-07
  1.5120144195063451E+01  7.6474915068643143E-07  3.4133831416222373E-07
  1.5270781670522235E+01  7.4180023083596236E-07  3.3411943727065583E-07
  1.5422919902106116E+01  7.1962394657975382E-07  3.2705364797518157E-07
  1.5576573841399568E+01  6.9819223988319739E-07  3.2013828696849502E-07
  1.5731758588945302E+01  6.7747815895577296E-07  3.1337071332719178E-07
  1.5888489395728215E+01  6.5745580993033869E-07  3.0674830593573287E-07
  1.6046781664674157E+01  6.3810031112380101E-07  3.0026846484033436E-07
  1.6206650952163773E+01  6.1938774846710550E-07  2.9392861149714489E-07
  1.6368112969561281E+01  6.0129513066640548E-07  2.8772618680337155E-07
  1.6531183584758466E+01  5.8380034222549012E-07  2.8165864573762398E-07
  1.6695878823734230E+01  5.6688209134415686E-07  2.7572344725245499E-07
  1.6862214872129506E+01  5.5051984748182078E-07  2.6991803803419626E-07
  1.7030208076837880E+01  5.3469375843002280E-07  2.6423982902628820E-07
  1.7199874947612198E+01  5.1938452490870630E-07  2.5868616459547332E-07
  1.7371232158687047E+01  5.0457329269079740E-07  2.5325431524693843E-07
  1.7544296550417364E+01  4.9024184932828685E-07  2.4794156687102807E-07
  1.7719085130933564E+01  4.7637272542097856E-07  2.4274526430030542E-07
  1.7895615077812980E+01  4.6294916391250942E-07  2.3766281106409017E-07
  1.8073903739767939E+01  4.4995508745423508E-07  2.3269166801264045E-07
  1.8253968638350930E+01  4.3737506784192260E-07  2.2782935235481218E-07
  1.8435827469676319E+01  4.2519429794070980E-07  2.2307343756362546E-07
  1.8619498106159561E+01  4.1339856636034277E-07  2.1842155436720855E-07
  1.8804998598273770E+01  4.0197423529697722E-07  2.1387139300211212E-07
  1.8992347176323381E+01  3.9090822229621034E-07  2.0942070685124214E-07
  1.9181562252235985E+01  3.8018798737622368E-07  2.0506731746067280E-07
  1.9372662421371693E+01  3.6980152851704863E-07  2.0080912071373198E-07
  1.9565666464350581E+01  3.5973738328540267E-07  1.9664409077372080E-07
  1.9760593348898478E+01  3.4998457158103186E-07  1.9257026020705514E-07
  1.9957462231710995E+01  3.4053252654109052E-07  1.8858569971046054E-07
  2.0156292460336122E+01  3.3137107353999336E-07  1.8468851613184342E-07
  2.0357103575075726E+01  3.2249041422421888E-07  1.8087685203631789E-07
  2.0559915310905879E+01  3.1388111100405306E-07  1.7714888501833014E-07
  2.0764747599416243E+01  3.0553407150124578E-07  1.7350282633577476E-07
  2.0971620570769023E+01  2.9744053290820738E-07  1.6993691891049206E-07
  2.1180554555677197E+01  2.8959204635755563E-07  1.6644943493227167E-07
  2.1391570087402503E+01  2.8198046144036662E-07  1.6303867339995923E-07
  2.1604687903773485E+01  2.7459791113774966E-07  1.5970295808084185E-07
  2.1819928949223474E+01  2.6743679772020543E-07  1.5644063653038423E-07
  2.2037314376848837E+01  2.6048978113326351E-07  1.5325008101788145E-07
  2.2256865550488083E+01  2.5374977611593090E-07  1.5012969307209466E-07
  2.2478604046821101E+01  2.4720995285157774E-07  1.4707790799976008E-07
  2.2702551657489806E+01  2.4086372854214590E-07  1.4409319494977019E-07
  2.2928730391239856E+01  2.3470475761668305E-07  1.4117405622897713E-07
  2.3157162476083297E+01  2.2872692267478100E-07  1.3831902692176592E-07
  2.3387870361483316E+01  2.2292432701086708E-07  1.3552667561653853E-07
  2.3620876720560378E+01  2.1729128906435555E-07  1.3279560651722033E-07
  2.3856204452320398E+01  2.1182233884605355E-07  1.3012446282118274E-07
  2.4093876683905325E+01  2.0651221650118625E-07  1.2751193116179441E-07
  2.4333916772865880E+01  2.0135587334901141E-07  1.2495674677896710E-07
  2.4576348309457035E+01  1.9634847607712414E-07  1.2245769888835684E-07
  2.4821195118956478E+01  1.9148541527039700E-07  1.2001363539420988E-07
  2.5068481264006003E+01  1.8676230010929853E-07  1.1762345777462441E-07
  2.5318231046976262E+01  1.8217490059380565E-07  1.1528609370400569E-07
  2.5570469012355211E+01  1.7771912026542237E-07  1.1300048658850646E-07
  2.5825219949160211E+01  1.7339099145117471E-07  1.1076559543643197E-07
  2.6082508893374104E+01  1.6918667097039370E-07  1.0858039479380431E-07
  2.6342361130405834E+01  1.6510243539006157E-07  1.0644387410615384E-07
  2.6604802197575307E+01  1.6113467552966924E-07  1.0435503625170855E-07
  2.6869857886623002E+01  1.5727989025924207E-07  1.0231289536342849E-07
  2.7137554246244989E+01  1.5353467962950581E-07  1.0031647412699279E-07
  2.7407917584652548E+01  1.4989573732584262E-07  9.8364800800216705E-08
  2.7680974472157793E+01  1.4635984238476173E-07  9.6456906296309586E-08
  2.7956751743785077E+01  1.4292385003656655E-07  9.4591821800229192E-08
  2.8235276501907897E+01  1.3958468492532056E-07  9.2768579070024978E-08
  2.8516576118912688E+01  1.3633935739122666E-07  9.0986222117589947E-08
  2.8800678239888800E+01  1.3318497740213491E-07  8.9243815824320797E-08
  2.9087610785345245E+01  1.3011875219019874E-07  8.7540446074187068E-08
  2.9377401953954806E+01  1.2713798261324177E-07  8.5875219309119625E-08
  2.9670080225325226E+01  1.2424005887868729E-07  8.4247262112117619E-08
  2.9965674362797952E+01  1.2142245488574610E-07  8.2655720800919560E-08
  3.0264213416275112E+01  1.1868272145700818E-07  8.1099760686988316E-08
  3.0565726725074303E+01  1.1601848221192238E-07  7.9578564557649747E-08
  3.0870243920811898E+01  1.1342743433315330E-07  7.8091329888677623E-08
  3.1177794930315279E+01  1.1090734639665576E-07  7.6637264215047641E-08
  3.1488409978563872E+01  1.0845604494022517E-07  7.5215578015327598E-08
  3.1802119591659441E+01  1.0607139115231299E-07  7.3825475384384164E-08
  3.2118954599826260E+01  1.0375128249243605E-07  7.2466159594389095E-08
  3.2438946140440919E+01  1.0149368502699636E-07  7.1136852868987091E-08
  3.2762125661092277E+01  9.9296636727038788E-08  6.9836799115034596E-08
  3.3088524922672214E+01  9.7158244707133810E-08  6.8565263259514557E-08
  3.3418176002496885E+01  9.5076682807338862E-08  6.7321530779978128E-08
  3.3751111297459026E+01  9.3050190110266991E-08  6.6104908024873247E-08
  3.4087363527212140E+01  9.1077072037942919E-08  6.4914724855605411E-08
  3.4426965737385679E+01  8.9155706342838703E-08  6.3750341550613454E-08
  3.4769951302832801E+01  8.7284557047136085E-08  6.2611162093972809E-08
  3.5116353930910556E+01  8.5462200957287466E-08  6.1496656281976362E-08
  3.5466207664792087E+01  8.3687374641991371E-08  6.0406393424425487E-08
  3.5819546886812610E+01  8.1959054983356055E-08  5.9340089821562004E-08
  3.6176406321848276E+01  8.0276488232526764E-08  5.8297614154685547E-08
  3.6536821040728682E+01  7.8638989694494840E-08  5.7278863349066684E-08
  3.6900826463683721E+01  7.7045864065942372E-08  5.6283716510781492E-08
  3.7268458363824465E+01  7.5496406609075260E-08  5.5312035857387992E-08
  3.7639752870658654E+01  7.3989905286190809E-08  5.4363668177699733E-08
  3.8014746473641644E+01  7.2525642405540034E-08  5.3438445884110952E-08
  3.8393476025762311E+01  7.1102894261514670E-08  5.2536186279036814E-08
  3.8775978747164729E+01  6.9720926404056662E-08  5.1656686947361773E-08
  3.9162292228806265E+01  6.8378981629816222E-08  5.0799715009469759E-08
  3.9552454436151692E+01  6.7076256608637046E-08  4.9964987656766653E-08
  3.9946503712904416E+01  6.5811860523647324E-08  4.9152140937668478E-08
  4.0344478784774573E+01  6.4584743900720661E-08  4.8360683341831932E-08
  4.0746418763285078E+01  6.3393622204199325E-08  4.7589956921805863E-08
  4.1152363149615269E+01  6.2237123206469310E-08  4.6839239430686343E-08
  4.1562351838482783E+01  6.1113927123493420E-08  4.6107832346523148E-08
  4.1976425122064533E+01  6.0022771404790822E-08  4.5395064306660812E-08
  4.2394623693956341E+01  5.8962447888139015E-08  4.4700289869518839E-08
  4.2816988653172039E+01  5.7931800249131913E-08  4.4022888471842278E-08
  4.3243561508182751E+01  5.6929722160981575E-08  4.3362263993387498E-08
  4.3674384180996071E+01  5.5955156945592203E-08  4.2717845618755853E-08
  4.4109499011276036E+01  5.5007099695418542E-08  4.2089090763900987E-08
  4.4548948760503990E+01  5.4084603116436411E-08  4.1475490939902794E-08
  4.4992776616181224E+01  5.3186788979376389E-08  4.0876581605653596E-08
  4.5441026196073253E+01  5.2312868504179578E-08  4.0291957271274323E-08
  4.5893741552496138E+01  5.1462172985411155E-08  3.9721290386174644E-08
  4.6350967176646193E+01  5.0634129516475818E-08  3.9164311730062080E-08
  4.6812748002972178E+01  4.9828191154556096E-08  3.8620764188676658E-08
  4.7279129413591193E+01  4.9043826577254604E-08  3.8090396256843941E-08
  4.7750157242748969E+01  4.8280519812252242E-08  3.7572962073361116E-08
  4.8225877781324051E+01  4.7537769820226480E-08  3.7068221394249367E-08
  4.8706337781377215E+01  4.6815088958448797E-08  3.6575938441196953E-08
  4.9191584460745894E+01  4.6111997813504404E-08  3.6095877356570138E-08
  4.9681665507684883E+01  4.5428013132066263E-08  3.5627791492107636E-08
  5.0176629085552769E+01  4.4762624707617241E-08  3.5171403338015827E-08
  5.0676523837545147E+01  4.4115255105654443E-08  3.4726371132586555E-08
  5.1181398891475375E+01  4.3485192169326562E-08  3.4292237159693537E-08
  5.1691303864602524E+01  4.2871479439411819E-08  3.3868353410872733E-08
  5.2206288868507428E+01  4.2272890077916803E-08  3.3453875991683212E-08
  5.2726404514017766E+01  4.1688173575572422E-08  3.3047940362202200E-08
  5.3251701916181716E+01  4.1116138614240275E-08  3.2649718058053137E-08
  5.3782232699291441E+01  4.0555650505725333E-08  3.2258415383426312E-08
  5.4318049001956332E+01  4.0005628223808208E-08  3.1873271653109195E-08
  5.4859203482227322E+01  3.9465042635364367E-08  3.1493558543579280E-08
  5.5405749322771776E+01  3.8932919358804830E-08  3.1118583728032281E-08
  5.5957740236099859E+01  3.8408351373573126E-08  3.0747703223440131E-08
  5.6515230469843630E+01  3.7890527467209791E-08  3.0380347571620515E-08
  5.7078274812088054E+01  3.7378785293352604E-08  3.0016068218229129E-08
  5.7646928596755252E+01  3.6872702997493540E-08  2.9654612240939887E-08
  5.8221247709042821E+01  3.6372252632351571E-08  2.9296035594598614E-08
  5.8801288590915831E+01  3.5877944797676173E-08  2.8940792935295426E-08
  5.9387108246653817E+01  3.5390512567736901E-08  2.8589498147066200E-08
  5.9978764248452741E+01  3.4910656612480118E-08  2.8242742553975437E-08
  6.0576314742083305E+01  3.4439035578053687E-08  2.7901087927434771E-08
  6.1179818452605140E+01  3.3976267951832517E-08  2.7565067578342116E-08
  6.1789334690137920E+01  3.3522933648910138E-08  2.7235187310763781E-08
  6.2404923355690464E+01  3.3079573637059980E-08  2.6911924456540494E-08
  6.3026644947047465E+01  3.2646684274938113E-08  2.6595722050270472E-08
  6.3654560564714728E+01  3.2224702251959112E-08  2.6286974643245824E-08
  6.4288731917924338E+01  3.1813974625176855E-08  2.5986001382903986E-08
  6.4929221330699022E+01  3.1414705315784354E-08  2.5693000622507135E-08
  6.5576091747976889E+01  3.1026864109274311E-08  2.5407978546970845E-08
  6.6229406741797845E+01  3.0650058548924795E-08  2.5130659208377036E-08
  6.6889230517550970E+01  3.0283641414773244E-08  2.4860575010033890E-08
  6.7555627920284493E+01  2.9926963312042629E-08  2.4597254649360425E-08
  6.8228664441078266E+01  2.9579401918037729E-08  2.4340244565985222E-08
  6.8908406223480384E+01  2.9240360413351924E-08  2.4089107926184658E-08
  6.9594920070007362E+01  2.8909266087273100E-08  2.3843423681052864E-08
  7.0288273448708992E+01  2.8585569315201173E-08  2.3602785985576972E-08
  7.0988534499799243E+01  2.8268743501081862E-08  2.3366804595238967E-08
  7.1695772042352715E+01  2.7958287096037218E-08  2.3135107027511553E-08
  7.2410055581067610E+01  2.7653728819010361E-08  2.2907343475231651E-08
  7.3131455313096936E+01  2.7354637761199852E-08  2.2683195786545899E-08
  7.3860042134946795E+01  2.7060641214530259E-08  2.2462392271738336E-08
  7.4595887649444123E+01  2.6771453869537872E-08  2.2244729843695215E-08
  7.5339064172773121E+01  2.6486880238628050E-08  2.2030073617678236E-08
  7.6089644741582802E+01  2.6206749606053140E-08  2.1818306624161660E-08
  7.6847703120164439E+01  2.5930896747576065E-08  2.1609315324122702E-08
  7.7613313807700621E+01  2.5659161600576608E-08  2.1402989431979176E-08
  7.8386552045587322E+01  2.5391389044457736E-08  2.1199221819788471E-08
  7.9167493824827986E+01  2.5127428784922130E-08  2.0997908446164925E-08
  7.9956215893501493E+01  2.4867135451991455E-08  2.0798948448207639E-08
  8.0752795764305134E+01  2.4610369025971815E-08  2.0602244605099906E-08
  8.1557311722171889E+01  2.4356995962639792E-08  2.0407704434230168E-08
  8.2369842831964249E+01  2.4106891567004031E-08  2.0215242270627699E-08
  8.3190468946244053E+01  2.3859944143849361E-08  2.0024782809344920E-08
  8.4019270713120548E+01  2.3616061943990781E-08  1.9836266742266491E-08
  8.4856329584175995E+01  2.3375179087667824E-08  1.9649654992069257E-08
  8.5701727822470133E+01  2.3137241120216033E-08  1.9464917055137639E-08
  8.6555548510625272E+01  2.2902195054144945E-08  1.9282023248162536E-08
  8.7417875558991028E+01  2.2669989067817541E-08  1.9100944432716395E-08
  8.8288793713890470E+01  2.2440572473355900E-08  1.8921652003453049E-08
  8.9168388565949186E+01  2.2213895594744163E-08  1.8744117875717529E-08
  9.0056746558506489E+01  2.1989909665621904E-08  1.8568314435883190E-08
  9.0953954996111008E+01  2.1768566670087353E-08  1.8394214381448306E-08
  9.1860102053100107E+01  2.1549818962169817E-08  1.8221790356477169E-08
  9.2775276782266019E+01  2.1333618503919943E-08  1.8051014253595049E-08
  9.3699569123607318E+01  2.1119915480684162E-08  1.7881856001363394E-08
  9.4633069913167645E+01  2.0908655868846631E-08  1.7714281584434892E-08
  9.5575870891963177E+01  2.0699778108925445E-08  1.7548250540410289E-08
  9.6528064714998521E+01  2.0493216087980246E-08  1.7383718531386386E-08
  9.7489744960372008E+01  2.0288904903376249E-08  1.7220641956213728E-08
  9.8461006138472911E+01  2.0086781446742676E-08  1.7058978394104343E-08
  9.9441943701269125E+01  1.9886784453410730E-08  1.6898686580333229E-08
  1.0043265405168810E+02  1.9688854413812654E-08  1.6739726362549079E-08
  1.0143323455309051E+02  1.9492933403387136E-08  1.6582058654589769E-08
  1.0244378353883937E+02  1.9298965061102841E-08  1.6425645462167828E-08
  1.0346440032196359E+02  1.9106894782580704E-08  1.6270450083519871E-08
  1.0449518520491780E+02  1.8916670348884252E-08  1.6116437624032599E-08
  1.0553623948944028E+02  1.8728243265092545E-08  1.5963576023880301E-08
  1.0658766548650826E+02  1.8541570818626348E-08  1.5811837882913796E-08
  1.0764956652639232E+02  1.8356619304989182E-08  1.5661203338679181E-08
  1.0872204696881192E+02  1.8173364251428856E-08  1.5511659980623805E-08
  1.0980521221319113E+02  1.7991783456022508E-08  1.5363197053857438E-08
  1.1089916870901708E+02  1.7811855165832307E-08  1.5215804011350681E-08
  1.1200402396630093E+02  1.7633558098797062E-08  1.5069470509736704E-08
  1.1311988656614433E+02  1.7456871410695552E-08  1.4924186419599361E-08
  1.1424686617140993E+02  1.7281774649953639E-08  1.4779941846339328E-08
  1.1538507353749837E+02  1.7108247752948659E-08  1.4636727155235387E-08
  1.1653462052323357E+02  1.6936271113798275E-08  1.4494532990600322E-08
  1.1769562010185547E+02  1.6765825662479324E-08  1.4353350275635285E-08
  1.1886818637212225E+02  1.6596892801284283E-08  1.4213170173505843E-08
  1.2005243456952428E+02  1.6429454202738901E-08  1.4073983981111044E-08
  1.2124848107760852E+02  1.6263491622119530E-08  1.3935782915429820E-08
  1.2245644343941655E+02  1.6098986647103297E-08  1.3798557902314972E-08
  1.2367644036903576E+02  1.5935920785648349E-08  1.3662299852790332E-08
  1.2490859176326683E+02  1.5774275920116119E-08  1.3526999851902598E-08
  1.2615301871340645E+02  1.5614034446561045E-08  1.3392649159207388E-08
  1.2740984351714734E+02  1.5455179031228886E-08  1.3259239199078205E-08
  1.2867918969059787E+02  1.5297692568585785E-08  1.3126761554916293E-08
  1.2996118198042049E+02  1.5141558313200175E-08  1.2995207989787488E-08
  1.3125594637609098E+02  1.4986760026953485E-08  1.2864570526741545E-08
  1.3256361012228101E+02  1.4833282122648083E-08  1.2734841635732188E-08
  1.3388430173136265E+02  1.4681109981719348E-08  1.2606014595196956E-08
  1.3521815099603856E+02  1.4530230691133134E-08  1.2478084127354080E-08
  1.3656528900209673E+02  1.4380634330768530E-08  1.2351047449743316E-08
  1.3792584814129421E+02  1.4232315591199033E-08  1.2224905547528784E-08
  1.3929996212436745E+02  1.4085271966815812E-08  1.2099661594257077E-08
  1.4068776599417262E+02  1.3939500925558841E-08  1.1975318668309442E-08
  1.4208939613895788E+02  1.3794999572109910E-08  1.1851879567866729E-08
  1.4350499030576671E+02  1.3651764768572407E-08  1.1729346820072679E-08
  1.4493468761397477E+02  1.3509793299332651E-08  1.1607722688942615E-08
  1.4637862856896297E+02  1.3369081744595476E-08  1.1487009168483914E-08
  1.4783695507592506E+02  1.3229626299077120E-08  1.1367207947024369E-08
  1.4930981045381401E+02  1.3091422752922453E-08  1.1248320323361755E-08
  1.5079733944942620E+02  1.2954466471040545E-08  1.1130347046670666E-08
  1.5229968825162757E+02  1.2818752047589943E-08  1.1013288040347228E-08
  1.5381700450571992E+02  1.2684272632395479E-08  1.0897141953972935E-08
  1.5534943732795062E+02  1.2551019142015611E-08  1.0781905514287930E-08
  1.5689713732016813E+02  1.2418980581411017E-08  1.0667573746390284E-08
  1.5846025658462207E+02  1.2288145728074464E-08  1.0554141391752341E-08
  1.6003894873891085E+02  1.2158503548027417E-08  1.0441603200236785E-08
  1.6163336893107942E+02  1.2030043224049676E-08  1.0329953930422943E-08
  1.6324367385486630E+02  1.1902753891632259E-08  1.0219188349685627E-08
  1.6487002176510302E+02  1.1776624642364885E-08  1.0109301244439985E-08
  1.6651257249326616E+02  1.1651644719283549E-08  1.0000287452750400E-08
  1.6817148746318591E+02  1.1527803700095537E-08  9.8921419356745453E-09
  1.6984692970690995E+02  1.1405091608387889E-08  9.7848599118683093E-09
  1.7153906388072491E+02  1.1283499135854128E-08  9.6784370916141780E-09
  1.7324805628133939E+02  1.1163018040219256E-08  9.5728700632293873E-09
  1.7497407486222622E+02  1.1043641810878904E-08  9.4681569030058812E-09
  1.7671728925012803E+02  1.0925366083834781E-08  9.3642974733502168E-09
  1.7847787076172850E+02  1.0808187109701684E-08  9.2612920619882598E-09
  1.8025599242048796E+02  1.0692100955397496E-08  9.1591407368315466E-09
  1.8205182897364801E+02  1.0577103480899901E-08  9.0578433385925404E-09
  1.8386555690940418E+02  1.0463190461320595E-08  8.9573994857905115E-09
  1.8569735447425157E+02  1.0350357548892212E-08  8.8578085815402694E-09
  1.8754740169050200E+02  1.0238600106771373E-08  8.7590698313269428E-09
  1.8941588037397503E+02  1.0127913330360052E-08  8.6611822884688648E-09
  1.9130297415186752E+02  1.0018292522736616E-08  8.5641449509493540E-09
  1.9320886848079920E+02  9.9097332727364282E-09  8.4679569446347929E-09
  1.9513375066503792E+02  9.8022317013173233E-09  8.3726178450944415E-09
  1.9707780987490881E+02  9.6957850952499292E-09  8.2781282151115650E-09
  1.9904123716538385E+02  9.5903927240058481E-09  8.1844902198897958E-09
  2.0102422549485902E+02  9.4860548056640603E-09  8.0917067428952719E-09
  2.0302696974411643E+02  9.3827712266729040E-09  7.9997803350624689E-09
  2.0504966673547776E+02  9.2805415088086579E-09  7.9087131531393988E-09
  2.0709251525214654E+02  9.1793647695966766E-09  7.8185069733277766E-09
  2.0915571605774346E+02  9.0792396501110747E-09  7.7291632074959620E-09
  2.1123947191603764E+02  8.9801645827649487E-09  7.6406829211711718E-09
  2.1334398761087303E+02  8.8821379159991345E-09  7.5530668553588769E-09
  2.1546946996629316E+02  8.7851575553314160E-09  7.4663154554715625E-09
  2.1761612786686825E+02  8.6892210482763138E-09  7.3804289124958999E-09
  2.1978417227822297E+02  8.5943258464438971E-09  7.2954072249311915E-09
  2.2197381626776945E+02  8.5004693964099757E-09  7.2112502956281002E-09
  2.2418527502564621E+02  8.4076493141874931E-09  7.1279580727431283E-09
  2.2641876588586734E+02  8.3158633031458085E-09  7.0455304922109174E-09
  2.2867450834768084E+02  8.2251087935486885E-09  6.9639671986822490E-09
  2.3095272409713934E+02  8.1353828347918462E-09  6.8832675056490633E-09
  2.3325363702888799E+02  8.0466821546278684E-09  6.8034304043738354E-09
  2.3557747326816741E+02  7.9590031905258468E-09  6.7244545704666831E-09
  2.3792446119303557E+02  7.8723420155933496E-09  6.6463383683420732E-09
  2.4029483145681357E+02  7.7866944127690654E-09  6.5690798477108941E-09
  2.4268881701075256E+02  7.7020560223863940E-09  6.4926767224318281E-09
  2.4510665312692649E+02  7.6184221373799822E-09  6.4171263182800515E-09
  2.4754857742135556E+02  7.5357873833688494E-09  6.3424254696348646E-09
  2.5001482987735693E+02  7.4541455474838499E-09  6.2685703352922912E-09
  2.5250565286913016E+02  7.3734892462982548E-09  6.1955560942978615E-09
  2.5502129118557559E+02  7.2938100080150034E-09  6.1233768382526868E-09
  2.5756199205435308E+02  7.2150991207846621E-09  6.0520262799155265E-09
  2.6012800516617767E+02  7.1373477991969653E-09  5.9814980452135962E-09
  2.6271958269935755E+02  7.0605472142083357E-09  5.9117856830706509E-09
  2.6533697934457882E+02  6.9846884647697591E-09  5.8428826736609658E-09
  2.6798045232993468E+02  6.9097625471516399E-09  5.7747824375834480E-09
  2.7065026144620407E+02  6.8357604620536599E-09  5.7074783374153549E-09
  2.7334666907238471E+02  6.7626731593603460E-09  5.6409636571898521E-09
  2.7606994020147749E+02  6.6904913359089420E-09  5.5752315388930096E-09
  2.7882034246652961E+02  6.6192055121885838E-09  5.5102748447125153E-09
  2.8159814616693535E+02  6.5488059552812502E-09  5.4460858981984797E-09
  2.8440362429500203E+02  6.4792817009073817E-09  5.3826560351384087E-09
  2.8723705256277771E+02  6.4106197826996323E-09  5.3199751178516091E-09
  2.9009870942914608E+02  6.3428065195910412E-09  5.2580323255199895E-09
  2.9298887612719449E+02  6.2758284653497484E-09  5.1968169449747170E-09
  2.9590783669185140E+02  6.2096722456632488E-09  5.1363184132891721E-09
  2.9885587798779943E+02  6.1443246924412786E-09  5.0765263175806661E-09
  3.0183328973766902E+02  6.0797729463268351E-09  5.0174303914392988E-09
  3.0484036455051057E+02  6.0160043324094042E-09  4.9590204766746928E-09
  3.0787739795055091E+02  5.9530061523579651E-09  4.9012863865619090E-09
  3.1094468840623568E+02  5.8907651891518952E-09  4.8442175753391975E-09
  3.1404253735956320E+02  5.8292668497248825E-09  4.7878024702449265E-09
  3.1717124925570835E+02  5.7684938413152126E-09  4.7320272471159093E-09
  3.2033113157294133E+02  5.7084239347232645E-09  4.6768737186308716E-09
  3.2352249485284727E+02  5.6490261020079891E-09  4.6223162500594874E-09
  3.2674565273084437E+02  5.5902622036370114E-09  4.5683235396728764E-09
  3.3000092196700558E+02  5.5320943539106988E-09  4.5148646025859280E-09
  3.3328862247719087E+02  5.4744862404773374E-09  4.4619096284609157E-09
  3.3660907736448598E+02  5.4174028233111731E-09  4.4094299527166354E-09
  3.3996261295095627E+02  5.3608100891224557E-09  4.3573980288815885E-09
  3.4334955880971529E+02  5.3046753605988109E-09  4.3057874378529667E-09
  3.4677024779731602E+02  5.2489675665306164E-09  4.2545730272943367E-09
  3.5022501608646172E+02  5.1936576197627495E-09  4.2037313287948134E-09
  3.5371420319904274E+02  5.1387195635564063E-09  4.1532414762918027E-09
  3.5723815203950556E+02  5.0841326719029671E-09  4.1030869695394660E-09
  3.6079720892855119E+02  5.0298851099697912E-09  4.0532588071337443E-09
  3.6439172363716904E+02  4.9759802719244971E-09  4.0037606574726144E-09
  3.6802204942101338E+02  4.9224386839186165E-09  3.9546102484605204E-09
  3.7168854305511871E+02  4.8692844052502048E-09  3.9058282122965578E-09
  3.7539156486896286E+02  4.8165400498689539E-09  3.8574341870248959E-09
  3.7913147878187721E+02  4.7642270834074138E-09  3.8094468000213120E-09
  3.8290865233881391E+02  4.7123661616452227E-09  3.7618836954634158E-09
  3.8672345674646590E+02  4.6609769523483943E-09  3.7147615307685369E-09
  3.9057626690974473E+02  4.6100776745371626E-09  3.6680957963486255E-09
  3.9446746146863057E+02  4.5596842874492558E-09  3.6219002001458383E-09
  3.9839742283538101E+02  4.5098087121875093E-09  3.5761852193771901E-09
  4.0236653723210748E+02  4.4604552160630032E-09  3.5309551983197564E-09
  4.0637519472874214E+02  4.4116138802761755E-09  3.4862030279307617E-09
  4.1042378928136606E+02  4.3632495099751109E-09  3.4419009395461900E-09
  4.1451271877092552E+02  4.3152908747839906E-09  3.3979915256309087E-09
  4.1864238504233555E+02  4.2676521126829168E-09  3.3544054332743195E-09
  4.2281319394397440E+02  4.2202506682400335E-09  3.3110760223140921E-09
  4.2702555536756410E+02  4.1730077195945450E-09  3.2679399663696444E-09
  4.3127988328845504E+02  4.1258475834682713E-09  3.2249372079696041E-09
  4.3557659580631298E+02  4.0786979241193014E-09  3.1820109358181267E-09
  4.3991611518620283E+02  4.0314903256903172E-09  3.1391076820884775E-09
  4.4429886790009039E+02  3.9841609895555133E-09  3.0961777472182955E-09
  4.4872528466875656E+02  3.9366519759944831E-09  3.0531762803630822E-09
  4.5319580050412196E+02  3.8889141207208463E-09  3.0100655324074793E-09
  4.5771085475200096E+02  3.8409124006178035E-09  2.9668190916853712E-09
  4.6227089113528149E+02  3.7926350009109094E-09  2.9234293537134511E-09
  4.6687635779752742E+02  3.7441062557414609E-09  2.8799182151367170E-09
  4.7152770734702267E+02  3.6953766252898890E-09  2.8363288530976577E-09
  4.7622539690125524E+02  3.6464979670693173E-09  2.7927053760126619E-09
  4.8096988813183475E+02  3.5975204540667213E-09  2.7490902894104356E-09
  4.8576164730986750E+02  3.5484924854463738E-09  2.7055244749652966E-09
  4.9060114535178195E+02  3.4994605816057891E-09  2.6620471755990440E-09
  4.9548885786560334E+02  3.4504694377400697E-09  2.6186959642728551E-09
  5.0042526519769746E+02  3.4015618584421947E-09  2.5755066366564758E-09
  5.0541085247998018E+02  3.3527782788795746E-09  2.5325129284825173E-09
  5.1044610967758871E+02  3.3041558828416017E-09  2.4897459010954555E-09
  5.1553153163703632E+02  3.2557270719732740E-09  2.4472327480144064E-09
  5.2066761813484720E+02  3.2075167419434708E-09  2.4049946372939158E-09
  5.2585487392666664E+02  3.1595378680753106E-09  2.3630431283216735E-09
  5.3109380879686933E+02  3.1117911498070333E-09  2.3213798434801683E-09
  5.3638493760866243E+02  3.0642748013761151E-09  2.2800044329508292E-09
  5.4172878035467829E+02  3.0169874412404757E-09  2.2389169249969566E-09
  5.4712586220808009E+02  2.9699282070773401E-09  2.1981177284100562E-09
  5.5257671357417644E+02  2.9230970124085941E-09  2.1576076200172530E-09
  5.5808187014254679E+02  2.8764945542707133E-09  2.1173877369631844E-09
  5.6364187293967871E+02  2.8301217555309952E-09  2.0774595950383220E-09
  5.6925726838215166E+02  2.7839797817368410E-09  2.0378251717872068E-09
  5.7492860833033046E+02  2.7380707714420183E-09  1.9984871156335561E-09
  5.8065645014259235E+02  2.6923985027516269E-09  1.9594491780595542E-09
  5.8644135673011658E+02  2.6469695619319756E-09  1.9207170207918686E-09
  5.9228389661219842E+02  2.6017951609302728E-09  1.8822996288998467E-09
  5.9818464397211324E+02  2.5568923181229268E-09  1.8442104827014024E-09
  6.0414417871356034E+02  2.5122798235646186E-09  1.8064644570606338E-09
  6.1016308651764484E+02  2.4679756232171936E-09  1.7690757091991990E-09
  6.1624195890043507E+02  2.4239967396496669E-09  1.7320576133195600E-09
  6.2238139327109707E+02  2.3803592368370096E-09  1.6954227702271447E-09
  6.2858199299060948E+02  2.3370782985106367E-09  1.6591830163156983E-09
  6.3484436743105243E+02  2.2941685903312923E-09  1.6233494197199763E-09
  6.4116913203549746E+02  2.2516442482511491E-09  1.5879322381693421E-09
  6.4755690837849556E+02  2.2095179184154403E-09  1.5529407981894593E-09
  6.5400832422715530E+02  2.1678002368061536E-09  1.5183832323384750E-09
  6.6052401360284091E+02  2.1264997366310651E-09  1.4842659758244158E-09
  6.6710461684348593E+02  2.0856219144856459E-09  1.4505928707847944E-09
  6.7375078066651565E+02  2.0451676253361926E-09  1.4173639553979358E-09
  6.8046315823240730E+02  2.0051345761200810E-09  1.3845768340388300E-09
  6.8724240920888451E+02  1.9655203238148948E-09  1.3522291096244507E-09
  6.9408919983573981E+02  1.9263227491874730E-09  1.3203186172879880E-09
  7.0100420299031293E+02  1.8875401205984540E-09  1.2888434094662304E-09
  7.0798809825362378E+02  1.8491709385909878E-09  1.2578017412544581E-09
  7.1504157197715028E+02  1.8112138893427417E-09  1.2271920675834197E-09
  7.2216531735028548E+02  1.7736681957395808E-09  1.1970130822748011E-09
  7.2936003446846473E+02  1.7365341206270577E-09  1.1672638484859091E-09
  7.3662643040196076E+02  1.6998131121998804E-09  1.1379440979252775E-09
  7.4396521926537628E+02  1.6635081160476825E-09  1.1090548196595635E-09
  7.5137712228782812E+02  1.6276251920688724E-09  1.0805993251546869E-09
  7.5886286788381938E+02  1.5921761744075249E-09  1.0525849786493356E-09
  7.6642319172482837E+02  1.5571781309726593E-09  1.0250229060882668E-09
  7.7405883681161333E+02  1.5226477742479022E-09  9.9792390345957021E-10
  7.8177055354722199E+02  1.4886002169598602E-09  9.7129746416168463E-10
  7.8955909981074376E+02  1.4550491197411225E-09  9.4515182385025074E-10
  7.9742524103179471E+02  1.4220068001755653E-09  9.1949401035485373E-10
  8.0536975026573361E+02  1.3894842684070640E-09  8.9432988978026906E-10
  8.1339340826963746E+02  1.3574911194695506E-09  8.6966419038933874E-10
  8.2149700357903816E+02  1.3260352806614628E-09  8.4550047183745957E-10
  8.2968133258540649E+02  1.2951228210098069E-09  8.2184098966810918E-10
  8.3794719961442263E+02  1.2647577515715857E-09  7.9868637743031148E-10
  8.4629541700502693E+02  1.2349410116613362E-09  7.7603502680553800E-10
  8.5472680518925154E+02  1.2056685653406199E-09  7.5388198926120814E-10
  8.6324219277283669E+02  1.1769306923567635E-09  7.3221829110292314E-10
  8.7184241661668477E+02  1.1487160975270647E-09  7.1103375111312096E-10
  8.8052832191909283E+02  1.1210140519201026E-09  6.9031854530863254E-10
  8.8930076229880558E+02  1.0938144695492836E-09  6.7006322866640853E-10
  8.9816059987892606E+02  1.0671077878456976E-09  6.5025871539933038E-10
  9.0710870537163282E+02  1.0408847986343971E-09  6.3089626055081218E-10
  9.1614595816373799E+02  1.0151366359185546E-09  6.1196744736686327E-10
  9.2527324640313259E+02  9.8985486533214022E-10  5.9346418944879206E-10
  9.3449146708605804E+02  9.6503155040589195E-10  5.7537876175445162E-10
  9.4380152614525730E+02  9.4065937930574262E-10  5.5770388218991514E-10
  9.5320433853900988E+02  9.1673210146266051E-10  5.4043287731495340E-10
  9.6270082834105733E+02  8.9324513597304785E-10  5.2355998352128689E-10
  9.7229192883140536E+02  8.7019569882686291E-10  5.0708072373595573E-10
  9.8197858258804979E+02  8.4758160720636790E-10  4.9099130205289020E-10
  9.9176174157961441E+02  8.2540043514275032E-10  4.7528778781158905E-10
  1.0016423672588965E+03  8.0364956200155014E-10  4.5996605877809820E-10
  1.0116214306573595E+03  7.8232613452389125E-10  4.4502181300193132E-10
  1.0216999124805694E+03  7.6142719203284435E-10  4.3045058047454167E-10
  1.0318788032045622E+03  7.4094967206529131E-10  4.1624773332221362E-10
  1.0421591031731907E+03  7.2089025757024949E-10  4.0240849144180859E-10
  1.0525418226964400E+03  7.0124529107354161E-10  3.8892791860274978E-10
  1.0630279821497063E+03  6.8201074988166234E-10  3.7580090139107332E-10
  1.0736186120740795E+03  6.6318220096902643E-10  3.6302209928392810E-10
  1.0843147532776295E+03  6.4475474018326847E-10  3.5058584793132949E-10
  1.0951174569376792E+03  6.2672288501524743E-10  3.3848600195592905E-10
  1.1060277847041164E+03  6.0908062169668589E-10  3.2671601774427086E-10
  1.1170468088037364E+03  5.9182171388643759E-10  3.1526937008035173E-10
  1.1281756121456028E+03  5.7493982205164171E-10  3.0413963456641940E-10
  1.1394152884274774E+03  5.5842885119158971E-10  2.9332048413798667E-10
  1.1507669422433141E+03  5.4228303103313108E-10  2.8280568560812870E-10
  1.1622316891917983E+03  5.2649669688952707E-10  2.7258909655600173E-10
  1.1738106559859914E+03  5.1106419912336359E-10  2.6266466311117541E-10
  1.1855049805640676E+03  4.9597995436993320E-10  2.5302641958972083E-10
  1.1973158122011314E+03  4.8123846827524342E-10  2.4366849144383703E-10
  1.2092443116221718E+03  4.6683433176880041E-10  2.3458510376086589E-10
  1.2212916511161411E+03  4.5276223240956043E-10  2.2577059872371087E-10
  1.2334590146511482E+03  4.3901700752085742E-10  2.1721946687201813E-10
  1.2457475979908224E+03  4.2559385122332378E-10  2.0892635934048165E-10
  1.2581586088118336E+03  4.1248838546309555E-10  2.0088599781360335E-10
  1.2706932668225759E+03  3.9969623300770500E-10  1.9309313381351406E-10
  1.2833528038830175E+03  3.8721248186105477E-10  1.8554254970756544E-10
  1.2961384641257953E+03  3.7503192643453812E-10  1.7822906056553047E-10
  1.3090515040784671E+03  3.6314960410043708E-10  1.7114751602717165E-10
  1.3220931927869840E+03  3.5156088722413707E-10  1.6429280212185183E-10
  1.3352648119404373E+03  3.4026130422400744E-10  1.5765984292340397E-10
  1.3485676559970047E+03  3.2924636091785330E-10  1.5124360185626373E-10
  1.3620030323111462E+03  3.1851146736344405E-10  1.4503908236768935E-10
  1.3755722612621205E+03  3.0805195591465120E-10  1.3904132752400019E-10
  1.3892766763837271E+03  2.9786307477371662E-10  1.3324541784636274E-10
  1.4031176244953585E+03  2.8793996556627496E-10  1.2764646844811892E-10
  1.4170964658343660E+03  2.7827777027993150E-10  1.2223963865048030E-10
  1.4312145741897475E+03  2.6887184801961034E-10  1.1702014242663853E-10
  1.4454733370371412E+03  2.5971780281739746E-10  1.1198325008056548E-10
  1.4598741556751902E+03  2.5081115736243322E-10  1.0712428926460744E-10
  1.4744184453632661E+03  2.4214718451126515E-10  1.0243864596174978E-10
  1.4891076354605368E+03  2.3372120617465090E-10  9.7921765363647791E-11
  1.5039431695664491E+03  2.2552878501640259E-10  9.3569152480551334E-11
  1.5189265056626080E+03  2.1756557970607787E-10  8.9376372219495366E-11
  1.5340591162560440E+03  2.0982720951916678E-10  8.5339048527590121E-11
  1.5493424885239347E+03  2.0230925023355888E-10  8.1452861981980903E-11
  1.5647781244597695E+03  1.9500726310422958E-10  7.7713544877639702E-11
  1.5803675410209394E+03  1.8791678988454999E-10  7.4116873407663334E-11
  1.5961122702778289E+03  1.8103333659115756E-10  7.0658675388373262E-11
  1.6120138595643905E+03  1.7435239523614643E-10  6.7334853449979085E-11
  1.6280738716301935E+03  1.6786952658504606E-10  6.4141388441560990E-11
  1.6442938847940134E+03  1.6158050320154583E-10  6.1074338824290261E-11
  1.6606754930989532E+03  1.5548128315238682E-10  5.8129840099202577E-11
  1.6772203064690812E+03  1.4956779683799882E-10  5.5304104290500037E-11
  1.6939299508676577E+03  1.4383590308316886E-10  5.2593419544587842E-11
  1.7108060684569389E+03  1.3828149221196932E-10  4.9994149951614676E-11
  1.7278503177595426E+03  1.3290054876581217E-10  4.7502735754250243E-11
  1.7450643738214505E+03  1.2768916651066954E-10  4.5115694196315166E-11
  1.7624499283766381E+03  1.2264351505641030E-10  4.2829621397125299E-11
  1.7800086900133101E+03  1.1775980201950685E-10  4.0641195764646036E-11
  1.7977423843418237E+03  1.1303426634404410E-10  3.8547177959508402E-11
  1.8156527541642872E+03  1.0846318437223897E-10  3.6544398567406825E-11
  1.8337415596458150E+03  1.0404288558429133E-10  3.4629753598552558E-11
  1.8520105784875193E+03  9.9769747748426864E-11  3.2800204692923713E-11
  1.8704616061012246E+03  9.5640198234570744E-11  3.1052779327002345E-11
  1.8890964557859108E+03  9.1650723841958930E-11  2.9384570954435449E-11
  1.9079169589058899E+03  8.7797854583391783E-11  2.7792739077300658E-11
  1.9269249650708323E+03  8.4078149847304101E-11  2.6274509240459742E-11
  1.9461223423175165E+03  8.0488203491556462E-11  2.4827172936864641E-11
  1.9655109772933893E+03  7.7024646080858045E-11  2.3448087404526970E-11
  1.9850927754420256E+03  7.3684147132061499E-11  2.2134675284586620E-11
  2.0048696611903645E+03  7.0463423839414717E-11  2.0884424092316172E-11
  2.0248435781378118E+03  6.7359249213216130E-11  1.9694885650685212E-11
  2.0450164892472972E+03  6.4368457036389124E-11  1.8563676601591771E-11
  2.0653903770381580E+03  6.1487934528595290E-11  1.7488478703078989E-11
  2.0859672437809727E+03  5.8714602006182481E-11  1.6467038331359030E-11
  2.1067491116943402E+03  5.6045403867183337E-11  1.5497165895212447E-11
  2.1277380231436337E+03  5.3477343197920026E-11  1.4576735207313041E-11
  2.1489360408416883E+03  5.1007524538957670E-11  1.3703682815442984E-11
  2.1703452480515293E+03  4.8633096617594198E-11  1.2876007298259020E-11
  2.1919677487911226E+03  4.6351172045730782E-11  1.2091768532188622E-11
  2.2138056680401228E+03  4.4158904592500787E-11  1.1349086938679492E-11
  2.2358611519487213E+03  4.2053576614709419E-11  1.0646142724963469E-11
  2.2581363680485756E+03  4.0032558633122599E-11  9.9811751374082485E-12
  2.2806335054657993E+03  3.8093256164701399E-11  9.3524817253603849E-12
  2.3033547751361143E+03  3.6233103362662174E-11  8.7584171936952388E-12
  2.3263024100221487E+03  3.4449573071287434E-11  8.1973919862614687E-12
  2.3494786653328561E+03  3.2740183884206364E-11  7.6678712876058214E-12
  2.3728858187451601E+03  3.1102501012381411E-11  7.1683740674560454E-12
  2.3965261706278161E+03  2.9534137706143840E-11  6.6974720977534539E-12
  2.4204020442674482E+03  2.8032770091704411E-11  6.2537889444748462E-12
  2.4445157860968925E+03  2.6596157188984066E-11  5.8359989376053407E-12
  2.4688697659258073E+03  2.5222122685938587E-11  5.4428261238424948E-12
  2.4934663771735418E+03  2.3908504938523718E-11  5.0730432080395960E-12
  2.5183080371043652E+03  2.2653154423983393E-11  4.7254704915727691E-12
  2.5433971870650444E+03  2.1453980851004992E-11  4.3989748191551726E-12
  2.5687362927247395E+03  2.0308970678420902E-11  4.0924685482581044E-12
  2.5943278443173322E+03  1.9216166404035562E-11  3.8049084235575962E-12
  2.6201743568861789E+03  1.8173657371149619E-11  3.5352942034149315E-12
  2.6462783705312418E+03  1.7179586322866005E-11  3.2826674654188311E-12
  2.6726424506587418E+03  1.6232149619584566E-11  3.0461104933468051E-12
  2.6992691882332906E+03  1.5329588710965628E-11  2.8247451605985881E-12
  2.7261612000324894E+03  1.4470182937232500E-11  2.6177318114787363E-12
  2.7533211289041110E+03  1.3652250887171655E-11  2.4242681422964612E-12
  2.7807516440258482E+03  1.2874162371260421E-11  2.2435880838753703E-12
  2.8084554411675954E+03  1.2134344531056887E-11  2.0749606866982765E-12
  2.8364352429563965E+03  1.1431258776886873E-11  1.9176890093952441E-12
  2.8646937991440273E+03  1.0763392085576030E-11  1.7711090105252557E-12
  2.8932338868772222E+03  1.0129287096112715E-11  1.6345884424698731E-12
  2.9220583109705640E+03  9.5275467609441139E-12  1.5075257562460066E-12
  2.9511699041821998E+03  8.9568139215942881E-12  1.3893490655328220E-12
  2.9805715274921995E+03  8.4157655720698315E-12  1.2795151123764813E-12
  3.0102660703836850E+03  7.9031183654127758E-12  1.1775082191420215E-12
  3.0402564511268715E+03  7.4176318409658290E-12  1.0828392551962580E-12
  3.0705456170658281E+03  6.9581075383457473E-12  9.9504462066407717E-13
  3.1011365449080931E+03  6.5233869105643258E-12  9.1368524826132936E-13
  3.1320322410172907E+03  6.1123515798366769E-12  8.3834562424303236E-13
  3.1632357417085404E+03  5.7239271284222467E-12  7.6863282955214843E-13
  3.1947501135468488E+03  5.3570832456143897E-12  7.0417560234821432E-13
  3.2265784536484916E+03  5.0108241451357319E-12  6.4462342328453847E-13
  3.2587238899854092E+03  4.6841810031253615E-12  5.8964562523805769E-13
  3.2911895816925685E+03  4.3762161028070635E-12  5.3893052752823777E-13
  3.3239787193784568E+03  4.0860295674477847E-12  4.9218457006161809E-13
  3.3570945254386584E+03  3.8127583642473220E-12  4.4913146156068498E-13
  3.3905402543724999E+03  3.5555710214793458E-12  4.0951137574137665E-13
  3.4243191931029128E+03  3.3136656299009989E-12  3.7308017365569616E-13
  3.4584346612994796E+03  3.0862707039497999E-12  3.3960864913756670E-13
  3.4928900117046364E+03  2.8726456022442232E-12  3.0888179750815846E-13
  3.5276886304631917E+03  2.6720795360005964E-12  2.8069810761953818E-13
  3.5628339374551206E+03  2.4838903608240372E-12  2.5486887723663474E-13
  3.5983293866316217E+03  2.3074255092142619E-12  2.3121755167449790E-13
  3.6341784663545723E+03  2.1420643660613308E-12  2.0957908551402932E-13
  3.6703846997393821E+03  1.9872141023866313E-12  1.8979932710746326E-13
  3.7069516450011815E+03  1.8423015522835286E-12  1.7173442554524780E-13
  3.7438828958045356E+03  1.7067761717678303E-12  1.5525026361305890E-13
  3.7811820816166369E+03  1.5801155185475134E-12  1.4022191870657792E-13
  3.8188528680639511E+03  1.4618221996856677E-12  1.2653313977579708E-13
  3.8568989572924861E+03  1.3514196850809827E-12  1.1407584426048250E-13
  3.8953240883316439E+03  1.2484516863407554E-12  1.0274963679299488E-13
  3.9341320374616375E+03  1.1524836328792056E-12  9.2461349250347250E-14
  3.9733266185846292E+03  1.0631037610894209E-12  8.3124601699824751E-14
  4.0129116835995724E+03  9.7992194455836068E-13  7.4659383760344263E-14
  4.0528911227807052E+03  9.0256681064231313E-13  6.6991655883470583E-14
  4.0932688651599383E+03  8.3068375570486435E-13  6.0052970043184028E-14
  4.1340488789129276E+03  7.6393501306886168E-13  5.3780109313181381E-14
  4.1752351717490747E+03  7.0200032703303478E-13  4.8114745803690336E-14
  4.2168317913054198E+03  6.4457713956130211E-13  4.3003116039754652E-14
  4.2588428255443732E+03  5.9137944778266970E-13  3.8395712128205518E-14
  4.3012724031554926E+03  5.4213551760135005E-13  3.4246990405041690E-14
  4.3441246939612611E+03  4.9658713190180456E-13  3.0515096905895998E-14
  4.3874039093268311E+03  4.5449008058913587E-13  2.7161608208916386E-14
  4.4311143025739257E+03  4.1561395160121845E-13  2.4151287047888538E-14
  4.4752601693988672E+03  3.7974153550897852E-13  2.1451852122697930E-14
  4.5198458482946899E+03  3.4666842516596970E-13  1.9033761535640550E-14
  4.5648757209775358E+03  3.1620236213583293E-13  1.6870009284664859E-14
  4.6103542128173031E+03  2.8816212862402313E-13  1.4935934248193217E-14
  4.6562857932724983E+03  2.6237671195575606E-13  1.3209041100263972E-14
  4.7026749763295074E+03  2.3868514827753985E-13  1.1668832598662871E-14
  4.7495263209462410E+03  2.1693651731000787E-13  1.0296652751775446E-14
  4.7968444315001161E+03  1.9698961261907842E-13  9.0755408643614342E-15
  4.8446339582405835E+03  1.7871223640466131E-13  7.9900953981366248E-15
  4.8928995977461691E+03  1.6198031993782928E-13  7.0263466028772172E-15
  4.9416460933859671E+03  1.4667727578202420E-13  6.1716379680346870E-15
  4.9908782357858809E+03  1.3269377951604766E-13  5.4145160716041512E-15
  5.0406008632993526E+03  1.1992767908964991E-13  4.7446283587179995E-15
  5.0908188624828972E+03  1.0828375244808405E-13  4.1526283981210793E-15
  5.1415371685763621E+03  9.7673424558116507E-14  3.6300881807352540E-15
  5.1927607659878777E+03  8.8014474893450329E-14  3.1694170408641327E-15
  5.2444946887837486E+03  7.9230563534788902E-14  2.7637867971826283E-15
  5.2967440211832027E+03  7.1250656602825310E-14  2.4070627275108642E-15
  5.3495138980579959E+03  6.4008601538200229E-14  2.0937400065389157E-15
  5.4028095054370724E+03  5.7442891406033444E-14  1.8188851974209659E-15
  5.4566360810162696E+03  5.1496476732252264E-14  1.5780824572843824E-15
  5.5109989146729840E+03  4.6116547319622357E-14  1.3673842791249245E-15
  5.5659033489860822E+03  4.1254298656129217E-14  1.1832663872965765E-15
  5.6213547797609808E+03  3.6864676595611886E-14  1.0225864710716912E-15
  5.6773586565598544E+03  3.2906081882235045E-14  8.8254648166379921E-16
  5.7339204832372398E+03  2.9340093220872786E-14  7.6065823287318568E-16
  5.7910458184809631E+03  2.6131266820556236E-14  6.5471205986056289E-16
  5.8487402763583632E+03  2.3246972749543145E-14  5.6274830452152661E-16
  5.9070095268680498E+03  2.0657237665982790E-14  4.8303140950129616E-16
  5.9658592964971713E+03  1.8334603004803788E-14  4.1402641603231206E-16
  6.0252953687841054E+03  1.6253960807664737E-14  3.5437767348190501E-16
  6.0853235848869426E+03  1.4392342078098833E-14  3.0288958134756839E-16
  6.1459498441574488E+03  1.2728706681067120E-14  2.5850919622922257E-16
  6.2071801047208664E+03  1.1243785682859217E-14  2.2031054281190202E-16
  6.2690203840614968E+03  9.9199692989823090E-15  1.8748048400758658E-16
  6.3314767596140000E+03  8.7412064637598307E-15  1.5930601566065202E-16
  6.3945553693606989E+03  7.6928967382168011E-15  1.3516285958435598E-16
  6.4582624124348376E+03  6.7617712885896398E-15  1.1450523795351471E-16
  6.5226041497297356E+03  5.9357710305793872E-15  9.6856720879440832E-17
  6.5875869045141162E+03  5.2039439380984539E-15  8.1802047310216294E-17
  6.6532170630535793E+03  4.5563713783074690E-15  6.8979827242188801E-17
  6.7195010752381404E+03  3.9840996510218189E-15  5.8076040607426050E-17
  6.7864454552161387E+03  3.4790536077728529E-15  4.8818255128887852E-17
  6.8540567820344686E+03  3.0339434153086216E-15  4.0970491956300758E-17
  6.9223417002850592E+03  2.6421880937318272E-15  3.4328674164067129E-17
  6.9913069207579201E+03  2.2978587127745730E-15  2.8716598345929461E-17
  7.0609592211007011E+03  1.9956278141550819E-15  2.3982374928282160E-17
  7.1313054464846855E+03  1.7307161185878058E-15  1.9995288103133570E-17
  7.2023525102775457E+03  1.4988383386665843E-15  1.6643030604193662E-17
  7.2741073947228206E+03  1.2961568908910006E-15  1.3829272724653505E-17
  7.3465771516259902E+03  1.1192463392360608E-15  1.1471528846327232E-17
  7.4197689030476240E+03  9.6505762822318289E-16  9.4992883144760561E-18
  7.4936898420032094E+03  8.3087587811792279E-16  7.8523807681563329E-18
  7.5683472331700905E+03  7.1428126294674101E-16  6.4795490392722839E-18
  7.6437484136014700E+03  6.1311986472872189E-16  5.3372054815319042E-18
  7.7199007934473693E+03  5.2547997562116595E-16  4.3883500994752363E-18