 #p(MeV) \t \delta f_\\nu \t \delta f_\\nubar
  2.0615772401991053E-01  2.6826312751509296E-01  1.6251019627618030E-05
  2.0821161177997780E-01  2.6776653627652547E-01  1.6114374269076619E-05
  2.1028596180965431E-01  2.6734022733669366E-01  1.5978696670459987E-05
  2.1238097796841396E-01  2.6702699978862998E-01  1.5843984650342911E-05
  2.1449686614672103E-01  2.6668529426697568E-01  1.5710236510370225E-05
  2.1663383428626543E-01  2.6614839006652280E-01  1.5577450916725894E-05
  2.1879209240039765E-01  2.6561110917356090E-01  1.5445626757054668E-05
  2.2097185259476834E-01  2.6506201033468080E-01  1.5314763148995545E-05
  2.2317332908817369E-01  2.6461046714136016E-01  1.5184859526668963E-05
  2.2539673823360729E-01  2.6416853035934978E-01  1.5055915308100950E-05
  2.2764229853952325E-01  2.6372876305933046E-01  1.4927929197387985E-05
  2.2991023069130986E-01  2.6324604891166559E-01  1.4800898586704671E-05
  2.3220075757297784E-01  2.6279294892821198E-01  1.4674819304474537E-05
  2.3451410428906511E-01  2.6230139027856286E-01  1.4549685666425892E-05
  2.3685049818675821E-01  2.6183300172613372E-01  1.4425490698997689E-05
  2.3921016887823635E-01  2.6142437001473873E-01  1.4302226418012514E-05
  2.4159334826323570E-01  2.6097609177371878E-01  1.4179884090997299E-05
  2.4400027055184023E-01  2.6057078477609313E-01  1.4058454441730559E-05
  2.4643117228749928E-01  2.6012455564053932E-01  1.3937927885913428E-05
  2.4888629237027346E-01  2.5968751724082506E-01  1.3818294690042388E-05
  2.5136587208031363E-01  2.5925016452316590E-01  1.3699544770686151E-05
  2.5387015510157224E-01  2.5876787870607582E-01  1.3581667597403222E-05
  2.5639938754575226E-01  2.5825034718172529E-01  1.3464652577594147E-05
  2.5895381797649425E-01  2.5773196172987950E-01  1.3348489662941310E-05
  2.6153369743380339E-01  2.5725213997460478E-01  1.3233169793285313E-05
  2.6413927945872206E-01  2.5683930206343214E-01  1.3118685076163503E-05
  2.6677082011824577E-01  2.5642309453995166E-01  1.3005028749253009E-05
  2.6942857803048886E-01  2.5601880616189443E-01  1.2892195023709104E-05
  2.7211281439010110E-01  2.5551514927750640E-01  1.2780178890265206E-05
  2.7482379299393589E-01  2.5498537957991124E-01  1.2668975943132689E-05
  2.7756178026697637E-01  2.5451109844841480E-01  1.2558582192059121E-05
  2.8032704528851765E-01  2.5400734543908987E-01  1.2448993841043719E-05
  2.8311985981861143E-01  2.5355829010415715E-01  1.2340207364502436E-05
  2.8594049832477408E-01  2.5312737530992196E-01  1.2232219792137801E-05
  2.8878923800895895E-01  2.5268947138478082E-01  1.2125028755812813E-05
  2.9166635883480041E-01  2.5222530395258985E-01  1.2018632215516056E-05
  2.9457214355512612E-01  2.5184621457157541E-01  1.1913028114857926E-05
  2.9750687773974577E-01  2.5141818558567913E-01  1.1808214122524383E-05
  3.0047084980351613E-01  2.5098440929069632E-01  1.1704187505905220E-05
  3.0346435103468444E-01  2.5051777978513323E-01  1.1600945113901234E-05
  3.0648767562351559E-01  2.5002455213335184E-01  1.1498483422186871E-05
  3.0954112069120465E-01  2.4957728272601931E-01  1.1396798599980657E-05
  3.1262498631907570E-01  2.4913072251541299E-01  1.1295886578979596E-05
  3.1573957557807403E-01  2.4862141226137846E-01  1.1195743135160945E-05
  3.1888519455854925E-01  2.4819069846288799E-01  1.1096363933243566E-05
  3.2206215240033848E-01  2.4774339651860602E-01  1.0997744584824314E-05
  3.2527076132314597E-01  2.4727617658077866E-01  1.0899880864063660E-05
  3.2851133665722765E-01  2.4684957778410568E-01  1.0802769039607216E-05
  3.3178419687438082E-01  2.4640447602249421E-01  1.0706406133334366E-05
  3.3508966361924181E-01  2.4594112597716666E-01  1.0610790008009025E-05
  3.3842806174089607E-01  2.4546024108125444E-01  1.0515919306411354E-05
  3.4179971932480391E-01  2.4501720976658911E-01  1.0421793305928405E-05
  3.4520496772504239E-01  2.4459906922243166E-01  1.0328411749421888E-05
  3.4864414159687079E-01  2.4419934292007234E-01  1.0235774689990771E-05
  3.5211757892961787E-01  2.4374476956112492E-01  1.0143882365012823E-05
  3.5562562107989992E-01  2.4332371054515764E-01  1.0052735111549552E-05
  3.5916861280516643E-01  2.4284395127610345E-01  9.9623332752616248E-06
  3.6274690229758244E-01  2.4234050044594596E-01  9.8726769324665747E-06
  3.6636084121824763E-01  2.4185852518702067E-01  9.7837653824981056E-06
  3.7001078473175592E-01  2.4138696882544300E-01  9.6955966055990973E-06
  3.7369709154109965E-01  2.4105546611907241E-01  9.6081669350537745E-06
  3.7742012392292240E-01  2.4061958462695940E-01  9.5214710412593231E-06
  3.8118024776312082E-01  2.4016528749067695E-01  9.4355021478513968E-06
  3.8497783259280433E-01  2.3963753195447249E-01  9.3502523540441828E-06
  3.8881325162460922E-01  2.3919923358656839E-01  9.2657129627617709E-06
  3.9268688178937861E-01  2.3866433901606918E-01  9.1818747613829558E-06
  3.9659910377320445E-01  2.3825846607915563E-01  9.0987282412098669E-06
  4.0055030205484010E-01  2.3781417193812168E-01  9.0162637633115899E-06
  4.0454086494348657E-01  2.3734024980646645E-01  8.9344717184160489E-06
  4.0857118461695274E-01  2.3692417506288882E-01  8.8533428470240283E-06
  4.1264165716019757E-01  2.3651531066971976E-01  8.7728687201196522E-06
  4.1675268260425685E-01  2.3614360624570283E-01  8.6930421619230122E-06
  4.2090466496555495E-01  2.3568726110559582E-01  8.6138574350404192E-06
  4.2509801228561211E-01  2.3524413477510406E-01  8.5353101472837458E-06
  4.2933313667114309E-01  2.3477690962189240E-01  8.4573969914409792E-06
  4.3361045433455980E-01  2.3432870594079391E-01  8.3801154398712558E-06
  4.3793038563487308E-01  2.3389321805829627E-01  8.3034634706464878E-06
  4.4229335511900497E-01  2.3342522676816824E-01  8.2274393555004177E-06
  4.4669979156351231E-01  2.3301977984574615E-01  8.1520415088852920E-06
  4.5115012801672366E-01  2.3257706769146699E-01  8.0772683786382546E-06
  4.5564480184129880E-01  2.3213741966360457E-01  8.0031183355692601E-06
  4.6018425475721153E-01  2.3166190387275953E-01  7.9295894333994687E-06
  4.6476893288515875E-01  2.3121322623239901E-01  7.8566790510260302E-06
  4.6939928679040543E-01  2.3075304960133536E-01  7.7843836670668958E-06
  4.7407577152706248E-01  2.3031791018972020E-01  7.7126989152775611E-06
  4.7879884668280986E-01  2.2989333640470180E-01  7.6416198623372437E-06
  4.8356897642406166E-01  2.2948788775699550E-01  7.5711413481897607E-06
  4.8838662954158274E-01  2.2910348082981422E-01  7.5012582623626657E-06
  4.9325227949656131E-01  2.2866975245098595E-01  7.4319657111855095E-06
  4.9816640446713689E-01  2.2822636894137510E-01  7.3632590881716641E-06
  5.0312948739539476E-01  2.2776092627497116E-01  7.2951340810675196E-06
  5.0814201603482867E-01  2.2725877739075567E-01  7.2275866511473965E-06
  5.1320448299827359E-01  2.2679248223101367E-01  7.1606130210268749E-06
  5.1831738580631970E-01  2.2630350739102362E-01  7.0942097533413728E-06
  5.2348122693620525E-01  2.2588517972625430E-01  7.0283739277591595E-06
  5.2869651387119987E-01  2.2547246397877183E-01  6.9631031965784206E-06
  5.3396375915047656E-01  2.2503231344650565E-01  6.8983955521819459E-06
  5.3928348041948260E-01  2.2468483069101772E-01  6.8342489022809027E-06
  5.4465620048081331E-01  2.2425008062856791E-01  6.7706606601804776E-06
  5.5008244734558875E-01  2.2382665705529531E-01  6.7076274766543695E-06
  5.5556275428534618E-01  2.2339938489457456E-01  6.6451451499717140E-06
  5.6109765988444815E-01  2.2295971055630426E-01  6.5832086748113761E-06
  5.6668770809301139E-01  2.2249765045889180E-01  6.5218123671151893E-06
  5.7233344828036625E-01  2.2203838182526672E-01  6.4609500107542009E-06
  5.7803543528904389E-01  2.2163781402793448E-01  6.4006149881239073E-06
  5.8379422948930704E-01  2.2120426474164828E-01  6.3408003451648218E-06
  5.8961039683421912E-01  2.2074989992147068E-01  6.2814987735141698E-06
  5.9548450891526428E-01  2.2028736033164217E-01  6.2227026692744327E-06
  6.0141714301852300E-01  2.1984622160212197E-01  6.1644044432527715E-06
  6.0740888218140332E-01  2.1944453570460595E-01  6.1065970327792038E-06
  6.1346031524994060E-01  2.1901702407001941E-01  6.0492743670228577E-06
  6.1957203693666796E-01  2.1863837564425531E-01  5.9924316586340896E-06
  6.2574464787906114E-01  2.1823911483176206E-01  5.9360654782525769E-06
  6.3197875469856712E-01  2.1781715394430198E-01  5.8801736516485243E-06
  6.3827497006022149E-01  2.1732564857705092E-01  5.8247550575522634E-06
  6.4463391273285875E-01  2.1680331374926765E-01  5.7698093964176779E-06
  6.5105620764992145E-01  2.1631244067786640E-01  5.7153369763819310E-06
  6.5754248597087717E-01  2.1586755939286162E-01  5.6613385549852749E-06
  6.6409338514324756E-01  2.1547801854679152E-01  5.6078152771477752E-06
  6.7070954896525214E-01  2.1512339369468647E-01  5.5547686371467038E-06
  6.7739162764908001E-01  2.1475485844389597E-01  5.5022003061840853E-06
  6.8414027788479026E-01  2.1434860141015627E-01  5.4501117580001027E-06
  6.9095616290484840E-01  2.1393339465186800E-01  5.3985038774610168E-06
  6.9783995254930620E-01  2.1345161119358205E-01  5.3473766671725042E-06
  7.0479232333163222E-01  2.1299085090740569E-01  5.2967290999565410E-06
  7.1181395850519669E-01  2.1258277488281607E-01  5.2465591233677122E-06
  7.1890554813041807E-01  2.1216257230822103E-01  5.1968637715844071E-06
  7.2606778914258041E-01  2.1173121004563344E-01  5.1476393284191187E-06
  7.3330138542032652E-01  2.1130968651906124E-01  5.0988814969843126E-06
  7.4060704785483100E-01  2.1086370570854790E-01  5.0505855437738317E-06
  7.4798549441966389E-01  2.1044181328878389E-01  5.0027463639029068E-06
  7.5543745024135334E-01  2.1005203308167994E-01  4.9553584504444347E-06
  7.6296364767064451E-01  2.0962670628020527E-01  4.9084158655960915E-06
  7.7056482635447376E-01  2.0920519712220623E-01  4.8619123417646071E-06
  7.7824173330866031E-01  2.0875404286630669E-01  4.8158414775918864E-06
  7.8599512299131824E-01  2.0829806908408233E-01  4.7701969445212535E-06
  7.9382575737700101E-01  2.0790067311125268E-01  4.7249726750319083E-06
  8.0173440603158741E-01  2.0746851469460373E-01  4.6801629860567316E-06
  8.0972184618791199E-01  2.0703996542515962E-01  4.6357626268881465E-06
  8.1778886282214580E-01  2.0662057887823682E-01  4.5917667681056364E-06
  8.2593624873094351E-01  2.0619013428894070E-01  4.5481709569224147E-06
  8.3416480460935694E-01  2.0580356237104458E-01  4.5049710607835890E-06
  8.4247533912952177E-01  2.0542253994890508E-01  4.4621632335843123E-06
  8.5086866902013225E-01  2.0500019703692104E-01  4.4197439501244382E-06
  8.5934561914670771E-01  2.0455385686263963E-01  4.3777100737939748E-06
  8.6790702259265562E-01  2.0409993890589251E-01  4.3360588622491081E-06
  8.7655372074114368E-01  2.0364323721851421E-01  4.2947878736975269E-06
  8.8528656335778844E-01  2.0321718475901851E-01  4.2538948305411390E-06
  8.9410640867416846E-01  2.0277621575596466E-01  4.2133774639104387E-06
  9.0301412347216570E-01  2.0236225913029851E-01  4.1732333826759521E-06
  9.1201058316915051E-01  2.0196980492659497E-01  4.1334599939949007E-06
  9.2109667190401656E-01  2.0156263557311768E-01  4.0940544760074877E-06
  9.3027328262406717E-01  2.0118497058492268E-01  4.0550137881583797E-06
  9.3954131717277278E-01  2.0077919121790816E-01  4.0163347027156258E-06
  9.4890168637840178E-01  2.0039677287204277E-01  3.9780138429834695E-06
  9.5835531014353215E-01  1.9999626541136756E-01  3.9400477015320863E-06
  9.6790311753545477E-01  1.9955888116859172E-01  3.9024326469001904E-06
  9.7754604687748092E-01  1.9912590575976674E-01  3.8651649712716578E-06
  9.8728504584115728E-01  1.9866100706365819E-01  3.8282410141125884E-06
  9.9712107153939777E-01  1.9822587901364777E-01  3.7916573051276822E-06
  1.0070550906205455E+00  1.9778384809833793E-01  3.7554106942984136E-06
  1.0170880793633745E+00  1.9738372238182761E-01  3.7194984415554566E-06
  1.0272210237730295E+00  1.9698965676237984E-01  3.6839182472644926E-06
  1.0374549196779306E+00  1.9655807552744295E-01  3.6486682289510692E-06
  1.0477907728276392E+00  1.9615576915186395E-01  3.6137468632150101E-06
  1.0582295989916997E+00  1.9570151791823465E-01  3.5791529129870084E-06
  1.0687724240594616E+00  1.9528826676944203E-01  3.5448853516500237E-06
  1.0794202841409060E+00  1.9484493748632836E-01  3.5109432973713286E-06
  1.0901742256684677E+00  1.9442742647588435E-01  3.4773259710281270E-06
  1.1010353054998741E+00  1.9406205470700749E-01  3.4440326727238789E-06
  1.1120045910220093E+00  1.9371366992077663E-01  3.4110627475176128E-06
  1.1230831602558167E+00  1.9331846187858570E-01  3.3784155652592155E-06
  1.1342721019622370E+00  1.9293816684938075E-01  3.3460905201796921E-06
  1.1455725157492116E+00  1.9250851747378300E-01  3.3140870224904481E-06
  1.1569855121797474E+00  1.9207894320053917E-01  3.2824044842117551E-06
  1.1685122128810599E+00  1.9163463561051958E-01  3.2510423041870101E-06
  1.1801537506547968E+00  1.9120317252027150E-01  3.2199998556734891E-06
  1.1919112695883736E+00  1.9077658542803086E-01  3.1892764778593511E-06
  1.2037859251674068E+00  1.9035824087289160E-01  3.1588714714095615E-06
  1.2157788843892685E+00  1.8994840153762202E-01  3.1287840951378771E-06
  1.2278913258777766E+00  1.8953243548510154E-01  3.0990135979437819E-06
  1.2401244399990288E+00  1.8912647350499134E-01  3.0695594025189192E-06
  1.2524794289783805E+00  1.8874366263958617E-01  3.0404215300053834E-06
  1.2649575070186008E+00  1.8834697201043074E-01  3.0116012212743677E-06
  1.2775599004191975E+00  1.8793234834796968E-01  2.9831015921997157E-06
  1.2902878476969355E+00  1.8754337997094006E-01  2.9549281300729893E-06
  1.3031425997075474E+00  1.8713557563986177E-01  2.9270889007943944E-06
  1.3161254197686716E+00  1.8672448889072216E-01  2.8995944481415374E-06
  1.3292375837840020E+00  1.8629819166221345E-01  2.8724574596264469E-06
  1.3424803803686776E+00  1.8589567917486635E-01  2.8456923111833385E-06
  1.3558551109759247E+00  1.8547600079970453E-01  2.8193145913435823E-06
  1.3693630900249618E+00  1.8506587642278499E-01  2.7933406721322762E-06
  1.3830056450301698E+00  1.8460678982295500E-01  2.7677873513187304E-06
  1.3967841167315596E+00  1.8422793444423316E-01  2.7426715039991957E-06
  1.4106998592265343E+00  1.8384148166683645E-01  2.7180096184409243E-06
  1.4247542401029663E+00  1.8343865478985888E-01  2.6938171428379156E-06
  1.4389486405735916E+00  1.8304449483890348E-01  2.6701079747888104E-06
  1.4532844556117610E+00  1.8266766646827370E-01  2.6468940932496800E-06
  1.4677630940885260E+00  1.8227107934921388E-01  2.6241853484409497E-06
  1.4823859789110989E+00  1.8186898599548701E-01  2.6019894572041201E-06
  1.4971545471626897E+00  1.8140370121690672E-01  2.5803121835880716E-06
  1.5120702502437418E+00  1.8100785192268942E-01  2.5591576400940813E-06
  1.5271345540145649E+00  1.8059725829803980E-01  2.5385286359279446E-06
  1.5423489389393965E+00  1.8016079318683820E-01  2.5184270098571011E-06
  1.5577149002318984E+00  1.7979491606372114E-01  2.4988539258098452E-06
  1.5732339480020991E+00  1.7937416026714445E-01  2.4798102838694095E-06
  1.5889076074047981E+00  1.7903271588407835E-01  2.4612975491689449E-06
  1.6047374187894596E+00  1.7865339592865603E-01  2.4433192205892078E-06
  1.6207249378515893E+00  1.7823797675175962E-01  2.4258826579188304E-06
  1.6368717357856202E+00  1.7787011919738174E-01  2.4090008815668627E-06
  1.6531793994393245E+00  1.7745425555206240E-01  2.3926939993442464E-06
  1.6696495314697686E+00  1.7706205070847542E-01  2.3769899362365371E-06
  1.6862837505008084E+00  1.7667658082056159E-01  2.3619243832977590E-06
  1.7030836912821647E+00  1.7627595498093770E-01  2.3475401151188886E-06
  1.7200510048500843E+00  1.7587892837687891E-01  2.3338859467692176E-06
  1.7371873586895941E+00  1.7546806296940964E-01  2.3210155997979853E-06
  1.7544944368983704E+00  1.7510945414736709E-01  2.3089866814164290E-06
  1.7719739403522574E+00  1.7474699540862543E-01  2.2978598113603990E-06
  1.7896275868724147E+00  1.7437300152751267E-01  2.2876976753712531E-06
  1.8074571113941396E+00  1.7400143363326184E-01  2.2785634904736545E-06
  1.8254642661373701E+00  1.7364866112906982E-01  2.2705191455210561E-06
  1.8436508207788911E+00  1.7328155760676625E-01  2.2636238416401767E-06
  1.8620185626262451E+00  1.7294433184600649E-01  2.2579329308478247E-06
  1.8805692967933845E+00  1.7259408959665135E-01  2.2534971754943730E-06
  1.8993048463780764E+00  1.7224764741385212E-01  2.2503626347181169E-06
  1.9182270526410619E+00  1.7187994672619375E-01  2.2485711831808506E-06
  1.9373377751870124E+00  1.7152516050374006E-01  2.2481615041397770E-06
  1.9566388921472873E+00  1.7114160456844224E-01  2.2491703347641107E-06
  1.9761323003645062E+00  1.7076802270791855E-01  2.2516337644678809E-06
  1.9958199155789633E+00  1.7039019616748668E-01  2.2555884032334215E-06
  2.0157036726168998E+00  1.7002039347652903E-01  2.2610722605924148E-06
  2.0357855255806561E+00  1.6964148880643978E-01  2.2681253421815829E-06
  2.0560674480407064E+00  1.6933788188772861E-01  2.2767900283126684E-06
  2.0765514332296164E+00  1.6902028411888290E-01  2.2871103855356229E-06
  2.0972394942379360E+00  1.6872737116022504E-01  2.2991310322097449E-06
  2.1181336642120341E+00  1.6841876464159966E-01  2.3128960895016121E-06
  2.1392359965539023E+00  1.6812572901636766E-01  2.3284484681850692E-06
  2.1605485651229692E+00  1.6777359187092861E-01  2.3458296305992502E-06
  2.1820734644399047E+00  1.6746916342978299E-01  2.3650798214694231E-06
  2.2038128098924559E+00  1.6710969154896954E-01  2.3862386474094843E-06
  2.2257687379433504E+00  1.6680685498861803E-01  2.4093458419678263E-06
  2.2479434063402568E+00  1.6647327163302694E-01  2.4344420456552506E-06
  2.2703389943278309E+00  1.6613278388240907E-01  2.4615693838250061E-06
  2.2929577028618984E+00  1.6581909552107760E-01  2.4907715785193527E-06
  2.3158017548257503E+00  1.6550352431911050E-01  2.5220936338706898E-06
  2.3388733952485885E+00  1.6520170968368122E-01  2.5555800852644202E-06
  2.3621748915261880E+00  1.6487299764843796E-01  2.5912718329518363E-06
  2.3857085336436938E+00  1.6456292176732612E-01  2.6292023784841256E-06
  2.4094766344006890E+00  1.6426645502305029E-01  2.6693940500347665E-06
  2.4334815296385020E+00  1.6394961467724367E-01  2.7118547984062103E-06
  2.4577255784697321E+00  1.6362050522747448E-01  2.7565759477513086E-06
  2.4822111635101232E+00  1.6331987873617879E-01  2.8035309721849150E-06
  2.5069406911127059E+00  1.6300670812722579E-01  2.8526750996345507E-06
  2.5319165916042801E+00  1.6266107397221080E-01  2.9039453759364616E-06
  2.5571413195242716E+00  1.6234111416703734E-01  2.9572608850853525E-06
  2.5826173538659498E+00  1.6200660935741898E-01  3.0125231648508151E-06
  2.6083471983200437E+00  1.6170504179431058E-01  3.0696180524742513E-06
  2.6343333815208125E+00  1.6138539858078524E-01  3.1284179416522536E-06
  2.6605784572945437E+00  1.6107548389353182E-01  3.1887825598575080E-06
  2.6870850049105228E+00  1.6076751329871364E-01  3.2505601372294786E-06
  2.7138556293345331E+00  1.6045475363686737E-01  3.3135890213193028E-06
  2.7408929614848523E+00  1.6009463397264592E-01  3.3776993094810523E-06
  2.7681996584908020E+00  1.5980056016378463E-01  3.4427140425088563E-06
  2.7957784039538982E+00  1.5943315132393937E-01  3.5084496486472050E-06
  2.8236319082115755E+00  1.5908061074117907E-01  3.5747155702626329E-06
  2.8517629086035376E+00  1.5874087788018598E-01  3.6413132392908754E-06
  2.8801741697408079E+00  1.5838949906790020E-01  3.7080347581587615E-06
  2.9088684837773826E+00  1.5804623080578470E-01  3.7746616475299025E-06
  2.9378486706846552E+00  1.5770672205949532E-01  3.8409636214188479E-06
  2.9671175785285668E+00  1.5737724352505775E-01  3.9066976549574178E-06
  2.9966780837494693E+00  1.5703828432864031E-01  3.9716101663743649E-06
  3.0265330914448403E+00  1.5665335157452262E-01  4.0354413397050673E-06
  3.0566855356547746E+00  1.5634311413286994E-01  4.0979308238636846E-06
  3.0871383796503231E+00  1.5606192403704172E-01  4.1588241742827461E-06
  3.1178946162247287E+00  1.5568922905899316E-01  4.2178790482182009E-06
  3.1489572679875382E+00  1.5542642870707127E-01  4.2748701251316335E-06
  3.1803293876616450E+00  1.5509570978854548E-01  4.3295920545828893E-06
  3.2120140583833168E+00  1.5477044016719999E-01  4.3818602915499721E-06
  3.2440143940051862E+00  1.5444565499217702E-01  4.4315102912626293E-06
  3.2763335394022577E+00  1.5410315355597426E-01  4.4783956316660797E-06
  3.3089746707809975E+00  1.5375305307948070E-01  4.5223851186059535E-06
  3.3419409959914641E+00  1.5340658495925730E-01  4.5633570959968588E-06
  3.3752357548425591E+00  1.5305416953762474E-01  4.6011975595915782E-06
  3.4088622194204405E+00  1.5268982107365070E-01  4.6358019433453545E-06
  3.4428236944100825E+00  1.5234351289613096E-01  4.6670776440298905E-06
  3.4771235174200341E+00  1.5197599149132340E-01  4.6949470120227263E-06
  3.5117650593104637E+00  1.5159223783410050E-01  4.7193504298752897E-06
  3.5467517245243920E+00  1.5126789816623468E-01  4.7402489412509864E-06
  3.5820869514222862E+00  1.5092711388993810E-01  4.7576259138414996E-06
  3.6177742126199930E+00  1.5059534041121078E-01  4.7714874293610673E-06
  3.6538170153299667E+00  1.5028548322713273E-01  4.7818614542295036E-06
  3.6902189017059848E+00  1.4999558111651615E-01  4.7887960782317509E-06
  3.7269834491912448E+00  1.4963966473442711E-01  4.7923570170259017E-06
  3.7641142708699293E+00  1.4933078135244865E-01  4.7926231041390443E-06
  3.8016150158223101E+00  1.4901747204954208E-01  4.7896822659069279E-06
  3.8394893694833527E+00  1.4867877469519564E-01  4.7836303568793903E-06
  3.8777410540049000E+00  1.4833598061197628E-01  4.7745701910921631E-06
  3.9163738286214911E+00  1.4798534432310795E-01  4.7626104225074920E-06
  3.9553914900197951E+00  1.4764143892326850E-01  4.7478643183663598E-06
  3.9947978727117230E+00  1.4730439825174432E-01  4.7304485262354943E-06
  4.0345968494112938E+00  1.4694194335206401E-01  4.7104819682446001E-06
  4.0747923314152175E+00  1.4660234298375319E-01  4.6880849848382617E-06
  4.1153882689872727E+00  1.4628420306801232E-01  4.6633787823553130E-06
  4.1563886517465454E+00  1.4594756712093088E-01  4.6364851225709616E-06
  4.1977975090595061E+00  1.4559971714938599E-01  4.6075261577389815E-06
  4.2396189104359792E+00  1.4526179706219186E-01  4.5766244562934208E-06
  4.2818569659291299E+00  1.4492094528787425E-01  4.5439030417955504E-06
  4.3245158265393275E+00  1.4456955268492616E-01  4.5094846208355449E-06
  4.3675996846221183E+00  1.4424441163753707E-01  4.4734904616039849E-06
  4.4111127743002578E+00  1.4388629670113526E-01  4.4360391368679683E-06
  4.4550593718797709E+00  1.4356774490736879E-01  4.3972452423467690E-06
  4.4994437962702563E+00  1.4322501273615285E-01  4.3572182666766857E-06
  4.5442704094093207E+00  1.4290471968395074E-01  4.3160618090977543E-06
  4.5895436166912349E+00  1.4257454902982541E-01  4.2738732868831120E-06
  4.6352678673999117E+00  1.4223907826883650E-01  4.2307441513324449E-06
  4.6814476551461457E+00  1.4193589543330284E-01  4.1867604975748733E-06
  4.7280875183092217E+00  1.4160322360102987E-01  4.1420039212318774E-06
  4.7751920404829518E+00  1.4127112007198636E-01  4.0965525827236330E-06
  4.8227658509261246E+00  1.4092542282427595E-01  4.0504827131974763E-06
  4.8708136250174325E+00  1.4057779605531337E-01  4.0038690457655096E-06
  4.9193400847149871E+00  1.4024526383542699E-01  3.9567844802349589E-06
  4.9683499990203517E+00  1.3990717085587609E-01  3.9092995561241501E-06
  5.0178481844472147E+00  1.3958262877494784E-01  3.8614817317397098E-06
  5.0678395054947636E+00  1.3923341706051112E-01  3.8133945115138029E-06
  5.1183288751257381E+00  1.3888662162716836E-01  3.7650965459526679E-06
  5.1693212552492387E+00  1.3857233816176606E-01  3.7166408903106722E-06
  5.2208216572084005E+00  1.3820688240298573E-01  3.6680746103014214E-06
  5.2728351422728714E+00  1.3789945160647671E-01  3.6194388260536363E-06
  5.3253668221361936E+00  1.3754723058357612E-01  3.5707691867811126E-06
  5.3784218594182214E+00  1.3722625964943277E-01  3.5220967785462660E-06
  5.4320054681724157E+00  1.3691017504791678E-01  3.4734501710223698E-06
  5.4861229143982895E+00  1.3658666550903900E-01  3.4248570311557585E-06
  5.5407795165589704E+00  1.3625837013381109E-01  3.3763443272308243E-06
  5.5959806461038051E+00  1.3591867499412821E-01  3.3279384655137738E-06
  5.6517317279963040E+00  1.3557434960359993E-01  3.2796655132110212E-06
  5.7080382412472694E+00  1.3526884631050079E-01  3.2315515041565791E-06
  5.7649057194532318E+00  1.3496026618773099E-01  3.1836227928341021E-06
  5.8223397513403059E+00  1.3464104623447845E-01  3.1359063903763164E-06
  5.8803459813134147E+00  1.3430376571842711E-01  3.0884301994521025E-06
  5.9389301100109808E+00  1.3398106122210987E-01  3.0412230821825147E-06
  5.9980978948652011E+00  1.3365674429384400E-01  2.9943147389948819E-06
  6.0578551506678497E+00  1.3331636955410922E-01  2.9477353832910760E-06
  6.1182077501417105E+00  1.3298923221556125E-01  2.9015149082313818E-06
  6.1791616245177705E+00  1.3263703110824115E-01  2.8556817337481081E-06
  6.2407227641180958E+00  1.3228611415595445E-01  2.8102624937469329E-06
  6.3028972189445209E+00  1.3196066037890516E-01  2.7652818725948593E-06
  6.3656910992732607E+00  1.3158266540412999E-01  2.7207623630813289E-06
  6.4291105762553808E+00  1.3127077846864094E-01  2.6767239527408089E-06
  6.4931618825232595E+00  1.3093420606442563E-01  2.6331837747230920E-06
  6.5578513128031677E+00  1.3062632785556427E-01  2.5901557898781032E-06
  6.6231852245338150E+00  1.3030132414864076E-01  2.5476505842906853E-06
  6.6891700384911736E+00  1.2997560733275809E-01  2.5056753542426510E-06
  6.7558122394195248E+00  1.2961284936218154E-01  2.4642340986116555E-06
  6.8231183766686705E+00  1.2932055841457196E-01  2.4233280187655610E-06
  6.8910950648376561E+00  1.2898565802485157E-01  2.3829562579449105E-06
  6.9597489844247953E+00  1.2865723249162653E-01  2.3431172566920848E-06
  7.0290868824841928E+00  1.2835872574285281E-01  2.3038092807192314E-06
  7.0991155732888531E+00  1.2801407691559227E-01  2.2650304417152004E-06
  7.1698419390003485E+00  1.2769888958325012E-01  2.2267787023407758E-06
  7.2412729303451444E+00  1.2732444356080719E-01  2.1890518757069557E-06
  7.3134155672977386E+00  1.2701916384098169E-01  2.1518476177249536E-06
  7.3862769397705357E+00  1.2669161645061439E-01  2.1151634124659773E-06
  7.4598642083105968E+00  1.2634014693014614E-01  2.0789965532655262E-06
  7.5341846048033938E+00  1.2598696733414921E-01  2.0433441249785064E-06
  7.6092454331835091E+00  1.2564617630707789E-01  2.0082029930815331E-06
  7.6850540701524217E+00  1.2530996251338650E-01  1.9735698044297377E-06
  7.7616179659035014E+00  1.2496917785817940E-01  1.9394410058805666E-06
  7.8389446448541698E+00  1.2459758528308619E-01  1.9058129074585237E-06
  7.9170417063853371E+00  1.2431223069789973E-01  1.8726817371830811E-06
  7.9959168255883277E+00  1.2398656933658551E-01  1.8400436627877099E-06
  8.0755777540190596E+00  1.2366284761707268E-01  1.8078948189421784E-06
  8.1560323204598824E+00  1.2335293209574506E-01  1.7762313446382607E-06
  8.2372884316890129E+00  1.2297569825000762E-01  1.7450494302914837E-06
  8.3193540732574789E+00  1.2266477005259269E-01  1.7143453708725895E-06
  8.4022373102739998E+00  1.2233668775786186E-01  1.6841156175423729E-06
  8.4859462881975549E+00  1.2198584194227377E-01  1.6543568173742409E-06
  8.5704892336378755E+00  1.2162833745601316E-01  1.6250658312806107E-06
  8.6558744551639748E+00  1.2125625914979575E-01  1.5962397238789748E-06
  8.7421103441206451E+00  1.2092256211068030E-01  1.5678757186168143E-06
  8.8292053754531210E+00  1.2053303504125787E-01  1.5399710547541104E-06
  8.9171681085400021E+00  1.2021344680783366E-01  1.5125227995808856E-06
  9.0060071880344221E+00  1.1986141793813440E-01  1.4855278087359311E-06
  9.0957313447135775E+00  1.1955671994357110E-01  1.4589827109594148E-06
  9.1863493963368210E+00  1.1920634752884729E-01  1.4328838852593744E-06
  9.2778702485121975E+00  1.1888990541431349E-01  1.4072274316749077E-06
  9.3703028955716405E+00  1.1853448540164517E-01  1.3820091392021312E-06
  9.4636564214549477E+00  1.1820564492588084E-01  1.3572244571089888E-06
  9.5579400006024944E+00  1.1783345564232070E-01  1.3328684777931473E-06
  9.6531628988568219E+00  1.1749022460141545E-01  1.3089359388642519E-06
  9.7493344743733612E+00  1.1714208613750282E-01  1.2854212477773087E-06
  9.8464641785399838E+00  1.1677312973597308E-01  1.2623185316371568E-06
  9.9445615569059171E+00  1.1636996780099809E-01  1.2396217379358693E-06
  1.0043636250119901E+01  1.1602730278713634E-01  1.2173248167831605E-06
  1.0143697994877501E+01  1.1567413313957604E-01  1.1954217871685870E-06
  1.0244756624878114E+01  1.1531109383170673E-01  1.1739067444821856E-06
  1.0346822071791342E+01  1.1495722656622294E-01  1.1527738680286364E-06
  1.0449904366233012E+01  1.1459265333268986E-01  1.1320174291114159E-06
  1.0554013638751007E+01  1.1423980261136377E-01  1.1116317987313471E-06
  1.0659160120820829E+01  1.1388541908375807E-01  1.0916114535468752E-06
  1.0765354145851081E+01  1.1352759817964027E-01  1.0719509785551925E-06
  1.0872606150199054E+01  1.1316019151606947E-01  1.0526450652931085E-06
  1.0980926674196350E+01  1.1279205746114698E-01  1.0336885051682020E-06
  1.1090326363184714E+01  1.1242029770393817E-01  1.0150761780331880E-06
  1.1200815968562269E+01  1.1204887095911518E-01  9.9680303574393403E-07
  1.1312406348840117E+01  1.1166828844817422E-01  9.7886407241811639E-07
  1.1425108470709413E+01  1.1128474856714012E-01  9.6125430659660751E-07
  1.1538933410119219E+01  1.1090083145360770E-01  9.4396878021048549E-07
  1.1653892353364961E+01  1.1051171614159573E-01  9.2700255956843338E-07
  1.1769996598187737E+01  1.1012834569681912E-01  9.1035073810668139E-07
  1.1887257554884744E+01  1.0973105126394407E-01  8.9400844169560554E-07
  1.2005686747430486E+01  1.0933707663692245E-01  8.7797083706567712E-07
  1.2125295814609382E+01  1.0896612592078722E-01  8.6223314330486720E-07
  1.2246096511159648E+01  1.0855180253452883E-01  8.4679064535680483E-07
  1.2368100708928354E+01  1.0817609932857472E-01  8.3163870775657790E-07
  1.2491320398038292E+01  1.0778045650180350E-01  8.1677278667136363E-07
  1.2615767688066256E+01  1.0737699997480343E-01  8.0218843662896157E-07
  1.2741454809233094E+01  1.0697311978153844E-01  7.8788129299161248E-07
  1.2868394113605728E+01  1.0658595923258180E-01  7.7384704323742162E-07
  1.2996598076311026E+01  1.0617943314535207E-01  7.6008142849644792E-07
  1.3126079296761779E+01  1.0577606676171401E-01  7.4658025065091550E-07
  1.3256850499895000E+01  1.0536347202944771E-01  7.3333937879181079E-07
  1.3388924537422438E+01  1.0494076055147560E-01  7.2035475398112101E-07
  1.3522314389093575E+01  1.0452970486628627E-01  7.0762239106574217E-07
  1.3657033163971285E+01  1.0411165606004587E-01  6.9513837632498621E-07
  1.3793094101720120E+01  1.0368169688489910E-01  6.8289886021866383E-07
  1.3930510573907412E+01  1.0326007746839422E-01  6.7090004557835797E-07
  1.4069296085317459E+01  1.0282246528512695E-01  6.5913817268438954E-07
  1.4209464275278686E+01  1.0238039745070419E-01  6.4760950382042204E-07
  1.4351028919004015E+01  1.0194679603997343E-01  6.3631031382800349E-07
  1.4494003928944796E+01  1.0150418757010528E-01  6.2523689339542543E-07
  1.4638403356157880E+01  1.0104937838785547E-01  6.1438555035848741E-07
  1.4784241391686599E+01  1.0060300196838447E-01  6.0375260838545290E-07
  1.4931532367955496E+01  1.0015379546208542E-01  5.9333440607294052E-07
  1.5080290760178670E+01  9.9711301626816698E-02  5.8312729711210650E-07
  1.5230531187782503E+01  9.9259390854028795E-02  5.7312765226095074E-07
  1.5382268415842365E+01  9.8788585003104057E-02  5.6333186386004775E-07
  1.5535517356533594E+01  9.8348011035721800E-02  5.5373635336973236E-07
  1.5690293070597130E+01  9.7869898087546092E-02  5.4433758167693410E-07
  1.5846610768819572E+01  9.7397698029505847E-02  5.3513206111731217E-07
  1.6004485813527978E+01  9.6940829350352337E-02  5.2611636707262832E-07
  1.6163933720099738E+01  9.6480780078816289E-02  5.1728714379087112E-07
  1.6324970158487304E+01  9.6000853684397869E-02  5.0864108975065369E-07
  1.6487610954758129E+01  9.5516209395281423E-02  5.0017494404280814E-07
  1.6651872092650084E+01  9.5023097109652094E-02  4.9188548182247668E-07
  1.6817769715142262E+01  9.4538071457360276E-02  4.8376950786170531E-07
  1.6985320126041362E+01  9.4063984857225905E-02  4.7582384691102058E-07
  1.7154539791584085E+01  9.3556681111697126E-02  4.6804533035728036E-07
  1.7325445342055339E+01  9.3060631489608303E-02  4.6043077911370684E-07
  1.7498053573422517E+01  9.2568074812235016E-02  4.5297698356290939E-07
  1.7672381448986282E+01  9.2077357237988156E-02  4.4568068285581376E-07
  1.7848446101047578E+01  9.1562632035164501E-02  4.3853854704029355E-07
  1.8026264832591277E+01  9.1071150979554386E-02  4.3154716706793074E-07
  1.8205855118986836E+01  9.0556847594094936E-02  4.2470306261102074E-07
  1.8387234609705484E+01  9.0029493463829435E-02  4.1800275977931474E-07
  1.8570421130054854E+01  8.9531979104157736E-02  4.1144289195500714E-07
  1.8755432682930905E+01  8.8997812882037813E-02  4.0502023139007863E-07
  1.8942287450586932E+01  8.8472927923107347E-02  3.9873172081393833E-07
  1.9131003796420650E+01  8.7949865469422572E-02  3.9257451965589081E-07
  1.9321600266778830E+01  8.7392236358698458E-02  3.8654606749282235E-07
  1.9514095592779885E+01  8.6912612697896810E-02  3.8064416581563843E-07
  1.9708508692154805E+01  8.6362432893411750E-02  3.7486707575180871E-07
  1.9904858671106307E+01  8.5820220936865824E-02  3.6921362326090253E-07
  2.0103164826186401E+01  8.5295115124169388E-02  3.6368329649664525E-07
  2.0303446646192956E+01  8.4743601464647239E-02  3.5827631648431891E-07
  2.0505723814084902E+01  8.4207143652062083E-02  3.5299364628833973E-07
  2.0710016208916535E+01  8.3646359535012704E-02  3.4783675978077651E-07
  2.0916343907791298E+01  8.3095898906481072E-02  3.4280708782509337E-07
  2.1124727187834775E+01  8.2563050675976649E-02  3.3790585374673745E-07
  2.1335186528187535E+01  8.2003120274652896E-02  3.3313405283594746E-07
  2.1547742612017611E+01  8.1458837980930524E-02  3.2849241806156165E-07
  2.1762416328553336E+01  8.0895504944579325E-02  3.2398136688355087E-07
  2.1979228775136175E+01  8.0338631258926818E-02  3.1960092632649166E-07
  2.2198201259294024E+01  7.9789451855477533E-02  3.1535063605142131E-07
  2.2419355300835385E+01  7.9234081775963000E-02  3.1122943463486731E-07
  2.2642712633964166E+01  7.8676608930434141E-02  3.0723554262071799E-07
  2.2868295209415599E+01  7.8123601512087526E-02  3.0336636100573677E-07
  2.3096125196613578E+01  7.7570295979295323E-02  2.9961841989781253E-07
  2.3326224985849333E+01  7.7021135787660858E-02  2.9598748984145602E-07
  2.3558617190481868E+01  7.6472459020952177E-02  2.9246917738378735E-07
  2.3793324649160283E+01  7.5928178622770945E-02  2.8905926698779903E-07
  2.4030370428068348E+01  7.5385930154374892E-02  2.8575373713382160E-07
  2.4269777823191355E+01  7.4837145485293938E-02  2.8254876772757692E-07
  2.4511570362605440E+01  7.4303924206859343E-02  2.7944075460434520E-07
  2.4755771808790001E+01  7.3761761273620954E-02  2.7642633248405564E-07
  2.5002406160962927E+01  7.3225434392433258E-02  2.7350240717083326E-07
  2.5251497657439039E+01  7.2698054577937182E-02  2.7066619630320624E-07
  2.5503070778012344E+01  7.2162316016101999E-02  2.6791527514941867E-07
  2.5757150246361668E+01  7.1605103621619370E-02  2.6524762112258586E-07
  2.6013761032480502E+01  7.1092664700824343E-02  2.6266164514216742E-07
  2.6272928355130819E+01  7.0536679848167777E-02  2.6015618312021594E-07
  2.6534677684321675E+01  7.0025059841709744E-02  2.5773031114515623E-07
  2.6799034743812193E+01  6.9493753253241003E-02  2.5538312544823581E-07
  2.7066025513639541E+01  6.8961757924364389E-02  2.5311368740668551E-07
  2.7335676232672320E+01  6.8438444247974711E-02  2.5092097253875515E-07
  2.7608013401189115E+01  6.7893763462385140E-02  2.4880379507757393E-07
  2.7883063783482804E+01  6.7380360674976311E-02  2.4676070121511701E-07
  2.8160854410490970E+01  6.6874633716355880E-02  2.4478982460941120E-07
  2.8441412582452330E+01  6.6359916601906377E-02  2.4288870115412487E-07
  2.8724765871589742E+01  6.5847360088362950E-02  2.4105404865388521E-07
  2.9010942124819792E+01  6.5340682804323910E-02  2.3928152980055783E-07
  2.9299969466489653E+01  6.4834624157898438E-02  2.3756553162502963E-07
  2.9591876301140971E+01  6.4338923975735138E-02  2.3589903878577777E-07
  2.9886691316301228E+01  6.3840391777173960E-02  2.3427402343131940E-07
  3.0184443485303287E+01  6.3345565922467179E-02  2.3268246686583921E-07
  3.0485162070132652E+01  6.2828236934107079E-02  2.3111665029227371E-07
  3.0788876624303139E+01  6.2357521899796375E-02  2.2956922184798492E-07
  3.1095616995761482E+01  6.1864164861397022E-02  2.2803330323783560E-07
  3.1405413329820558E+01  6.1368901858926808E-02  2.2650264976300172E-07
  3.1718296072122005E+01  6.0875106477380619E-02  2.2497187654951078E-07
  3.2034295971628204E+01  6.0378839017724180E-02  2.2343676053548591E-07
  3.2353444083644327E+01  5.9871308111514948E-02  2.2189461651549133E-07
  3.2675771772870284E+01  5.9370050250258904E-02  2.2034472350028260E-07
  3.3001310716483012E+01  5.8868440866043287E-02  2.1878875609782310E-07
  3.3330092907249785E+01  5.8335595193784055E-02  2.1723110907149460E-07
  3.3662150656672253E+01  1.9633189295423890E-04  2.1567868020380408E-07
  3.3997516598161781E+01  4.1599317455933922E-05  2.1413909650327179E-07
  3.4336223690246769E+01  2.2978303647626211E-05  2.1261975913289402E-07
  3.4678305219811591E+01  1.5751498395165621E-05  2.1112776972641238E-07
  3.5023794805367771E+01  1.1917194847870446E-05  2.0966986460863437E-07
  3.5372726400358125E+01  9.5440963463059186E-06  2.0825231602795694E-07
  3.5725134296493430E+01  7.9328118096890889E-06  2.0688078915884146E-07
  3.6081053127122566E+01  6.7688123609544048E-06  2.0556014389088261E-07
  3.6440517870636000E+01  5.8897559647942694E-06  2.0429417525842495E-07
  3.6803563853903547E+01  5.2033889101368964E-06  2.0308529966328791E-07
  3.7170226755746064E+01  4.6534079767805005E-06  2.0193421040057113E-07
  3.7540542610441740E+01  4.2034894845667557E-06  2.0083956493694952E-07
  3.7914547811267589E+01  3.8290824301382386E-06  1.9979788442115614E-07
  3.8292279114075967E+01  3.5129451072488631E-06  1.9880458051881951E-07
  3.8673773640906695E+01  3.2426694097744026E-06  1.9785507897065612E-07
  3.9059068883635490E+01  3.0091092623694885E-06  1.9694492645741549E-07
  3.9448202707658353E+01  2.8053764184434714E-06  1.9606979693391260E-07
  3.9841213355612979E+01  2.6261855010630656E-06  1.9522550706444159E-07
  4.0238139451136881E+01  2.4674144109321168E-06  1.9440804356033485E-07
  4.0639020002663457E+01  2.3258018361910696E-06  1.9361360547569119E-07
  4.1043894407255465E+01  2.1987345219508385E-06  1.9283866391202509E-07
  4.1452802454476668E+01  2.0840948167861452E-06  1.9208003907564880E-07
  4.1865784330302525E+01  1.9801497284912548E-06  1.9133499021643082E-07
  4.2282880621069317E+01  1.8854695784742827E-06  1.9060130732259650E-07
  4.2704132317462744E+01  1.7988700766469817E-06  1.8987737435154285E-07
  4.3129580818546579E+01  1.7193682876224223E-06  1.8916202654489206E-07
  4.3559267935831038E+01  1.6461352453355805E-06  1.8845419492064047E-07
  4.3993235897381957E+01  1.5784644255362615E-06  1.8775282894432028E-07
  4.4431527351970644E+01  1.5157500019719620E-06  1.8705689950642754E-07
  4.4874185373265483E+01  1.4574695888512988E-06  1.8636540435869783E-07
  4.5321253464064952E+01  1.4031704184133741E-06  1.8567737654627615E-07
  4.5772775560572740E+01  1.3524581877785078E-06  1.8499189682263412E-07
  4.6228796036715956E+01  1.3049880028279373E-06  1.8430811101876746E-07
  4.6689359708505869E+01  1.2604569919736066E-06  1.8362525287585551E-07
  4.7154511838442133E+01  1.2185982793722850E-06  1.8294267167426866E-07
  4.7624298139961283E+01  1.1791761277615311E-06  1.8225986249789470E-07
  4.8098764781929091E+01  1.1419822717004060E-06  1.8157649214838820E-07
  4.8577958393178037E+01  1.1068332256534343E-06  1.8089238853662958E-07
  4.9061926067089516E+01  1.0735658802326326E-06  1.8020743286363942E-07
  4.9550715366222363E+01  1.0420338981765073E-06  1.7952150820260472E-07
  5.0044374326986969E+01  1.0121055885398382E-06  1.7883449696735090E-07
  5.0542951464365977E+01  9.8366212138105082E-07  1.7814627895024403E-07
  5.1046495776682420E+01  9.5659599464064845E-07  1.7745672825073532E-07
  5.1555056750414998E+01  9.3080971108486743E-07  1.7676570865491360E-07
  5.2068684365061245E+01  9.0621462963494185E-07  1.7607306696220869E-07
  5.2587429098049626E+01  8.8272995976052111E-07  1.7537862381531271E-07
  5.3111341929700075E+01  8.6028186877016272E-07  1.7468216192775479E-07
  5.3640474348234285E+01  8.3880266546407130E-07  1.7398341211197031E-07
  5.4174878354835535E+01  8.1822999974610721E-07  1.7328203917817117E-07
  5.4714606468759499E+01  7.9850600591091134E-07  1.7257763554910089E-07
  5.5259711732495504E+01  7.7957700521637482E-07  1.7186975964536122E-07
  5.5810247716979170E+01  7.6139353787955423E-07  1.7115797502162178E-07
  5.6366268526857475E+01  7.4391000187136211E-07  1.7044185463305380E-07
  5.6927828805805845E+01  7.2708429080302140E-07  1.6972098281016984E-07
  5.7494983741898132E+01  7.1087747367823153E-07  1.6899495843822085E-07
  5.8067789073030625E+01  6.9525351309457734E-07  1.6826339987419083E-07
  5.8646301092399540E+01  6.8017901882439046E-07  1.6752595226073935E-07
  5.9230576654033463E+01  6.6562303606347586E-07  1.6678229792843142E-07
  5.9820673178380474E+01  6.5155687131582764E-07  1.6603217032649758E-07
  6.0416648657951576E+01  6.3795396567335112E-07  1.6527537131883765E-07
  6.1018561663019838E+01  6.2478984228297998E-07  1.6451179034203274E-07
  6.1626471347376246E+01  6.1204218431481637E-07  1.6374141972310495E-07
  6.2240437454143517E+01  5.9969071057337505E-07  1.6296432853995897E-07
  6.2860520321647222E+01  5.8771655012218959E-07  1.6218059963979963E-07
  6.3486780889345454E+01  5.7610201907921039E-07  1.6139031738924965E-07
  6.4119280703818077E+01  5.6483052871620539E-07  1.6059356752113615E-07
  6.4758081924815087E+01  5.5388650215775476E-07  1.5979043689650586E-07
  6.5403247331365520E+01  5.4325529825117777E-07  1.5898101310123355E-07
  6.6054840327946934E+01  5.3292314149461281E-07  1.5816538380349469E-07
  6.6712924950716911E+01  5.2287705780838876E-07  1.5734363578791016E-07
  6.7377565873806148E+01  5.1310481454981438E-07  1.5651585359495662E-07
  6.8048828415674166E+01  5.0359486312729988E-07  1.5568211775638595E-07
  6.8726778545528944E+01  4.9433628260516277E-07  1.5484250273967192E-07
  6.9411482889809974E+01  4.8531872058609319E-07  1.5399707507414554E-07
  7.0103008738735824E+01  4.7653234118084806E-07  1.5314589404234344E-07
  7.0801424052917625E+01  4.6796782260722301E-07  1.5228901841473910E-07
  7.1506797470037654E+01  4.5961634162781314E-07  1.5142650953741087E-07
  7.2219198311594980E+01  4.5146954228973994E-07  1.5055843201525614E-07
  7.2938696589717807E+01  4.4351950728141272E-07  1.4968485475620664E-07
  7.3665363014044487E+01  4.3575873238443711E-07  1.4880585263149097E-07
  7.4399268998672312E+01  4.2818010429734538E-07  1.4792150902215252E-07
  7.5140486669175701E+01  4.2077688244000286E-07  1.4703191958679643E-07
  7.5889088869694774E+01  4.1354268615876414E-07  1.4613719759818150E-07
  7.6645149170094086E+01  4.0647149009109629E-07  1.4523748106478819E-07
  7.7408741873192483E+01  3.9955763277460268E-07  1.4433294160786811E-07
  7.8179942022065845E+01  3.9279584808143914E-07  1.4342379399199606E-07
  7.8958825407421685E+01  3.8618131531239108E-07  1.4251030056571242E-07
  7.9745468575047724E+01  3.7970955361052136E-07  1.4159274499879699E-07
  8.0539948833334307E+01  3.7337628642285997E-07  1.4067140856494239E-07
  8.1342344260872324E+01  3.6717742079179851E-07  1.3974656820141592E-07
  8.2152733714126356E+01  3.6110903631258928E-07  1.3881849597548156E-07
  8.2971196835184116E+01  3.5516737461055943E-07  1.3788745830739838E-07
  8.3797814059583857E+01  3.4934882906970359E-07  1.3695371484950445E-07
  8.4632666624219070E+01  3.4364993429490480E-07  1.3601751690039474E-07
  8.5475836575321850E+01  3.3806735495902986E-07  1.3507910523328719E-07
  8.6327406776526630E+01  3.3259787316590163E-07  1.3413870727506276E-07
  8.7187460917013368E+01  3.2723837274736452E-07  1.3319653369358268E-07
  8.8056083519732397E+01  3.2198581880199256E-07  1.3225277475529286E-07
  8.8933359949710663E+01  3.1683723080807317E-07  1.3130759775347603E-07
  8.9819376422441593E+01  3.1178968829442452E-07  1.3036115370716982E-07
  9.0714220012357828E+01  3.0684037623154900E-07  1.2941359011716736E-07
  9.1617978661388236E+01  3.0198658903649228E-07  1.2846505323590245E-07
  9.2530741187601166E+01  2.9722572562013100E-07  1.2751568843006779E-07
  9.3452597293932740E+01  2.9255528501444177E-07  1.2656564077205535E-07
  9.4383637577002403E+01  2.8797286282734712E-07  1.2561505597072050E-07
  9.5323953536016845E+01  2.8347614870474719E-07  1.2466408178932537E-07
  9.6273637581761975E+01  2.7906292511450899E-07  1.2371287013585206E-07
  9.7232783045684769E+01  2.7473106829338006E-07  1.2276158001726146E-07
  9.8201484189065212E+01  2.7047855274589453E-07  1.2181038149240252E-07
  9.9179836212280549E+01  2.6630346142869862E-07  1.2085946062510040E-07
  1.0016793526416093E+02  2.6220400505204126E-07  1.1990902465796903E-07
  1.0116587845143820E+02  2.5817852862396524E-07  1.1895930022971498E-07
  1.0217376384828989E+02  2.5422545173244705E-07  1.1801051547623240E-07
  1.0319169050597725E+02  2.5034324164484476E-07  1.1706289353873260E-07
  1.0421975846257922E+02  2.4653041112110912E-07  1.1611665278278374E-07
  1.0525806875282464E+02  2.4278551711971393E-07  1.1517200733557246E-07
  1.0630672341802095E+02  2.3910716009073872E-07  1.1422916795513638E-07
  1.0736582551608279E+02  2.3549398392832328E-07  1.1328834338883585E-07
  1.0843547913165963E+02  2.3194467704667114E-07  1.1234974242858905E-07
  1.0951578938636551E+02  2.2845797535135941E-07  1.1141357690348198E-07
  1.1060686244910967E+02  2.2503266800344289E-07  1.1048006581910162E-07
  1.1170880554653017E+02  2.2166760799438423E-07  1.0954944076839420E-07
  1.1282172697353226E+02  2.1836173068259480E-07  1.0862195211156359E-07
  1.1394573610393098E+02  2.1511407321035735E-07  1.0769787191183540E-07
  1.1508094340119968E+02  2.1192373156509876E-07  1.0677747717157552E-07
  1.1622746042932653E+02  2.0878981835782889E-07  1.0586103652978726E-07
  1.1738539986377832E+02  2.0571146018652437E-07  1.0494880966044820E-07
  1.1855487550257391E+02  2.0268779733381365E-07  1.0404104745417947E-07
  1.1973600227746741E+02  1.9971798359276737E-07  1.0313799226489634E-07
  1.2092889626524403E+02  1.9680118621453434E-07  1.0223987825873177E-07
  1.2213367469912727E+02  1.9393658608025373E-07  1.0134693192457373E-07
  1.2335045598029981E+02  1.9112337825188518E-07  1.0045937283592179E-07
  1.2457935968954028E+02  1.8836077333782138E-07  9.9577414786315811E-08
  1.2582050659897486E+02  1.8564800011564617E-07  9.8701267458832395E-08
  1.2707401868394589E+02  1.8298431036062688E-07  9.7831138751996375E-08
  1.2834001913500003E+02  1.8036898682639048E-07  9.6967237351169110E-08
  1.2961863236999449E+02  1.7780133894521884E-07  9.6109770107094880E-08
  1.3090998404632393E+02  1.7528068563076697E-07  9.5258935769783101E-08
  1.3221420107327057E+02  1.7280635227716088E-07  9.4414924108906167E-08
  1.3353141162447562E+02  1.7037767059834102E-07  9.3577915894637670E-08
  1.3486174515053619E+02  1.6799397830608289E-07  9.2748082757753382E-08
  1.3620533239172650E+02  1.6565461874880225E-07  9.1925586865065609E-08
  1.3756230539084746E+02  1.6335893999083859E-07  9.1110580322047749E-08
  1.3893279750620289E+02  1.6110629311503593E-07  9.0303204189618460E-08
  1.4031694342470516E+02  1.5889602981409943E-07  8.9503586993149716E-08
  1.4171487917511249E+02  1.5672749851180884E-07  8.8711842627642708E-08
  1.4312674214139687E+02  1.5460003825358279E-07  8.7928067641820630E-08
  1.4455267107624536E+02  1.5251296988045809E-07  8.7152338365074225E-08
  1.4599280611469700E+02  1.5046559519672211E-07  8.6384712572501539E-08
  1.4744728878791412E+02  1.4845722028198033E-07  8.5625239973271569E-08
  1.4891626203709185E+02  1.4648716367942740E-07  8.4873965539090958E-08
  1.5039987022750529E+02  1.4455475617048807E-07  8.4130929410821138E-08
  1.5189825916269808E+02  1.4265933956687915E-07  8.3396166579735774E-08
  1.5341157609881094E+02  1.4080026541547802E-07  8.2669706276614362E-08
  1.5493996975905299E+02  1.3897689372079534E-07  8.1951570927295321E-08
  1.5648359034831867E+02  1.3718859047197919E-07  8.1241774489074449E-08
  1.5804258956794902E+02  1.3543472362778847E-07  8.0540319956093651E-08
  1.5961712063063956E+02  1.3371465747855721E-07  7.9847195857046286E-08
  1.6120733827549853E+02  1.3202774396819338E-07  7.9162371648955457E-08
  1.6281339878325363E+02  1.3037330987678216E-07  7.8485792488056631E-08
  1.6443545999161077E+02  1.2875064693410735E-07  7.7817377378163265E-08
  1.6607368131076527E+02  1.2715904072653496E-07  7.7157034231746320E-08
  1.6772822373906899E+02  1.2559779257486175E-07  7.6504669673965719E-08
  1.6939924987885237E+02  1.2406621873265226E-07  7.5860188296500786E-08
  1.7108692395240359E+02  1.2256364760804599E-07  7.5223490558755477E-08
  1.7279141181810900E+02  1.2108941489423635E-07  7.4594469307579785E-08
  1.7451288098675244E+02  1.1964285595552978E-07  7.3973004196240988E-08
  1.7625150063797699E+02  1.1822329484308558E-07  7.3358953000067528E-08
  1.7800744163691255E+02  1.1683002696571912E-07  7.2752138543533816E-08
  1.7978087655096706E+02  1.1546229147097281E-07  7.2152329866897086E-08
  1.8157197966678606E+02  1.1411922869509536E-07  7.1559216373803450E-08
  1.8338092700738031E+02  1.1279981686350946E-07  7.0972375562432741E-08
  1.8520789634942565E+02  1.1150279532923395E-07  7.0391244708013952E-08
  1.8705306724073398E+02  1.1022675302499437E-07  6.9815178059576834E-08
  1.8891662101789763E+02  1.0897031268580030E-07  6.9243539525721934E-08
  1.9079874082411177E+02  1.0773215426302883E-07  6.8675715154224527E-08
  1.9269961162717254E+02  1.0651101669078650E-07  6.8111115955521801E-08
  1.9461942023765431E+02  1.0530570262656701E-07  6.7549182938555337E-08
  1.9655835532726985E+02  1.0411508739860845E-07  6.6989395523667130E-08
  1.9851660744741170E+02  1.0293813382150519E-07  6.6431284991887869E-08
  2.0049436904787913E+02  1.0177391696147019E-07  6.5874455182881012E-08
  2.0249183449579056E+02  1.0062166462636591E-07  6.5318612998399812E-08
  2.0450920009468649E+02  9.9480820394809016E-08  6.4763611132120585E-08
  2.0654666410382114E+02  9.8351139085200748E-08  6.4209504041706517E-08
  2.0860442675764503E+02  9.7232817374902823E-08  6.3656608524695651E-08
  2.1068269028548610E+02  9.6126470850349353E-08  6.3105468374798141E-08
  2.1278165893142307E+02  9.5032779613468423E-08  6.2556659176150721E-08
  2.1490153897435454E+02  9.3952381392764955E-08  6.2010731644041305E-08
  2.1704253874827691E+02  9.2885865366548322E-08  6.1468206151523948E-08
  2.1920486866275530E+02  9.1833762175216293E-08  6.0929563769853297E-08
  2.2138874122360161E+02  9.0796526661224455E-08  6.0395231232666884E-08
  2.2359437105375957E+02  8.9774509236907096E-08  5.9865556560538802E-08
  2.2582197491439845E+02  8.8767909355290926E-08  5.9340770806394392E-08
  2.2807177172621292E+02  8.7776700584109159E-08  5.8820930227640269E-08
  2.3034398259093905E+02  8.6800513938139207E-08  5.8305832951783790E-08
  2.3263883081308481E+02  8.5838459940004344E-08  5.7794904772298937E-08
  2.3495654192187268E+02  8.4888874615443319E-08  5.7287061981521614E-08
  2.3729734369340554E+02  8.3949163938172980E-08  5.6780664504723835E-08
  2.3966146617305282E+02  8.3016434497010273E-08  5.6273898931861006E-08
  2.4204914169805565E+02  8.2087909383489364E-08  5.5765012439993813E-08
  2.4446060492036176E+02  8.1160946718423909E-08  5.5252325633325805E-08
  2.4689609282968746E+02  8.0233047533689387E-08  5.4734240893780156E-08
  2.4935584477680530E+02  7.9301870682757004E-08  5.4209256364527777E-08
  2.5184010249706790E+02  7.8365258221733145E-08  5.3675988347260440E-08
  2.5434911013416661E+02  7.7421276541878791E-08  5.3133206073723798E-08
  2.5688311426412167E+02  7.6468281248064233E-08  5.2579884040539488E-08
  2.5944236391951659E+02  7.5505016866623183E-08  5.2015277625672174E-08
  2.6202711061397360E+02  7.4530767692590858E-08  5.1439027626448608E-08
  2.6463760836686828E+02  7.3545574722842425E-08  5.0851291510741147E-08
  2.6727411372829533E+02  7.2550466367589159E-08  5.0252853052383108E-08
  2.6993688580428307E+02  7.1547075332197381E-08  4.9644860543779264E-08
  2.7262618628225391E+02  7.0537039745837604E-08  4.9028469028177783E-08
  2.7534227945674382E+02  6.9521937898077074E-08  4.8404801397403098E-08
  2.7808543225537790E+02  6.8503284056163406E-08  4.7774944541605444E-08
  2.8085591426509973E+02  6.7482522734500619E-08  4.7139944156869270E-08
  2.8365399775866700E+02  6.6461020298898374E-08  4.6500797313439472E-08
  2.8647995772141104E+02  6.5440052162542789E-08  4.5858441481597785E-08
  2.8933407187825821E+02  6.4420783134641166E-08  4.5213738236208120E-08
  2.9221662072102527E+02  6.3404237434911293E-08  4.4567449509858657E-08
  2.9512788753598619E+02  6.2391253457499499E-08  4.3920204198353799E-08
  2.9806815843171205E+02  6.1382416866413736E-08  4.3272453998836413E-08
  3.0103772236718441E+02  6.0377974327892884E-08  4.2624425663688475E-08
  3.0403687118020042E+02  5.9377878070024477E-08  4.1976161359629569E-08
  3.0706589961604993E+02  5.8382038490888765E-08  4.1327678391308848E-08
  3.1012510535647823E+02  5.7390386555715980E-08  4.0679007402698391E-08
  3.1321478904894872E+02  5.6402874824795274E-08  4.0030193184334004E-08
  3.1633525433618536E+02  5.5419478874255595E-08  3.9381295924612945E-08
  3.1948680788601024E+02  5.4440199578152943E-08  3.8732393411292526E-08
  3.2266975942148872E+02  5.3465067350673878E-08  3.8083584708670087E-08
  3.2588442175136424E+02  5.2494149353915589E-08  3.7434996049225772E-08
  3.2913111080079864E+02  5.1527560900303698E-08  3.6786789876128178E-08
  3.3241014564242170E+02  5.0565482938154606E-08  3.6139178035085151E-08
  3.3572184852769050E+02  4.9608188417657901E-08  3.5492440034743391E-08
  3.3906654491855488E+02  4.8656078472236407E-08  3.4846944915280387E-08
  3.4244456351944490E+02  4.7709694062708923E-08  3.4203153546077917E-08
  3.4585623630957656E+02  4.6769606966738848E-08  3.3561545807444636E-08
  3.4930189857557343E+02  4.5836361155246912E-08  3.2922582946403129E-08
  3.5278188894441956E+02  4.4910471260247681E-08  3.2286705959580602E-08
  3.5629654941674028E+02  4.3992421885466021E-08  3.1654334654615147E-08
  3.5984622540040897E+02  4.3082665903245910E-08  3.1025866133906466E-08
  3.6343126574449440E+02  4.2181621395799559E-08  3.0401672358181948E-08
  3.6705202277354613E+02  4.1289667008865991E-08  2.9782096305322167E-08
  3.7070885232221610E+02  4.0407134953169791E-08  2.9167446094535007E-08
  3.7440211377023019E+02  3.9534300098891187E-08  2.8557986389156541E-08
  3.7813217007770942E+02  3.8671363451551705E-08  2.7953926395941928E-08
  3.8189938782083561E+02  3.7818429491430724E-08  2.7355404899979239E-08
  3.8570413722787953E+02  3.6975486686583296E-08  2.6762479771177169E-08
  3.8954679221558774E+02  3.6142464066324350E-08  2.6175168225951397E-08
  3.9342773042592535E+02  3.5319297399592331E-08  2.5593491100704899E-08
  3.9734733326319127E+02  3.4505934594294823E-08  2.5017476772631550E-08
  4.0130598593150387E+02  3.3702336772714873E-08  2.4447161876766588E-08
  4.0530407747265269E+02  3.2908480516738716E-08  2.3882592780412279E-08
  4.0934200080433396E+02  3.2124361086226839E-08  2.3323828243176825E-08
  4.1342015275876815E+02  3.1349997785075255E-08  2.2770943885052472E-08
  4.1753893412169396E+02  3.0585442934086005E-08  2.2224039313054245E-08
  4.2169874967175861E+02  2.9830795819710009E-08  2.1683248921632898E-08
  4.2590000822030021E+02  2.9086223549890439E-08  2.1148757436416456E-08
  4.3014312265151983E+02  2.8351990803089310E-08  2.0620820626059748E-08
  4.3442850996306004E+02  2.7628494815363897E-08  2.0099786803596720E-08
  4.3875659130698898E+02  2.6916226919172411E-08  1.9586066190858839E-08
  4.4312779203118441E+02  2.6215650108929607E-08  1.9080046440515006E-08
  4.4754254172113752E+02  2.5527175389922674E-08  1.8582076430614482E-08
  4.5200127424217328E+02  2.4851162623714432E-08  1.8092466837563606E-08
  4.5650442778208816E+02  2.4187920590159438E-08  1.7611490322967613E-08
  4.6105244489420681E+02  2.3537706723188512E-08  1.7139381011964034E-08
  4.6564577254088618E+02  2.2900725529379332E-08  1.6676332846061294E-08
  4.7028486213743543E+02  2.2277124609489295E-08  1.6222496230445703E-08
  4.7497016959647380E+02  2.1666987515098964E-08  1.5777972246711817E-08
  4.7970215537274714E+02  2.1070321980236090E-08  1.5342803650733158E-08
  4.8448128450837476E+02  2.0487041978758303E-08  1.4916961951254801E-08
  4.8930802667854522E+02  1.9916944227876716E-08  1.4500331936779223E-08
  4.9418285623768662E+02  1.9359710273806030E-08  1.4092715956533488E-08
  4.9910625226607738E+02  1.8814997709083513E-08  1.3693898764870742E-08
  5.0407869861692768E+02  1.8282480292873700E-08  1.3303675295134339E-08
  5.0910068396393206E+02  1.7761848423035238E-08  1.2921850885815482E-08
  5.1417270184929862E+02  1.7252808963118297E-08  1.2548241080524974E-08
  5.1929525073224545E+02  1.6755084810508649E-08  1.2182671659863435E-08
  5.2446883403799075E+02  1.6268414964949555E-08  1.1824979020631908E-08
  5.2969396020723093E+02  1.5792555874432496E-08  1.1475011068821791E-08
  5.3497114274610180E+02  1.5327283558455876E-08  1.1132628847971920E-08
  5.4030090027664744E+02  1.4872396875634839E-08  1.0797709155195484E-08
  5.4568375658779109E+02  1.4427722793845956E-08  1.0470148422486870E-08
  5.5112024068680546E+02  1.3993123534268835E-08  1.0149867728630507E-08
  5.5661088685130460E+02  1.3568501396142267E-08  9.8368156737760004E-09
  5.6215623468175363E+02  1.3153775110380823E-08  9.5309511515632733E-09
  5.6775682915449295E+02  1.2748857486995445E-08  9.2322276219672165E-09
  5.7341322067529859E+02  1.2353654245619801E-08  8.9405923166920609E-09
  5.7912596513347899E+02  1.1968064392069023E-08  8.6559864872539943E-09
  5.8489562395649727E+02  1.1591980519004090E-08  8.3783455731322373E-09
  5.9072276416515103E+02  1.1225288746366928E-08  8.1075992484983224E-09
  5.9660795842929997E+02  1.0867868216551788E-08  7.8436712872694903E-09
  6.0255178512413863E+02  1.0519590551431982E-08  7.5864791638271335E-09
  6.0855482838704063E+02  1.0180319185377822E-08  7.3359332900064858E-09
  6.1461767817496968E+02  9.8499077747753680E-09  7.0919357785444504E-09
  6.2074093032245014E+02  9.5281975122779984E-09  6.8543786948741078E-09
  6.2692518660012774E+02  9.2150143201230541E-09  6.6231423120496854E-09
  6.3317105477391294E+02  8.9101743685893922E-09  6.3980993048309207E-09
  6.3947914866470251E+02  8.6134962616192002E-09  6.1791234779638811E-09
  6.4585008820870723E+02  8.3248029471490618E-09  5.9660911508365894E-09
  6.5228449951838093E+02  8.0439215542039930E-09  5.7588810754005450E-09
  6.5878301494394452E+02  7.7706832782197609E-09  5.5573743717506902E-09
  6.6534627313553517E+02  7.5049234885281518E-09  5.3614544903291379E-09
  6.7197491910597307E+02  7.2464819036350069E-09  5.1710072121093057E-09
  6.7866960429414974E+02  6.9952022616290840E-09  4.9859207027308585E-09
  6.8543098662903913E+02  6.7509319156013611E-09  4.8060856406786921E-09
  6.9225973059437331E+02  6.5135223337325341E-09  4.6313954411725127E-09
  6.9915650729393701E+02  6.2828300607569838E-09  4.4617465943018406E-09
  7.0612199451751292E+02  6.0587173618142442E-09  4.2970390690147792E-09
  7.1315687680750909E+02  5.8410516479903869E-09  4.1371760048204537E-09
  7.2026184552622499E+02  5.6297024147505577E-09  3.9820616546617727E-09
  7.2743759892378705E+02  5.4245401148216551E-09  3.8316006587691974E-09
  7.3468484220678795E+02  5.2254361862661868E-09  3.6856980745052496E-09
  7.4200428760758132E+02  5.0322630719943175E-09  3.5442594152557749E-09
  7.4939665445427556E+02  4.8448942196947501E-09  3.4071906858138987E-09
  7.5686266924143001E+02  4.6632041849101303E-09  3.2743984126074672E-09
  7.6440306570145663E+02  4.4870688338223171E-09  3.1457896663453954E-09
  7.7201858487671961E+02  4.3163653575903725E-09  3.0212720737568837E-09
  7.7970997519236619E+02  4.1509719146313075E-09  2.9007538143839565E-09
  7.8747799252988489E+02  3.9907674041358380E-09  2.7841435975347054E-09
  7.9532340030137993E+02  3.8356316788966792E-09  2.6713506202916822E-09
  8.0324696952460272E+02  3.6854456990473669E-09  2.5622845639815967E-09
  8.1124947889872874E+02  3.5400917887028607E-09  2.4568559027976519E-09
  8.1933171488087510E+02  3.3994538165456470E-09  2.3549761449242825E-09
  8.2749447176339652E+02  3.2634172059102851E-09  2.2565578561666861E-09
  8.3573855175194990E+02  3.1318689605382276E-09  2.1615146682372093E-09
  8.4406476504432203E+02  3.0046976550898105E-09  2.0697612829002871E-09
  8.5247392991005802E+02  2.8817933795217084E-09  1.9812134697222575E-09
  8.6096687277088279E+02  2.7630476843981357E-09  1.8957880541168356E-09
  8.6954442828190895E+02  2.6483536030256598E-09  1.8134028910743819E-09
  8.7820743941366823E+02  2.5376057151593261E-09  1.7339768188895499E-09
  8.8695675753496084E+02  2.4307000060173323E-09  1.6574295861258280E-09
  8.9579324249651449E+02  2.3275334970696225E-09  1.5836817494157040E-09
  9.0471776271549300E+02  2.2280040478255393E-09  1.5126545771946731E-09
  9.1373119526084554E+02  2.1320108490297711E-09  1.4442703432776267E-09
  9.2283442593949212E+02  2.0394551738260789E-09  1.3784528253873077E-09
  9.3202834938338151E+02  1.9502404465952467E-09  1.3151273520134490E-09
  9.4131386913741903E+02  1.8642721611570688E-09  1.2542207776618561E-09
  9.5069189774825236E+02  1.7814577971992416E-09  1.1956614612078422E-09
  9.6016335685395825E+02  1.7017067806194098E-09  1.1393792481612199E-09
  9.6972917727462345E+02  1.6249304856205427E-09  1.0853054580530587E-09
  9.7939029910381191E+02  1.5510422414427166E-09  1.0333728786800701E-09
  9.8914767180095782E+02  1.4799573223741368E-09  9.8351576939442635E-10
  9.9900225428468025E+02  1.4115929594951227E-09  9.3566987582081866E-10
  1.0089550150270200E+03  1.3458683798100386E-09  8.8977245784458075E-10
  1.0190069321486021E+03  1.2827048300235105E-09  8.4576232372697927E-10
  1.0291589935147881E+03  1.2220254570385106E-09  8.0357975934035344E-10
  1.0394121968327465E+03  1.1637549184143184E-09  7.6316625532746243E-10
  1.0497675497494915E+03  1.1078192636602951E-09  7.2446442726461451E-10
  1.0602260699509354E+03  1.0541459368991882E-09  6.8741802038275121E-10
  1.0707887852618917E+03  1.0026637866188449E-09  6.5197191409735800E-10
  1.0814567337470717E+03  9.5330307373290670E-10  6.1807212537517280E-10
  1.0922309638131283E+03  9.0599547311364396E-10  5.8566581081275112E-10
  1.1031125343116739E+03  8.6067406181304215E-10  5.5470126724488030E-10
  1.1141025146433390E+03  8.1727329397138251E-10  5.2512793062843486E-10
  1.1252019848628722E+03  7.7572898493577294E-10  4.9689637288379757E-10
  1.1364120357852919E+03  7.3597833619835269E-10  4.6995829628278079E-10
  1.1477337690930735E+03  6.9795996569379483E-10  4.4426652546389849E-10
  1.1591682974444250E+03  6.6161384347599160E-10  4.1977500294220661E-10
  1.1707167445826428E+03  6.2688124296528849E-10  3.9643881098555613E-10
  1.1823802454465347E+03  5.9370483468649520E-10  3.7421418258730417E-10
  1.1941599462819640E+03  5.6202876401406280E-10  3.5305849403867735E-10
  1.2060570047545070E+03  5.3179859938850677E-10  3.3293025606211935E-10
  1.2180725900632076E+03  5.0296126736508012E-10  3.1378910436594068E-10
  1.2302078830554908E+03  4.7546503495821468E-10  2.9559578966980351E-10
  1.2424640763432187E+03  4.4925950859043807E-10  2.7831216726936269E-10
  1.2548423744198810E+03  4.2429562892503634E-10  2.6190118622908167E-10
  1.2673439937789763E+03  4.0052565930433554E-10  2.4632687830295499E-10
  1.2799701630335715E+03  3.7790317481599361E-10  2.3155434669163053E-10
  1.2927221230370308E+03  3.5638306481917198E-10  2.1754975462067656E-10
  1.3056011270049689E+03  3.3592153947079792E-10  2.0428031287501925E-10
  1.3186084406384211E+03  3.1647608574629027E-10  1.9171425875823950E-10
  1.3317453422482158E+03  2.9800538833322427E-10  1.7982083258068598E-10
  1.3450131228806097E+03  2.8046931063788058E-10  1.6857026254333330E-10
  1.3584130864441754E+03  2.6382892659749419E-10  1.5793375024035472E-10
  1.3719465498379293E+03  2.4804652235059164E-10  1.4788345565685456E-10
  1.3856148430807575E+03  2.3308555946302515E-10  1.3839248171716947E-10
  1.3994193094421364E+03  2.1891064983895592E-10  1.2943485845093520E-10
  1.4133613055741246E+03  2.0548754565327889E-10  1.2098552685895433E-10
  1.4274422016447008E+03  1.9278312257306857E-10  1.1302032257401649E-10
  1.4416633814724260E+03  1.8076535417457893E-10  1.0551595941979925E-10
  1.4560262426624224E+03  1.6940328772732758E-10  9.8450012951194400E-11
  1.4705321967437344E+03  1.5866702828635271E-10  9.1800903789709505E-11
  1.4851826693080575E+03  1.4852772802877450E-10  8.5547877339574392E-11
  1.4999791001498211E+03  1.3895756199706669E-10  7.9670978322249821E-11
  1.5149229434076967E+03  1.2992968344495794E-10  7.4151031054393618E-11
  1.5300156677075108E+03  1.2141819634358309E-10  6.8969621546984143E-11
  1.5452587563065726E+03  1.1339816635514293E-10  6.4109079371138108E-11
  1.5606537072394215E+03  1.0584560602157615E-10  5.9552459311742771E-11
  1.5762020334650863E+03  9.8737434452965724E-11  5.5283522840515500E-11
  1.5919052630157541E+03  9.2051451461915308E-11  5.1286719435476004E-11
  1.6077649391469211E+03  8.5766322755840021E-11  4.7547167768387251E-11
  1.6237826204890941E+03  7.9861562607925825E-11  4.4050636776994587E-11
  1.6399598812009524E+03  7.4317512176613588E-11  4.0783526634096999E-11
  1.6562983111240251E+03  6.9115316445093738E-11  3.7732849659745678E-11
  1.6727995159389782E+03  6.4236904022284038E-11  3.4886211640907396E-11
  1.6894651173233915E+03  5.9664972989216523E-11  3.2231794858180870E-11
  1.7062967531111253E+03  5.5382971677311282E-11  2.9758340313810540E-11
  1.7232960774532899E+03  5.1375068204782233E-11  2.7455129104414693E-11
  1.7404647609808187E+03  4.7626122098753105E-11  2.5311963953471592E-11
  1.7578044909686303E+03  4.4121667777819118E-11  2.3319150964040130E-11
  1.7753169715014601E+03  4.0847900873981615E-11  2.1467481615033040E-11
  1.7930039236413402E+03  3.7791657056604247E-11  1.9748215024495077E-11
  1.8108670855967180E+03  3.4940386736260229E-11  1.8153060503721207E-11
  1.8289082128932919E+03  3.2282133314300167E-11  1.6674160425977255E-11
  1.8471290785465499E+03  2.9805514593058966E-11  1.5304073433747713E-11
  1.8655314732359909E+03  2.7499704059435320E-11  1.4035757997247147E-11
  1.8841172054811191E+03  2.5354410957432305E-11  1.2862556255225179E-11
  1.9028881018191880E+03  2.3359859353045868E-11  1.1778177518985298E-11
  1.9218460069846858E+03  2.1506769658121744E-11  1.0776682116541794E-11
  1.9409927840906366E+03  1.9786343093977711E-11  9.8524663104934733E-12
  1.9603303148117161E+03  1.8190240053136920E-11  9.0002476424951620E-12
  1.9798604995691494E+03  1.6710554833540074E-11  8.2150506365241173E-12
  1.9995852577174903E+03  1.5339801785040843E-11  7.4921928689090182E-12
  2.0195065277332594E+03  1.4070904314270127E-11  6.8272714116053963E-12
  2.0396262674054287E+03  1.2897175743199792E-11  6.2161496536865155E-12
  2.0599464540278350E+03  1.1812299412167258E-11  5.6549445045605536E-12
  2.0804690845935143E+03  1.0810312726732365E-11  5.1400139810172303E-12
  2.1011961759909364E+03  9.8855936866639472E-12  4.6679451794998114E-12
  2.1221297652022263E+03  9.0328474289503868E-12  4.2355426404866695E-12
  2.1432719095033658E+03  8.2470910670652837E-12  3.8398171947001982E-12
  2.1646246866663460E+03  7.5236373787595607E-12  3.4779752951198866E-12
  2.1861901951633949E+03  6.8580795339707446E-12  3.1474085827893298E-12
  2.2079705543731802E+03  6.2462782242418281E-12  2.8456838032153676E-12
  2.2299679047891041E+03  5.6843498225668818E-12  2.5705331138565061E-12
  2.2521844082296784E+03  5.1686544807928948E-12  2.3198447781224504E-12
  2.2746222480509546E+03  4.6957833243487531E-12  2.0916542405050772E-12
  2.2972836293611040E+03  4.2625449178309255E-12  1.8841355768841078E-12
  2.3201707792371485E+03  3.8659536773750623E-12  1.6955933135191905E-12
  2.3432859469437967E+03  3.5032199363658369E-12  1.5244546077418211E-12
  2.3666314041545097E+03  3.1717397189301610E-12  1.3692617829325908E-12
  2.3902094451747653E+03  2.8690845276091420E-12  1.2286652095103680E-12
  2.4140223871675075E+03  2.5929917102842421E-12  1.1014165177598018E-12
  2.4380725703808807E+03  2.3413549308509501E-12  9.8636212193934617E-13
  2.4623623583782382E+03  2.1122145951187379E-12  8.8243708019445560E-13
  2.4868941382703911E+03  1.9037489413676623E-12  7.8865927594624199E-13
  2.5116703209502234E+03  1.7142661732495385E-12  7.0412389977270412E-13
  2.5366933413296392E+03  1.5421970978746995E-12  6.2799822208309796E-13
  2.5619656585788252E+03  1.3860877827616561E-12  5.5951664705375776E-13
  2.5874897563679469E+03  1.2445921747156416E-12  4.9797603817279248E-13
  2.6132681431112469E+03  1.1164648748054062E-12  4.4273130565543846E-13
  2.6393033522135297E+03  1.0005544634779462E-12  3.9319124594549933E-13
  2.6655979423191743E+03  8.9579756363240792E-13  3.4881462348822641E-13
  2.6921544975635529E+03  8.0121333030008937E-13  3.0910648513549723E-13
  2.7189756278270056E+03  7.1589808040986118E-13  2.7361469895195466E-13
  2.7460639689913469E+03  6.3902018069674798E-13  2.4192671695615194E-13
  2.7734221831988752E+03  5.6981518945061895E-13  2.1366653922520243E-13
  2.8010529591140198E+03  5.0758105657303064E-13  1.8849186254706622E-13
  2.8289590121875835E+03  4.5167347263977772E-13  1.6609141478624122E-13
  2.8571430849235790E+03  4.0150160910470139E-13  1.4618246675888751E-13
  2.8856079471487637E+03  3.5652427902492982E-13  1.2850851267717291E-13
  2.9143563962848707E+03  3.1624636675503278E-13  1.1283711044766612E-13
  2.9433912576234907E+03  2.8021543841919818E-13  9.8957873346032801E-14
  2.9727153846037490E+03  2.4801853860984258E-13  8.6680604837334623E-14
  3.0023316590927511E+03  2.1927915764741405E-13  7.5833568568086902E-14
  3.0322429916687638E+03  1.9365434165407697E-13  6.6261885810616195E-14
  3.0624523219072748E+03  1.7083199487398515E-13  5.7826052826406502E-14
  3.0929626186699015E+03  1.5052842117730924E-13  5.0400569901472299E-14
  3.1237768803961249E+03  1.3248605750942284E-13  4.3872675607963681E-14
  3.1548981353979802E+03  1.1647136566023425E-13  3.8141182243554144E-14
  3.1863294421576893E+03  1.0227287977408507E-13  3.3115404421122365E-14
  3.2180738896281932E+03  8.9699363049789347E-14  2.8714174321153912E-14
  3.2501345975367717E+03  7.8578040959451196E-14  2.4864937841987026E-14
  3.2825147166915967E+03  6.8752952718507206E-14  2.1502926153112607E-14
  3.3152174292913992E+03  6.0083464915003717E-14  1.8570397423104181E-14
  3.3482459492382236E+03  5.2442933706639149E-14  1.6015943756513609E-14
  3.3816035224532411E+03  4.5717475116843307E-14  1.3793858632170525E-14
  3.4152934271957638E+03  3.9804817947415114E-14  1.1863560387824139E-14
  3.4493189743854405E+03  3.4613230111858762E-14  1.0189067542136746E-14
  3.4836835079276048E+03  3.0060520829741490E-14  8.7385219862132344E-15
  3.5183904050419160E+03  2.6073135313481945E-14  7.4837563192878454E-15
  3.5534430765942861E+03  2.2585346698411824E-14  6.3999018269097094E-15
  3.5888449674320423E+03  1.9538516525843528E-14  5.4650338105168132E-15
  3.6245995567224954E+03  1.6880396052417337E-14  4.6598511922808390E-15
  3.6607103582948826E+03  1.4564475101080896E-14  3.9673875225956644E-15
  3.6971809209856483E+03  1.2549397977499319E-14  3.3727507117831539E-15
  3.7340148289872327E+03  1.0798445472309174E-14  2.8628889932396203E-15
  3.7712157022003375E+03  9.2790658824330224E-15  2.4263808023096680E-15
  3.8087871965896293E+03  7.9624426947958503E-15  2.0532464236356152E-15
  3.8467330045430563E+03  6.8230975561521231E-15  1.7347794196290491E-15
  3.8850568552347481E+03  5.8385343323262647E-15  1.4633960042232037E-15
  3.9237625149914511E+03  4.9889242988271451E-15  1.2325006694788839E-15
  3.9628537876627270E+03  4.2568189227175144E-15  1.0363665083427625E-15
  4.0023345149947340E+03  3.6268815753868416E-15  8.7002879655894542E-16
  4.0422085770077933E+03  3.0856454508091279E-15  7.2919052099740815E-16
  4.0824798923777375E+03  2.6213025084968561E-15  6.1013865619369124E-16
  4.1231524188209669E+03  2.2235169864027269E-15  5.0967009152656343E-16