 #p(MeV) \t \delta f_\\nu \t \delta f_\\nubar
  2.5520530920223203E-02  2.6826319507973401E-01  1.6395286281706791E-05
  2.5774784338748535E-02  2.6776660399837704E-01  1.6258658491588611E-05
  2.6031570808056924E-02  2.6734029519556596E-01  1.6122998844278649E-05
  2.6290915564175926E-02  2.6702706775186413E-01  1.5988305131070347E-05
  2.6552844094552046E-02  2.6668536234311013E-01  1.5854575622880200E-05
  2.6817382140555637E-02  2.6614845831264433E-01  1.5721808952522249E-05
  2.7084555700010601E-02  2.6561117759001929E-01  1.5590003972242265E-05
  2.7354391029749379E-02  2.6506207892513239E-01  1.5459159762598674E-05
  2.7626914648193428E-02  2.6461053587757727E-01  1.5329275718706457E-05
  2.7902153337959257E-02  2.6416859923868979E-01  1.5200351221075647E-05
  2.8180134148490611E-02  2.6372883208134462E-01  1.5072384962288767E-05
  2.8460884398716739E-02  2.6324611808905918E-01  1.4945374355384453E-05
  2.8744431679737191E-02  2.6279301825254714E-01  1.4819315266747597E-05
  2.9030803857533451E-02  2.6230145976129227E-01  1.4694202059240818E-05
  2.9320029075707372E-02  2.6183307136075801E-01  1.4570027812525233E-05
  2.9612135758247175E-02  2.6142443978409535E-01  1.4446784600200086E-05
  2.9907152612320711E-02  2.6097616168967730E-01  1.4324463751054504E-05
  3.0205108631096770E-02  2.6057085482647213E-01  1.4203056052793642E-05
  3.0506033096594456E-02  2.6012462583765544E-01  1.4082551987436613E-05
  3.0809955582560822E-02  2.5968758758242977E-01  1.3962941889996010E-05
  3.1116905957377369E-02  2.5925023500978478E-01  1.3844215747386651E-05
  3.1426914386995311E-02  2.5876794935134900E-01  1.3726363100058589E-05
  3.1740011337900213E-02  2.5825041799649812E-01  1.3609373401706896E-05
  3.2056227580106171E-02  2.5773203271492001E-01  1.3493236600316170E-05
  3.2375594190179671E-02  2.5725221111915281E-01  1.3377943599595896E-05
  3.2698142554293805E-02  2.5683937334837198E-01  1.3263486453594648E-05
  3.3023904371312668E-02  2.5642316596671566E-01  1.3149858335080411E-05
  3.3352911655906654E-02  2.5601887772741327E-01  1.3037053381854185E-05
  3.3685196741698807E-02  2.5551522101125662E-01  1.2925066504535305E-05
  3.4020792284442318E-02  2.5498545148990492E-01  1.2813893211706067E-05
  3.4359731265229954E-02  2.5451117051869548E-01  1.2703529422525100E-05
  3.4702046993735185E-02  2.5400741767856061E-01  1.2593971245688126E-05
  3.5047773111485811E-02  2.5355836249698671E-01  1.2485215056337650E-05
  3.5396943595170156E-02  2.5312744785093327E-01  1.2377257781573535E-05
  3.5749592759976058E-02  2.5268954407614169E-01  1.2270096960615902E-05
  3.6105755262963397E-02  2.5222537680208745E-01  1.2163730502904537E-05
  3.6465466106469904E-02  2.5184628755429372E-01  1.2058156336539611E-05
  3.6828760641551155E-02  2.5141825871607232E-01  1.1953372132643113E-05
  3.7195674571454763E-02  2.5098448257053813E-01  1.1849375171780933E-05
  3.7566243955129072E-02  2.5051785322417158E-01  1.1746162323655606E-05
  3.7940505210766938E-02  2.5002462573952372E-01  1.1643730090880705E-05
  3.8318495119384850E-02  2.4957735648593873E-01  1.1542074674759159E-05
  3.8700250828437477E-02  2.4913079642902933E-01  1.1441192043703210E-05
  3.9085809855468570E-02  2.4862148634733022E-01  1.1341078014782363E-05
  3.9475210091797851E-02  2.4819077269824399E-01  1.1241728297570700E-05
  3.9868489806245008E-02  2.4774347090846985E-01  1.1143138551665858E-05
  4.0265687648890505E-02  2.4727625113127424E-01  1.1045304599929554E-05
  4.0666842654873962E-02  2.4684965248353596E-01  1.0948222746398238E-05
  4.1071994248230513E-02  2.4640455087659469E-01  1.0851890033105334E-05
  4.1481182245765094E-02  2.4594120099161174E-01  1.0756304336642940E-05
  4.1894446860965558E-02  2.4546031626151438E-01  1.0661464311563395E-05
  4.2311828707954788E-02  2.4501728510181964E-01  1.0567369245991831E-05
  4.2733368805481925E-02  2.4459914470559493E-01  1.0474018892355408E-05
  4.3159108580953759E-02  2.4419941854604729E-01  1.0381413312136058E-05
  4.3589089874505819E-02  2.4374484534643204E-01  1.0289552749966084E-05
  4.4023354943114511E-02  2.4332378648022682E-01  1.0198437549108234E-05
  4.4461946464749796E-02  2.4284402737861743E-01  1.0108068060653159E-05
  4.4904907542569476E-02  2.4234057672326778E-01  1.0018444366017679E-05
  4.5352281709155284E-02  2.4185860163315667E-01  9.9295657694403754E-06
  4.5804112930791008E-02  2.4138704543766859E-01  9.8414302625113523E-06
  4.6260445611783357E-02  2.4105554285631031E-01  9.7540342009701099E-06
  4.6721324598825928E-02  2.4061966152048120E-01  9.6673722824404783E-06
  4.7186795185406451E-02  2.4016536454634388E-01  9.5814377585464331E-06
  4.7656903116258212E-02  2.3963760919447868E-01  9.4962227565241116E-06
  4.8131694591855484E-02  2.3919931098485492E-01  9.4117186080007519E-06
  4.8611216272954172E-02  2.3866441660174348E-01  9.3279161301943779E-06
  4.9095515285177270E-02  2.3825854381444098E-01  9.2448058453450379E-06
  4.9584639223646226E-02  2.3781424983491434E-01  9.1623781464588884E-06
  5.0078636157658570E-02  2.3734032787409132E-01  9.0806234572015428E-06
  5.0577554635411762E-02  2.3692425328470815E-01  8.9995325519950393E-06
  5.1081443688774451E-02  2.3651538904415523E-01  8.9190970368226542E-06
  5.1590352838105216E-02  2.3614368476228917E-01  8.8393097669842390E-06
  5.2104332097119045E-02  2.3568733979009138E-01  8.7601650216133116E-06
  5.2623431977802712E-02  2.3524421362418024E-01  8.6816584150771476E-06
  5.3147703495378729E-02  2.3477698864334387E-01  8.6037866426423323E-06
  5.3677198173319098E-02  2.3432878512956992E-01  8.5265471765699715E-06
  5.4211968048408707E-02  2.3389329741123044E-01  8.4499379914706772E-06
  5.4752065675859350E-02  2.3342530629556618E-01  8.3739573515236254E-06
  5.5297544134474790E-02  2.3301985952957940E-01  8.2986036598120864E-06
  5.5848457031866916E-02  2.3257714754345274E-01  8.2238753498160548E-06
  5.6404858509724279E-02  2.3213749968343564E-01  8.1497707754822149E-06
  5.6966803249132926E-02  2.3166198407173968E-01  8.0762879701411075E-06
  5.7534346475950120E-02  2.3121330660310715E-01  8.0034242876007429E-06
  5.8107543966231932E-02  2.3075313014779267E-01  7.9311761771834672E-06
  5.8686452051714494E-02  2.3031799090499716E-01  7.8595392398708401E-06
  5.9271127625350278E-02  2.2989341728617904E-01  7.7885085048785184E-06
  5.9861628146899187E-02  2.2948796879946895E-01  7.7180787703276930E-06
  6.0458011648575470E-02  2.2910356202747686E-01  7.6482448815352447E-06
  6.1060336740751106E-02  2.2866983381907499E-01  7.5790019014105821E-06
  6.1668662617715600E-02  2.2822645048325393E-01  7.5103451838198872E-06
  6.2283049063493412E-02  2.2776100799770316E-01  7.4422703812987848E-06
  6.2903556457719514E-02  2.2725885930579787E-01  7.3747734228062522E-06
  6.3530245781572958E-02  2.2679256432804062E-01  7.3078504987409935E-06
  6.4163178623770203E-02  2.2630358967725950E-01  7.2414981396435394E-06
  6.4802417186617542E-02  2.2588526218086091E-01  7.1757133965983903E-06
  6.5448024292124360E-02  2.2547254660043178E-01  7.1104938984714031E-06
  6.6100063388176825E-02  2.2503239624385160E-01  7.0458376349442049E-06
  6.6758598554773493E-02  2.2468491363654552E-01  6.9817425454795910E-06
  6.7423694510322804E-02  2.2425016374897816E-01  6.9182060991832677E-06
  6.8095416618003279E-02  2.2382674034765052E-01  6.8552250160599853E-06
  6.8773830892187277E-02  2.2339946836055735E-01  6.7927951704283035E-06
  6.9459004004928646E-02  2.2295979420022438E-01  6.7309116341945066E-06
  7.0151003292514891E-02  2.2249773428813852E-01  6.6695687987567369E-06
  7.0849896762084918E-02  2.2203846583967596E-01  6.6087605222821449E-06
  7.1555753098312289E-02  2.2163789821049260E-01  6.5484802645454558E-06
  7.2268641670155592E-02  2.2120434910308695E-01  6.4887211555589020E-06
  7.2988632537675471E-02  2.2074998446892663E-01  6.4294759752085512E-06
  7.3715796458920027E-02  2.2028744506848530E-01  6.3707372089329214E-06
  7.4450204896878730E-02  2.1984630652281459E-01  6.3124973377302924E-06
  7.5191930026505358E-02  2.1944462079813912E-01  6.2547493107387084E-06
  7.5941044741811153E-02  2.1901710934515087E-01  6.1974870218740446E-06
  7.6697622663028708E-02  2.1863846108704502E-01  6.1407056230007201E-06
  7.7461738143846867E-02  2.1823920044932207E-01  6.0844016087915138E-06
  7.8233466278718064E-02  2.1781723974433265E-01  6.0285727203660888E-06
  7.9012882910238336E-02  2.1732573458146928E-01  5.9732177476470188E-06
  7.9800064636600887E-02  2.1680339996820219E-01  5.9183362995161457E-06
  8.0595088819123681E-02  2.1631252710243543E-01  5.8639285875404794E-06
  8.1398033589852412E-02  2.1586764600967895E-01  5.8099952628364343E-06
  8.2208977859239071E-02  2.1547810533951564E-01  5.7565373534445468E-06
  8.3028001323896761E-02  2.1512348065311751E-01  5.7035562296693401E-06
  8.3855184474432146E-02  2.1475494557265104E-01  5.6510534469760995E-06
  8.4690608603355796E-02  2.1434868872111093E-01  5.5990304287980363E-06
  8.5534355813071214E-02  2.1393348214814298E-01  5.5474880792622044E-06
  8.6386509023943528E-02  2.1345169889597312E-01  5.4964264586469067E-06
  8.7247151982448798E-02  2.1299093880998338E-01  5.4458446197265270E-06
  8.8116369269404166E-02  2.1258286296998821E-01  5.3957406049099042E-06
  8.8994246308280067E-02  2.1216266058431862E-01  5.3461115533275453E-06
  8.9880869373595462E-02  2.1173129851476427E-01  5.2969538611532220E-06
  9.0776325599396662E-02  2.1130977517896754E-01  5.2482633507947342E-06
  9.1680702987820273E-02  2.1086379456760510E-01  5.2000354171995332E-06
  9.2594090417741887E-02  2.1044190234053711E-01  5.1522650945151930E-06
  9.3516577653510916E-02  2.1005212231728121E-01  5.1049470232983335E-06
  9.4448255353771993E-02  2.0962679571174114E-01  5.0580754143817720E-06
  9.5389215080374679E-02  2.0920528674970695E-01  5.0116441076685957E-06
  9.6339549307372027E-02  2.0875413270017801E-01  4.9656467445740415E-06
  9.7299351430108413E-02  2.0829815912707567E-01  4.9200770009621601E-06
  9.8268715774397927E-02  2.0790076334654947E-01  4.8749287940274970E-06
  9.9247737605794653E-02  2.0746860513419008E-01  4.8301964133309133E-06
  1.0023651313895501E-01  2.0704005606915638E-01  4.7858745728273622E-06
  1.0123513954709307E-01  2.0662066972503171E-01  4.7419584019607656E-06
  1.0224371497153063E-01  2.0619022534314618E-01  4.6984434020363304E-06
  1.0326233853134230E-01  2.0580365362022771E-01  4.6553253900904963E-06
  1.0429111033309621E-01  2.0542263139246641E-01  4.6126004651001887E-06
  1.0533013148069227E-01  2.0500028868879316E-01  4.5702650429399128E-06
  1.0637950408529848E-01  2.0455394873137236E-01  4.5283159262200446E-06
  1.0743933127538580E-01  2.0410003099491766E-01  4.4867503276581809E-06
  1.0850971720686325E-01  2.0364332952977093E-01  4.4455658006280240E-06
  1.0959076707331405E-01  2.0321727728405986E-01  4.4047600907277881E-06
  1.1068258711633375E-01  2.0277630850056363E-01  4.3643309653039555E-06
  1.1178528463597101E-01  2.0236235208718037E-01  4.3242760757223827E-06
  1.1289896800127276E-01  2.0196989809021135E-01  4.2845928745577566E-06
  1.1402374666093455E-01  2.0156272894928914E-01  4.2452785869382142E-06
  1.1515973115405637E-01  2.0118506416566315E-01  4.2063302206330349E-06
  1.1630703312100617E-01  2.0077928501331710E-01  4.1677445968335333E-06
  1.1746576531439171E-01  2.0039686687612729E-01  4.1295183870326115E-06
  1.1863604161014119E-01  1.9999635963117451E-01  4.0916481314460994E-06
  1.1981797701869452E-01  1.9955897561714470E-01  4.0541302466840897E-06
  1.2101168769630628E-01  1.9912600043715922E-01  4.0169610661234261E-06
  1.2221729095646121E-01  1.9866110198144735E-01  3.9801369393945976E-06
  1.2343490528140308E-01  1.9822597416395252E-01  3.9436543769368876E-06
  1.2466465033377878E-01  1.9778394348481751E-01  3.9075101941684136E-06
  1.2590664696839862E-01  1.9738381799270757E-01  3.8717016087493078E-06
  1.2716101724411302E-01  1.9698975259716295E-01  3.8362262751410881E-06
  1.2842788443580819E-01  1.9655817159941472E-01  3.8010822632406565E-06
  1.2970737304652136E-01  1.9615586545313873E-01  3.7662680005197091E-06
  1.3099960881967634E-01  1.9570161446666773E-01  3.7317821996176275E-06
  1.3230471875144070E-01  1.9528836355336474E-01  3.6976237839110555E-06
  1.3362283110320719E-01  1.9484503451662932E-01  3.6637918222816047E-06
  1.3495407541419846E-01  1.9442752374565989E-01  3.6302854854084215E-06
  1.3629858251419752E-01  1.9406215220089115E-01  3.5971040248412909E-06
  1.3765648453640542E-01  1.9371376763457979E-01  3.5642467661124836E-06
  1.3902791493042696E-01  1.9331855982852320E-01  3.5317131011890349E-06
  1.4041300847538526E-01  1.9293826503199843E-01  3.4995024717981823E-06
  1.4181190129316759E-01  1.9250861590626100E-01  3.4676143496850416E-06
  1.4322473086180290E-01  1.9207904188430805E-01  3.4360482166906916E-06
  1.4465163602897282E-01  1.9163473455183261E-01  3.4048035465464370E-06
  1.4609275702565644E-01  1.9120327171658766E-01  3.3738797914052219E-06
  1.4754823547991255E-01  1.9077668487944185E-01  3.3432763731615580E-06
  1.4901821443079799E-01  1.9035834057845621E-01  3.3129926781661296E-06
  1.5050283834242467E-01  1.8994850149638706E-01  3.2830280530592493E-06
  1.5200225311815732E-01  1.8953253570089576E-01  3.2533818373731685E-06
  1.5351660611495255E-01  1.8912657397652613E-01  3.2240535482267798E-06
  1.5504604615783987E-01  1.8874376336137008E-01  3.1950433036265795E-06
  1.5659072355454823E-01  1.8834707298904863E-01  3.1663524418620314E-06
  1.5815079011027761E-01  1.8793244959141525E-01  3.1379841776513166E-06
  1.5972639914261785E-01  1.8754348147314118E-01  3.1099440997738430E-06
  1.6131770549661573E-01  1.8713567740929937E-01  3.0822403790113968E-06
  1.6292486555999330E-01  1.8672459093090868E-01  3.0548836677146535E-06
  1.6454803727851675E-01  1.8629829398067274E-01  3.0278867653227187E-06
  1.6618738017151838E-01  1.8589578176647559E-01  3.0012641622160279E-06
  1.6784305534757410E-01  1.8547610367282691E-01  2.9750315635463838E-06
  1.6951522552033652E-01  1.8506597957714627E-01  2.9492054604678599E-06
  1.7120405502452540E-01  1.8460689327759547E-01  2.9238027723114876E-06
  1.7290970983207837E-01  1.8422803817585859E-01  2.8988404977647419E-06
  1.7463235756846185E-01  1.8384158568113243E-01  2.8743353045754190E-06
  1.7637216752914481E-01  1.8343875909572657E-01  2.8503030405377279E-06
  1.7812931069623586E-01  1.8304459943746787E-01  2.8267582124380742E-06
  1.7990395975528770E-01  1.8266777135832496E-01  2.8037135341389605E-06
  1.8169628911226743E-01  1.8227118454243957E-01  2.7811796745453256E-06
  1.8350647491069666E-01  1.8186909149954117E-01  2.7591652313720571E-06
  1.8533469504896202E-01  1.8140380705937512E-01  2.7376768994723528E-06
  1.8718112919779892E-01  1.8100795808778314E-01  2.7167197667341117E-06
  1.8904595881794839E-01  1.8059736479876279E-01  2.6962976598896963E-06
  1.9092936717799044E-01  1.8016090004075791E-01  2.6764134753736112E-06
  1.9283153937235545E-01  1.7979502325695951E-01  2.6570694733146355E-06
  1.9475266233951422E-01  1.7937426782874166E-01  2.6382676881265216E-06
  1.9669292488034917E-01  1.7903282379889016E-01  2.6200107433878966E-06
  1.9865251767670999E-01  1.7865350422179380E-01  2.6023032149918735E-06
  2.0063163331015252E-01  1.7823808544859782E-01  2.5851534188685260E-06
  2.0263046628086495E-01  1.7787022829571145E-01  2.5685752717084919E-06
  2.0464921302678252E-01  1.7745436508280660E-01  2.5525897564105349E-06
  2.0668807194289332E-01  1.7706216067895841E-01  2.5372256684753710E-06
  2.0874724340073506E-01  1.7667669124457544E-01  2.5225195753962017E-06
  2.1082692976808706E-01  1.7627606588052103E-01  2.5085151396372150E-06
  2.1292733542885869E-01  1.7587903976843336E-01  2.4952620782160594E-06
  2.1504866680317505E-01  1.7546817487614250E-01  2.4828150311622557E-06
  2.1719113236766269E-01  1.7510956657041923E-01  2.4712325433134112E-06
  2.1935494267593900E-01  1.7474710836931973E-01  2.4605761932181484E-06
  2.2154031037930411E-01  1.7437311505073841E-01  2.4509096682943838E-06
  2.2374745024763915E-01  1.7400154774029392E-01  2.4422976263910192E-06
  2.2597657919051337E-01  1.7364877583733757E-01  2.4348042926431177E-06
  2.2822791627850159E-01  1.7328167294782612E-01  2.4284918845447624E-06
  2.3050168276471292E-01  1.7294444783857868E-01  2.4234192218060303E-06
  2.3279810210653490E-01  1.7259420627776756E-01  2.4196408933407161E-06
  2.3511739998759476E-01  1.7224776481796580E-01  2.4172070988365133E-06
  2.3745980433993777E-01  1.7188006490043534E-01  2.4161641522154266E-06
  2.3982554536642792E-01  1.7152527948685722E-01  2.4165554788982098E-06
  2.4221485556337191E-01  1.7114172441854039E-01  2.4184228755991073E-06
  2.4462796974336751E-01  1.7076814347353725E-01  2.4218078302480545E-06
  2.4706512505838005E-01  1.7039031790718465E-01  2.4267527181206154E-06
  2.4952656102304882E-01  1.7002051624949518E-01  2.4333017117914045E-06
  2.5201251953822634E-01  1.6964161268362746E-01  2.4415012018939330E-06
  2.5452324491475065E-01  1.6933800691332279E-01  2.4513996509716316E-06
  2.5705898389745541E-01  1.6902041037552928E-01  2.4630469889320528E-06
  2.5961998568941974E-01  1.6872749872088150E-01  2.4764937686519314E-06
  2.6220650197645867E-01  1.6841889360002432E-01  2.4917902699715868E-06
  2.6481878695185673E-01  1.6812585945980224E-01  2.5089858797109640E-06
  2.6745709734135115E-01  1.6777372392219539E-01  2.5281289234230459E-06
  2.7012169242836076E-01  1.6746929717581135E-01  2.5492669527865830E-06
  2.7281283407946699E-01  1.6710982712488243E-01  2.5724473767096150E-06
  2.7553078677015025E-01  1.6680699249151507E-01  2.5977182759035458E-06
  2.7827581761078118E-01  1.6647341120372097E-01  2.6251292341702494E-06
  2.8104819637287048E-01  1.6613292566062313E-01  2.6547319718145274E-06
  2.8384819551558238E-01  1.6581923964122008E-01  2.6865804205315140E-06
  2.8667609021251045E-01  1.6550367093690060E-01  2.7207298822172557E-06
  2.8953215837871926E-01  1.6520185895715922E-01  2.7572351139217784E-06
  2.9241668069806004E-01  1.6487314976336734E-01  2.7961474569901303E-06
  2.9532994065075180E-01  1.6456307689900457E-01  2.8375112718190566E-06
  2.9827222454124180E-01  1.6426661335920062E-01  2.8813602831147358E-06
  3.0124382152634510E-01  1.6394977643278955E-01  2.9277144676488006E-06
  3.0424502364365730E-01  1.6362067062582078E-01  2.9765778751744209E-06
  3.0727612584025848E-01  1.6332004799321378E-01  3.0279374675103110E-06
  3.1033742600169834E-01  1.6300688149251444E-01  3.0817627879566840E-06
  3.1342922498127029E-01  1.6266125172067086E-01  3.1380060941114074E-06
  3.1655182662958009E-01  1.6234129655865442E-01  3.1966026472793743E-06
  3.1970553782440619E-01  1.6200679668983581E-01  3.2574711048789872E-06
  3.2289066850085768E-01  1.6170523435465253E-01  3.3205139518540749E-06
  3.2610753168183537E-01  1.6138559669893504E-01  3.3856181635045400E-06
  3.2935644350879373E-01  1.6107568789653934E-01  3.4526564618472484E-06
  3.3263772327280894E-01  1.6076772353030933E-01  3.5214889814033954E-06
  3.3595169344595971E-01  1.6045497045661264E-01  3.5919650040246298E-06
  3.3929867971301769E-01  1.6009485777951979E-01  3.6639245746750837E-06
  3.4267901100345338E-01  1.5980079129245300E-01  3.7371995888539352E-06
  3.4609301952376442E-01  1.5943339021227904E-01  3.8116140739534654E-06
  3.4954104079012244E-01  1.5908085777592082E-01  3.8869836180697556E-06
  3.5302341366134482E-01  1.5874113345538390E-01  3.9631141219209062E-06
  3.5654048037220065E-01  1.5838976360088725E-01  4.0398002395827193E-06
  3.6009258656703952E-01  1.5804650470229320E-01  4.1168238850503360E-06
  3.6368008133376223E-01  1.5770700573016497E-01  4.1939534102345521E-06
  3.6730331723813020E-01  1.5737753737646235E-01  4.2709439735438123E-06
  3.7096265035840953E-01  1.5703858878488899E-01  4.3475394083262941E-06
  3.7465844032036905E-01  1.5665366709400122E-01  4.4234757800594760E-06
  3.7839105033262166E-01  1.5634344106091497E-01  4.4984866370034838E-06
  3.8216084722231802E-01  1.5606226275264723E-01  4.5723091293634828E-06
  3.8596820147119887E-01  1.5568958005515496E-01  4.6446899435575114E-06
  3.8981348725200393E-01  1.5542679226362385E-01  4.7153899963522517E-06
  3.9369708246524310E-01  1.5509608635672226E-01  4.7841871799559919E-06
  3.9761936877633669E-01  1.5477083010751455E-01  4.8508770153102340E-06
  4.0158073165312397E-01  1.5444605865230135E-01  4.9152716849806519E-06
  4.0558156040374360E-01  1.5410357128421454E-01  4.9771980147626873E-06
  4.0962224821489612E-01  1.5375348518946780E-01  5.0364952725181535E-06
  4.1370319219048346E-01  1.5340703172819781E-01  5.0930136021627144E-06
  4.1782479339063383E-01  1.5305463123454591E-01  5.1466133543649441E-06
  4.2198745687111899E-01  1.5269029795662525E-01  5.1971652099713684E-06
  4.2619159172315990E-01  1.5234400516175278E-01  5.2445517859712788E-06
  4.3043761111362966E-01  1.5197649937053143E-01  5.2886702321838759E-06
  4.3472593232566215E-01  1.5159276153126508E-01  5.3294351124000025E-06
  4.3905697679965588E-01  1.5126843774725462E-01  5.3667809630332686E-06
  4.4343117017469386E-01  1.5092766951063533E-01  5.4006639473017974E-06
  4.4784894233037698E-01  1.5059591216297347E-01  5.4310622626859765E-06
  4.5231072742906459E-01  1.5028607115265963E-01  5.4579753461390754E-06
  4.5681696395854771E-01  1.4999618523244254E-01  5.4814221614335572E-06
  4.6136809477514024E-01  1.4964028518091294E-01  5.5014389339846089E-06
  4.6596456714719964E-01  1.4933141804631489E-01  5.5180768732715486E-06
  4.7060683279908572E-01  1.4901812497575709E-01  5.5314000833048680E-06
  4.7529534795555278E-01  1.4867944386009810E-01  5.5414834595009281E-06
  4.8003057338658484E-01  1.4833666596566558E-01  5.5484108822395659E-06
  4.8481297445268073E-01  1.4798604580727961E-01  5.5522737596310518E-06
  4.8964302115058689E-01  1.4764215643545756E-01  5.5531696304358279E-06
  4.9452118815948520E-01  1.4730513167418643E-01  5.5512008569939466E-06
  4.9944795488764593E-01  1.4694269262221640E-01  5.5464734888983103E-06
  5.0442380551954047E-01  1.4660310792515641E-01  5.5390963813007030E-06
  5.0944922906342394E-01  1.4628498349368838E-01  5.5291806141086596E-06
  5.1452471939939581E-01  1.4594836292224911E-01  5.5168391516269650E-06
  5.1965077532793547E-01  1.4560052819482353E-01  5.5021866404001158E-06
  5.2482790061892037E-01  1.4526262316435326E-01  5.4853391654286422E-06
  5.3005660406113997E-01  1.4492178628169403E-01  5.4664138284583986E-06
  5.3533739951229120E-01  1.4457040841753477E-01  5.4455280890843979E-06
  5.4067080594948180E-01  1.4424528186061056E-01  5.4227988319783981E-06
  5.4605734752023649E-01  1.4388718130677444E-01  5.3983411727332759E-06
  5.5149755359400088E-01  1.4356864360270555E-01  5.3722672015082504E-06
  5.5699195881417241E-01  1.4322592538526405E-01  5.3446848596823554E-06
  5.6254110315064121E-01  1.4290564602922687E-01  5.3156971680911590E-06
  5.6814553195285378E-01  1.4257548889567587E-01  5.2854019326882025E-06
  5.7380579600341208E-01  1.4224003146802860E-01  5.2538919400689923E-06
  5.7952245157220017E-01  1.4193686167719538E-01  5.2212555261624992E-06
  5.8529606047105143E-01  1.4160420276952582E-01  5.1875773823321170E-06
  5.9112719010896353E-01  1.4127211196601722E-01  5.1529393683478145E-06
  5.9701641354786106E-01  1.4092642728627700E-01  5.1174211328314877E-06
  6.0296430955891089E-01  1.4057881289682878E-01  5.0811004749262502E-06
  6.0897146267940616E-01  1.4024629282016823E-01  5.0440534331470725E-06
  6.1503846327020983E-01  1.3990821180801560E-01  5.0063539451919590E-06
  6.2116590757377232E-01  1.3958368146466185E-01  4.9680731855738118E-06
  6.2735439777273072E-01  1.3923448137308417E-01  4.9292787027122941E-06
  6.3360454204908778E-01  1.3888769737126988E-01  4.8900335298884382E-06
  6.3991695464397991E-01  1.3857342505751033E-01  4.8503954605501456E-06
  6.4629225591804607E-01  1.3820798042824545E-01  4.8104166826719333E-06
  6.5273107241239292E-01  1.3790056040937518E-01  4.7701438391246364E-06
  6.5923403691016602E-01  1.3754835013332523E-01  4.7296184920594619E-06
  6.6580178849874494E-01  1.3722738968419365E-01  4.6888778934206623E-06
  6.7243497263254182E-01  1.3691131539087278E-01  4.6479558424741376E-06
  6.7913424119643773E-01  1.3658781602410602E-01  4.6068835111504804E-06
  6.8590025256985243E-01  1.3625953067747512E-01  4.5656903086454732E-06
  6.9273367169143796E-01  1.3591984544469432E-01  4.5244045449220773E-06
  6.9963517012443388E-01  1.3557552981769019E-01  4.4830538890576646E-06
  7.0660542612266386E-01  1.3527003600103560E-01  4.4416657922468768E-06
  7.1364512469718933E-01  1.3496146520364138E-01  4.4002678816760779E-06
  7.2075495768363418E-01  1.3464225444956240E-01  4.3588883043177583E-06
  7.2793562381017396E-01  1.3430498303151403E-01  4.3175559975941287E-06
  7.3518782876620148E-01  1.3398228742169818E-01  4.2763008179467837E-06
  7.4251228527168478E-01  1.3365797922205211E-01  4.2351534774361002E-06
  7.4990971314720734E-01  1.3331761310215756E-01  4.1941452561670129E-06
  7.5738083938470768E-01  1.3299048417443102E-01  4.1533075898358572E-06
  7.6492639821893027E-01  1.3263829140294192E-01  4.1126716272391921E-06
  7.7254713119958018E-01  1.3228738262373599E-01  4.0722677200622829E-06
  7.8024378726419885E-01  1.3196193677555257E-01  4.0321248948037510E-06
  7.8801712281177028E-01  1.3158394976395760E-01  3.9922704270926792E-06
  7.9586790177705546E-01  1.3127207041185926E-01  3.9527294017361281E-06
  8.0379689570566615E-01  1.3093550553688196E-01  3.9135242739196594E-06
  8.1180488382989757E-01  1.3062763461807766E-01  3.8746744679070225E-06
  8.1989265314529847E-01  1.3030263813124493E-01  3.8361961006376808E-06
  8.2806099848801928E-01  1.2997692841252295E-01  3.7981019228332683E-06
  8.3631072261292982E-01  1.2961417755425106E-01  3.7604015375636924E-06
  8.4464263627250113E-01  1.2932189334885474E-01  3.7231018529700623E-06
  8.5305755829649188E-01  1.2898699974896288E-01  3.6862076064733866E-06
  8.6155631567241686E-01  1.2865858087867532E-01  3.6497218652187619E-06
  8.7013974362681756E-01  1.2836008058196466E-01  3.6136465128316273E-06
  8.7880868570735038E-01  1.2801543827980133E-01  3.5779827303271869E-06
  8.8756399386568507E-01  1.2770025726765213E-01  3.5427312733633875E-06
  8.9640652854122793E-01  1.2732581769366066E-01  3.5078926142607070E-06
  9.0533715874568887E-01  1.2702054407205676E-01  3.4734670206331462E-06
  9.1435676214848116E-01  1.2669300277389769E-01  3.4394545652275995E-06
  9.2346622516297416E-01  1.2634153934876630E-01  3.4058550832718608E-06
  9.3266644303361035E-01  1.2598836576963093E-01  3.3726680867986656E-06
  9.4195831992388535E-01  1.2564758062898224E-01  3.3398927042356778E-06
  9.5134276900520254E-01  1.2531137262236258E-01  3.3075276970212098E-06
  9.6082071254662171E-01  1.2497059369145873E-01  3.2755715337777990E-06
  9.7039308200549357E-01  1.2459900688070588E-01  3.2440224309061889E-06
  9.8006081811899581E-01  1.2431365764995005E-01  3.2128783639370515E-06
  9.8982487099659644E-01  1.2398800172197623E-01  3.1821371037037950E-06
  9.9968620021341414E-01  1.2366428535304883E-01  3.1517962662772303E-06
  1.0096457749045271E+00  1.2335437505433619E-01  3.1218533742398626E-06
  1.0197045738602231E+00  1.2297714662129071E-01  3.0923059508892493E-06
  1.0298635856221774E+00  1.2266622350576672E-01  3.0631516108748226E-06
  1.0401238085806148E+00  1.2233814628947039E-01  3.0343881382081864E-06
  1.0504862510724229E+00  1.2198730557277905E-01  3.0060135173958298E-06
  1.0609519314802456E+00  1.2162980614408121E-01  2.9780258869843961E-06
  1.0715218783325713E+00  1.2125773288681516E-01  2.9504234488811702E-06
  1.0821971304048104E+00  1.2092404067895275E-01  2.9232044499572164E-06
  1.0929787368213790E+00  1.2053451859877087E-01  2.8963672047206636E-06
  1.1038677571588089E+00  1.2021493501321814E-01  2.8699100591088005E-06
  1.1148652615498769E+00  1.1986291086009780E-01  2.8438313079765209E-06
  1.1259723307887679E+00  1.1955821733353711E-01  2.8181291288257703E-06
  1.1371900564373010E+00  1.1920784951360698E-01  2.7928015464969827E-06
  1.1485195409321982E+00  1.1889141180319267E-01  2.7678463874475356E-06
  1.1599618976934263E+00  1.1853599630044202E-01  2.7432612395804566E-06
  1.1715182512336251E+00  1.1820716017844790E-01  2.7190434264977211E-06
  1.1831897372686178E+00  1.1783497537866151E-01  2.6951900102206991E-06
  1.1949775028290199E+00  1.1749174866131666E-01  2.6716977913595396E-06
  1.2068827063729792E+00  1.1714361450118069E-01  2.6485632604016284E-06
  1.2189065179000071E+00  1.1677466245185350E-01  2.6257825434336307E-06
  1.2310501190659711E+00  1.1637150497582795E-01  2.6033514574048829E-06
  1.2433147032992296E+00  1.1602884414249096E-01  2.5812656525054547E-06
  1.2557014759179028E+00  1.1567567868997838E-01  2.5595206870262589E-06
  1.2682116542483397E+00  1.1531264359165938E-01  2.5381120699827674E-06
  1.2808464677447473E+00  1.1495878047411483E-01  2.5170352826402321E-06
  1.2936071581100141E+00  1.1459421141114315E-01  2.4962857981181624E-06
  1.3064949794177465E+00  1.1424136479250094E-01  2.4758591213880725E-06
  1.3195111982355114E+00  1.1388698535670576E-01  2.4557508464367717E-06
  1.3326570937493063E+00  1.1352916854380261E-01  2.4359567058903629E-06
  1.3459339578892793E+00  1.1316176599896548E-01  2.4164725925682716E-06
  1.3593430954566925E+00  1.1279363605602055E-01  2.3972945655733536E-06
  1.3728858242521493E+00  1.1242188041874145E-01  2.3784187695762083E-06
  1.3865634752051104E+00  1.1205045778781215E-01  2.3598412942492872E-06
  1.4003773925046883E+00  1.1166987942710524E-01  2.3415581657035290E-06
  1.4143289337317460E+00  1.1128634370939033E-01  2.3235653964760930E-06
  1.4284194699923225E+00  1.1090243076411144E-01  2.3058589893239914E-06
  1.4426503860523765E+00  1.1051331964837666E-01  2.2884349419311001E-06
  1.4570230804738702E+00  1.1012995338450404E-01  2.2712892672625877E-06
  1.4715389657522309E+00  1.0973266320327862E-01  2.2544180068594562E-06
  1.4861994684551458E+00  1.0933869282866694E-01  2.2378172148733185E-06
  1.5010060293627703E+00  1.0896774628475116E-01  2.2214829542487524E-06
  1.5159601036093302E+00  1.0855342727612459E-01  2.2054113537835115E-06
  1.5310631608261076E+00  1.0817772830724184E-01  2.1895986937999286E-06
  1.5463166852858885E+00  1.0778208983005877E-01  2.1740414421982536E-06
  1.5617221760488245E+00  1.0737863771717976E-01  2.1587361906448216E-06
  1.5772811471097503E+00  1.0697476197463754E-01  2.1436795381851851E-06
  1.5929951275469838E+00  1.0658760584303253E-01  2.1288680999998234E-06
  1.6088656616725918E+00  1.0618108429901969E-01  2.1142985675211965E-06
  1.6248943091841570E+00  1.0577772249178020E-01  2.0999676847528030E-06
  1.6410826453180669E+00  1.0536513242695716E-01  2.0858722235346526E-06
  1.6574322610043177E+00  1.0494242571599482E-01  2.0720089829470972E-06
  1.6739447630228619E+00  1.0453137480753326E-01  2.0583748127311112E-06
  1.6906217741615237E+00  1.0411333087344193E-01  2.0449666481448579E-06
  1.7074649333754774E+00  1.0368337669247310E-01  2.0317815056626740E-06
  1.7244758959483135E+00  1.0326176230900011E-01  2.0188164569224003E-06
  1.7416563336547224E+00  1.0282415530947940E-01  2.0060686544203064E-06
  1.7590079349247856E+00  1.0238209276491567E-01  1.9935353808792440E-06
  1.7765324050099023E+00  1.0194849669920290E-01  1.9812139487954363E-06
  1.7942314661503933E+00  1.0150589371241345E-01  1.9691015684202987E-06
  1.8121068577447346E+00  1.0105109017183291E-01  1.9571953825017980E-06
  1.8301603365205086E+00  1.0060471946770455E-01  1.9454925090856855E-06
  1.8483936767070601E+00  1.0015551880680006E-01  1.9339900441252011E-06
  1.8668086702098381E+00  9.9713030911239467E-02  1.9226850573227587E-06
  1.8854071267865169E+00  9.9261126251430562E-02  1.9115745869154855E-06
  1.9041908742248455E+00  9.8790326736905590E-02  1.9006556335859793E-06
  1.9231617585222693E+00  9.8349759116530711E-02  1.8899251802656964E-06
  1.9423216440673612E+00  9.7871652838626366E-02  1.8793802513005358E-06
  1.9616724138230393E+00  9.7399459587244538E-02  1.8690179726439405E-06
  1.9812159695116118E+00  9.6942597816947904E-02  1.8588356244141830E-06
  2.0009542318016851E+00  9.6482555649508889E-02  1.8488306618412858E-06
  2.0208891404969109E+00  9.6002636640798555E-02  1.8390006243735778E-06
  2.0410226547266195E+00  9.5517999960842426E-02  1.8293430259302564E-06
  2.0613567531383672E+00  9.5024895536356124E-02  1.8198553759771816E-06
  2.0818934340923838E+00  9.4539877932782096E-02  1.8105352082549572E-06
  2.1026347158579584E+00  9.4065799567583361E-02  1.8013800550060347E-06
  2.1235826368118000E+00  9.3558504461064979E-02  1.7923874250752110E-06
  2.1447392556383549E+00  9.3062463689719155E-02  1.7835547893939507E-06
  2.1661066515321208E+00  9.2569916125030877E-02  1.7748795637518830E-06
  2.1876869244019947E+00  9.2079207948238581E-02  1.7663590829166713E-06
  2.2094821950776389E+00  9.1564492565962885E-02  1.7579905722106410E-06
  2.2314946055178977E+00  9.1073021547973157E-02  1.7497711538758077E-06
  2.2537263190213261E+00  9.0558728653900994E-02  1.7416979442198910E-06
  2.2761795204387636E+00  9.0031385442454648E-02  1.7337681360439918E-06
  2.2988564163880647E+00  8.9533882242608720E-02  1.7259788879339835E-06
  2.3217592354709713E+00  8.8999727761889982E-02  1.7183273142825561E-06
  2.3448902284921020E+00  8.8474854926333765E-02  1.7108106132245055E-06
  2.3682516686801778E+00  8.7951805036735775E-02  1.7034261434985915E-06
  2.3918458519114187E+00  8.7394189134526221E-02  1.6961714914306561E-06
  2.4156750969351650E+00  8.6914578797320119E-02  1.6890445567989921E-06
  2.4397417456017703E+00  8.6364413194004924E-02  1.6820436522990288E-06
  2.4640481630927438E+00  8.5822215958270137E-02  1.6751676128582764E-06
  2.4885967381531833E+00  8.5297125371323862E-02  1.6684159184983647E-06
  2.5133898833265471E+00  8.4745627697186521E-02  1.6617888114999784E-06
  2.5384300351917424E+00  8.4209186457349886E-02  1.6552873180730570E-06
  2.5637196546025756E+00  8.3648419745139757E-02  1.6489132323101936E-06
  2.5892612269296125E+00  8.3097977227753736E-02  1.6426690293953939E-06
  2.6150572623044188E+00  8.2565147834874356E-02  1.6365575898970370E-06
  2.6411102958662540E+00  8.2005237298508296E-02  1.6305819166795190E-06
  2.6674228880112039E+00  8.1460975745378500E-02  1.6247449971942261E-06
  2.6939976246438229E+00  8.0897664590348459E-02  1.6190496811567413E-06
  2.7208371174312584E+00  8.0340813878511802E-02  1.6134985462824022E-06
  2.7479440040599097E+00  7.9791658629955076E-02  1.6080937736010739E-06
  2.7753209484946644E+00  7.9236314068220584E-02  1.6028370195913373E-06
  2.8029706412406958E+00  7.8678868198047536E-02  1.5977292849407312E-06
  2.8308957996078687E+00  7.8125889304283491E-02  1.5927707992316702E-06
  2.8590991679777997E+00  7.7572614014104382E-02  1.5879609987878667E-06
  2.8875835180735581E+00  7.7023485913249673E-02  1.5832986221843927E-06
  2.9163516492320620E+00  7.6474843270676246E-02  1.5787818605291572E-06
  2.9454063886791806E+00  7.5930599182311598E-02  1.5744084823721530E-06
  2.9747505918075943E+00  7.5388389416123344E-02  1.5701759375945069E-06
  3.0043871424574102E+00  7.4839646109414307E-02  1.5660815314807509E-06
  3.0343189531995600E+00  7.4306468957695826E-02  1.5621226001641273E-06
  3.0645489656220612E+00  7.3764353339396738E-02  1.5582966047570663E-06
  3.0950801506190899E+00  7.3228077175675602E-02  1.5546011850934041E-06
  3.1259155086829451E+00  7.2700751808170316E-02  1.5510342091652970E-06
  3.1570580701989419E+00  7.2165071936477115E-02  1.5475938259395943E-06
  3.1885108957432160E+00  7.1607923028837991E-02  1.5442785120180579E-06
  3.2202770763835105E+00  7.1095552460155448E-02  1.5410870975322256E-06
  3.2523597339829422E+00  7.0539642061123703E-02  1.5380187560223413E-06
  3.2847620215068272E+00  7.0028102698740241E-02  1.5350729830548378E-06
  3.3174871233325316E+00  6.9496884266969081E-02  1.5322496003410371E-06
  3.3505382555624110E+00  6.8964985484258598E-02  1.5295485524060829E-06
  3.3839186663398979E+00  6.8441777878359047E-02  1.5269696836463924E-06
  3.4176316361687062E+00  6.7897214391255067E-02  1.5245126443453151E-06
  3.4516804782352168E+00  6.7383941453653964E-02  1.5221767825673084E-06
  3.4860685387341066E+00  6.6878359244657570E-02  1.5199610007171746E-06
  3.5207991971971855E+00  6.6363804607615609E-02  1.5178635803619687E-06
  3.5558758668255321E+00  6.5851431556189333E-02  1.5158819678684721E-06
  3.5913019948249167E+00  6.5344962943615401E-02  1.5140125458651051E-06
  3.6270810627445997E+00  6.4839143732349142E-02  1.5122504351872301E-06
  3.6632165868194768E+00  6.4343720862695519E-02  1.5105893957243633E-06
  3.6997121183156279E+00  6.3845513639502999E-02  1.5090218716458589E-06
  3.7365712438793479E+00  6.3351073486787035E-02  1.5075391828281244E-06
  3.7737975858896151E+00  6.2834209797812693E-02  1.5061318683377199E-06
  3.8113948028140761E+00  6.2364065586112218E-02  1.5047900858443190E-06
  3.8493665895686067E+00  6.1871426738146724E-02  1.5035038563429053E-06
  3.8877166778804217E+00  6.1377094049623250E-02  1.5022633312209931E-06
  3.9264488366548229E+00  6.0884551422328008E-02  1.5010591006394292E-06
  3.9655668723455766E+00  6.0390062854190005E-02  1.4998825303179804E-06
  4.0050746293290196E+00  5.9885259108600618E-02  1.4987261607363914E-06
  4.0449759902818627E+00  5.9388716050832339E-02  1.4975841481836738E-06
  4.0852748765627531E+00  5.8897256242795244E-02  1.4964526956876146E-06
  4.1259752485976700E+00  5.8402434333395710E-02  1.4953303689219407E-06
  4.1670811062691353E+00  5.7901302690042573E-02  1.4942182324566648E-06
  4.2085964893092909E+00  5.7400045029371516E-02  1.4931197779571650E-06
  4.2505254776969350E+00  5.6897922370130014E-02  1.4920406263031769E-06
  4.2928721920584749E+00  5.6398781208701190E-02  1.4909878332063038E-06
  4.3356407940728721E+00  5.5879815754290185E-02  1.4899692073882906E-06
  4.3788354868806669E+00  5.5381955133459566E-02  1.4889928493017545E-06
  4.4224605154970256E+00  5.4896494244493416E-02  1.4880668499217255E-06
  4.4665201672289356E+00  5.4391714244161060E-02  1.4871990119129885E-06
  4.5110187720965307E+00  5.3893300068991408E-02  1.4863965425922196E-06
  4.5559607032586511E+00  5.3397232837708343E-02  1.4856657107511310E-06
  4.6013503774426123E+00  5.2928628755636115E-02  1.4850114985323286E-06
  4.6471922553782514E+00  5.2445577944117971E-02  1.4844373108913789E-06
  4.6934908422363328E+00  5.1966822387021168E-02  1.4839448191895784E-06
  4.7402506880712947E+00  5.1494537812000037E-02  1.4835339744252337E-06
  4.7874763882683880E+00  5.1025751938760702E-02  1.4832032413214018E-06
  4.8351725839953321E+00  5.0562055412628017E-02  1.4829502320558764E-06
  4.8833439626584045E+00  5.0105373855850267E-02  1.4827722356671606E-06
  4.9319952583631164E+00  4.9649277754481962E-02  1.4826665024643185E-06
  4.9811312523794404E+00  4.9200091061317189E-02  1.4826305046289577E-06
  5.0307567736117278E+00  4.8754664321723873E-02  1.4826620018946404E-06
  5.0808766990732606E+00  4.8316469287880227E-02  1.4827589725052243E-06
  5.1314959543655290E+00  4.7880734598669962E-02  1.4829196164296581E-06
  5.1826195141623366E+00  4.7446786172113883E-02  1.4831424366175400E-06
  5.2342524026986705E+00  4.7020596536683092E-02  1.4834262833662031E-06
  5.2863996942644542E+00  4.6592053481753597E-02  1.4837703265888768E-06
  5.3390665137032647E+00  4.6153707320884502E-02  1.4841739820478184E-06
  5.3922580369159512E+00  4.5748332925817294E-02  1.4846367710822545E-06
  5.4459794913693225E+00  4.5321056763340903E-02  1.4851580946198361E-06
  5.5002361566098639E+00  4.4907286964874733E-02  1.4857369374678047E-06
  5.5550333647826164E+00  4.4495151124050239E-02  1.4863715975983801E-06
  5.6103765011551880E+00  4.4080857205380776E-02  1.4870595424605366E-06
  5.6662710046469815E+00  4.3669765666456528E-02  1.4877975397071400E-06
  5.7227223683637432E+00  4.3256026698225106E-02  1.4885821565712372E-06
  5.7797361401373921E+00  4.2846890056500983E-02  1.4894100638180596E-06
  5.8373179230712182E+00  4.2440949308962160E-02  1.4902779608086622E-06
  5.8954733760905711E+00  4.2018018441622798E-02  1.4911825026193749E-06
  5.9542082144989763E+00  4.1632940913180351E-02  1.4921204091620614E-06
  6.0135282105398282E+00  4.1228887060557336E-02  1.4930885511480891E-06
  6.0734391939636341E+00  4.0833329623095334E-02  1.4940840481697102E-06
  6.1339470526009814E+00  4.0433747337402168E-02  1.4951043979906663E-06
  6.1950577329411551E+00  4.0037169205370107E-02  1.4961476434270235E-06
  6.2567772407165148E+00  3.9639370797463269E-02  1.4972126138053059E-06
  6.3191116414927526E+00  3.9249576962332965E-02  1.4982989495900336E-06
  6.3820670612649835E+00  3.8861634108913447E-02  1.4994068715031493E-06
  6.4456496870597562E+00  3.8471691094446418E-02  1.5005365822804450E-06
  6.5098657675431353E+00  3.8070382926992476E-02  1.5016878024868377E-06
  6.5747216136347699E+00  3.7703367874533052E-02  1.5028599910933571E-06
  6.6402235991281238E+00  3.7324304644099103E-02  1.5040526737477985E-06
  6.7063781613168345E+00  3.6944583740136407E-02  1.5052653664204527E-06
  6.7731918016273962E+00  3.6557593441851936E-02  1.5064975305061086E-06
  6.8406710862580677E+00  3.6194144002530119E-02  1.5077485810956808E-06
  6.9088226468241611E+00  3.5824533236577617E-02  1.5090178191507427E-06
  6.9776531810098046E+00  3.5444381312219983E-02  1.5103043747048773E-06
  7.0471694532261537E+00  3.5090771507068429E-02  1.5116071727250592E-06
  7.1173782952761497E+00  3.4728181190030592E-02  1.5129248887747423E-06
  7.1882866070259608E+00  3.4355616488090976E-02  1.5142559621046805E-06
  7.2599013570830540E+00  3.3995576400062143E-02  1.5155989338121295E-06
  7.3322295834810580E+00  3.3653989186187006E-02  1.5169528716624122E-06
  7.4052783943714022E+00  3.3299120803216280E-02  1.5183172890033295E-06
  7.4790549687219237E+00  3.2954004164431450E-02  1.5196918553060443E-06
  7.5535665570223722E+00  3.2605586398311036E-02  1.5210764775674312E-06
  7.6288204819969341E+00  3.2260743425307596E-02  1.5224712955967840E-06
  7.7048241393239332E+00  3.1918882675685566E-02  1.5238764861746675E-06
  7.7815849983626197E+00  3.1577325101189595E-02  1.5252922912636880E-06
  7.8591106028872204E+00  3.1240716739224204E-02  1.5267190106093647E-06
  7.9374085718283460E+00  3.0906177019553411E-02  1.5281570218860459E-06
  8.0164866000217305E+00  3.0573629838201957E-02  1.5296068328108267E-06
  8.0963524589644607E+00  3.0245413203620761E-02  1.5310690489647481E-06
  8.1770139975787064E+00  2.9914298290057831E-02  1.5325442407410172E-06
  8.2584791429831181E+00  2.9593897163436453E-02  1.5340327374627147E-06
  8.3407559012718657E+00  2.9264795066733303E-02  1.5355345407297010E-06
  8.4238523583014153E+00  2.8952729628849941E-02  1.5370493743284802E-06
  8.5077766804852271E+00  2.8633913855862409E-02  1.5385766741643016E-06
  8.5925371155962953E+00  2.8307309547979283E-02  1.5401157336474501E-06
  8.6781419935776878E+00  2.8010131994359221E-02  1.5416660276627534E-06
  8.7645997273612277E+00  2.7684226425259011E-02  1.5432271459597682E-06
  8.8519188136942564E+00  2.7391752671518152E-02  1.5447987089326561E-06
  8.9401078339746736E+00  2.7083068229254846E-02  1.5463803675286582E-06
  9.0291754550942578E+00  2.6778173290168041E-02  1.5479717926777689E-06
  9.1191304302904612E+00  2.6480229172781578E-02  1.5495726677013391E-06
  9.2099816000066284E+00  2.6171993592583757E-02  1.5511826576428219E-06
  9.3017378927607641E+00  2.5873646898842490E-02  1.5528014578357885E-06
  9.3944083260230613E+00  2.5591007308675761E-02  1.5544288996534777E-06
  9.4880020071020699E+00  2.5289237066553373E-02  1.5560650661018933E-06
  9.5825281340397037E+00  2.5014143948780720E-02  1.5577103012023366E-06
  9.6779959965152447E+00  2.4722757409064523E-02  1.5593650402402851E-06
  9.7744149767582638E+00  2.4432478927971516E-02  1.5610296098178062E-06
  9.8717945504706890E+00  2.4154541195900919E-02  1.5627042606985507E-06
  9.9701442877580071E+00  2.3876251241507874E-02  1.5643892986991293E-06
  1.0069473854069829E+01  2.3610478617601953E-02  1.5660851022781248E-06
  1.0169793011149750E+01  2.3336608157379535E-02  1.5677920901401761E-06
  1.0271111617994670E+01  2.3066776731579520E-02  1.5695107311468188E-06
  1.0373439631823757E+01  2.2797524034269566E-02  1.5712415397576484E-06
  1.0476787109056980E+01  2.2527607535779298E-02  1.5729850335889952E-06
  1.0581164206303374E+01  2.2272548092283840E-02  1.5747416661368749E-06
  1.0686581181359269E+01  2.2011878108039791E-02  1.5765117464306338E-06
  1.0793048394216344E+01  2.1755883522902898E-02  1.5782954572108243E-06
  1.0900576308079785E+01  2.1501485603759848E-02  1.5800930146291896E-06
  1.1009175490396528E+01  2.1241631656742005E-02  1.5819047457736458E-06
  1.1118856613893861E+01  2.0993057941190597E-02  1.5837312325816588E-06
  1.1229630457628259E+01  2.0748722435509723E-02  1.5855733262607992E-06
  1.1341507908044681E+01  2.0502550630239039E-02  1.5874318983418849E-06
  1.1454499960046517E+01  2.0268697291551795E-02  1.5893078165424945E-06
  1.1568617718076089E+01  2.0029220870085476E-02  1.5912019586667572E-06
  1.1683872397205928E+01  1.9784734960701916E-02  1.5931152072558091E-06
  1.1800275324241008E+01  1.9552256905210910E-02  1.5950484330564986E-06
  1.1917837938831864E+01  1.9327616869654826E-02  1.5970025031165860E-06
  1.2036571794598867E+01  1.9091350519261582E-02  1.5989782955317764E-06
  1.2156488560267606E+01  1.8872538922042149E-02  1.6009766765108385E-06
  1.2277600020815738E+01  1.8648933712844571E-02  1.6029984279130393E-06
  1.2399918078631128E+01  1.8427491072456927E-02  1.6050442951237877E-06
  1.2523454754681529E+01  1.8208163546950130E-02  1.6071148880826796E-06
  1.2648222189696046E+01  1.7992668235823482E-02  1.6092104525581471E-06
  1.2774232645358239E+01  1.7779108887570474E-02  1.6113312578604139E-06
  1.2901498505511107E+01  1.7567140455924824E-02  1.6134776996134117E-06
  1.3030032277374222E+01  1.7357707994016792E-02  1.6156501972516809E-06
  1.3159846592772825E+01  1.7150671849322442E-02  1.6178492126503477E-06
  1.3290954209379272E+01  1.6945990143579063E-02  1.6200752422959513E-06
  1.3423368011966755E+01  1.6743667066948079E-02  1.6223287948354610E-06
  1.3557101013675647E+01  1.6543707591781542E-02  1.6246103663902622E-06
  1.3692166357292342E+01  1.6345821479294368E-02  1.6269204224736367E-06
  1.3828577316540855E+01  1.6149885000871448E-02  1.6292594066345043E-06
  1.3966347297387376E+01  1.5956371460583412E-02  1.6316277163068118E-06
  1.4105489839357736E+01  1.5764166208345552E-02  1.6340257708366539E-06
  1.4246018616867961E+01  1.5574998106837986E-02  1.6364543455359495E-06
  1.4387947440568245E+01  1.5387832102231410E-02  1.6389144217852216E-06
  1.4531290258700146E+01  1.5201922823590603E-02  1.6414069602160299E-06
  1.4676061158467395E+01  1.5018748609346478E-02  1.6439329634454939E-06
  1.4822274367420274E+01  1.4837741309124419E-02  1.6464934665457737E-06
  1.4969944254853944E+01  1.4658907973119292E-02  1.6490895133898367E-06
  1.5119085333220553E+01  1.4479978008869965E-02  1.6517221553160494E-06
  1.5269712259555428E+01  1.4305520387777675E-02  1.6543924556575238E-06
  1.5421839836917600E+01  1.4132293545505492E-02  1.6571014870157677E-06
  1.5575483015844554E+01  1.3960829066424044E-02  1.6598503058036058E-06
  1.5730656895821456E+01  1.3791397724598007E-02  1.6626399213015429E-06
  1.5887376726765183E+01  1.3623460443093106E-02  1.6654712763388390E-06
  1.6045657910522966E+01  1.3453558229515225E-02  1.6683451492280210E-06
  1.6205516002385995E+01  1.3294373535307878E-02  1.6712621930020248E-06
  1.6366966712618218E+01  1.3131794283187613E-02  1.6742231309695872E-06
  1.6530025908000226E+01  1.2971606184972050E-02  1.6772287888290729E-06
  1.6694709613388632E+01  1.2813150370602582E-02  1.6802800528912721E-06
  1.6861034013290826E+01  1.2652216840503090E-02  1.6833778439306908E-06
  1.7029015453455688E+01  1.2497032377730770E-02  1.6865231082789737E-06
  1.7198670442479880E+01  1.2343865254177227E-02  1.6897168072361926E-06
  1.7370015653430244E+01  1.2196989217619495E-02  1.6929599059818597E-06
  1.7543067925482440E+01  1.2047387364592840E-02  1.6962533605459745E-06
  1.7717844265575810E+01  1.1899376284549918E-02  1.6995980963199693E-06
  1.7894361850084685E+01  1.1752942937870162E-02  1.7029949665154083E-06
  1.8072638026506539E+01  1.1608279438934705E-02  1.7064447391705603E-06
  1.8252690315166756E+01  1.1465685178770401E-02  1.7099481534121597E-06
  1.8434536410940499E+01  1.1319900911909845E-02  1.7135059450334473E-06
  1.8618194184991623E+01  1.1184054217043377E-02  1.7171188144317544E-06
  1.8803681686529110E+01  1.1043090792844304E-02  1.7207874286543362E-06
  1.8991017144580805E+01  1.0906609795516869E-02  1.7245124367356062E-06
  1.9180218969784857E+01  1.0774512769352627E-02  1.7282944688194911E-06
  1.9371305756199146E+01  1.0640944817247280E-02  1.7321341398147209E-06
  1.9564296283128606E+01  1.0509226764181477E-02  1.7360320539340316E-06
  1.9759209516970692E+01  1.0378826634962984E-02  1.7399888015305992E-06
  1.9956064613079480E+01  1.0249974163171270E-02  1.7440049438310933E-06
  2.0154880917648086E+01  1.0122741347319239E-02  1.7480809864153031E-06
  2.0355677969609985E+01  9.9972043075519657E-03  1.7522173391859566E-06
  2.0558475502559141E+01  9.8723927764492927E-03  1.7564142726103448E-06
  2.0763293446689474E+01  9.7493389352827208E-03  1.7606719257411456E-06
  2.0970151930753474E+01  9.6244113938222277E-03  1.7649903816521611E-06
  2.1179071284040294E+01  9.5076709477410967E-03  1.7693697302491273E-06
  2.1390072038373802E+01  9.3889661659222121E-03  1.7738100653071833E-06
  2.1603174930130276E+01  9.2682267638749694E-03  1.7783114547021978E-06
  2.1818400902276235E+01  9.1556055501031911E-03  1.7828739216810781E-06
  2.2035771106426797E+01  9.0403403502918693E-03  1.7874974345850078E-06
  2.2255306904924264E+01  8.9246260825628504E-03  1.7921818914756291E-06
  2.2477029872937592E+01  8.8161301018105098E-03  1.7969270957791539E-06
  2.2700961800582622E+01  8.7043224359528593E-03  1.8017327138274483E-06
  2.2927124695063672E+01  8.5926121323820388E-03  1.8065982132000946E-06
  2.3155540782836265E+01  8.4875187798269230E-03  1.8115227902398503E-06
  2.3386232511791373E+01  8.3806877959311191E-03  1.8165053296117876E-06
  2.3619222553461672E+01  8.2747474649435895E-03  1.8215444641864264E-06
  2.3854533805249535E+01  8.1702440530654098E-03  1.8266386602307191E-06
  2.4092189392677238E+01  8.0669762810053405E-03  1.8317862458120754E-06
  2.4332212671659793E+01  7.9618035618328666E-03  1.8369854258312143E-06
  2.4574627230800182E+01  7.8619602979769984E-03  1.8422343023401752E-06
  2.4819456893707621E+01  7.7640314259593531E-03  1.8475308983227441E-06
  2.5066725721338727E+01  7.6649558866254651E-03  1.8528731883856177E-06
  2.5316458014362325E+01  7.5676181427845332E-03  1.8582591434924025E-06
  2.5568678315547555E+01  7.4713061483336939E-03  1.8636867928028610E-06
  2.5823411412175652E+01  7.3756480001022518E-03  1.8691542844104019E-06
  2.6080682338476322E+01  7.2812200684016070E-03  1.8746599245554102E-06
  2.6340516378087859E+01  7.1856753643405342E-03  1.8802021900556870E-06
  2.6602939066541538E+01  7.0930038488346324E-03  1.8857797031476571E-06
  2.6867976193771852E+01  7.0039401434517810E-03  1.8913911846398154E-06
  2.7135653806650620E+01  6.9133214727879330E-03  1.8970354471144411E-06
  2.7405998211546759E+01  6.8217708584028293E-03  1.9027113537833465E-06
  2.7679035976911671E+01  6.7327580371400186E-03  1.9084177544002019E-06
  2.7954793935890461E+01  6.6469394694520347E-03  1.9141534169317225E-06
  2.8233299188958668E+01  6.5597969119963184E-03  1.9199169472315413E-06
  2.8514579106585764E+01  6.4717775180373862E-03  1.9257066996820118E-06
  2.8798661331925203E+01  6.3880027006974335E-03  1.9315206812639245E-06
  2.9085573783530720E+01  6.3025281028961967E-03  1.9373564423856520E-06
  2.9375344658100271E+01  6.2192771917505161E-03  1.9432109574370759E-06
  2.9668002433247256E+01  6.1344272719899961E-03  1.9490805004949985E-06
  2.9963575870298829E+01  6.0518733141788385E-03  1.9549605863732780E-06
  3.0262094017122671E+01  5.9718466965274081E-03  1.9608461356257313E-06
  3.0563586210981839E+01  5.8893212081985594E-03  1.9667316767173847E-06
  3.0868082081417608E+01  5.8100153401300344E-03  1.9726115132808068E-06
  3.1175611553161495E+01  5.7312178882667538E-03  1.9784798402645423E-06
  3.1486204849076373E+01  5.6518691932965145E-03  1.9843308301641554E-06
  3.1799892493126254E+01  5.5740876330119208E-03  1.9901587300870814E-06
  3.2116705313376293E+01  5.4974726205027922E-03  1.9959579567734541E-06
  3.2436674445022618E+01  5.4194630131307034E-03  2.0017231664849638E-06
  3.2759831333451828E+01  5.3438876715471506E-03  2.0074493211057556E-06
  3.3086207737331492E+01  5.2690541965181520E-03  2.0131317496798080E-06
  3.3415835731731491E+01  5.1965146549288578E-03  2.0187661750442294E-06
  3.3748747711275833E+01  5.1226555338830543E-03  2.0243486673513322E-06
  3.4084976393326492E+01  5.0504999243070866E-03  2.0298754200230029E-06
  3.4424554821198917E+01  4.9785786067918104E-03  2.0353425228122035E-06
  3.4767516367409037E+01  4.9075268832890961E-03  2.0407458639583922E-06
  3.5113894736953185E+01  4.8365959231484396E-03  2.0460810651685121E-06
  3.5463723970620691E+01  4.7664722168522782E-03  2.0513434019588243E-06
  3.5817038448338884E+01  4.6966018220576762E-03  2.0565276782602390E-06
  3.6173872892552019E+01  4.6267093465583243E-03  2.0616280654526014E-06
  3.6534262371633844E+01  4.5579811437874785E-03  2.0666380539039787E-06
  3.6898242303333895E+01  4.4906780679171976E-03  2.0715505250004661E-06
  3.7265848458257693E+01  4.4231451500149821E-03  2.0763578720888735E-06
  3.7637116963383086E+01  4.3557686154975005E-03  2.0810521595281996E-06
  3.8012084305610180E+01  4.2883086700297576E-03  2.0856253080301047E-06
  3.8390787335346701E+01  4.2220195922567866E-03  2.0900693004109928E-06
  3.8773263270130428E+01  4.1556787536728484E-03  2.0943763857797853E-06
  3.9159549698286362E+01  4.0897222786443164E-03  2.0985392044518821E-06
  3.9549684582620237E+01  4.0237783810764295E-03  2.1025508893649455E-06
  3.9943706264150379E+01  3.9587320471978337E-03  2.1064051668688252E-06
  4.0341653465875119E+01  3.8938543323374800E-03  2.1100965009440262E-06
  4.0743565296578289E+01  3.8290462270679001E-03  2.1136202879541945E-06
  4.1149481254672821E+01  3.7660658600995457E-03  2.1169729516034644E-06
  4.1559441232082797E+01  3.7016935171938245E-03  2.1201518473806451E-06
  4.1973485518163343E+01  3.6397693293829790E-03  2.1231550855071469E-06
  4.2391654803660387E+01  3.5773404456637989E-03  2.1259813179694834E-06
  4.2813990184709851E+01  3.5146520167983449E-03  2.1286294929073875E-06
  4.3240533166875906E+01  3.4537593791173411E-03  2.1310985815939455E-06
  4.3671325669230264E+01  3.3931920535794262E-03  2.1333873140518906E-06
  4.4106410028472048E+01  3.3326858312611699E-03  2.1354940201247430E-06
  4.4545829003088016E+01  3.2731182961401196E-03  2.1374166211172104E-06
  4.4989625777554942E+01  3.2138699460031459E-03  2.1391526712615025E-06
  4.5437843966583877E+01  3.1544208990096274E-03  2.1406993548140953E-06
  4.5890527619405944E+01  3.0965039039990297E-03  2.1420534310515008E-06
  4.6347721224101591E+01  3.0393205022850979E-03  2.1432111942452523E-06
  4.6809469711972959E+01  2.9821397311844424E-03  2.1441685109601009E-06
  4.7275818461959062E+01  2.9255698249709135E-03  2.1449208892659686E-06
  4.7746813305095706E+01  2.8689662202975572E-03  2.1454635588635194E-06
  4.8222500529019882E+01  2.8135383268377283E-03  2.1457915700274578E-06
  4.8702926882518192E+01  2.7589711208215336E-03  2.1458999039204311E-06
  4.9188139580121408E+01  2.7044517833093862E-03  2.1457835738754055E-06
  4.9678186306744841E+01  2.6502546294649540E-03  2.1454376619215121E-06
  5.0173115222374108E+01  2.5968568635429874E-03  2.1448573030336888E-06
  5.0672974966798286E+01  2.5439841372877649E-03  2.1440376811970931E-06
  5.1177814664390482E+01  2.4918779374976511E-03  2.1429740671497640E-06
  5.1687683928934916E+01  2.4401299335930354E-03  2.1416618915765382E-06
  5.2202632868503130E+01  2.3889185683566242E-03  2.1400968514835455E-06
  5.2722712090378678E+01  2.3380858713748522E-03  2.1382749820906918E-06
  5.3247972706030062E+01  2.2882713956335040E-03  2.1361926778873055E-06
  5.3778466336134024E+01  2.2387874066944423E-03  2.1338466712321567E-06
  5.4314245115649037E+01  2.1899054276789463E-03  2.1312339862406821E-06
  5.4855361698938232E+01  2.1416176639928921E-03  2.1283518914013453E-06
  5.5401869264944409E+01  2.0937044717627444E-03  2.1251978288956841E-06
  5.5953821522416497E+01  2.0464252740219077E-03  2.1217693218714954E-06
  5.6511272715187772E+01  2.0002122170468947E-03  2.1180639126451694E-06
  5.7074277627505872E+01  1.9545363839363066E-03  2.1140791337340170E-06
  5.7642891589418234E+01  1.9091132130787899E-03  2.1098124875969674E-06
  5.8217170482209006E+01  1.8643302775414514E-03  2.1052614148872141E-06
  5.8797170743890170E+01  1.8206869830438069E-03  2.1004232769598103E-06
  5.9382949374749415E+01  1.7772576975319293E-03  2.0952953964996883E-06
  5.9974563942951306E+01  1.7345033919697250E-03  2.0898751517072444E-06
  6.0572072590194054E+01  1.6923687154782408E-03  2.0841600768621380E-06
  6.1175534037424960E+01  1.6507405504328908E-03  2.0781479393547022E-06
  6.1785007590610469E+01  1.6100290742923449E-03  2.0718368001441712E-06
  6.2400553146564363E+01  1.5694914919358385E-03  2.0652250793488532E-06
  6.3022231198834454E+01  1.5303112901961734E-03  2.0583116069441938E-06
  6.3650102843648128E+01  1.4912375181990927E-03  2.0510956068214565E-06
  6.4284229785915741E+01  1.4529258876763498E-03  2.0435766020154425E-06
  6.4924674345295301E+01  1.4151222491806607E-03  2.0357543451456697E-06
  6.5571499462317263E+01  1.3782722192755862E-03  2.0276288066383799E-06
  6.6224768704569428E+01  1.3418704122443435E-03  2.0192002040515741E-06
  6.6884546272944434E+01  1.3061268450502504E-03  2.0104690269141232E-06
  6.7550897007949601E+01  1.2710612228773674E-03  2.0014360141672767E-06
  6.8223886396078456E+01  1.2365115761128270E-03  1.9921021222434849E-06
  6.8903580576246895E+01  1.2029158861384919E-03  1.9824684641008533E-06
  6.9590046346293434E+01  1.1697681735937850E-03  1.9725361955995848E-06
  7.0283351169543081E+01  1.1371087292988385E-03  1.9623063920674748E-06
  7.0983563181437759E+01  1.1054048448388132E-03  1.9517799779120480E-06
  7.1690751196232910E+01  1.0742264260626046E-03  1.9409577459042425E-06
  7.2404984713759305E+01  1.0438645361852033E-03  1.9298404771082126E-06
  7.3126333926253821E+01  1.0137844287677104E-03  1.9184290582095884E-06
  7.3854869725258013E+01  9.8475462818531779E-04  1.9067244839913096E-06
  7.4590663708584245E+01  9.5612898059596585E-04  1.8947277703464009E-06
  7.5333788187352425E+01  9.2801733132585624E-04  1.8824398750187269E-06
  7.6084316193097024E+01  9.0085347150499430E-04  1.8698617128645433E-06
  7.6842321484943412E+01  8.7408085486723576E-04  1.8569942600799916E-06
  7.7607878556857017E+01  8.4796833111069219E-04  1.8438387224216671E-06
  7.8381062644964857E+01  8.2245644522401429E-04  1.8303967163724406E-06
  7.9161949734948536E+01  7.9748922378877654E-04  1.8166704073274585E-06
  7.9950616569512263E+01  7.7323209388014248E-04  1.8026625947948944E-06
  8.0747140655925350E+01  7.4947932924923177E-04  1.7883767237738394E-06
  8.1551600273638371E+01  7.2622897628467538E-04  1.7738167859755125E-06
  8.2364074481976644E+01  7.0370207495747106E-04  1.7589871575874268E-06
  8.3184643127910263E+01  6.8175560818823039E-04  1.7438925237012726E-06
  8.4013386853900968E+01  6.6017919636679110E-04  1.7285378865073851E-06
  8.4850387105826186E+01  6.3935235739744382E-04  1.7129285703199873E-06
  8.5695726140985343E+01  6.1896203702563725E-04  1.6970701627535487E-06
  8.6549487036182711E+01  5.9911738208234778E-04  1.6809684373145199E-06
  8.7411753695890894E+01  5.7980139892423296E-04  1.6646293175616907E-06
  8.8282610860498693E+01  5.6098708887438722E-04  1.6480588774427591E-06
  8.9162144114638110E+01  5.4270818339547853E-04  1.6312633263415069E-06
  9.0050439895594110E+01  5.2492327279981198E-04  1.6142489692036862E-06
  9.0947585501801640E+01  5.0761523935141651E-04  1.5970222048523521E-06
  9.1853669101423606E+01  4.9082221501515544E-04  1.5795895852643942E-06
  9.2768779741015607E+01  4.7445416617167160E-04  1.5619579081461473E-06
  9.3693007354277469E+01  4.5858570943621069E-04  1.5441342632035090E-06
  9.4626442770892112E+01  4.4315604206544412E-04  1.5261259840663014E-06
  9.5569177725450885E+01  4.2819358168536296E-04  1.5079405823218194E-06
  9.6521304866469407E+01  4.1365711028443100E-04  1.4895857063730999E-06
  9.7482917765493397E+01  3.9953712853479006E-04  1.4710691078861032E-06
  9.8454110926293239E+01  3.8581215609229087E-04  1.4523986041479909E-06
  9.9434979794152198E+01  3.7259768749513998E-04  1.4335820932900165E-06
  1.0042562076524690E+02  3.5969932275663977E-04  1.4146276256756906E-06
  1.0142613119611966E+02  3.4719739075634188E-04  1.3955434487171166E-06
  1.0243660941324691E+02  3.3510602551285761E-04  1.3763379957919406E-06
  1.0345715472270305E+02  3.2337130424213228E-04  1.3570198369788622E-06
  1.0448786741991847E+02  3.1199896629176667E-04  1.3375976121082865E-06
  1.0552884879953703E+02  3.0098600056056233E-04  1.3180799893690494E-06
  1.0658020116537143E+02  2.9032488768507237E-04  1.2984757135905707E-06
  1.0764202784045605E+02  2.7996768652482245E-04  1.2787936839933964E-06
  1.0871443317720176E+02  2.7001285622162732E-04  1.2590429605646463E-06
  1.0979752256765191E+02  2.6032296488588002E-04  1.2392327119073924E-06
  1.1089140245383867E+02  2.5092153639827403E-04  1.2193721523517738E-06
  1.1199618033824430E+02  2.4190332451509548E-04  1.1994704867509174E-06
  1.1311196479436684E+02  2.3310595101838345E-04  1.1795368966466445E-06
  1.1423886547738897E+02  2.2463054276489227E-04  1.1595805646303070E-06
  1.1537699313495509E+02  2.1643637628497833E-04  1.1396106878034984E-06
  1.1652645961805601E+02  2.0851680993220380E-04  1.1196364947590077E-06
  1.1768737789201987E+02  2.0087642355973064E-04  1.0996672816509535E-06
  1.1885986204761448E+02  1.9345225773869333E-04  1.0797124374501342E-06
  1.2004402731226067E+02  1.8630517787359560E-04  1.0597814128069354E-06
  1.2123999006135482E+02  1.7938248789293369E-04  1.0398836415408503E-06
  1.2244786782970661E+02  1.7270483801253711E-04  1.0200285044807209E-06
  1.2366777932309039E+02  1.6626359310894395E-04  1.0002253361469606E-06
  1.2489984442991089E+02  1.6001864741079844E-04  9.8048340930792023E-07
  1.2614418423298362E+02  1.5402860219398056E-04  9.6081188050920834E-07
  1.2740092102143754E+02  1.4821390608576692E-04  9.4121974138880106E-07
  1.2867017830273167E+02  1.4260263790111396E-04  9.2171581826863702E-07
  1.2995208081479126E+02  1.3720129342933182E-04  9.0230879523739608E-07
  1.3124675453826987E+02  1.3198402483370121E-04  8.8300720769280047E-07
  1.3255432670892856E+02  1.2694777056898536E-04  8.6381941897883415E-07
  1.3387492583013875E+02  1.2208601520673001E-04  8.4475360723458959E-07
  1.3520868168551402E+02  1.1740780906411208E-04  8.2581777624817620E-07
  1.3655572535166306E+02  1.1288025032530786E-04  8.0701979605373533E-07
  1.3791618921107107E+02  1.0852076792950164E-04  7.8836742220661836E-07
  1.3929020696511040E+02  1.0432096013107215E-04  7.6986827078873159E-07
  1.4067791364718096E+02  1.0027716176273418E-04  7.5152979285176627E-07
  1.4207944563597928E+02  9.6360334012037584E-05  7.3335925876973352E-07
  1.4349494066890199E+02  9.2596370417061125E-05  7.1536372367256213E-07
  1.4492453785558314E+02  8.8974420574116459E-05  6.9754999515126905E-07
  1.4636837769156355E+02  8.5471720020648771E-05  6.7992463703996254E-07
  1.4782660207209912E+02  8.2102600769521242E-05  6.6249398506581944E-07
  1.4929935430610666E+02  7.8859490988425249E-05  6.4526414867925696E-07
  1.5078677913024598E+02  7.5732237025628467E-05  6.2824100111858149E-07
  1.5228902272314485E+02  7.2721010747663729E-05  6.1143015901412365E-07
  1.5380623271976611E+02  6.9817034563401389E-05  5.9483695310426945E-07
  1.5533855822591445E+02  6.7023858198424704E-05  5.7846641298931487E-07
  1.5688614983289125E+02  6.4333207538691997E-05  5.6232329811025766E-07
  1.5844915963229488E+02  6.1745198496097677E-05  5.4641213441244580E-07
  1.6002774123096592E+02  5.9248145347942977E-05  5.3073721716295153E-07
  1.6162204976608388E+02  5.6849625852956818E-05  5.1530259168362170E-07
  1.6323224192041471E+02  5.4537538837974291E-05  5.0011202350075685E-07
  1.6485847593770683E+02  5.2313989095325932E-05  4.8516898264159904E-07
  1.6650091163824379E+02  5.0174413137191190E-05  4.7047665208785970E-07
  1.6815971043455187E+02  4.8112612064965920E-05  4.5603793431436709E-07
  1.6983503534726117E+02  4.6132370558451936E-05  4.4185545240084419E-07
  1.7152705102112739E+02  4.4225169148567173E-05  4.2793155734072787E-07
  1.7323592374121390E+02  4.2393604589358333E-05  4.1426834460962347E-07
  1.7496182144923125E+02  4.0628700227497382E-05  4.0086767181629384E-07
  1.7670491376004318E+02  3.8930429121642763E-05  3.8773115177840198E-07
  1.7846537197833658E+02  3.7298651851675638E-05  3.7486013461895309E-07
  1.8024336911545464E+02  3.5729784555497672E-05  3.6225570988393131E-07
  1.8203907990640084E+02  3.4221097388416806E-05  3.4991871794258330E-07
  1.8385268082701236E+02  3.2770866027768927E-05  3.3784974598643885E-07
  1.8568435011130126E+02  3.1375791581622418E-05  3.2604911194227512E-07
  1.8753426776897169E+02  3.0036595750033332E-05  3.1451686073530504E-07
  1.8940261560311160E+02  2.8747708733638720E-05  3.0325277947496561E-07
  1.9128957722805893E+02  2.7510247594406738E-05  2.9225640801867961E-07
  1.9319533808744418E+02  2.6321146017344406E-05  2.8152704210798545E-07
  1.9512008547241953E+02  2.5176897612609740E-05  2.7106373364858507E-07
  1.9706400854006301E+02  2.4077917753605137E-05  2.6086529252893857E-07
  1.9902729833196565E+02  2.3024171245448538E-05  2.5093029733676585E-07
  2.0101014779301099E+02  2.2009514783347540E-05  2.4125711597072490E-07
  2.0301275179033496E+02  2.1037296056814574E-05  2.3184391901633640E-07
  2.0503530713247392E+02  2.0102667840340512E-05  2.2268868569412122E-07
  2.0707801258871129E+02  1.9205335509286955E-05  2.1378921116094201E-07
  2.0914106890860913E+02  1.8342324746011340E-05  2.0514310711192584E-07
  2.1122467884173642E+02  1.7515073528679325E-05  1.9674779916375460E-07
  2.1332904715759545E+02  1.6720054765717910E-05  1.8860053267460288E-07
  2.1545438066574724E+02  1.5958849942886981E-05  1.8069838388541840E-07
  2.1760088823613319E+02  1.5227045808983563E-05  1.7303826994772551E-07
  2.1976878081960351E+02  1.4525383653018653E-05  1.6561695741185595E-07
  2.2195827146865005E+02  1.3851694517592652E-05  1.5843107140412312E-07
  2.2416957535834155E+02  1.3205010642755247E-05  1.5147710251493115E-07
  2.2640290980747156E+02  1.2585821168769375E-05  1.4475140998543699E-07
  2.2865849429991724E+02  1.1990804722597546E-05  1.3825023019515117E-07
  2.3093655050620652E+02  1.1421269789316555E-05  1.3196969385120700E-07
  2.3323730230530461E+02  1.0874564502369153E-05  1.2590584042512387E-07
  2.3556097580661728E+02  1.0350839648175481E-05  1.2005462669534866E-07
  2.3790779937220930E+02  9.8487360936830971E-06  1.1441192973309002E-07
  2.4027800363924831E+02  9.3673632826625770E-06  1.0897354924523725E-07
  2.4267182154267266E+02  8.9065457124826631E-06  1.0373521605056928E-07
  2.4508948833808026E+02  8.4647527294025810E-06  9.8692602871476658E-08
  2.4753124162485037E+02  8.0418384767487272E-06  9.3841332567407519E-08
  2.4999732136949507E+02  7.6369126854252925E-06  8.9176985182160540E-08
  2.5248796992923977E+02  7.2488754616154380E-06  8.4695105675141218E-08
  2.5500343207584231E+02  6.8777765543843504E-06  8.0391213485497739E-08
  2.5754395501964996E+02  6.5227851092277381E-06  7.6260811740954617E-08
  2.6010978843389114E+02  6.1828547289056313E-06  7.2299393086344541E-08
  2.6270118447921408E+02  5.8578497604146787E-06  6.8502445212967151E-08
  2.6531839782846964E+02  5.5472042380414863E-06  6.4865458454221722E-08
  2.6796168569173614E+02  5.2501548810601413E-06  6.1383932090496690E-08
  2.7063130784160097E+02  4.9663674316987265E-06  5.8053377689300518E-08
  2.7332752663868666E+02  4.6952730436509282E-06  5.4869323192034274E-08
  2.7605060705743608E+02  4.4363742870283519E-06  5.1827319547699157E-08
  2.7880081671215498E+02  4.1892594932499249E-06  4.8922947185202325E-08
  2.8157842588330874E+02  3.9534674455199358E-06  4.6151821583264791E-08
  2.8438370754408601E+02  3.7285057197617690E-06  4.3509598537358021E-08
  2.8721693738722769E+02  3.5140581944453112E-06  4.0991978886609616E-08
  2.9007839385211713E+02  3.3096848404079754E-06  3.8594712592247061E-08
  2.9296835815214598E+02  3.1149709961375375E-06  3.6313602800111566E-08
  2.9588711430235264E+02  2.9296760672296198E-06  3.4144511090401297E-08
  2.9883494914733069E+02  2.7532449063255146E-06  3.2083363578499783E-08
  3.0181215238942048E+02  2.5855189949372294E-06  3.0126155606404427E-08
  3.0481901661718211E+02  2.4260471795496950E-06  2.8268954560928883E-08
  3.0785583733414609E+02  2.2745580580613378E-06  2.6507901380197915E-08
  3.1092291298785619E+02  2.1307286421197160E-06  2.4839212722240698E-08
  3.1402054499920189E+02  1.9943074598356426E-06  2.3259183816172207E-08
  3.1714903779203689E+02  1.8649296806782633E-06  2.1764191044651498E-08
  3.2030869882309855E+02  1.7423573066941668E-06  2.0350693942957711E-08
  3.2349983861222586E+02  1.6263102707655136E-06  1.9015236859443844E-08
  3.2672277077287151E+02  1.5165591412254339E-06  1.7754450439099014E-08
  3.2997781204292789E+02  1.4127958596889791E-06  1.6565053137846433E-08
  3.3326528231585019E+02  1.3148033125352851E-06  1.5443852481172886E-08
  3.3658550467209659E+02  1.2223389927085739E-06  1.4387745624220988E-08
  3.3993880541088123E+02  1.1351676480941766E-06  1.3393719989785607E-08
  3.4332551408223759E+02  1.0530823468783467E-06  1.2458853865079564E-08
  3.4674596351940784E+02  9.7583932473666939E-07  1.1580316224372667E-08
  3.5020048987155405E+02  9.0323148534330940E-07  1.0755366183532790E-08
  3.5368943263679006E+02  8.3505878511395277E-07  9.9813526796475040E-09
  3.5721313469554758E+02  7.7112622777362142E-07  9.2557143375549959E-09
  3.6077194234427594E+02  7.1122801957188653E-07  8.5759790744119223E-09
  3.6436620532947012E+02  6.5517392160522118E-07  7.9397634333422337E-09
  3.6799627688204487E+02  6.0278753051989469E-07  7.3447717559427466E-09
  3.7166251375205127E+02  5.5388996776390834E-07  6.7887951695791861E-09
  3.7536527624373207E+02  5.0830089338866830E-07  6.2697103977717628E-09
  3.7910492825093360E+02  4.6585387735626437E-07  5.7854785334009366E-09
  3.8288183729286982E+02  4.2638861411597559E-07  5.3341438868917536E-09
  3.8669637455023684E+02  3.8974611457708910E-07  4.9138327920022262E-09
  3.9054891490169263E+02  3.5576902698387967E-07  4.5227521251148286E-09
  3.9443983696070177E+02  3.2430895877389806E-07  4.1591874632591928E-09
  3.9836952311273819E+02  2.9522299852226944E-07  3.8215011311630031E-09
  4.0233835955287128E+02  2.6837008450181408E-07  3.5081303798989901E-09
  4.0634673632371408E+02  2.4361376206491283E-07  3.2175855602093577E-09
  4.1039504735375738E+02  2.2082357533080590E-07  2.9484481852458672E-09
  4.1448369049608630E+02  1.9987345419954035E-07  2.6993689384031437E-09
  4.1861306756747484E+02  1.8064122538211888E-07  2.4690656391301803E-09
  4.2278358438787728E+02  1.6300964025812865E-07  2.2563211768147936E-09
  4.2699565082031324E+02  1.4686716613162639E-07  2.0599814347021224E-09
  4.3124968081114275E+02  1.3210796614758195E-07  1.8789532095802183E-09
  4.3554609243074930E+02  1.1863183945417618E-07  1.7122021177857695E-09
  4.3988530791462944E+02  1.0634437808691476E-07  1.5587505076119085E-09
  4.4426775370488309E+02  9.5157106146866524E-08  1.4176753443961932E-09
  4.4869386049212505E+02  8.4987386686199710E-08  1.2881060440167778E-09
  4.5316406325781503E+02  7.5758094159982017E-08  1.1692223547801733E-09
  4.5767880131699997E+02  6.7397181526011285E-08  1.0602523079169885E-09
  4.6223851836149106E+02  5.9837239578615381E-08  9.6047018358139186E-10
  4.6684366250347171E+02  5.3015090175771656E-08  8.6919449861742898E-10
  4.7149468631952965E+02  4.6871435729455046E-08  7.8578602540031551E-10
  4.7619204689513805E+02  4.1350576863074906E-08  7.0964584618739608E-10
  4.8093620586957883E+02  3.6400197713724118E-08  6.4021344520747649E-10
  4.8572762948130423E+02  3.1971206096480416E-08  5.7696483824778651E-10
  4.9056678861376457E+02  2.8017612584987832E-08  5.1941075266862848E-10
  4.9545415884167835E+02  2.4496433502594466E-08  4.6709487910513597E-10
  5.0039022047777257E+02  2.1367604749442214E-08  4.1959216764762949E-10
  5.0537545861998962E+02  1.8593896646096087E-08  3.7650714545281534E-10
  5.1041036319915440E+02  1.6140823304453723E-08  3.3747227774067289E-10