 #p(MeV) \t \delta f_\\nu \t \delta f_\\nubar
  4.3146118039701982E+00  1.1711667927646318E-10  1.1450753873426352E-10
  4.3575969912375943E+00  1.1506425814015935E-10  1.1248769897751890E-10
  4.4010104270724995E+00  1.1304964915742874E-10  1.1050510930813582E-10
  4.4448563779873416E+00  1.1107214564601658E-10  1.0855907408681197E-10
  4.4891391530005293E+00  1.0913107341501635E-10  1.0664892958483511E-10
  4.5338631040599431E+00  1.0722577486763276E-10  1.0477402835399329E-10
  4.5790326264706094E+00  1.0535560336949871E-10  1.0293373370056179E-10
  4.6246521593266658E+00  1.0351992309778011E-10  1.0112741953878034E-10
  4.6707261859476246E+00  1.0171810889197130E-10  9.9354470245913720E-11
  4.7172592343189610E+00  9.9949546106345930E-11  9.7614280518856072E-11
  4.7642558775371224E+00  9.8213630464016792E-11  9.5906255232240817E-11
  4.8117207342589454E+00  9.6509767912574990E-11  9.4229809298025956E-11
  4.8596584691555593E+00  9.4837374481269890E-11  9.2584367526521035E-11
  4.9080737933708276E+00  9.3195876139704688E-11  9.0969364488829781E-11
  4.9569714649843197E+00  9.1584708658016166E-11  8.9384244380684131E-11
  5.0063562894789424E+00  9.0003312067842573E-11  8.7828455617553092E-11
  5.0562331202131796E+00  8.8451091557241741E-11  8.6301412653865701E-11
  5.1066068588980764E+00  8.6927442634428712E-11  8.4802520567096599E-11
  5.1574824560789665E+00  8.5431774701840467E-11  8.3331198093165448E-11
  5.2088649116219798E+00  8.3963510906806890E-11  8.1886877479204975E-11
  5.2607592752054222E+00  8.2522087788463454E-11  8.0469004137012376E-11
  5.3131706468160305E+00  8.1106954935122517E-11  7.9077036306738651E-11
  5.3661041772501825E+00  7.9717574651739630E-11  7.7710444730458080E-11
  5.4195650686201109E+00  7.8353421637125343E-11  7.6368712335277819E-11
  5.4735585748651214E+00  7.7013982670570105E-11  7.5051333925660926E-11
  5.5280900022679624E+00  7.5698756307555975E-11  7.3757815884644176E-11
  5.5831647099762796E+00  7.4407252584249346E-11  7.2487675883651957E-11
  5.6387881105293030E+00  7.3138994379053273E-11  7.1240444203684013E-11
  5.6949656703897835E+00  7.1893559851299005E-11  7.0015705055780527E-11
  5.7517029104811934E+00  7.0670583757718166E-11  6.8813097853691315E-11
  5.8090054067303258E+00  6.9469707533371887E-11  6.7632268556067586E-11
  5.8668787906152566E+00  6.8290576500027786E-11  6.6472866944838477E-11
  5.9253287497187950E+00  6.7132839895667738E-11  6.5334546655218109E-11
  5.9843610282874451E+00  6.5996150901403948E-11  6.4216965203099787E-11
  6.0439814277959067E+00  6.4880166665830225E-11  6.3119784009866419E-11
  6.1041958075172555E+00  6.3784548326836896E-11  6.2042668424646973E-11
  6.1650100850987384E+00  6.2708961030927350E-11  6.0985287744056122E-11
  6.2264302371433544E+00  6.1653073950071022E-11  5.9947315229454659E-11
  6.2884622997972199E+00  6.0616560296137107E-11  5.8928428121773569E-11
  6.3511123693427622E+00  5.9599097264675910E-11  5.7928307588033352E-11
  6.4143866027978440E+00  5.8600341938857252E-11  5.6946615315110834E-11
  6.4782912185208694E+00  5.7619895823165014E-11  5.5982959050077972E-11
  6.5428324968218732E+00  5.6657360410838318E-11  5.5036946644025053E-11
  6.6080167805797538E+00  5.5712347267729825E-11  5.4108195859543304E-11
  6.6738504758656045E+00  5.4784477748087467E-11  5.3196334091182430E-11
  6.7403400525722992E+00  5.3873382719977169E-11  5.2300998095369974E-11
  6.8074920450503127E+00  5.2978702299958368E-11  5.1421833729410107E-11
  6.8753130527498980E+00  5.2100085596640197E-11  5.0558495699197291E-11
  6.9438097408696686E+00  5.1237190462763120E-11  4.9710647315294664E-11
  7.0129888410116097E+00  5.0389683255467589E-11  4.8877960257046074E-11
  7.0828571518426431E+00  4.9557238604422841E-11  4.8060114344400126E-11
  7.1534215397627845E+00  4.8739539187524633E-11  4.7256797317159044E-11
  7.2246889395799290E+00  4.7936281669184847E-11  4.6467710574942320E-11
  7.2966663551914035E+00  4.7147207695335064E-11  4.5692599171757327E-11
  7.3693608602722511E+00  4.6372077939796329E-11  4.4931226663412019E-11
  7.4427795989704437E+00  4.5610656668155006E-11  4.4183360147372285E-11
  7.5169297866089497E+00  4.4862711662702664E-11  4.3448770189719363E-11
  7.5918187103948442E+00  4.4128014185710976E-11  4.2727230789278765E-11
  7.6674537301354748E+00  4.3406338943010340E-11  4.2018519342015252E-11
  7.7438422789617434E+00  4.2697464047847301E-11  4.1322416605673346E-11
  7.8209918640586089E+00  4.2001170984997846E-11  4.0638706664640718E-11
  7.8989100674028805E+00  4.1317244575117313E-11  3.9967176895015850E-11
  7.9776045465083198E+00  4.0645472939308977E-11  3.9307617929863995E-11
  8.0570830351782288E+00  3.9985647463895195E-11  3.8659823624645743E-11
  8.1373533442654544E+00  3.9337562049751965E-11  3.8023590336042666E-11
  8.2184233624400580E+00  3.8701001838974562E-11  3.7398706085060182E-11
  8.3003010569645497E+00  3.8075745878384623E-11  3.6784953123716129E-11
  8.3829944744768881E+00  3.7461577400065876E-11  3.6182117833786282E-11
  8.4665117417812983E+00  3.6858284070354587E-11  3.5589990965069938E-11
  8.5508610666469096E+00  3.6265657893132946E-11  3.5008367540274405E-11
  8.6360507386144008E+00  3.5683495115601122E-11  3.4437046762325950E-11
  8.7220891298106817E+00  3.5111596136448165E-11  3.3875831924029744E-11
  8.8089846957716382E+00  3.4549765416347008E-11  3.3324530320003711E-11
  8.8967459762731540E+00  3.3997811390697426E-11  3.2782953160814096E-11
  8.9853815961703223E+00  3.3455546384548571E-11  3.2250915489244054E-11
  9.0749002662451108E+00  3.2922786529632050E-11  3.1728236098628279E-11
  9.1653107840623917E+00  3.2399351702265702E-11  3.1214737471158460E-11
  9.2566220348345389E+00  3.1885065508427598E-11  3.0710245731865685E-11
  9.3488429922946619E+00  3.1379754078570021E-11  3.0214589458306686E-11
  9.4419827195784674E+00  3.0883246835928055E-11  2.9727600473593892E-11
  9.5360503701149799E+00  3.0395376722734086E-11  2.9249114069418459E-11
  9.6310551885261120E+00  2.9915980121539435E-11  2.8778968928594460E-11
  9.7270065115351620E+00  2.9444896778948531E-11  2.8317007049959625E-11
  9.8239137688844309E+00  2.8981969731662463E-11  2.7863073675531250E-11
  9.9217864842618972E+00  2.8527045234734326E-11  2.7417017219821371E-11
  1.0020634276237219E+01  2.8079972691941728E-11  2.6978689201219383E-11
  1.0120466859206978E+01  2.7640604588188734E-11  2.6547944175355072E-11
  1.0221294044349372E+01  2.7208796423852253E-11  2.6124639670359785E-11
  1.0323125740588463E+01  2.6784406651040218E-11  2.5708636123990980E-11
  1.0425971955567933E+01  2.6367299004959032E-11  2.5299799129475211E-11
  1.0529842796634631E+01  2.5957353797943494E-11  2.4898010317504432E-11
  1.0634748471831898E+01  2.5554458037808287E-11  2.4503157813411364E-11
  1.0740699290902731E+01  2.5158500131650910E-11  2.4115131128700760E-11
  1.0847705666303042E+01  2.4769369874767127E-11  2.3733821150332865E-11
  1.0955778114224902E+01  2.4386958446296256E-11  2.3359120136462499E-11
  1.1064927255630083E+01  2.4011158405283196E-11  2.2990921712552112E-11
  1.1175163817293804E+01  2.3641863687085137E-11  2.2629120867788350E-11
  1.1286498632858940E+01  2.3278969600054011E-11  2.2273613951735998E-11
  1.1398942643900730E+01  2.2922372822433920E-11  2.1924298671169101E-11
  1.1512506901002032E+01  2.2571971399416185E-11  2.1581074087024639E-11
  1.1627202564839363E+01  2.2227664740300921E-11  2.1243840611428682E-11
  1.1743040907279736E+01  2.1889352622077521E-11  2.0912499053827367E-11
  1.1860033312488381E+01  2.1556920663015372E-11  2.0586936720702928E-11
  1.1978191278047593E+01  2.1230244542909480E-11  2.0267031478034862E-11
  1.2097526416086609E+01  2.0909202654800558E-11  1.9952663870819339E-11
  1.2218050454422864E+01  2.0593676380156454E-11  1.9643717384408715E-11
  1.2339775237714512E+01  2.0283550005329005E-11  1.9340078362343651E-11
  1.2462712728624501E+01  1.9978710641254839E-11  1.9041635927355361E-11
  1.2586875008996223E+01  1.9679048146246915E-11  1.8748281905387369E-11
  1.2712274281040850E+01  1.9384455051730817E-11  1.8459910752493321E-11
  1.2838922868536534E+01  1.9094826490786875E-11  1.8176419484474967E-11
  1.2966833218039557E+01  1.8810060129366136E-11  1.7897707609130373E-11
  1.3096017900107510E+01  1.8530056100055217E-11  1.7623677060989654E-11
  1.3226489610534687E+01  1.8254717043352417E-11  1.7354232239081302E-11
  1.3358261171599791E+01  1.7983957931629605E-11  1.7089289367345326E-11
  1.3491345533326061E+01  1.7717712999196571E-11  1.6828783059322521E-11
  1.3625755774753934E+01  1.7455918844588269E-11  1.6572650204898407E-11
  1.3761505105226405E+01  1.7198512565666641E-11  1.6320828195561686E-11
  1.3898606865687235E+01  1.6945431771185477E-11  1.6073254935727492E-11
  1.4037074529991992E+01  1.6696614592367322E-11  1.5829868854040508E-11
  1.4176921706232243E+01  1.6451999694437627E-11  1.5590608914604288E-11
  1.4318162138072912E+01  1.6211526288067400E-11  1.5355414628090209E-11
  1.4460809706102944E+01  1.5975134140679167E-11  1.5124226062681833E-11
  1.4604878429199426E+01  1.5742763587576256E-11  1.4896983854816072E-11
  1.4750382465905343E+01  1.5514355542858367E-11  1.4673629219685943E-11
  1.4897336115821014E+01  1.5289851510317163E-11  1.4454103961669487E-11
  1.5045753821009386E+01  1.5069190835787111E-11  1.4238347874898628E-11
  1.5195650167415357E+01  1.4852302863552704E-11  1.4026291374917475E-11
  1.5347039886299253E+01  1.4639115876865274E-11  1.3817863952795565E-11
  1.5499937855684530E+01  1.4429559615493390E-11  1.3612996533643578E-11
  1.5654359101819926E+01  1.4223565237350924E-11  1.3411621439045645E-11
  1.5810318800656242E+01  1.4021065285841535E-11  1.3213672354993634E-11
  1.5967832279337708E+01  1.3821993659046018E-11  1.3019084301602164E-11
  1.6126915017708303E+01  1.3626285580626046E-11  1.2827793604479868E-11
  1.6287582649833087E+01  1.3433877572325391E-11  1.2639737867641079E-11
  1.6449850965534640E+01  1.3244707427957513E-11  1.2454855947848841E-11
  1.6613735911944794E+01  1.3058714188774935E-11  1.2273087930286896E-11
  1.6779253595071893E+01  1.2875838120122016E-11  1.2094375105464723E-11
  1.6946420281383656E+01  1.2696020900908441E-11  1.1918660140992531E-11
  1.7115252399405719E+01  1.2519205500186585E-11  1.1745886859245742E-11
  1.7285766541336216E+01  1.2345334675290666E-11  1.1575998839175572E-11
  1.7457979464676413E+01  1.2174352324381549E-11  1.1408940785868944E-11
  1.7631908093877527E+01  1.2006203578060810E-11  1.1244658618651423E-11
  1.7807569522004016E+01  1.1840834766997263E-11  1.1083099439233850E-11
  1.7984981012413453E+01  1.1678193391046522E-11  1.0924211501309093E-11
  1.8164160000453069E+01  1.1518228089779934E-11  1.0767944181516744E-11
  1.8345124095173237E+01  1.1360888614343174E-11  1.0614247951697862E-11
  1.8527891081058037E+01  1.1206125800569506E-11  1.0463074352366350E-11
  1.8712478919773066E+01  1.1053891543276951E-11  1.0314375967327374E-11
  1.8898905751930599E+01  1.0904138771682086E-11  1.0168106399377325E-11
  1.9087189898872403E+01  1.0756821389277441E-11  1.0024220214408292E-11
  1.9277349864470334E+01  1.0611895074008107E-11  9.8826737824583020E-12
  1.9469404336944748E+01  1.0469319498828729E-11  9.7434274094257242E-12
  1.9663372190701160E+01  1.0329055511780625E-11  9.6064425493492474E-12
  1.9859272488185166E+01  1.0191064585518633E-11  9.4716812729800793E-12
  2.0057124481755803E+01  1.0055308808028557E-11  9.3391062586621542E-12
  2.0256947615577580E+01  9.9217508735985007E-12  9.2086807834555193E-12
  2.0458761527531411E+01  9.7903540740297181E-12  9.0803687144885940E-12
  2.0662586051144572E+01  9.6610822900737422E-12  8.9541345005267179E-12
  2.0868441217539811E+01  9.5338999830834432E-12  8.8299431637445781E-12
  2.1076347257403960E+01  9.4087721868658697E-12  8.7077602916911866E-12
  2.1286324602976173E+01  9.2856644997262816E-12  8.5875520294364209E-12
  2.1498393890055851E+01  9.1645430772325898E-12  8.4692850723760176E-12
  2.1712575960030701E+01  9.0453744293009789E-12  8.3529264491990371E-12
  2.1928891861924964E+01  8.9281237932541364E-12  8.2384419401580153E-12
  2.2147362854468025E+01  8.8127563774117634E-12  8.1257973134887188E-12
  2.2368010408183572E+01  8.6992380912476869E-12  8.0149590277160757E-12
  2.2590856207499762E+01  8.5875355300948391E-12  7.9058942165721952E-12
  2.2815922152880212E+01  8.4776159600855641E-12  7.7985706741505594E-12
  2.3043230362976296E+01  8.3694473034716157E-12  7.6929568404326858E-12
  2.3272803176800888E+01  8.2629981243131513E-12  7.5890217871764538E-12
  2.3504663155923812E+01  8.1582376145259842E-12  7.4867352041556461E-12
  2.3738833086689024E+01  8.0551355802769404E-12  7.3860673857407807E-12
  2.3975335982454009E+01  7.9536624287172730E-12  7.2869892178111972E-12
  2.4214195085851486E+01  7.8537891550447279E-12  7.1894721649892232E-12
  2.4455433871073573E+01  7.7554875366918452E-12  7.0934884499897053E-12
  2.4699076046178682E+01  7.6587322620833438E-12  6.9990130324632926E-12
  2.4945145555421590E+01  7.5634999404863294E-12  6.9060226825494586E-12
  2.5193666581606514E+01  7.4697675358549799E-12  6.8144945199256623E-12
  2.5444663548463698E+01  7.3775123370502854E-12  6.7244059857876793E-12
  2.5698161123049690E+01  7.2867119548628139E-12  6.6357348398355489E-12
  2.5954184218171612E+01  7.1973443190289783E-12  6.5484591572507939E-12
  2.6212757994835375E+01  7.1093876752418273E-12  6.4625573256661954E-12
  2.6473907864718473E+01  7.0228205821575729E-12  6.3780080421290674E-12
  2.6737659492667369E+01  6.9376219083989136E-12  6.2947903100592774E-12
  2.7004038799219739E+01  6.8537708295563199E-12  6.2128834362030968E-12
  2.7273071963151732E+01  6.7712468251884328E-12  6.1322670275839369E-12
  2.7544785424050914E+01  6.6900296030901926E-12  6.0529209236414170E-12
  2.7819205884914531E+01  6.6100965605926458E-12  5.9748229040462762E-12
  2.8096360314773769E+01  6.5314221886641296E-12  5.8979481493202717E-12
  2.8376275951344230E+01  6.4539813263280065E-12  5.8222721978877907E-12
  2.8658980303702762E+01  6.3777493793913771E-12  5.7477711446257418E-12
  2.8944501154990867E+01  6.3027023062736693E-12  5.6744216269804898E-12
  2.9232866565145201E+01  6.2288166042540802E-12  5.6022008114933912E-12
  2.9524104873655190E+01  6.1560692961238951E-12  5.5310863807210860E-12
  2.9818244702348146E+01  6.0844379172302936E-12  5.4610565205375421E-12
  3.0115314958201989E+01  6.0139005028985749E-12  5.3920899078048641E-12
  3.0415344836186307E+01  5.9444355762203547E-12  5.3241656984007261E-12
  3.0718363822131426E+01  5.8760221361957000E-12  5.2572635155906115E-12
  3.1024401695626171E+01  5.8086396481658502E-12  5.1913634402993280E-12
  3.1333488532944472E+01  5.7422687275558730E-12  5.1264465993428711E-12
  3.1645654710001253E+01  5.6768921652767360E-12  5.0624960504416293E-12
  3.1960930905337541E+01  5.6124933548101760E-12  4.9994954115315303E-12
  3.2279348103135497E+01  5.5490560040662203E-12  4.9374286093850837E-12
  3.2600937596263464E+01  5.4865641288315741E-12  4.8762798731468761E-12
  3.2925730989351266E+01  5.4250020463835280E-12  4.8160337280302386E-12
  3.3253760201896135E+01  5.3643543692645594E-12  4.7566749891705092E-12
  3.3585057471399779E+01  5.3046059992128634E-12  4.6981887556300145E-12
  3.3919655356536509E+01  5.2457421212443519E-12  4.6405604045505831E-12
  3.4257586740352920E+01  5.1877481978817360E-12  4.5837755854490452E-12
  3.4598884833499575E+01  5.1306099635263563E-12  4.5278202146516213E-12
  3.4943583177494865E+01  5.0743134189688480E-12  4.4726804698631936E-12
  3.5291715648021260E+01  5.0188447253058504E-12  4.4183427033123477E-12
  3.5643316458254496E+01  4.9641897988891909E-12  4.3647931208127611E-12
  3.5998420162226019E+01  4.9103346956172764E-12  4.3120180961569982E-12
  3.6357061658218754E+01  4.8572657409952682E-12  4.2600042678983435E-12
  3.6719276192196681E+01  4.8049695224746442E-12  4.2087385318924441E-12
  3.7085099361268895E+01  4.7534328840366508E-12  4.1582080359692255E-12
  3.7454567117187814E+01  4.7026429209071833E-12  4.1084001747323899E-12
  3.7827715769882396E+01  4.6525869743994373E-12  4.0593025844829340E-12
  3.8204581991026537E+01  4.6032526268808917E-12  4.0109031382632203E-12
  3.8585202817643136E+01  4.5546276968612266E-12  3.9631899410183047E-12
  3.8969615655743816E+01  4.5067002341979825E-12  3.9161513248713395E-12
  3.9357858284005097E+01  4.4594585154167095E-12  3.8697758445098433E-12
  3.9749968857481221E+01  4.4128910278689443E-12  3.8240522616271586E-12
  4.0145985911353776E+01  4.3669859437730969E-12  3.7789690614763206E-12
  4.0545948364718825E+01  4.3217309637747570E-12  3.7345143181903985E-12
  4.0949895524411801E+01  4.2771140062218030E-12  3.6906763231320041E-12
  4.1357867088870378E+01  4.2331232509026208E-12  3.6474436239026748E-12
  4.1769903152035859E+01  4.1897471327210209E-12  3.6048050181532417E-12
  4.2186044207293492E+01  4.1469743355521085E-12  3.5627495475695209E-12
  4.2606331151452068E+01  4.1047937862733680E-12  3.5212664920278364E-12
  4.3030805288763020E+01  4.0631946489656462E-12  3.4803453639150305E-12
  4.3459508334979645E+01  4.0221663192786788E-12  3.4399759026077718E-12
  4.3892482421456911E+01  3.9816984189561800E-12  3.4001480691061203E-12
  4.4329770099291849E+01  3.9417807905155490E-12  3.3608520408166422E-12
  4.4771414343505242E+01  3.9024034927814941E-12  3.3220782070860166E-12
  4.5217458557265282E+01  3.8635570594922902E-12  3.2838173903867179E-12
  4.5667946576152950E+01  3.8252328783128817E-12  3.2460611687513426E-12
  4.6122922672469883E+01  3.7874226034579259E-12  3.2088013687110894E-12
  4.6582431559589537E+01  3.7501180465871096E-12  3.1720299709450691E-12
  4.7046518396351360E+01  3.7133111734679609E-12  3.1357391069971947E-12
  4.7515228791498657E+01  3.6769941007289614E-12  3.0999210560797631E-12
  4.7988608808161160E+01  3.6411590927003073E-12  3.0645682419609922E-12
  4.8466704968381791E+01  3.6057985583396731E-12  3.0296732299339972E-12
  4.8949564257688465E+01  3.5709050482405268E-12  2.9952287238646405E-12
  4.9437234129712216E+01  3.5364712517203799E-12  2.9612275633158086E-12
  4.9929762510850118E+01  3.5024899939868218E-12  2.9276627207458756E-12
  5.0427197804975599E+01  3.4689542333786062E-12  2.8945272987787977E-12
  5.0929588898195725E+01  3.4358569506916637E-12  2.8618144383922662E-12
  5.1436985163654853E+01  3.4031906363131082E-12  2.8295168983370136E-12
  5.1949436466387432E+01  3.3709477114143450E-12  2.7976274053641683E-12
  5.2466993168218337E+01  3.3391207526180929E-12  2.7661388386747478E-12
  5.2989706132712080E+01  3.3077024887106995E-12  2.7350442266619868E-12
  5.3517626730171834E+01  3.2766857972294262E-12  2.7043367435695826E-12
  5.4050806842687713E+01  3.2460637011470912E-12  2.6740097062424001E-12
  5.4589298869235449E+01  3.2158293656509499E-12  2.6440565709668523E-12
  5.5133155730826246E+01  3.1859760950130084E-12  2.6144709303979036E-12
  5.5682430875707524E+01  3.1564973295488659E-12  2.5852465105700807E-12
  5.6237178284615460E+01  3.1273866426625301E-12  2.5563771679896965E-12
  5.6797452476080302E+01  3.0986377379744690E-12  2.5278568868057252E-12
  5.7363308511784126E+01  3.0702444852275137E-12  2.4996798065924057E-12
  5.7934802001971917E+01  3.0422014996767018E-12  2.4718406767838409E-12
  5.8511989110917064E+01  3.0145039942393696E-12  2.4443347338086611E-12
  5.9094926562440840E+01  2.9871472765802137E-12  2.4171573032761395E-12
  5.9683671645486712E+01  2.9601267332232997E-12  2.3903037872002789E-12
  6.0278282219751226E+01  2.9334378280697973E-12  2.3637696625226291E-12
  6.0878816721369404E+01  2.9070761009604818E-12  2.3375504796765978E-12
  6.1485334168657985E+01  2.8810371662813980E-12  2.3116418611916062E-12
  6.2097894167915939E+01  2.8553167116113779E-12  2.2860395003358377E-12
  6.2716556919281544E+01  2.8299104964101164E-12  2.2607391597962110E-12
  6.3341383222649284E+01  2.8048143507454639E-12  2.2357366703942232E-12
  6.3972434483644825E+01  2.7800241740587695E-12  2.2110279298364929E-12
  6.4609772719659532E+01  2.7555359313124066E-12  2.1866088994899239E-12
  6.5253460565945687E+01  2.7313454114541968E-12  2.1624754228744771E-12
  6.5903561281771829E+01  2.7074480450793657E-12  2.1386230918399337E-12
  6.6560138756639546E+01  2.6838393040606506E-12  2.1150475485847487E-12
  6.7223257516562555E+01  2.6605147460882882E-12  2.0917445188307415E-12
  6.7892982730408008E+01  2.6374700129191407E-12  2.0687098100875858E-12
  6.8569380216300729E+01  2.6147008286837606E-12  2.0459393099700811E-12
  6.9252516448092138E+01  2.5922029982491902E-12  2.0234289845660637E-12
  6.9942458561892650E+01  2.5699724056358291E-12  2.0011748768532469E-12
  7.0639274362669539E+01  2.5480050124864264E-12  1.9791731051630002E-12
  7.1343032330910887E+01  2.5262968565854648E-12  1.9574198616893403E-12
  7.2053801629355391E+01  2.5048440504272929E-12  1.9359114110414552E-12
  7.2771652109789159E+01  2.4836427798325944E-12  1.9146440888387328E-12
  7.3496654319911258E+01  2.4626892778202201E-12  1.8936142742556539E-12
  7.4228879510265955E+01  2.4419796096594657E-12  1.8728181972702118E-12
  7.4968399641245341E+01  2.4215098106765851E-12  1.8522520701745033E-12
  7.5715287390161905E+01  2.4012759983065688E-12  1.8319121847077057E-12
  7.6469616158389883E+01  2.3812743704954362E-12  1.8117949104241530E-12
  7.7231460078579758E+01  2.3615012039731689E-12  1.7918966929693846E-12
  7.8000894021943466E+01  2.3419528525874736E-12  1.7722140524108984E-12
  7.8777993605612181E+01  2.3226257456963305E-12  1.7527435816215252E-12
  7.9562835200068236E+01  2.3035163866173670E-12  1.7334819447134325E-12
  8.0355495936650172E+01  2.2846213511322689E-12  1.7144258755208298E-12
  8.1156053715132785E+01  2.2659372860443705E-12  1.6955721761295416E-12
  8.1964587211383289E+01  2.2474609077877624E-12  1.6769177154516183E-12
  8.2781175885093020E+01  2.2291890480825036E-12  1.6584594661647456E-12
  8.3605899987586199E+01  2.2111195251950932E-12  1.6401952050748892E-12
  8.4438840569707281E+01  2.1932510204286982E-12  1.6221234033366534E-12
  8.5280079489786033E+01  2.1755822474678681E-12  1.6042425556757203E-12
  8.6129699421682005E+01  2.1581119220406982E-12  1.5865511560440443E-12
  8.6987783862909978E+01  2.1408387624078486E-12  1.5690476980083372E-12
  8.7854417142845506E+01  2.1237614898494339E-12  1.5517306751317538E-12
  8.8729684431012103E+01  2.1068788291497140E-12  1.5345985813486523E-12
  8.9613671745452464E+01  2.0901895090796463E-12  1.5176499113323280E-12
  9.0506465961180723E+01  2.0736922628774221E-12  1.5008831608556330E-12
  9.1408154818720845E+01  2.0573858287269875E-12  1.4842968271443773E-12
  9.2318826932729934E+01  2.0412689502346952E-12  1.4678894092234198E-12
  9.3238571800705785E+01  2.0253403738802969E-12  1.4516594056955525E-12
  9.4167479811783338E+01  2.0095982429846910E-12  1.4356048337896965E-12
  9.5105642255617525E+01  1.9940394173537205E-12  1.4197227011743047E-12
  9.6053151331354471E+01  1.9786606595739285E-12  1.4040099507093245E-12
  9.7010100156693156E+01  1.9634588087479902E-12  1.3884635974403215E-12
  9.7976582777036285E+01  1.9484307788965167E-12  1.3730807269318420E-12
  9.8952694174732585E+01  1.9335735574247762E-12  1.3578584936553692E-12
  9.9938530278411733E+01  1.9188842036524980E-12  1.3427941194297015E-12
  1.0093418797241173E+02  1.9043598474049717E-12  1.3278848919117700E-12
  1.0193976510629993E+02  1.8899976876638150E-12  1.3131281631358947E-12
  1.0295536050448996E+02  1.8757949912757136E-12  1.2985213480995588E-12
  1.0398107397595355E+02  1.8617490917177561E-12  1.2840619233938917E-12
  1.0501700632402905E+02  1.8478573879070442E-12  1.2697474258727293E-12
  1.0606325935632867E+02  1.8341175170520707E-12  1.2555755869453393E-12
  1.0711993589474339E+02  1.8205281356614532E-12  1.2415449310241413E-12
  1.0818713978554761E+02  1.8070882524313564E-12  1.2276542520302661E-12
  1.0926497590960547E+02  1.7937968898540624E-12  1.2139023516559270E-12
  1.1035355019267779E+02  1.7806530841428601E-12  1.2002880391423996E-12
  1.1145296961583161E+02  1.7676558854593590E-12  1.1868101312830862E-12
  1.1256334222595514E+02  1.7548043581520510E-12  1.1734674524268146E-12
  1.1368477714637480E+02  1.7420975810066803E-12  1.1602588344813117E-12
  1.1481738458757999E+02  1.7295346475089162E-12  1.1471831169167197E-12
  1.1596127585805502E+02  1.7171146661199528E-12  1.1342391467690939E-12
  1.1711656337521654E+02  1.7048367605657134E-12  1.1214257786438342E-12
  1.1828336067646272E+02  1.6927000701403027E-12  1.1087418747189107E-12
  1.1946178243033093E+02  1.6807037449348448E-12  1.0961862998172281E-12
  1.2065194444776650E+02  1.6688468263990501E-12  1.0837578235148630E-12
  1.2185396369350495E+02  1.6571282604823803E-12  1.0714551355573405E-12
  1.2306795829756653E+02  1.6455470146137212E-12  1.0592769386588412E-12
  1.2429404756686509E+02  1.6341020820151211E-12  1.0472219514475721E-12
  1.2553235199693404E+02  1.6227924818815581E-12  1.0352889082413724E-12
  1.2678299328376778E+02  1.6116172595863052E-12  1.0234765588271337E-12
  1.2804609433578102E+02  1.6005754869132325E-12  1.0117836682439343E-12
  1.2932177928588877E+02  1.5896662623174145E-12  1.0002090165698036E-12
  1.3061017350370506E+02  1.5788887112156044E-12  9.8875139871202345E-13
  1.3191140360786355E+02  1.5682419863082691E-12  9.7740962420090895E-13
  1.3322559747846191E+02  1.5577252679348932E-12  9.6618251698694820E-13
  1.3455288426962886E+02  1.5473377638100453E-12  9.5506891485412580E-13
  1.3589339442221674E+02  1.5370786850036303E-12  9.4406765551820880E-13
  1.3724725967662187E+02  1.5269472435015991E-12  9.3317757661028789E-13
  1.3861461308572999E+02  1.5169426809403527E-12  9.2239753056202784E-13
  1.3999558902799302E+02  1.5070642701660671E-12  9.1172638462985143E-13
  1.4139032322063596E+02  1.4973113157929991E-12  9.0116302067477557E-13
  1.4279895273299303E+02  1.4876831548132317E-12  8.9070633494585000E-13
  1.4422161599997969E+02  1.4781791572612711E-12  8.8035523786707430E-13
  1.4565845283569720E+02  1.4687987269373198E-12  8.7010865382775500E-13
  1.4710960444717244E+02  1.4595413021933100E-12  8.5996552097621117E-13
  1.4857521344823604E+02  1.4504063567862117E-12  8.4992479101674284E-13
  1.5005542387353768E+02  1.4413934008035346E-12  8.3998542900982590E-13
  1.5155038119270068E+02  1.4325019816619771E-12  8.3014641317290123E-13
  1.5306023232461916E+02  1.4237316921029025E-12  8.2040673903248251E-13
  1.5458512565189628E+02  1.4150821850511765E-12  8.1076542612217276E-13
  1.5612521103542628E+02  1.4065531562867567E-12  8.0122150673268973E-13
  1.5768063982912307E+02  1.3981443430705247E-12  7.9177402475235278E-13
  1.5925156489479437E+02  1.3898555256557179E-12  7.8242203550346113E-13
  1.6083814061716396E+02  1.3816865289192487E-12  7.7316460557913415E-13
  1.6244052291904487E+02  1.3736372241264369E-12  7.6400081268270013E-13
  1.6405886927666253E+02  1.3657075308406551E-12  7.5492974546958677E-13
  1.6569333873513025E+02  1.3578974189906343E-12  7.4595050339165928E-13
  1.6734409192408140E+02  1.3502069111095187E-12  7.3706219654392828E-13
  1.6901129107345341E+02  1.3426360847613136E-12  7.2826394551362967E-13
  1.7069510002943196E+02  1.3351850751720173E-12  7.1955488123157018E-13
  1.7239568427055437E+02  1.3278540829471327E-12  7.1093414677784278E-13
  1.7411321092396994E+02  1.3206434179531252E-12  7.0240091901510951E-13
  1.7584784878186656E+02  1.3135534846301786E-12  6.9395440029893138E-13
  1.7759976831805804E+02  1.3065847574038871E-12  6.8559380119576953E-13
  1.7936914170473742E+02  1.2997377841883687E-12  6.7731833998813004E-13
  1.8115614282939833E+02  1.2930131908479271E-12  6.6912724258693753E-13
  1.8296094731192346E+02  1.2864116860603490E-12  6.6101974244493639E-13
  1.8478373252184340E+02  1.2799340666246094E-12  6.5299508047108216E-13
  1.8662467759576887E+02  1.2735812232610943E-12  6.4505250494590422E-13
  1.8848396345499503E+02  1.2673541469586585E-12  6.3719127143783208E-13
  1.9036177282328129E+02  1.2612539359298724E-12  6.2941064272046236E-13
  1.9225829024480976E+02  1.2552818032439438E-12  6.2170988869074499E-13
  1.9417370210232113E+02  1.2494390847359591E-12  6.1408828643418423E-13
  1.9610819663543097E+02  1.2437272494284122E-12  6.0654512484649639E-13
  1.9806196395913048E+02  1.2381479127591577E-12  5.9907970439040068E-13
  2.0003519608246955E+02  1.2327028420882073E-12  5.9169133196170121E-13
  2.0202808692742619E+02  1.2273939685271582E-12  5.8437932068694306E-13
  2.0404083234796639E+02  1.2222234004622604E-12  5.7714298985851620E-13
  2.0607363014928950E+02  1.2171934385674204E-12  5.6998166487062169E-13
  2.0812668010726881E+02  1.2123065925048494E-12  5.6289467715604507E-13
  2.1020018398808622E+02  1.2075655995421654E-12  5.5588136412372185E-13
  2.1229434556805836E+02  1.2029734453513797E-12  5.4894106909708223E-13
  2.1440937065366512E+02  1.1985333872985679E-12  5.4207314125311435E-13
  2.1654546710177482E+02  1.1942489805846224E-12  5.3527693556216530E-13
  2.1870284484007098E+02  1.1901241076811421E-12  5.2855181271896905E-13
  2.2088171588768455E+02  1.1861630088666711E-12  5.2189713889041891E-13
  2.2308229437602961E+02  1.1823703203099854E-12  5.1531228853113340E-13
  2.2530479656984690E+02  1.1787511212585775E-12  5.0879664281800332E-13
  2.2754944088845869E+02  1.1753109820732042E-12  5.0234958832355437E-13
  2.2981644792723372E+02  1.1720560200416672E-12  4.9597051695790962E-13
  2.3210604047926572E+02  1.1689929633252366E-12  4.8965882591166651E-13
  2.3441844355727005E+02  1.1661292244717357E-12  4.8341391759963319E-13
  2.3675388441569663E+02  1.1634729852276464E-12  4.7723519960541107E-13
  2.3911259257306253E+02  1.1610332947516964E-12  4.7112208462677785E-13
  2.4149479983451010E+02  1.1588201837940364E-12  4.6507399042184167E-13
  2.4390074031458698E+02  1.1568447979840897E-12  4.5909033975594146E-13
  2.4633065046025300E+02  1.1551195541004968E-12  4.5317056034926528E-13
  2.4878476907412016E+02  1.1536583290080497E-12  4.4731408503021992E-13
  2.5126333733791787E+02  1.1524766923595509E-12  4.4152034986218963E-13
  2.5376659883619712E+02  1.1515921492349922E-12  4.3578879374154161E-13
  2.5629479958027042E+02  1.1510244460418453E-12  4.3011886035301959E-13
  2.5884818803238556E+02  1.1507959424624554E-12  4.2450999816968157E-13
  2.6142701513014657E+02  1.1509320612667902E-12  4.1896166040263950E-13
  2.6403153431117369E+02  1.1514618358892839E-12  4.1347330495153474E-13
  2.6666200153800969E+02  1.1524185815365606E-12  4.0804439435569907E-13
  2.6931867532327635E+02  1.1538407236182558E-12  4.0267439574598525E-13
  2.7200181675507935E+02  1.1557728282154609E-12  3.9736278079724319E-13
  2.7471168952266640E+02  1.1582668943117056E-12  3.9210902568141782E-13
  2.7744855994234319E+02  1.1613839883525881E-12  3.8691261102124740E-13
  2.8021269698364489E+02  1.1651963298985679E-12  3.8177302183316783E-13
  2.8300437229576920E+02  1.1697899724353883E-12  3.7668974931922984E-13
  2.8582386023427415E+02  1.1752683143837588E-12  3.7166229215770919E-13
  2.8867143788804026E+02  1.1817567193216457E-12  3.6669015336268878E-13
  2.9154738510650088E+02  1.1894086676718292E-12  3.6177283994333210E-13
  2.9445198452714641E+02  1.1984140555302427E-12  3.5690986286407510E-13
  2.9738552160329999E+02  1.2090105313015580E-12  3.5210073700541582E-13
  3.0034828463216979E+02  1.2214991802700605E-12  3.4734498112528405E-13
  3.0334056478318502E+02  1.2362664930641295E-12  3.4264211782095152E-13
  3.0636265612660679E+02  1.2538154719802883E-12  3.3799167349148859E-13
  3.0941485566243051E+02  1.2748100106662510E-12  3.3339317830072940E-13
  3.1249746334957541E+02  1.3001382471149087E-12  3.2884616614073168E-13
  3.1561078213535973E+02  1.3310017276166878E-12  3.2435017460220224E-13
  3.1875511798527640E+02  1.3690350983288789E-12  3.1990474726119555E-13
  3.2193077991306120E+02  1.4164463104241276E-12  3.1550943691786762E-13
  3.2513808001106020E+02  1.4761134142931638E-12  3.1116380036900907E-13
  3.2837733348090330E+02  1.5514206328479122E-12  3.0686739747671275E-13
  3.3164885866447997E+02  1.6453018739135501E-12  3.0261979114697152E-13
  3.3495297707522371E+02  1.7577708670031395E-12  2.9842054730866783E-13
  3.3829001342971134E+02  1.8825925682940353E-12  2.9426923489291551E-13
  3.4166029567957355E+02  2.0073792412558881E-12  2.9016542581274524E-13
  3.4506415504372444E+02  2.1200832128845439E-12  2.8610869494311058E-13
  3.4850192604091382E+02  2.2152001012759573E-12  2.8209862010118836E-13
  3.5197394652260198E+02  2.2933778645486554E-12  2.7813478202696375E-13
  3.5548055770616105E+02  2.3578757760049300E-12  2.7421676436407414E-13
  3.5902210420841106E+02  2.4121456345281916E-12  2.7034415272409136E-13
  3.6259893407948618E+02  2.4589956707764661E-12  2.6651653047720619E-13
  3.6621139883703916E+02  2.5005136543755672E-12  2.6273348242473084E-13
  3.6985985350078886E+02  2.5381888045467935E-12  2.5899459665154523E-13
  3.7354465662740955E+02  2.5730656651559570E-12  2.5529946449150758E-13
  3.7726617034576708E+02  2.6058893657560066E-12  2.5164768049391847E-13
  3.8102476039251115E+02  2.6372073619333352E-12  2.4803884239070467E-13
  3.8482079614801455E+02  2.6674327999709724E-12  2.4447255106430334E-13
  3.8865465067267593E+02  2.6968813984359922E-12  2.4094841051620101E-13
  3.9252670074358559E+02  2.7257761807406520E-12  2.3746602783610331E-13
  3.9643732689154854E+02  2.7542646846517012E-12  2.3402501317171419E-13
  4.0038691343848603E+02  2.7824765676259527E-12  2.3062497969908177E-13
  4.0437584853520377E+02  2.8105479694454123E-12  2.2726554405585395E-13
  4.0840452419953647E+02  2.8386009847240903E-12  2.2394633356280721E-13
  4.1247333635487661E+02  2.8667292859188053E-12  2.2066698417035149E-13
  4.1658268486908321E+02  2.8949905656580535E-12  2.1742713401436657E-13
  4.2073297359377773E+02  2.9234173661244265E-12  2.1422642324717340E-13
  4.2492461040403600E+02  2.9520410612317615E-12  2.1106449403656164E-13
  4.2915800723847121E+02  2.9809029683211568E-12  2.0794099056505910E-13
  4.3343358013971636E+02  3.0100432631904590E-12  2.0485555902941317E-13
  4.3775174929531431E+02  3.0394701614102153E-12  2.0180784764024026E-13
  4.4211293907901018E+02  3.0691641728583933E-12  1.9879750662182737E-13
  4.4651757809245839E+02  3.0991547980410353E-12  1.9582418821204606E-13
  4.5096609920734204E+02  3.1295128444674397E-12  1.9288754666236066E-13
  4.5545893960791676E+02  3.1602625307116692E-12  1.8998723817087117E-13
  4.5999654083397428E+02  3.1914134889326114E-12  1.8712291231918458E-13
  4.6457934882423370E+02  3.2229808123712903E-12  1.8429420520299237E-13
  4.6920781396016963E+02  3.2549676086533444E-12  1.8150075483805295E-13
  4.7388239111027281E+02  3.2873829547826963E-12  1.7874220287252176E-13
  4.7860353967475135E+02  3.3202511745004584E-12  1.7601819452986457E-13
  4.8337172363068129E+02  3.3535908060017694E-12  1.7332837855309588E-13
  4.8818741157760371E+02  3.3873867256645983E-12  1.7067240715030481E-13
  4.9305107678357655E+02  3.4216069991752830E-12  1.6804993594142640E-13
  4.9796319723168517E+02  3.4562502924998497E-12  1.6546062390621895E-13
  5.0292425566701826E+02  3.4913480463780860E-12  1.6290413333340947E-13
  5.0793473964411015E+02  3.5269339248808004E-12  1.6038012977097372E-13
  5.1299514157485305E+02  3.5630534438197954E-12  1.5788828197752460E-13
  5.1810595877689377E+02  3.5997406189529993E-12  1.5542826762062264E-13
  5.2326769352250562E+02  3.6369663339512743E-12  1.5299979569643054E-13
  5.2848085308794907E+02  3.6747188011524335E-12  1.5060258472924107E-13
  5.3374594980332790E+02  3.7130185419951109E-12  1.4823635355431688E-13
  5.3906350110293670E+02  3.7518453796814462E-12  1.4590082136889475E-13
  5.4443402957611409E+02  3.7911584950443502E-12  1.4359570777710426E-13
  5.4985806301859827E+02  3.8309615627975840E-12  1.4132073283422605E-13
  5.5533613448440019E+02  3.8713097751094183E-12  1.3907561709026873E-13
  5.6086878233818857E+02  3.9122545461247996E-12  1.3686008163284975E-13
  5.6645655030819637E+02  3.9538057096202588E-12  1.3467384812936166E-13
  5.7209998753966045E+02  3.9959535540891627E-12  1.3251663886840556E-13
  5.7779964864878741E+02  4.0386946784711058E-12  1.3038817680048365E-13
  5.8355609377725727E+02  4.0820293597930928E-12  1.2828818430521541E-13
  5.8936988864727607E+02  4.1259799414270869E-12  1.2621636816379460E-13
  5.9524160461717054E+02  4.1705554854420851E-12  1.2417242650216651E-13
  6.0117181873753975E+02  4.2156900442138888E-12  1.2215606006955820E-13
  6.0716111380796406E+02  4.2613788243207978E-12  1.2016697232665574E-13
  6.1321007843428322E+02  4.3076916823957810E-12  1.1820486941046992E-13
  6.1931930708644131E+02  4.3546621508178332E-12  1.1626946010035814E-13
  6.2548940015690641E+02  4.4022907441789255E-12  1.1436045578514183E-13
  6.3172096401967951E+02  4.4505902322245305E-12  1.1247757043126528E-13
  6.3801461108988417E+02  4.4995811602905900E-12  1.1062052055194844E-13
  6.4437095988395106E+02  4.5492544122762908E-12  1.0878902517728221E-13
  6.5079063508040679E+02  4.5995684003299169E-12  1.0698280582521932E-13
  6.5727426758126262E+02  4.6504946232148782E-12  1.0520158653295286E-13
  6.6382249457401906E+02  4.7020428578331416E-12  1.0344509290991550E-13
  6.7043595959428262E+02  4.7542321026202166E-12  1.0171304618799398E-13
  6.7711531258901482E+02  4.8071135688483734E-12  1.0000516874217477E-13
  6.8386120998040462E+02  4.8607685921542849E-12  9.8321185699431227E-14
  6.9067431473037664E+02  4.9151940386686294E-12  9.6660824904354097E-14
  6.9755529640574900E+02  4.9703380403311647E-12  9.5023816885701687E-14
  7.0450483124403422E+02  5.0261650619866223E-12  9.3409894823826385E-14
  7.1152360221989420E+02  5.0826536560913375E-12  9.1818794518940051E-14
  7.1861229911226576E+02  5.1398162214608068E-12  9.0250254360176230E-14
  7.2577161857214685E+02  5.1976876302391480E-12  8.8704015295417106E-14
  7.3300226419105900E+02  5.2562917574847210E-12  8.7179820801848315E-14
  7.4030494657019767E+02  5.3156542088994475E-12  8.5677416857193759E-14
  7.4768038339026486E+02  5.3758127986597492E-12  8.4196553685369479E-14
  7.5512929948200167E+02  5.4367793756186526E-12  8.2736996597106661E-14
  7.6265242689741876E+02  5.4985112269254750E-12  8.1298517625185445E-14
  7.7025050498174426E+02  5.5609400078838224E-12  7.9880890028243960E-14
  7.7792428044608209E+02  5.6240565843119589E-12  7.8483888289220848E-14
  7.8567450744079292E+02  5.6879335201463970E-12  7.7107288123549484E-14
  7.9350194762961451E+02  5.7526116813950301E-12  7.5750866487288293E-14
  8.0140737026451268E+02  5.8180919345260763E-12  7.4414401585179561E-14
  8.0939155226127798E+02  5.8843776019856271E-12  7.3097672878629214E-14
  8.1745527827588342E+02  5.9514734915769647E-12  7.1800461093596396E-14
  8.2559934078159370E+02  6.0193625214174203E-12  7.0522548228388025E-14
  8.3382454014684879E+02  6.0880193200653391E-12  6.9263717561349198E-14
  8.4213168471391748E+02  6.1574341451422784E-12  6.8023753687746756E-14
  8.5052159087834332E+02  6.2276279507180160E-12  6.6802440935937905E-14
  8.5899508316917479E+02  6.2986512281983911E-12  6.5599562906006115E-14
  8.6755299432999368E+02  6.3705420100466021E-12  6.4414904596769729E-14
  8.7619616540076038E+02  6.4432820704992485E-12  6.3248252516960135E-14
  8.8492544580046444E+02  6.5168262269467272E-12  6.2099394687691820E-14
  8.9374169341059996E+02  6.5911616257851367E-12  6.0968120644779855E-14
  9.0264577465948139E+02  6.6662834739298865E-12  5.9854221440903456E-14
  9.1163856460738748E+02  6.7421612270597600E-12  5.8757489647617908E-14
  9.2072094703256232E+02  6.8188072481329687E-12  5.7677719357210746E-14
  9.2989381451806571E+02  6.8962951197481015E-12  5.6614706184404772E-14
  9.3915806853949812E+02  6.9746631204328465E-12  5.5568247267904935E-14
  9.4851461955359207E+02  7.0538859597454955E-12  5.4538141228111337E-14
  9.5796438708768517E+02  7.1339050589512714E-12  5.3524185991707159E-14
  9.6750829983009396E+02  7.2146605715956823E-12  5.2526177966017120E-14
  9.7714729572137924E+02  7.2961613582535975E-12  5.1543915250412398E-14
  9.8688232204651979E+02  7.3784797175282344E-12  5.0577197894270510E-14
  9.9671433552801443E+02  7.4616562574215071E-12  4.9625827879799073E-14
  1.0066443024199011E+03  7.5456658804755695E-12  4.8689609105178793E-14
  1.0166731986027195E+03  7.6304481974538272E-12  4.7768347368018287E-14
  1.0268020096794114E+03  7.7159428341911963E-12  4.6861850349112536E-14
  1.0370317310721894E+03  7.8021218997679550E-12  4.5969927596497551E-14
  1.0473633681203598E+03  7.8890144053274303E-12  4.5092390509795275E-14
  1.0577979361791215E+03  7.9766765803086072E-12  4.4229052324840430E-14
  1.0683364607193553E+03  8.0651216502604286E-12  4.3379728098749026E-14
  1.0789799774284031E+03  8.1543138929936264E-12  4.2544235386305781E-14
  1.0897295323118462E+03  8.2441730082273505E-12  4.1722396144338443E-14
  1.1005861817963100E+03  8.3346100640679631E-12  4.0914034502636911E-14
  1.1115509928332817E+03  8.4256224832259178E-12  4.0118976055700047E-14
  1.1226250430039684E+03  8.5172734153375567E-12  3.9337047861382568E-14
  1.1338094206251922E+03  8.6095905195614137E-12  3.8568078439450251E-14
  1.1451052248563544E+03  8.7025307481069844E-12  3.7811897770036618E-14
  1.1565135658074530E+03  8.7959650051691341E-12  3.7068337292001341E-14
  1.1680355646481764E+03  8.8897473762036882E-12  3.6337229901189258E-14
  1.1796723537180942E+03  8.9839025289928937E-12  3.5618409948587227E-14
  1.1914250766379371E+03  9.0785595880204148E-12  3.4911713238379737E-14
  1.2032948884219836E+03  9.1736383969895561E-12  3.4216977025901509E-14
  1.2152829555915775E+03  9.2689809608871045E-12  3.3534039965265042E-14
  1.2273904562897646E+03  9.3644763327616041E-12  3.2862741545478810E-14
  1.2396185803970798E+03  9.4600390873447720E-12  3.2202922340497246E-14
  1.2519685296484765E+03  9.5556383536001143E-12  3.1554424439358455E-14
  1.2644415177514397E+03  9.6512546472674371E-12  3.0917091448590262E-14
  1.2770387705052578E+03  9.7468131968762663E-12  3.0290768486280081E-14
  1.2897615259214879E+03  9.8421538915542770E-12  2.9675302176118612E-14
  1.3026110343456294E+03  9.9370825020760159E-12  2.9070540641414314E-14
  1.3155885585800004E+03  1.0031451072861599E-11  2.8476333499078657E-14
  1.3286953740078372E+03  1.0125138879870757E-11  2.7892531853579464E-14
  1.3419327687186412E+03  1.0217970887009448E-11  2.7318988290860336E-14
  1.3553020436347633E+03  1.0309780155245684E-11  2.6755556872225327E-14
  1.3688045126392567E+03  1.0400415829265826E-11  2.6202093130878117E-14
  1.3824415027049938E+03  1.0489499039123421E-11  2.5658454281293809E-14
  1.3962143540250850E+03  1.0576643991098047E-11  2.5124499331355462E-14
  1.4101244201445845E+03  1.0661593358703846E-11  2.4600088726851311E-14
  1.4241730680935066E+03  1.0743981661325330E-11  2.4085084312788602E-14
  1.4383616785211811E+03  1.0823292266217391E-11  2.3579349328898372E-14
  1.4526916458319345E+03  1.0898954386464737E-11  2.3082748405050138E-14
  1.4671643783221216E+03  1.0970384945867917E-11  2.2595147556575731E-14
  1.4817812983185381E+03  1.1036903878528373E-11  2.2116414179500670E-14
  1.4965438423181943E+03  1.1097621142914155E-11  2.1646417045684045E-14
  1.5114534611294916E+03  1.1151417319613471E-11  2.1185026297865413E-14
  1.5265116200147984E+03  1.1196954435043577E-11  2.0732113444618902E-14
  1.5417197988344572E+03  1.1232671237161697E-11  2.0287551355202805E-14
  1.5570794921922175E+03  1.1256721957587795E-11  1.9851214072303978E-14
  1.5725922095821140E+03  1.1266775985844014E-11  1.9422976364385415E-14
  1.5882594755368243E+03  1.1259756863553746E-11  1.9002714272042007E-14
  1.6040828297774885E+03  1.1231747500359638E-11  1.8590305252715398E-14
  1.6200638273650231E+03  1.1177862455806345E-11  1.8185628171522498E-14
  1.6362040388529579E+03  1.1091734847915334E-11  1.7788563292094370E-14
  1.6525050504417741E+03  1.0964825863354757E-11  1.7398992267424881E-14
  1.6689684641347969E+03  1.0785748648513604E-11  1.7016798130726576E-14
  1.6855958978956271E+03  1.0539455922157182E-11  1.6641865286292930E-14
  1.7023889858071568E+03  1.0206127620440948E-11  1.6274079500364644E-14
  1.7193493782321582E+03  9.7603607888527108E-12  1.5913327891999646E-14
  1.7364787419754689E+03  9.1725651157087075E-12  1.5559498923944753E-14
  1.7537787604478099E+03  8.4163107202581667E-12  1.5212482467717004E-14
  1.7712511338312199E+03  7.4867348564043654E-12  1.4872170376931752E-14
  1.7888975792461376E+03  6.4276911510063201E-12  1.4538456107709112E-14
  1.8067198309201642E+03  5.3402501141329753E-12  1.4211234333659936E-14
  1.8247196403584910E+03  4.3408055168588983E-12  1.3890400937369621E-14
  1.8428987765160325E+03  3.5013510296937746E-12  1.3575853005639623E-14
  1.8612590259712676E+03  2.8342363728303410E-12  1.3267488824584267E-14
  1.8798021931018268E+03  2.3167771457727792E-12  1.2965207874584630E-14
  1.8985301002618164E+03  1.9169705936215109E-12  1.2668910825102161E-14
  1.9174445879609057E+03  1.6059217463365450E-12  1.2378499529353950E-14
  1.9365475150452169E+03  1.3610653019362261E-12  1.2093877018851481E-14
  1.9558407588800007E+03  1.1657274829008660E-12  1.1814947497805824E-14
  1.9753262155341311E+03  1.0078043082892681E-12  1.1541616317534029E-14
  1.9950057999664537E+03  8.7851223960246950E-13  1.1273789357076514E-14
  2.0148814462139760E+03  7.7142727602614544E-13  1.1011372952381474E-14
  2.0349551075819395E+03  6.8179684082835282E-13  1.0754274670126600E-14
  2.0552287568357751E+03  6.0605926338880721E-13  1.0502403345438091E-14
  2.0757043863949925E+03  5.4151005506420207E-13  1.0255669069070083E-14
  2.0963840085289812E+03  4.8606916719200682E-13  1.0013983174688018E-14
  2.1172696555547618E+03  4.3811722949978980E-13  9.7772582262530955E-15
  2.1383633800367293E+03  3.9637903985001610E-13  9.5454080055055496E-15
  2.1596672549883642E+03  3.5983967162481939E-13  9.3183474995446404E-15
  2.1811833740759512E+03  3.2768332736940689E-13  9.0959928885031435E-15
  2.2029138518243572E+03  2.9924823502420027E-13  8.8782615333139681E-15
  2.2248608238248212E+03  2.7399299162516838E-13  8.6650719643519483E-15
  2.2470264469448452E+03  2.5147118270503782E-13  8.4563442953505513E-15
  2.2694128995401479E+03  2.3131204211564931E-13  8.2520009322667956E-15
  2.2920223816687626E+03  2.1320551099862919E-13  8.0519654697162378E-15
  2.3148571153072421E+03  1.9689065087959718E-13  7.8561624572922103E-15
  2.3379193445690225E+03  1.8214656705894124E-13  7.6645173967361620E-15
  2.3612113359249747E+03  1.6878523462758963E-13  7.4769567388716801E-15
  2.3847353784261436E+03  1.5664578429611096E-13  7.2934078803084824E-15
  2.4084937839286972E+03  1.4558991776145623E-13  7.1137991599221977E-15
  2.4324888873211426E+03  1.3549820404939009E-13  6.9380598551158566E-15
  2.4567230467537806E+03  1.2626706816400345E-13  6.7661201778694180E-15
  2.4811986438704603E+03  1.1780632767142245E-13  6.5979112705829664E-15
  2.5059180840426297E+03  1.1003716588710323E-13  6.4333652017197475E-15
  2.5308837966057399E+03  1.0289045287698030E-13  6.2724148082969515E-15
  2.5560982350979853E+03  9.6305336969264523E-14  6.1149927722411088E-15
  2.5815638775014204E+03  9.0228093367607787E-14  5.9610323321070192E-15
  2.6072832264855001E+03  8.4611154885737719E-14  5.8104677956232470E-15
  2.6332588096530285E+03  7.9412286316073850E-14  5.6632345281071096E-15
  2.6594931797885515E+03  7.4593885333642537E-14  5.5192689381599784E-15
  2.6859889151092530E+03  7.0122388229911473E-14  5.3785084635417932E-15
  2.7127486195183233E+03  6.5967762839988565E-14  5.2408915572218255E-15
  2.7397749228608536E+03  6.2103074304042969E-14  5.1063576736021858E-15
  2.7670704811823039E+03  5.8504111916982608E-14  4.9748472549108529E-15
  2.7946379769895166E+03  5.5149067414665367E-14  4.8463017177614506E-15
  2.8224801195143532E+03  5.2018256731498311E-14  4.7206634398765281E-15
  2.8505996449799309E+03  4.9093878784279748E-14  4.5978757629479973E-15
  2.8789993168695496E+03  4.6359809229993420E-14  4.4778833361030321E-15
  2.9076819261982673E+03  4.3801416551330972E-14  4.3606320710184033E-15
  2.9366502917871812E+03  4.1405397165566012E-14  4.2460687288097890E-15
  2.9659072605404681E+03  3.9159634912288743E-14  4.1341408921786638E-15
  2.9954557077251620E+03  3.7053077743179566E-14  4.0247969574866923E-15
  3.0252985372537119E+03  3.5075629057305909E-14  3.9179861268004530E-15
  3.0554386819693877E+03  3.3218051725209953E-14  3.8136583999089529E-15
  3.0858791039344969E+03  3.1471883134949374E-14  3.7117645663167376E-15
  3.1166227947214920E+03  2.9829359836080307E-14  3.6122561972151253E-15
  3.1476727757069557E+03  2.8283350561649514E-14  3.5150856374341172E-15
  3.1790320983685542E+03  2.6827296580272957E-14  3.4202059973774338E-15
  3.2107038445849116E+03  2.5455158474735913E-14  3.3275711447583774E-15
  3.2426911269384786E+03  2.4161368184622647E-14  3.2371356473162419E-15
  3.2749970890214418E+03  2.2940785931299737E-14  3.1488547010054066E-15
  3.3076249057446598E+03  2.1788662989483038E-14  3.0626842351516419E-15
  3.3405777836496673E+03  2.0700607493976880E-14  2.9785809229443017E-15
  3.3738589612238220E+03  1.9672553512219952E-14  2.8965021721846134E-15
  3.4074717092185629E+03  1.8700733171599987E-14  2.8164061160809326E-15
  3.4414193309708476E+03  1.7781651502297813E-14  2.7382516040918321E-15
  3.4757051627277838E+03  1.6912063698242467E-14  2.6619981928180902E-15
  3.5103325739745210E+03  1.6088954534915958E-14  2.5876061369444113E-15
  3.5453049677653826E+03  1.5309519714083128E-14  2.5150363802319841E-15
  3.5806257810582929E+03  1.4571148932727756E-14  2.4442505465627746E-15
  3.6162984850525718E+03  1.3871410497149207E-14  2.3752109310362911E-15
  3.6523265855300606E+03  1.3208037265484195E-14  2.3078804797421102E-15
  3.6887136231996437E+03  1.2578913619817339E-14  2.2422227291383173E-15
  3.7254631740452428E+03  1.1982064115331878E-14  2.1782018459214663E-15
  3.7625788496772334E+03  1.1415643002168570E-14  2.1157826436268059E-15
  3.8000642976873896E+03  1.0877924506800716E-14  2.0549305733709466E-15
  3.8379232020073391E+03  1.0367293938664658E-14  1.9956117146254833E-15
  3.8761592832706310E+03  9.8822395437589714E-15  1.9377927660786113E-15
  3.9147762991783748E+03  9.4213450348465485E-15  1.8814410365846396E-15
  3.9537780448685189E+03  8.9832827352464620E-15  1.8265244362012608E-15
  3.9931683532888496E+03  8.5668072797125822E-15  1.7730114673143541E-15
  4.0329510955736655E+03  8.1707498216692633E-15  1.7208712158503190E-15
  4.0731301814242070E+03  7.7940127011964552E-15  1.6700733425757225E-15
  4.1137095594929096E+03  7.4355645321734771E-15  1.6205880743835465E-15
  4.1546932177714507E+03  7.0944356622755365E-15  1.5723861937865041E-15
  4.1960851839826782E+03  6.7697139956665009E-15  1.5254390308607018E-15
  4.2378895259764267E+03  6.4605411432105026E-15  1.4797184569856451E-15
  4.2801103521293153E+03  6.1661088532530531E-15  1.4351968766342162E-15
  4.3227518117484942E+03  5.8856557092032989E-15  1.3918472191639337E-15
  4.3658180954793916E+03  5.6184640720101630E-15  1.3496429306959392E-15
  4.4093134357176159E+03  5.3638572472307977E-15  1.3085579660813998E-15
  4.4532421070248729E+03  5.1211968582561901E-15  1.2685667809553102E-15
  4.4976084265489944E+03  4.8898804089335094E-15  1.2296443238774653E-15
  4.5424167544483216E+03  4.6693390203332713E-15  1.1917660285601819E-15
  4.5876714943201350E+03  4.4590353277724099E-15  1.1549078061829108E-15
  4.6333770936334267E+03  4.2584615253308229E-15  1.1190460377624284E-15
  4.6795380441659872E+03  4.0671375350943041E-15  1.0841575633151784E-15
  4.7261588824458750E+03  3.8846093048306339E-15  1.0502196718685273E-15
  4.7732441901971952E+03  3.7104472530716523E-15  1.0172101005163625E-15
  4.8207985947903981E+03  3.5442448004147272E-15  9.8510702789186536E-16
  4.8688267696970725E+03  3.3856169967747273E-15  9.5388906691197675E-16
  4.9173334349491743E+03  3.2341992402083107E-15  9.2353525761114190E-16
  4.9663233576029315E+03  3.0896460805099875E-15  8.9402506006380737E-16
  5.0158013522073552E+03  2.9516301013387460E-15  8.6533834739531035E-16
  5.0657722812773382E+03  2.8198408751417125E-15  8.3745539888079338E-16
  5.1162410557715557E+03  2.6939839856032933E-15  8.1035689313158411E-16
  5.1672126355751261E+03  2.5737801127707045E-15  7.8402390136869286E-16
  5.2186920299869898E+03  2.4589641763908648E-15  7.5843788078265074E-16
  5.2706842982122353E+03  2.3492845131091069E-15  7.3358066124938021E-16
  5.3231945498593277E+03  2.2445020494104138E-15  7.0943441478640286E-16
  5.3762279454422041E+03  2.1443896813239600E-15  6.8598167540090547E-16
  5.4297896968874575E+03  2.0487316463379674E-15  6.6320534329868492E-16
  5.4838850680465803E+03  1.9573228994353151E-15  6.4108867823932732E-16
  5.5385193752132100E+03  1.8699685271811023E-15  6.1961529298911265E-16
  5.5936979876456280E+03  1.7864831973196124E-15  5.9876914687849655E-16
  5.6494263280944651E+03  1.7066906414988123E-15  5.7853453946289994E-16
  5.7057098733355588E+03  1.6304231689164648E-15  5.5889610428555755E-16
  5.7625541547082285E+03  1.5575212088433383E-15  5.3983880274104664E-16
  5.8199647586589081E+03  1.4878328801282696E-15  5.2134791803828226E-16
  5.8779473272900914E+03  1.4212135859267735E-15  5.0340904926173092E-16
  5.9365075589148510E+03  1.3575256348232289E-15  4.8600810669426036E-16
  5.9956512086168877E+03  1.2966379146470600E-15  4.6913131902455707E-16
  6.0553840888160412E+03  1.2384255365567272E-15  4.5276522124775631E-16
  6.1157120698395511E+03  1.1827694859247816E-15  4.3689663828258845E-16
  6.1766410804990019E+03  1.1295563213337536E-15  4.2151267951207314E-16
  6.2381771086729623E+03  1.0786778912484755E-15  4.0660073366073862E-16
  6.3003262018953719E+03  1.0300310665354918E-15  3.9214846374784745E-16
  6.3630944679500180E+03  9.8351748785305520E-16  3.7814380211592125E-16
  6.4264880754707110E+03  9.3904332700187611E-16  3.6457494553402770E-16
  6.4905132545474398E+03  8.9651906138738229E-16  3.5143035037511042E-16
  6.5551762973387913E+03  8.5585926080102288E-16  3.3869872786664829E-16
  6.6204835586902527E+03  8.1698238578113656E-16  3.2636903941406404E-16
  6.6864414567586518E+03  7.7981059641174433E-16  3.1443049177874706E-16
  6.7530564736430752E+03  7.4426954256323376E-16  3.0287251989425957E-16
  6.8203351560218143E+03  7.1028817993745485E-16  2.9168477688184205E-16
  6.8882841157957273E+03  6.7779866014226104E-16  2.8085715098755131E-16
  6.9569100307380659E+03  6.4673618138133413E-16  2.7037976302326698E-16
  7.0262196451507807E+03  6.1703884178318899E-16  2.6024296171476152E-16
  7.0962197705272438E+03  5.8864750044570628E-16  2.5043731913996720E-16
  7.1669172862217001E+03  5.6150564575185201E-16  2.4095362625572189E-16
  7.2383191401253853E+03  5.3555927054033896E-16  2.3178288851134760E-16
  7.3104323493492566E+03  5.1075675374100465E-16  2.2291632154743306E-16
  7.3832640009136476E+03  4.8704874810879268E-16  2.1434534697816644E-16
  7.4568212524447990E+03  4.6438807371298506E-16  2.0606158825563056E-16
  7.5311113328782030E+03  4.4272961686047231E-16  1.9805686661523232E-16
  7.6061415431690693E+03  4.2203023673934554E-16  1.9032319843463108E-16
  7.6819192570098858E+03  4.0224868083960633E-16  1.8285279451936371E-16
  7.7584519215549917E+03  3.8334548942813711E-16  1.7563805191344973E-16
  7.8357470581524976E+03  3.6528291083451027E-16  1.6867154895442919E-16
  7.9138122630834996E+03  3.4802482361942493E-16  1.6194604169019348E-16
  7.9926552083085271E+03  3.3153666258989920E-16  1.5545446036157489E-16
  8.0722836422215587E+03  3.1578534845351895E-16  1.4918990594931305E-16
  8.1527053904115492E+03  3.0073922091665147E-16  1.4314564678421869E-16
  8.2339283564314119E+03  2.8636797504289739E-16  1.3731511521935665E-16
  8.3159605225747946E+03  2.7264260069862129E-16  1.3169190436305081E-16
  8.3988099506605922E+03  2.5953532492245983E-16  1.2626976487155402E-16
  8.4824847828251550E+03  2.4701955706505631E-16  1.2104260180023456E-16
  8.5669932423224855E+03  2.3506983658747038E-16  1.1600447151727006E-16
  8.6523436343324738E+03  2.2366178389838355E-16  1.1114957888855042E-16
  8.7385443467769692E+03  2.1277205268920201E-16  1.0647227423230776E-16
  8.8256038511441893E+03  2.0237828424538728E-16  1.0196705017097401E-16
  8.9135307033213012E+03  1.9245906443226693E-16  9.7628538758238839E-17
  9.0023335444351669E+03  1.8299388270478544E-16  9.3451508663247247E-17
  9.0920211017016118E+03  1.7396309302645550E-16  8.9430862405167405E-17
  9.1826021892831541E+03  1.6534787660074758E-16  8.5561633637084674E-17
  9.2740857091551297E+03  1.5713020632344957E-16  8.1838984478192029E-17
  9.3664806519805843E+03  1.4929281286946872E-16  7.8258202893237169E-17
  9.4597960979938925E+03  1.4181915233229346E-16  7.4814700118226035E-17
  9.5540412178931128E+03  1.3469337533873688E-16  7.1504008131390029E-17
  9.6492252737411036E+03  1.2790029750713075E-16  6.8321777135374260E-17
  9.7453576198760038E+03  1.2142536860356274E-16  6.5263771654761977E-17
  9.8424477038304303E+03  1.1525464511990560E-16  6.2325867828662711E-17
  9.9405050672598227E+03  1.0937476887997412E-16  5.9504053320928881E-17
  1.0039539346880392E+04  1.0377294271363722E-16  5.6794425128580653E-17
  1.0139560275416086E+04  9.8436906866802939E-17  5.4193187242929655E-17
  1.0240577682554938E+04  9.3354916462396453E-17  5.1696648353742613E-17
  1.0342601495915347E+04  8.8515719961263146E-17  4.9301219595373037E-17
  1.0445641742021593E+04  8.3908538574657652E-17  4.7003412333846075E-17
  1.0549708547289170E+04  7.9523046582434912E-17  4.4799835993873264E-17
  1.0654812139020025E+04  7.5349352513472376E-17  4.2687195924820956E-17
  1.0760962846407720E+04  7.1377981147099782E-17  4.0662291304678018E-17
  1.0868171101552414E+04  6.7599856297189738E-17  3.8722013081639217E-17
  1.0976447440486172E+04  6.4006285758096015E-17  3.6863342783773296E-17
  1.1085802504208452E+04  6.0588948525406709E-17  3.5083352268502563E-17
  1.1196247039731743E+04  5.7339875028035669E-17  3.3379199096926317E-17
  1.1307791901137809E+04  5.4251431636811222E-17  3.1748124003442474E-17
  1.1420448050644451E+04  5.1316307008250138E-17  3.0187449088885087E-17
  1.1534226559682696E+04  4.8527498998406361E-17  2.8694576039812905E-17
  1.1649138609984939E+04  4.5878302120850766E-17  2.7266984373535730E-17
  1.1765195494683887E+04  4.3362295524141264E-17  2.5902229708492160E-17
  1.1882408619422289E+04  4.0973331465359829E-17  2.4597942059606547E-17
  1.2000789503473899E+04  3.8705524257437313E-17  2.3351824158264788E-17
  1.2120349780875633E+04  3.6553239669095684E-17  2.2161649796572135E-17
  1.2241101201570747E+04  3.4511084757276110E-17  2.1025262195573103E-17
  1.2363055632563683E+04  3.2573897953462713E-17  1.9940572297024470E-17
  1.2486225059086370E+04  3.0736738521266813E-17  1.8905556445452286E-17
  1.2610621585775940E+04  2.8994878550582065E-17  1.7918255419606289E-17
  1.2736257437864411E+04  2.7343795158190840E-17  1.6976773395242998E-17
  1.2863144962380204E+04  2.5779162160556979E-17  1.6079276402419777E-17
  1.2991296629361421E+04  2.4296842074000431E-17  1.5223990802298815E-17
  1.3120725033081417E+04  2.2892878436879099E-17  1.4409201788574015E-17
  1.3251442893286610E+04  2.1563488439816934E-17  1.3633251913182844E-17
  1.3383463056446368E+04  2.0305055850692190E-17  1.2894539635983618E-17
  1.3516798497015592E+04  1.9114124221732706E-17  1.2191517898094619E-17
  1.3651462318709880E+04  1.7987390366682621E-17  1.1522692718614390E-17
  1.3787467755793145E+04  1.6921698096580061E-17  1.0886621814460368E-17
  1.3924828174378317E+04  1.5914032229674911E-17  1.0281913260750902E-17
  1.4063557073740965E+04  1.4961513620981518E-17  9.7072246851893452E-18
  1.4203668087645940E+04  1.4061393550701361E-17  9.1612619213734023E-18
  1.4345174985687034E+04  1.3211047256884915E-17  8.6427769884228426E-18
  1.4488091674640562E+04  1.2407968796038349E-17  8.1505668092550689E-18
  1.4632432199831897E+04  1.1649766173596248E-17  7.6834719956469028E-18
  1.4778210746515610E+04  1.0934156660909038E-17  7.2403756521458995E-18
  1.4925441641269894E+04  1.0258962291425027E-17  6.8202021988656735E-18
  1.5074139353404367E+04  9.6221055290836378E-18  6.4219162132050328E-18
  1.5224318496381858E+04  9.0216051022403212E-18  6.0445212905263582E-18
  1.5375993829254952E+04  8.4555719967414110E-18  5.6870589238283124E-18
  1.5529180258116228E+04  7.9222056020559404E-18  5.3486074024516356E-18
  1.5683892837563139E+04  7.4197900045347652E-18  5.0282807297785277E-18
  1.5840146772177597E+04  6.9466903519293376E-18  4.7252275120320899E-18
  1.5997957418020311E+04  6.5013493174077057E-18  4.4386298410598484E-18
  1.6157340284139736E+04  6.0822840116126031E-18  4.1677024101570653E-18
  1.6318311034096338E+04  5.6880828448689495E-18  3.9116915313882116E-18
  1.6480885487502052E+04  5.3174024674978509E-18  3.6698741429398353E-18
  1.6645079621574772E+04  4.9689648284043255E-18  3.4415568362720012E-18
  1.6810909572708646E+04  4.6415543475379313E-18  3.2260749030231584E-18
  1.6978391638059984E+04  4.3340151980115211E-18  3.0227914016202329E-18
  1.7147542277148696E+04  4.0452486938367809E-18  2.8310962435400313E-18
  1.7318378113475952E+04  3.7742107793991281E-18  2.6504052991609583E-18
  1.7490915936158028E+04  3.5199096169533293E-18  2.4801595231388587E-18
  1.7665172701576008E+04  3.2814032685700778E-18  2.3198240992336910E-18
  1.7841165535042346E+04  3.0577975000431856E-18  2.1688876266255570E-18
  1.8018911732483972E+04  2.8482438213212967E-18  2.0268614311313358E-18
  1.8198428762141852E+04  2.6519372487420103E-18  1.8932786394107250E-18
  1.8379734266287811E+04  2.4681142215062982E-18  1.7676933227585484E-18
  1.8562846062958470E+04  2.2960507201044091E-18  1.6496797461870609E-18
  1.8747782147706101E+04  2.1350604596084384E-18  1.5388316358859315E-18
  1.8934560695367290E+04  1.9844931545326718E-18  1.4347614645018054E-18
  1.9123200061849195E+04  1.8437328527881660E-18  1.3370997541709444E-18
  1.9313718785933281E+04  1.7121963363420126E-18  1.2454943972245504E-18
  1.9506135591097329E+04  1.5893315862715343E-18  1.1596099944721808E-18
  1.9700469387355672E+04  1.4746163099811680E-18  1.0791272109557358E-18
  1.9896739273117335E+04  1.3675565284233221E-18  1.0037421490532212E-18
  2.0094964537063071E+04  1.2676852208619787E-18  9.3316573853404265E-19
  2.0295164660041122E+04  1.1745610158639233E-18  8.6712313680865916E-19
  2.0497359316981481E+04  1.0877669485668370E-18  8.0535315475337194E-19
  2.0701568378829565E+04  1.0069092812380374E-18  7.4760770734297541E-19
  2.0907811914499180E+04  9.3161636019286666E-19  6.9365127109571306E-19
  2.1116110192844753E+04  8.6153752048116977E-19  6.4326035740105494E-19
  2.1326483684652998E+04  7.9634203740633723E-19  5.9622300208325415E-19
  2.1538953064655201E+04  7.3571812319359796E-19  5.5233827097873190E-19
  2.1753539213558834E+04  6.7937196717732286E-19  5.1141578129675655E-19
  2.1970263220099328E+04  6.2702681792658574E-19  4.7327523852352912E-19
  2.2189146383113162E+04  5.7842210577695708E-19  4.3774598862165044E-19
  2.2410210213630748E+04  5.3331260428403662E-19  4.0466658526964752E-19
  2.2633476436990190E+04  4.9146762918018324E-19  3.7388437189540402E-19
  2.2858966994972914E+04  4.5267027972568348E-19  3.4525508299385798E-19
  2.3086704047959705E+04  4.1671671497498004E-19  3.1864245982258671E-19
  2.3316709977108509E+04  3.8341543985663980E-19  2.9391786229009031E-19
  2.3549007386554051E+04  3.5258663882723116E-19  2.7095990602706342E-19
  2.3783619105629430E+04  3.2406154328883033E-19  2.4965411496595696E-19
  2.4020568191109436E+04  2.9768182856260253E-19  2.2989258688862380E-19
  2.4259877929476592E+04  2.7329903927863760E-19  2.1157367165572986E-19
  2.4501571839209842E+04  2.5077404207651355E-19  1.9460166182801434E-19
  2.4745673673095553E+04  2.2997650454432250E-19  1.7888649538635163E-19
  2.4992207420561997E+04  2.1078439935627534E-19  1.6434347025490370E-19
  2.5241197310037103E+04  1.9308353260089710E-19  1.5089297032979001E-19
  2.5492667811329233E+04  1.7676709532284415E-19  1.3846020271425278E-19
  2.5746643638032114E+04  1.6173523757111482E-19  1.2697494605832277E-19
  2.6003149749953798E+04  1.4789466437129207E-19  1.1637130998256880E-19
  2.6262211355569267E+04  1.3515825017120148E-19  1.0658750316538720E-19
  2.6523853914498010E+04  1.2344467370650129E-19  9.7565612104516991E-20
  2.6788103140006249E+04  1.1267807209544100E-19  8.9251389966671955E-20
  2.7054985001533623E+04  1.0278771288389342E-19  8.1594054836428481E-20
  2.7324525727245546E+04  9.3707683264325922E-20  7.4546097070739496E-20
  2.7596751806610951E+04  8.5376595718248184E-20  6.8063095467783159E-20
  2.7871689993005275E+04  7.7737309356897847E-20  6.2103541961487123E-20
  2.8149367306339824E+04  7.0736666259583511E-20  5.6628674556046261E-20
  2.8429811035717372E+04  6.4325242133302268E-20  5.1602318218153076E-20
  2.8713048742113711E+04  5.8457110640861402E-20  4.6990733448344145E-20
  2.8999108261086363E+04  5.3089620725767981E-20  4.2762472221981049E-20
  2.9288017705510392E+04  4.8183185827182718E-20  3.8888240618271801E-20
  2.9579805468340826E+04  4.3701085910460846E-20  3.5340769113924421E-20
  2.9874500225403233E+04  3.9609281000698116E-20  3.2094689665673417E-20
  3.0172130938212031E+04  3.5876234785101322E-20  2.9126418595091479E-20
  3.0472726856816364E+04  3.2472748426937084E-20  2.6414045567747448E-20
  3.0776317522674872E+04  2.9371804108316461E-20  2.3937228437055960E-20
  3.1082932771559092E+04  2.6548417817534676E-20  2.1677093711588526E-20
  3.1392602736485249E+04  2.3979500915851440E-20  1.9616142410394354E-20
  3.1705357850675799E+04  2.1643730037238950E-20  1.7738161076757078E-20
  3.2021228850550422E+04  1.9521424892787742E-20  1.6028137726803267E-20
  3.2340246778746619E+04  1.7594433569092581E-20  1.4472182515418173E-20
  3.2662442987170016E+04  1.5846024928716590E-20  1.3057452909422200E-20
  3.2987849140076287E+04  1.4260787892934380E-20  1.1772083294370785E-20
  3.3316497217182638E+04  1.2824536985721965E-20  1.0605118597605582E-20
  3.3648419516810223E+04  1.1524223479684594E-20  9.5464514729507986E-21
  3.3983648659059087E+04  1.0347852584193892E-20  8.5867635015603572E-21
  3.4322217589013642E+04  9.2844060449513993E-21  7.7174699660357991E-21
  3.4664159579979845E+04  8.3237698084476779E-21  6.9306679854516837E-21
  3.5009508236756104E+04  7.4566664651436236E-21  6.2190878435415132E-21
  3.5358297498935324E+04  6.6745921984105990E-21  5.5760473482262205E-21
  3.5710561644240253E+04  5.9697579790138502E-21  4.9954090665200360E-21
  3.6066335291892363E+04  5.3350347572606530E-21  4.4715402846527612E-21
  3.6425653406014302E+04  4.7639024168407004E-21  3.9992755489717181E-21
  3.6788551299065555E+04  4.2504022658718009E-21  3.5738816488261824E-21
  3.7155064635313138E+04  3.7890928218284523E-21  3.1910248827022297E-21
  3.7525229434336688E+04  3.3750086584194927E-21  2.8467404552586648E-21
  3.7899082074567916E+04  3.0036224196128277E-21  2.5374041348441715E-21
  3.8276659296865968E+04  2.6708094659713959E-21  2.2597057563233030E-21
  3.8657998208128447E+04  2.3728150394724712E-21  2.0106245071760251E-21
  3.9043136284937595E+04  2.1062238410302666E-21  1.7874059387292619E-21
  3.9432111377243695E+04  1.8679318649496264E-21  1.5875405998443333E-21
  3.9824961712084951E+04  1.6551203429857993E-21  1.4087441951642542E-21
  4.0221725897343924E+04  1.4652316588103871E-21  1.2489391746975300E-21
  4.0622442925541924E+04  1.2959471014582553E-21  1.1062376660482119E-21
  4.1027152177671371E+04  1.1451663337667670E-21  9.7892566499594955E-22
  4.1435893427065457E+04  1.0109884589226236E-21  8.6544840438126027E-22
  4.1848706843307235E+04  8.9169457657920116E-22  7.6439682671919635E-22
  4.2265632996177519E+04  7.8573173887556857E-22  6.7449510059366083E-22
  4.2686712859641499E+04  6.9169816070351028E-22  5.9458907118521198E-22
  4.3111987815875706E+04  6.0832962481673783E-22  5.2363560819861097E-22
  4.3541499659335175E+04  5.3448701584616699E-22  4.6069280745659600E-22
  4.3975290600860360E+04  4.6914488256155896E-22  4.0491097155793931E-22
  4.4413403271825679E+04  4.1138095241458318E-22  3.5552431507440796E-22
  4.4855880728329459E+04  3.6036652766321582E-22  3.1184334329587004E-22
  4.5302766455424709E+04  3.1535769690472405E-22  2.7324785651743048E-22
  4.5754104371393361E+04  2.7568730013629944E-22  2.3918053471830911E-22
  4.6209938832061809E+04  2.4075758952842284E-22  2.0914106021249661E-22
  4.6670314635160255E+04  2.1003353194267879E-22  1.8268073845675767E-22
  4.7135277024725583E+04  1.8303670280465633E-22  1.5939757963449608E-22
  4.7604871695547226E+04  1.5933972090258094E-22  1.3893180296093615E-22
  4.8079144797658104E+04  1.3856118775716817E-22  1.2096173738708739E-22
  4.8558142940870435E+04  1.2036109468148291E-22  1.0520009134560997E-22
  4.9041913199355746E+04  1.0443664429023787E-22  9.1390549488910665E-23
  4.9530503116271473E+04  9.0518459039027010E-23  7.9304676394843961E-23
  5.0023960708433595E+04  7.8367145133389021E-23  6.8739103137947372E-23
  5.0522334471034992E+04  6.7770181677637462E-23  5.9512973600575122E-23
  5.1025673382411624E+04  5.8539107186526170E-23  5.1465629032897458E-23
  5.1534026908856307E+04  5.0506977693611533E-23  4.4454510911980896E-23
  5.2047445009479401E+04  4.3526072665396336E-23  3.8353263601478039E-23
  5.2565978141118954E+04  3.7465826776839118E-23  3.3050019678478260E-23
  5.3089677263299724E+04  3.2210967328405784E-23  2.8445852076585111E-23
  5.3618593843240662E+04  2.7659838832470556E-23  2.4453378521769692E-23
  5.4152779860913215E+04  2.3722897644929491E-23  2.0995504727318339E-23
  5.4692287814150077E+04  2.0321359907548386E-23  1.8004292983022814E-23
  5.5237170723803720E+04  1.7385989837566177E-23  1.5419945950155341E-23
  5.5787482138957952E+04  1.4856014753603825E-23  1.3189894752293015E-23
  5.6343276142189752E+04  1.2678154545638807E-23  1.1267981490828092E-23
  5.6904607354884640E+04  1.0805754536403673E-23  9.6137272927714149E-24
  5.7471530942605037E+04  9.1980116395411739E-24  8.1916777414325986E-24
  5.8044102620510967E+04  7.8192846055971603E-24  6.9708182307426382E-24
  5.8622378658835987E+04  6.6384799649686210E-24  5.9240524243233016E-24
  5.9206415888417498E+04  5.6285060315351745E-24  5.0277375937356656E-24
  5.9796271706281179E+04  4.7657880259147817E-24  4.2612711593411705E-24
  6.0392004081282110E+04  4.0298380086477437E-24  3.6067232569501598E-24
  6.0993671559802118E+04  3.4028738641618872E-24  3.0485105881537415E-24
  6.1601333271502765E+04  2.8694823592318257E-24  2.5731074624074632E-24
  6.2215048935136714E+04  2.4163214184109515E-24  2.1687899975843484E-24
  6.2834878864417122E+04  2.0318573561852274E-24  1.8254099411953980E-24
  6.3460883973944226E+04  1.7061333280626767E-24  1.5341950060566522E-24
  6.4093125785192220E+04  1.4305655656531696E-24  1.2875728537873200E-24
  6.4731666432555736E+04  1.1977643046312528E-24  1.0790161395490322E-24
  6.5376568669455432E+04  1.0013766286145303E-24  9.0290628824146314E-25
  6.6027895874505499E+04  8.3594873761122136E-25  7.5441390665156043E-25
  6.6685712057742712E+04  6.9680540902447544E-25  6.2939394947677585E-25
  6.7350081866916196E+04  5.7994465433213827E-25  5.2429395127245204E-25
  6.8021070593841781E+04  4.8194578752052896E-25  4.3607381276005014E-25
  6.8698744180817725E+04  3.9988931575449649E-25  3.6213579160376011E-25
  6.9383169227105696E+04  3.3128722899586590E-25  3.0026348564205740E-25
  7.0074412995476334E+04  2.7402242865790062E-25  2.4856873368590553E-25
  7.0772543418818677E+04  2.2629618176280971E-25  2.0544548202734917E-25
  7.1477629106816865E+04  1.8658260268548072E-25  1.6952976119688928E-25
  7.2189739352693199E+04  1.5358928253287153E-25  1.3966501722289231E-25
  7.2908944140017265E+04  1.2622328840372117E-25  1.1487212802546221E-25
  7.3635314149583937E+04  1.0356184590140388E-25  9.4323512786342839E-26
  7.4368920766360228E+04  8.4827099671925764E-26  7.7320811279687989E-26
  7.5109836086499752E+04  6.9364419331663227E-26  6.3275671966000907E-26
  7.5858132924428530E+04  5.6623782784263358E-26  5.1693242827591330E-26
  7.6613884820001462E+04  4.6143826382202068E-26  4.2158008089584299E-26
  7.7377166045728503E+04  3.7538202378805989E-26  3.4321657705911402E-26
  7.8148051614074400E+04  3.0483929293641213E-26  2.7892715328103960E-26
  7.8926617284831227E+04  2.4711460773713965E-26  2.2627684904907801E-26
  7.9712939572562638E+04  1.9996233817297907E-26  1.8323506529624525E-26
  8.0507095754124050E+04  1.6151488329993181E-26  1.4811139067968142E-26
  8.1309163876257546E+04  1.3022177351954719E-26  1.1950110834205863E-26
  8.2119222763260957E+04  1.0479811336922288E-26  9.6239004756333391E-27
  8.2937352024735606E+04  8.4181009449734608E-27  7.7360285821700906E-27
  8.3763632063409081E+04  6.7492812633217680E-27  6.2067566372931897E-27
  8.4598144083037172E+04  5.4010164915045591E-27  4.9703040200233331E-27
  8.5440970096385019E+04  4.3137981876264147E-27  3.9725060822381955E-27
  8.6292192933285842E+04  3.4387624118934511E-27  3.1688470654178246E-27