 #p(MeV) \t \delta f_\\nu \t \delta f_\\nubar
  1.4940384188346681E-02  2.6826319709609425E-01  1.6399634631244109E-05
  1.5089230768609588E-02  2.6776660601909974E-01  1.6263006944822535E-05
  1.5239560262844220E-02  2.6734029722004071E-01  1.6127347403152130E-05
  1.5391387444879079E-02  2.6702706977910790E-01  1.5992653797518188E-05
  1.5544727235729871E-02  2.6668536437337165E-01  1.5858924398811406E-05
  1.5699594705065954E-02  2.6614846034762324E-01  1.5726157839796573E-05
  1.5856005072691266E-02  2.6561117962972008E-01  1.5594352972652006E-05
  1.6013973710040104E-02  2.6506208096965861E-01  1.5463508877872980E-05
  1.6173516141687796E-02  2.6461053792608114E-01  1.5333624950513557E-05
  1.6334648046876336E-02  2.6416860129108882E-01  1.5204700571022772E-05
  1.6497385261055347E-02  2.6372883413762044E-01  1.5076734431922209E-05
  1.6661743777438287E-02  2.6324612014958654E-01  1.4949723946189489E-05
  1.6827739748574204E-02  2.6279302031706925E-01  1.4823664980148529E-05
  1.6995389487935199E-02  2.6230146183014486E-01  1.4698551896600956E-05
  1.7164709471519577E-02  2.6183307343373996E-01  1.4574377775143441E-05
  1.7335716339471126E-02  2.6142444186068703E-01  1.4451134689303150E-05
  1.7508426897714383E-02  2.6097616377022514E-01  1.4328813967830730E-05
  1.7682858119606282E-02  2.6057085691060256E-01  1.4207406398464705E-05
  1.7859027147604272E-02  2.6012462792572549E-01  1.4086902463329502E-05
  1.8036951294950938E-02  2.5968758967436040E-01  1.3967292497581638E-05
  1.8216648047375557E-02  2.5925023710557954E-01  1.3848566488286131E-05
  1.8398135064812481E-02  2.5876795145140025E-01  1.3730713976043337E-05
  1.8581430183136696E-02  2.5825042010111376E-01  1.3613724414698570E-05
  1.8766551415916717E-02  2.5773203482410895E-01  1.3497587752386728E-05
  1.8953516956184805E-02  2.5725221323258041E-01  1.3382294892967584E-05
  1.9142345178225013E-02  2.5683937546545632E-01  1.3267837890639972E-05
  1.9333054639378851E-02  2.5642316808748755E-01  1.3154209918322308E-05
  1.9525664081869083E-02  2.5601887985177024E-01  1.3041405113941873E-05
  1.9720192434641654E-02  2.5551522314006597E-01  1.2929418388104060E-05
  1.9916658815225911E-02  2.5498545362339525E-01  1.2818245249186373E-05
  2.0115082531613454E-02  2.5451117265638484E-01  1.2707881616020246E-05
  2.0315483084155612E-02  2.5400741982070685E-01  1.2598323596930749E-05
  2.0517880167479876E-02  2.5355836464311426E-01  1.2489567566683385E-05
  2.0722293672425458E-02  2.5312745000088471E-01  1.2381610452000800E-05
  2.0928743687998005E-02  2.5268954622997863E-01  1.2274449791725793E-05
  2.1137250503343974E-02  2.5222537896003877E-01  1.2168083494920770E-05
  2.1347834609744470E-02  2.5184628971561862E-01  1.2062509489308436E-05
  2.1560516702629130E-02  2.5141826088119745E-01  1.1957725445633282E-05
  2.1775317683609977E-02  2.5098448473951268E-01  1.1853728644084197E-05
  2.1992258662535527E-02  2.5051785539728166E-01  1.1750515954028682E-05
  2.2211360959565399E-02  2.5002462791700086E-01  1.1648083877966368E-05
  2.2432646107265621E-02  2.4957735866738204E-01  1.1546428617388748E-05
  2.2656135852724690E-02  2.4913079861443235E-01  1.1445546141056249E-05
  2.2881852159690894E-02  2.4862148853723967E-01  1.1345432266382618E-05
  2.3109817210730733E-02  2.4819077489197522E-01  1.1246082703243419E-05
  2.3340053409409017E-02  2.4774347310616762E-01  1.1147493111531980E-05
  2.3572583382490558E-02  2.4727625333311273E-01  1.1049659314405719E-05
  2.3807429982163845E-02  2.4684965468916156E-01  1.0952577616196787E-05
  2.4044616288286927E-02  2.4640455308616949E-01  1.0856245059234340E-05
  2.4284165610655547E-02  2.4594120320529569E-01  1.0760659520406234E-05
  2.4526101491293969E-02  2.4546031847946131E-01  1.0665819654560550E-05
  2.4770447706768634E-02  2.4501728732370084E-01  1.0571724750109920E-05
  2.5017228270524775E-02  2.4459914693119458E-01  1.0478374559664977E-05
  2.5266467435246430E-02  2.4419942077520623E-01  1.0385769144679045E-05
  2.5518189695239831E-02  2.4374484757962964E-01  1.0293908749654575E-05
  2.5772419788840716E-02  2.4332378871717203E-01  1.0202793717806347E-05
  2.6029182700845425E-02  2.4284402961982343E-01  1.0112424400305427E-05
  2.6288503664966351E-02  2.4234057896894223E-01  1.0022800878679846E-05
  2.6550408166311844E-02  2.4185860388311384E-01  9.9339224572797372E-06
  2.6814921943890759E-02  2.4138704769181915E-01  9.8457871278067288E-06
  2.7082070993141978E-02  2.4105554511343433E-01  9.7583912461119026E-06
  2.7351881568489205E-02  2.4061966378149033E-01  9.6717295099306142E-06
  2.7624380185921071E-02  2.4016536681140055E-01  9.5857951709984475E-06
  2.7899593625597137E-02  2.3963761146422527E-01  9.5005803566611952E-06
  2.8177548934479608E-02  2.3919931325851274E-01  9.4160763986530655E-06
  2.8458273428991557E-02  2.3866441888015705E-01  9.3322741143401806E-06
  2.8741794697701377E-02  2.3825854609648695E-01  9.2491640261091885E-06
  2.9028140604034098E-02  2.3781425212092977E-01  9.1667365269862508E-06
  2.9317339289009776E-02  2.3734033016433645E-01  9.0849820404865564E-06
  2.9609419174008996E-02  2.3692425557868008E-01  9.0038913408163973E-06
  2.9904408963566047E-02  2.3651539134179272E-01  8.9234560337408542E-06
  3.0202337648189973E-02  2.3614368706326955E-01  8.8436689743414932E-06
  3.0503234507213515E-02  2.3568734209515443E-01  8.7645244415334653E-06
  3.0807129111670713E-02  2.3524421593321199E-01  8.6860180494656607E-06
  3.1114051327202925E-02  2.3477699095655583E-01  8.6081464931861641E-06
  3.1424031316994019E-02  2.3432878744679711E-01  8.5309072447375975E-06
  3.1737099544734595E-02  2.3389329973236297E-01  8.4542982785136937E-06
  3.2053286777615896E-02  2.3342530862088867E-01  8.3783178584833781E-06
  3.2372624089353555E-02  2.3301986185854667E-01  8.3029643875704839E-06
  3.2695142863241260E-02  2.3257714987639080E-01  8.2282362992255699E-06
  3.3020874795235099E-02  2.3213750202031860E-01  8.1541319475340978E-06
  3.3349851897068537E-02  2.3166198641288177E-01  8.0806493660593379E-06
  3.3682106499398283E-02  2.3121330894827508E-01  8.0077859088507878E-06
  3.4017671254981806E-02  2.3075313249708812E-01  7.9355380254722639E-06
  3.4356579141886147E-02  2.3031799325820285E-01  7.8639013171468575E-06
  3.4698863466729034E-02  2.2989341964320417E-01  7.7928708133317873E-06
  3.5044557867952041E-02  2.2948797116014841E-01  7.7224413123898214E-06
  3.5393696319126436E-02  2.2910356439162838E-01  7.6526076598794787E-06
  3.5746313132292123E-02  2.2866983618713141E-01  7.5833649189597748E-06
  3.6102442961329508E-02  2.2822645285530141E-01  7.5147084437745282E-06
  3.6462120805365247E-02  2.2776101037393678E-01  7.4466338871281677E-06
  3.6825382012211909E-02  2.2725886168654061E-01  7.3791371781648048E-06
  3.7192262281841658E-02  2.2679256671298179E-01  7.3122145073276775E-06
  3.7562797669894878E-02  2.2630359206659947E-01  7.2458624050865806E-06
  3.7937024591223445E-02  2.2588526457398489E-01  7.1800779224325868E-06
  3.8314979823469604E-02  2.2547254899729310E-01  7.1148586881379413E-06
  3.8696700510680179E-02  2.2503239864469204E-01  7.0502026917906286E-06
  3.9082224166957037E-02  2.2468491604055746E-01  6.9861078727597459E-06
  3.9471588680143867E-02  2.2425016615692622E-01  6.9225717000572703E-06
  3.9864832315549582E-02  2.2382674275943809E-01  6.8595908935941845E-06
  4.0261993719708900E-02  2.2339947077621974E-01  6.7971613275903370E-06
  4.0663111924180484E-02  2.2295979661987209E-01  6.7352780738060765E-06
  4.1068226349382661E-02  2.2249773671196912E-01  6.6739355234313905E-06
  4.1477376808467678E-02  2.2203846826766682E-01  6.6131275344249086E-06
  4.1890603511234241E-02  2.2163790064213221E-01  6.5528475664370649E-06
  4.2307947068079312E-02  2.2120435153866541E-01  6.4930887494701197E-06
  4.2729448493989068E-02  2.2074998690862760E-01  6.4338438634423609E-06
  4.3155149212569702E-02  2.2028744751238211E-01  6.3751053938258467E-06
  4.3585091060118486E-02  2.1984630897072166E-01  6.3168658216523526E-06
  4.4019316289735148E-02  2.1944462324971326E-01  6.2591180960933976E-06
  4.4457867575474416E-02  2.1901711180061978E-01  6.2018561110982918E-06
  4.4900788016539912E-02  2.1863846354598296E-01  6.1450750185648613E-06
  4.5348121141519697E-02  2.1823920291191126E-01  6.0887713132005415E-06
  4.5799910912664117E-02  2.1781724221077350E-01  6.0329427361949695E-06
  4.6256201730206330E-02  2.1732573705237246E-01  5.9775880776376930E-06
  4.6717038436725734E-02  2.1680340244383961E-01  5.9227069466629046E-06
  4.7182466321554914E-02  2.1631252958253402E-01  5.8682995550983240E-06
  4.7652531125230484E-02  2.1586764849383885E-01  5.8143665542630192E-06
  4.8127279043988468E-02  2.1547810782725488E-01  5.7609089723569051E-06
  4.8606756734304077E-02  2.1512348314413313E-01  5.7079281798400770E-06
  4.9091011317477048E-02  2.1475494806706738E-01  5.6554257323334259E-06
  4.9580090384262580E-02  2.1434869121926095E-01  5.6034030534257717E-06
  5.0074041999548319E-02  2.1393348465010789E-01  5.5518610473998114E-06
  5.0572914707077962E-02  2.1345170140233891E-01  5.5007997746895358E-06
  5.1076757534222077E-02  2.1299094132056920E-01  5.4502182882249688E-06
  5.1585619996796263E-02  2.1258286548433578E-01  5.4001146305630365E-06
  5.2099552103927346E-02  2.1216266310253762E-01  5.3504859409466195E-06
  5.2618604362968113E-02  2.1173130103695573E-01  5.3013286156078822E-06
  5.3142827784461090E-02  2.1130977770504844E-01  5.2526384769752142E-06
  5.3672273887151511E-02  2.1086379709779307E-01  5.2044109200130785E-06
  5.4206994703050432E-02  2.1044190487462458E-01  5.1566409788973959E-06
  5.4747042782548404E-02  2.1005212485499025E-01  5.1093232942157769E-06
  5.5292471199579717E-02  2.0962679825338662E-01  5.0624520768320375E-06
  5.5843333556838334E-02  2.0920528929525889E-01  5.0160211666802308E-06
  5.6399683991045987E-02  2.0875413524989989E-01  4.9700242052065628E-06
  5.6961577178272313E-02  2.0829816168101326E-01  4.9244548683060442E-06
  5.7529068339308216E-02  2.0790076590419268E-01  4.8793070732041592E-06
  5.8102213245092876E-02  2.0746860769584746E-01  4.8345751094963245E-06
  5.8681068222194731E-02  2.0704005863479988E-01  4.7902536911685870E-06
  5.9265690158346873E-02  2.0662067229458461E-01  4.7463379475996344E-06
  5.9856136508037866E-02  2.0619022791670905E-01  4.7028233798940199E-06
  6.0452465298158294E-02  2.0580365619741886E-01  4.6597058047904341E-06
  6.1054735133703179E-02  2.0542263397324023E-01  4.6169813209257486E-06
  6.1663005203531573E-02  2.0500029127351516E-01  4.5746463438271898E-06
  6.2277335286183538E-02  2.0455395132025600E-01  4.5326976757575701E-06
  6.2897785755754804E-02  2.0410003358803175E-01  4.4911325290867394E-06
  6.3524417587830131E-02  2.0364333212714253E-01  4.4499484568404735E-06
  6.4157292365475807E-02  2.0321727988542201E-01  4.4091432042688926E-06
  6.4796472285291867E-02  2.0277631110604949E-01  4.3687145383701875E-06
  6.5442020163524392E-02  2.0236235469655434E-01  4.3286601101587832E-06
  6.6093999442238927E-02  2.0196990070328624E-01  4.2889773718346655E-06
  6.6752474195555453E-02  2.0156273156619542E-01  4.2496635482813306E-06
  6.7417509135945144E-02  2.0118506678614317E-01  4.2107156473363711E-06
  6.8089169620590195E-02  2.0077928763761929E-01  4.1721304905293097E-06
  6.8767521657806904E-02  2.0039686950404839E-01  4.1339047498417141E-06
  6.9452631913532722E-02  1.9999636226287554E-01  4.0960349660223712E-06
  7.0144567717877762E-02  1.9955897825295241E-01  4.0585175562169047E-06
  7.0843397071741976E-02  1.9912600307703765E-01  4.0213488543378471E-06
  7.1549188653498005E-02  1.9866110462568054E-01  3.9845252105515484E-06
  7.2262011825740491E-02  1.9822597681228224E-01  3.9480431358333191E-06
  7.2981936642102854E-02  1.9778394613730851E-01  3.9118994461375053E-06
  7.3709033854142028E-02  1.9738382064899573E-01  3.8760913596609480E-06
  7.4443374918291463E-02  1.9698975525719947E-01  3.8406165314167318E-06
  7.5185032002883664E-02  1.9655817426353434E-01  3.8054730317703391E-06
  7.5934077995242724E-02  1.9615586812108904E-01  3.7706592883495725E-06
  7.6690586508847428E-02  1.9570161713891071E-01  3.7361740136426816E-06
  7.7454631890565367E-02  1.9528836622954432E-01  3.7020161306947137E-06
  7.8226289227959989E-02  1.9484503719701474E-01  3.6681847079873528E-06
  7.9005634356669643E-02  1.9442752643002809E-01  3.6346789157915510E-06
  7.9792743867860422E-02  1.9406215488878739E-01  3.6014980052486605E-06
  8.0587695115753241E-02  1.9371377032585826E-01  3.5686413014822758E-06
  8.1390566225226169E-02  1.9331856252359952E-01  3.5361081960505014E-06
  8.2201436099491904E-02  1.9293826773074446E-01  3.5038981302714074E-06
  8.3020384427852298E-02  1.9250861860911433E-01  3.4720105754806754E-06
  8.3847491693529952E-02  1.9207904459127106E-01  3.4404450131141600E-06
  8.4682839181577776E-02  1.9163473726303773E-01  3.4092009165973597E-06
  8.5526508986867159E-02  1.9120327443192450E-01  3.3782777380904456E-06
  8.6378584022156327E-02  1.9077668759887037E-01  3.3476748998498284E-06
  8.7239148026238528E-02  1.9035834330190707E-01  3.3173917888355777E-06
  8.8108285572171485E-02  1.8994850422378901E-01  3.2874277524213116E-06
  8.8986082075588974E-02  1.8953253843230694E-01  3.2577821308988910E-06
  8.9872623803095339E-02  1.8912657671186317E-01  3.2284544421475919E-06
  9.0767997880743190E-02  1.8874376610043397E-01  3.1994448049346273E-06
  9.1672292302595923E-02  1.8834707573196732E-01  3.1707545583105565E-06
  9.2585595939375584E-02  1.8793245233835304E-01  3.1423869177550016E-06
  9.3507998547196672E-02  1.8754348422387854E-01  3.1143474728091852E-06
  9.4439590776386764E-02  1.8713568016400944E-01  3.0866443950124031E-06
  9.5380464180395821E-02  1.8672459368962810E-01  3.0592883373656730E-06
  9.6330711224793392E-02  1.8629829674354359E-01  3.0322920996225057E-06
  9.7290425296355745E-02  1.8589578453329567E-01  3.0056701720527122E-06
  9.8259700712243700E-02  1.8547610644375531E-01  2.9794382593317504E-06
  9.9238632729271886E-02  1.8506598235210570E-01  2.9536128518899878E-06
  1.0022731755326991E-01  1.8460689605702513E-01  2.9282108682483054E-06
  1.0122585234853737E-01  1.8422804095905565E-01  2.9032493062790503E-06
  1.0223433524739274E-01  1.8384158846816953E-01  2.8787448329143514E-06
  1.0325286535981756E-01  1.8343876188675354E-01  2.8547132951321892E-06
  1.0428154278319614E-01  1.8304460223241267E-01  2.8311691989021731E-06
  1.0532046861215340E-01  1.8266777415703833E-01  2.8081252572694423E-06
  1.0636974494848972E-01  1.8227118734509956E-01  2.7855921383231097E-06
  1.0742947491121517E-01  1.8186909430619971E-01  2.7635784390947270E-06
  1.0849976264668355E-01  1.8140380987059429E-01  2.7420908542095416E-06
  1.0958071333882789E-01  1.8100796090295185E-01  2.7211344717857483E-06
  1.1067243321949713E-01  1.8059736761801501E-01  2.7007131191179842E-06
  1.1177502957889632E-01  1.8016090286432654E-01  2.6808296934288823E-06
  1.1288861077613087E-01  1.7979502608422443E-01  2.6614864557429660E-06
  1.1401328624985559E-01  1.7937427066019396E-01  2.6426854413828345E-06
  1.1514916652902960E-01  1.7903282663383305E-01  2.6244292748365631E-06
  1.1629636324377926E-01  1.7865350706056915E-01  2.6067225329072989E-06
  1.1745498913636848E-01  1.7823808829153234E-01  2.5895735324357543E-06
  1.1862515807227857E-01  1.7787023114239120E-01  2.5729961910238097E-06
  1.1980698505139845E-01  1.7745436793366520E-01  2.5570114924820973E-06
  1.2100058621932687E-01  1.7706216353379506E-01  2.5416482331128027E-06
  1.2220607887878618E-01  1.7667669410333919E-01  2.5269429806062960E-06
  1.2342358150115068E-01  1.7627606874335497E-01  2.5129393971312916E-06
  1.2465321373808973E-01  1.7587904263531415E-01  2.4996871992762287E-06
  1.2589509643332650E-01  1.7546817774720097E-01  2.4872410266211149E-06
  1.2714935163451369E-01  1.7510956944519956E-01  2.4756594235412030E-06
  1.2841610260522859E-01  1.7474711124786363E-01  2.4650039681174289E-06
  1.2969547383708674E-01  1.7437311793315566E-01  2.4553383472994248E-06
  1.3098759106197611E-01  1.7400155062656977E-01  2.4467272184672853E-06
  1.3229258126441398E-01  1.7364877872731183E-01  2.4392348062867644E-06
  1.3361057269402660E-01  1.7328167584163248E-01  2.4329233277821215E-06
  1.3494169487815263E-01  1.7294445073595746E-01  2.4278516021931121E-06
  1.3628607863457298E-01  1.7259420917884050E-01  2.4240742180039676E-06
  1.3764385608436711E-01  1.7224776772270475E-01  2.4216413749711743E-06
  1.3901516066489711E-01  1.7188006780903550E-01  2.4205993876183533E-06
  1.4040012714292160E-01  1.7152528239921058E-01  2.4209916819639036E-06
  1.4179889162784029E-01  1.7114172733490982E-01  2.4228600551832926E-06
  1.4321159158507010E-01  1.7076814639384147E-01  2.4262459956045493E-06
  1.4463836584955472E-01  1.7039032083146904E-01  2.4311918788945334E-06
  1.4607935463940877E-01  1.7002051917769617E-01  2.4377418780194988E-06
  1.4753469956969831E-01  1.6964161561583416E-01  2.4459423840049134E-06
  1.4900454366635771E-01  1.6933800984887284E-01  2.4558418597865147E-06
  1.5048903138024597E-01  1.6902041331455578E-01  2.4674902356644820E-06
  1.5198830860134294E-01  1.6872750166317305E-01  2.4809380649085549E-06
  1.5350252267308684E-01  1.6841889654572983E-01  2.4962356277487285E-06
  1.5503182240685395E-01  1.6812586240879193E-01  2.5134323112521549E-06
  1.5657635809658435E-01  1.6777372687500575E-01  2.5325764409647479E-06
  1.5813628153355169E-01  1.6746930013202604E-01  2.5537155686032344E-06
  1.5971174602128016E-01  1.6710983008500213E-01  2.5768971032578042E-06
  1.6130290639061165E-01  1.6680699545504393E-01  2.6021691259007335E-06
  1.6290991901492144E-01  1.6647341417094327E-01  2.6295812206143888E-06
  1.6453294182548547E-01  1.6613292863161097E-01  2.6591851079856721E-06
  1.6617213432700226E-01  1.6581924261574402E-01  2.6910347199920615E-06
  1.6782765761326798E-01  1.6550367391498791E-01  2.7251853588122201E-06
  1.6949967438300736E-01  1.6520186193869763E-01  2.7616917817790733E-06
  1.7118834895586518E-01  1.6487315274860836E-01  2.8006053305208842E-06
  1.7289384728855264E-01  1.6456307988779242E-01  2.8419703657179125E-06
  1.7461633699115792E-01  1.6426661635142478E-01  2.8858206122994289E-06
  1.7635598734361962E-01  1.6394977942864361E-01  2.9321760469183660E-06
  1.7811296931236040E-01  1.6362067362542537E-01  2.9810407188034980E-06
  1.7988745556709099E-01  1.6332005099632441E-01  3.0324015890345057E-06
  1.8167962049777886E-01  1.6300688449925321E-01  3.0862282001274581E-06
  1.8348964023178599E-01  1.6266125473133825E-01  3.1424728088892715E-06
  1.8531769265117920E-01  1.6234129957302915E-01  3.2010706758284120E-06
  1.8716395741021108E-01  1.6200679970805687E-01  3.2619404575658470E-06
  1.8902861595297535E-01  1.6170523737643222E-01  3.3249846382470049E-06
  1.9091185153123946E-01  1.6138559972444283E-01  3.3900901923724319E-06
  1.9281384922245348E-01  1.6107569092569476E-01  3.4571298411586396E-06
  1.9473479594793824E-01  1.6076772656310104E-01  3.5259637183254390E-06
  1.9667488049125623E-01  1.6045497349308929E-01  3.5964411049708277E-06
  1.9863429351676429E-01  1.6009486082011293E-01  3.6684020459099074E-06
  2.0061322758835051E-01  1.5980079433657512E-01  3.7416784375153739E-06
  2.0261187718836010E-01  1.5943339326059708E-01  3.8160943085983634E-06
  2.0463043873670766E-01  1.5908086082830938E-01  3.8914652486598540E-06
  2.0666911061017995E-01  1.5874113651173716E-01  3.9675971597056253E-06
  2.0872809316193366E-01  1.5838976666131996E-01  4.0442846970948307E-06
  2.1080758874118294E-01  1.5804650776674364E-01  4.1213097761091069E-06
  2.1290780171308660E-01  1.5770700879861113E-01  4.1984407499475290E-06
  2.1502893847883359E-01  1.5737754044882674E-01  4.2754327783086417E-06
  2.1717120749592489E-01  1.5703859186127084E-01  4.3520296958326078E-06
  2.1933481929866194E-01  1.5665367017482981E-01  4.4279675692907883E-06
  2.2151998651883653E-01  1.5634344414553214E-01  4.5029799482274957E-06
  2.2372692390662677E-01  1.5606226584080685E-01  4.5768039837037985E-06
  2.2595584835170321E-01  1.5568958314769923E-01  4.6491863617131648E-06
  2.2820697890454328E-01  1.5542679535957477E-01  4.7198879976300442E-06
  2.3048053679795832E-01  1.5509608945670733E-01  4.7886867822208928E-06
  2.3277674546883653E-01  1.5477083321149790E-01  4.8553782352515697E-06
  2.3509583058010111E-01  1.5444606176029094E-01  4.9197745381239079E-06
  2.3743802004288667E-01  1.5410357439638242E-01  4.9817025154546068E-06
  2.3980354403893916E-01  1.5375348830589375E-01  5.0410014339246255E-06
  2.4219263504323638E-01  1.5340703484885906E-01  5.0975214362666512E-06
  2.4460552784683401E-01  1.5305463435950584E-01  5.1511228719641092E-06
  2.4704245957994173E-01  1.5269030108600071E-01  5.2016764206761628E-06
  2.4950366973522639E-01  1.5234400829538830E-01  5.2490646982032649E-06
  2.5198940019134786E-01  1.5197650250862638E-01  5.2931848533902005E-06
  2.5449989523673233E-01  1.5159276467397428E-01  5.3339514501905781E-06
  2.5703540159357718E-01  1.5126844089404715E-01  5.3712990264222724E-06
  2.5959616844209921E-01  1.5092767266166981E-01  5.4051837470975544E-06
  2.6218244744502472E-01  1.5059591531817873E-01  5.4355838113447322E-06
  2.6479449277231881E-01  1.5028607431184818E-01  5.4624986577820709E-06
  2.6743256112616681E-01  1.4999618839544571E-01  5.4859472518931359E-06
  2.7009691176620132E-01  1.4964028834834531E-01  5.5059658208073033E-06
  2.7278780653498019E-01  1.4933142121776394E-01  5.5226055757207190E-06
  2.7550550988372136E-01  1.4901812815127968E-01  5.5359306223634408E-06
  2.7825028889829101E-01  1.4867944703994332E-01  5.5460158578742254E-06
  2.8102241332545125E-01  1.4833666914988994E-01  5.5529451643582227E-06
  2.8382215559937130E-01  1.4798604899597523E-01  5.5568099515945757E-06
  2.8664979086840048E-01  1.4764215962858440E-01  5.5577077593966249E-06
  2.8950559702210804E-01  1.4730513487170313E-01  5.5557409502282099E-06
  2.9238985471859491E-01  1.4694269582437652E-01  5.5510155733346876E-06
  2.9530284741207463E-01  1.4660311113177227E-01  5.5436404834595960E-06
  2.9824486138072931E-01  1.4628498670458426E-01  5.5337267600631994E-06
  3.0121618575484610E-01  1.4594836613761450E-01  5.5213873669498622E-06
  3.0421711254523071E-01  1.4560053141478110E-01  5.5067369501600203E-06
  3.0724793667190381E-01  1.4526262638883219E-01  5.4898915941892792E-06
  3.1030895599308833E-01  1.4492178951074047E-01  5.4709684002776180E-06
  3.1340047133447779E-01  1.4457041165126452E-01  5.4500848275132340E-06
  3.1652278651880206E-01  1.4424528509880191E-01  5.4273577600600809E-06
  3.1967620839568794E-01  1.4388718454974836E-01  5.4029023129975078E-06
  3.2286104687181105E-01  1.4356864685011714E-01  5.3768305758971641E-06
  3.2607761494135590E-01  1.4322592863735295E-01  5.3492504896211191E-06
  3.2932622871677442E-01  1.4290564928580460E-01  5.3202650747939874E-06
  3.3260720745985140E-01  1.4257549215685081E-01  5.2899721373783944E-06
  3.3592087361308237E-01  1.4224003473386745E-01  5.2584644640723590E-06
  3.3926755283136095E-01  1.4193686494741872E-01  5.2258303909415910E-06
  3.4264757401398216E-01  1.4160420604442314E-01  5.1921546094895783E-06
  3.4606126933696724E-01  1.4127211524560140E-01  5.1575189796265178E-06
  3.4950897428570799E-01  1.4092643057069190E-01  5.1220031501146409E-06
  3.5299102768793567E-01  1.4057881618611093E-01  5.0856849202375849E-06
  3.5650777174702203E-01  1.4024629611419701E-01  5.0486403286510168E-06
  3.6005955207560858E-01  1.3990821510686108E-01  5.0109433131962775E-06
  3.6364671772957130E-01  1.3958368476821795E-01  4.9726650488470093E-06
  3.6726962124232659E-01  1.3923448468159921E-01  4.9338730852446561E-06
  3.7092861865947574E-01  1.3888770068474260E-01  4.8946304566620012E-06
  3.7462406957379479E-01  1.3857342837566070E-01  4.8549949569354607E-06
  3.7835633716057632E-01  1.3820798375156901E-01  4.8150187741346352E-06
  3.8212578821331972E-01  1.3790056373735549E-01  4.7747485512005798E-06
  3.8593279317977669E-01  1.3754835346639926E-01  4.7342258503609181E-06
  3.8977772619836198E-01  1.3722739302209286E-01  4.6934879236366913E-06
  3.9366096513491716E-01  1.3691131873357332E-01  4.6525685703708906E-06
  3.9758289161984800E-01  1.3658781937169864E-01  4.6114989625715101E-06
  4.0154389108563238E-01  1.3625953403002614E-01  4.5703085095120648E-06
  4.0554435280469403E-01  1.3591984880233174E-01  4.5290255212335328E-06
  4.0958466992766279E-01  1.3557553318047924E-01  4.4876776667711036E-06
  4.1366523952201090E-01  1.3527003936863594E-01  4.4462923965880891E-06
  4.1778646261107377E-01  1.3496146857610264E-01  4.4048973371338777E-06
  4.2194874421346368E-01  1.3464225782700448E-01  4.3635206353003488E-06
  4.2615249338287214E-01  1.3430498641412691E-01  4.3221912288156333E-06
  4.3039812324826898E-01  1.3398229080936697E-01  4.2809389744505276E-06
  4.3468605105450592E-01  1.3365798261481390E-01  4.2397945845662859E-06
  4.3901669820332023E-01  1.3331761650018450E-01  4.1987893395683421E-06
  4.4339049029474736E-01  1.3299048757762172E-01  4.1579546754541781E-06
  4.4780785716894994E-01  1.3263829481155387E-01  4.1173217413220906E-06
  4.5226923294845978E-01  1.3228738603778048E-01  4.0769208891597171E-06
  4.5677505608084013E-01  1.3196194019481380E-01  4.0367811457686567E-06
  4.6132576938177777E-01  1.3158395318895277E-01  3.9969297870938508E-06
  4.6592182007859950E-01  1.3127207384199105E-01  3.9573918985515240E-06
  4.7056365985422260E-01  1.3093550897240760E-01  3.9181899367279900E-06
  4.7525174489154942E-01  1.3062763805875374E-01  3.8793433280997601E-06
  4.7998653591829327E-01  1.3030264157726112E-01  3.8408681923654928E-06
  4.8476849825225998E-01  1.2997693186391712E-01  3.8027772832556910E-06
  4.8959810184708041E-01  1.2961418101140643E-01  3.7650802069038186E-06
  4.9447582133838952E-01  1.2932189681114137E-01  3.7277838745247351E-06
  4.9940213609047707E-01  1.2898700321682147E-01  3.6908930266224299E-06
  5.0437753024339593E-01  1.2865858435208516E-01  3.6544107334345266E-06
  5.0940249276054017E-01  1.2836008406068508E-01  3.6183388816888636E-06
  5.1447751747670123E-01  1.2801544176431465E-01  3.5826786555133030E-06
  5.1960310314659930E-01  1.2770026075772661E-01  3.5474308136942146E-06
  5.2477975349389672E-01  1.2732582118990948E-01  3.5125958320192113E-06
  5.3000797726070581E-01  1.2702054757387604E-01  3.4781739814063361E-06
  5.3528828825758457E-01  1.2669300628155267E-01  3.4441653354247702E-06
  5.4062120541403014E-01  1.2634154286253724E-01  3.4105697276115662E-06
  5.4600725282948082E-01  1.2598836928958507E-01  3.3773866671678850E-06
  5.5144695982482084E-01  1.2564758415505017E-01  3.3446152795583656E-06
  5.5694086099439843E-01  1.2531137615454738E-01  3.3122543232653530E-06
  5.6248949625856726E-01  1.2497059722984832E-01  3.2803022639469214E-06
  5.6809341091674592E-01  1.2459901042563758E-01  3.2487573150306024E-06
  5.7375315570100582E-01  1.2431366120063840E-01  3.2176174490650280E-06
  5.7946928683020138E-01  1.2398800527884483E-01  3.1868804338927020E-06
  5.8524236606462576E-01  1.2366428891611464E-01  3.1565438825849651E-06
  5.9107296076122151E-01  1.2335437862349949E-01  3.1266053141767079E-06
  5.9696164392934292E-01  1.2297715019722727E-01  3.0970622459815525E-06
  6.0290899428706035E-01  1.2266622708786387E-01  3.0679122874576423E-06
  6.0891559631804226E-01  1.2233814987791647E-01  3.0391532206550760E-06
  6.1498204032899273E-01  1.2198730916781707E-01  3.0107830301539610E-06
  6.2110892250766303E-01  1.2162980974579993E-01  2.9827998549739220E-06
  6.2729684498144722E-01  1.2125773649538012E-01  2.9552018974568363E-06
  6.3354641587655391E-01  1.2092404429401805E-01  2.9279874049045446E-06
  6.3985824937776969E-01  1.2053452222090247E-01  2.9011546922537484E-06
  6.4623296578882239E-01  1.2021493864176432E-01  2.8747021058680581E-06
  6.5267119159334042E-01  1.1986291449539906E-01  2.8486279410264755E-06
  6.5917355951641932E-01  1.1955822097515981E-01  2.8229303756530508E-06
  6.6574070858680734E-01  1.1920785316202172E-01  2.7976074351944365E-06
  6.7237328419970543E-01  1.1889141545809842E-01  2.7726569492282433E-06
  6.7907193818019151E-01  1.1853599996225157E-01  2.7480765108176863E-06
  6.8583732884728432E-01  1.1820716384693822E-01  2.7238634472488087E-06
  6.9267012107863757E-01  1.1783497905429369E-01  2.7000148225953496E-06
  6.9957098637588011E-01  1.1749175234384722E-01  2.6765274390306590E-06
  7.0654060293061527E-01  1.1714361819069788E-01  2.6533977886527713E-06
  7.1357965569106219E-01  1.1677466614860342E-01  2.6306219991749319E-06
  7.2068883642937454E-01  1.1637150868019010E-01  2.6081958891810979E-06
  7.2786884380962924E-01  1.1602884785391646E-01  2.5861151105040461E-06
  7.3512038345647979E-01  1.1567568240861630E-01  2.5643752230855511E-06
  7.4244416802450941E-01  1.1531264731765443E-01  2.5429717376002130E-06
  7.4984091726826640E-01  1.1495878420742547E-01  2.5219001369663858E-06
  7.5731135811299599E-01  1.1459421515192468E-01  2.5011558951899976E-06
  7.6485622472608439E-01  1.1424136854068691E-01  2.4807345166225583E-06
  7.7247625858920810E-01  1.1388698911236032E-01  2.4606315948619893E-06
  7.8017220857120173E-01  1.1352917230700926E-01  2.4408428629296291E-06
  7.8794483100165791E-01  1.1316176976986958E-01  2.4213642143478263E-06
  7.9579488974525536E-01  1.1279363983468037E-01  2.4021917088745645E-06
  8.0372315627682567E-01  1.1242188420524468E-01  2.3833214918201992E-06
  8.1173040975717581E-01  1.1205046158220792E-01  2.3647496534999650E-06
  8.1981743710965937E-01  1.1166988322953787E-01  2.3464722206706527E-06
  8.2798503309750859E-01  1.1128634751994325E-01  2.3284852065184169E-06
  8.3623400040194740E-01  1.1090243458284299E-01  2.3107846144524188E-06
  8.4456514970107266E-01  1.1051332347539408E-01  2.2933664428118819E-06
  8.5297929974952102E-01  1.1012995721980585E-01  2.2762267053182812E-06
  8.6147727745894309E-01  1.0973266704706158E-01  2.2593614445858074E-06
  8.7005991797925741E-01  1.0933869668095567E-01  2.2427667154845503E-06
  8.7872806478073195E-01  1.0896775014537177E-01  2.2264385809958750E-06
  8.8748256973688167E-01  1.0855343114557194E-01  2.2103731696114341E-06
  8.9632429320817619E-01  1.0817773218518427E-01  2.1945667613425627E-06
  9.0525410412660356E-01  1.0778209371675522E-01  2.1790158238027337E-06
  9.1427288008106067E-01  1.0737864161276714E-01  2.1637169483710701E-06
  9.2338150740359792E-01  1.0697476587917809E-01  2.1486667338049352E-06
  9.3258088125652938E-01  1.0658760975641419E-01  2.1338617949955573E-06
  9.4187190572040358E-01  1.0618108822149674E-01  2.1192988230850352E-06
  9.5125549388285069E-01  1.0577772642337825E-01  2.1049745617853365E-06
  9.6073256792832251E-01  1.0536513636782791E-01  2.0908857826736191E-06
  9.7030405922871865E-01  1.0494242966629985E-01  2.0770292850103313E-06
  9.7997090843491619E-01  1.0453137876721272E-01  2.0634019195352874E-06
  9.8973406556921784E-01  1.0411333484262791E-01  2.0500006230946742E-06
  9.9959449011871471E-01  1.0368338067135029E-01  2.0368224140895622E-06
  1.0095531511295779E+00  1.0326176629754720E-01  2.0238643662421222E-06
  1.0196110273022991E+00  1.0282415930792739E-01  2.0111236341755345E-06
  1.0297691070878696E+00  1.0238209677337896E-01  1.9985975027532976E-06
  1.0400283887849191E+00  1.0194850071766462E-01  1.9862832866255102E-06
  1.0503898806378347E+00  1.0150589774103892E-01  1.9741781982110128E-06
  1.0608546009358351E+00  1.0105109421082314E-01  1.9622793824390873E-06
  1.0714235781130490E+00  1.0060472351704867E-01  1.9505839595510224E-06
  1.0820978508495944E+00  1.0015552286660613E-01  1.9390890277023795E-06
  1.0928784681736405E+00  9.9713034981517817E-02  1.9277916584808441E-06
  1.1037664895645150E+00  9.9261130332360559E-02  1.9166888912426223E-06
  1.1147629850568213E+00  9.8790330828767231E-02  1.9057777274584479E-06
  1.1258690353455945E+00  9.8349763219091169E-02  1.8950551507306364E-06
  1.1370857318925141E+00  9.7871656952362954E-02  1.8845181859173106E-06
  1.1484141770331664E+00  9.7399463712180306E-02  1.8741639593775323E-06
  1.1598554840853736E+00  9.6942601953007274E-02  1.8639897516267858E-06
  1.1714107774586147E+00  9.6482559796810932E-02  1.8539930182961865E-06
  1.1830811927645233E+00  9.6002640799639841E-02  1.8441712992390490E-06
  1.1948678769284891E+00  9.5518004131360579E-02  1.8345221087834760E-06
  1.2067719883023798E+00  9.5024899718729558E-02  1.8250429568081673E-06
  1.2187946967783767E+00  9.4539882127014252E-02  1.8157313774701249E-06
  1.2309371839039434E+00  9.4065803773647080E-02  1.8065849030217615E-06
  1.2432006429979510E+00  9.3558508679402616E-02  1.7976010405414083E-06
  1.2555862792679495E+00  9.3062467920297737E-02  1.7887772585502286E-06
  1.2680953099286083E+00  9.2569920367898892E-02  1.7801109711017702E-06
  1.2807289643213460E+00  9.2079212203461325E-02  1.7715995118193478E-06
  1.2934884840351419E+00  9.1564496833882958E-02  1.7632401050494210E-06
  1.3063751230285505E+00  9.1073025828425039E-02  1.7550298720581635E-06
  1.3193901477529488E+00  9.0558732947214407E-02  1.7469659281659122E-06
  1.3325348372769830E+00  9.0031389748854551E-02  1.7390454651746816E-06
  1.3458104834122775E+00  8.9533886561855541E-02  1.7312656406594490E-06
  1.3592183908403972E+00  8.8999732094463657E-02  1.7236235679901355E-06
  1.3727598772410505E+00  8.8474859272216252E-02  1.7161164442669224E-06
  1.3864362734216000E+00  8.7951809395989039E-02  1.7087416271640461E-06
  1.4002489234478441E+00  8.7394193507609075E-02  1.7014967017237591E-06
  1.4141991847761028E+00  8.6914583183459931E-02  1.6943795663369358E-06
  1.4282884283866311E+00  8.6364417594053680E-02  1.6873885326500167E-06
  1.4425180389183512E+00  8.5822220372220634E-02  1.6805224348554509E-06
  1.4568894148049238E+00  8.5297129799067173E-02  1.6737807523481270E-06
  1.4714039684121913E+00  8.4745632139093197E-02  1.6671637267885409E-06
  1.4860631261769739E+00  8.4209190913332926E-02  1.6606723837610014E-06
  1.5008683287472508E+00  8.3648424215547718E-02  1.6543085167279085E-06
  1.5158210311237512E+00  8.3097981712551339E-02  1.6480746002396141E-06
  1.5309227028029397E+00  8.2565152333944236E-02  1.6419735142286178E-06
  1.5461748279214367E+00  8.2005241812230470E-02  1.6360082609225328E-06
  1.5615789054018663E+00  8.1460980273656697E-02  1.6301818272329655E-06
  1.5771364491001767E+00  8.0897669133476499E-02  1.6244970651862989E-06
  1.5928489879544092E+00  8.0340818436504355E-02  1.6189565594718322E-06
  1.6087180661349532E+00  7.9791663202818150E-02  1.6135624978392706E-06
  1.6247452431963101E+00  7.9236318656120908E-02  1.6083165416799621E-06
  1.6409320942303576E+00  7.8678872801109800E-02  1.6032196957278979E-06
  1.6572802100211375E+00  7.8125893922561598E-02  1.5982721935485011E-06
  1.6737911972012014E+00  7.7572618647709909E-02  1.5934734754850116E-06
  1.6904666784095006E+00  7.7023490562247235E-02  1.5888222841630851E-06
  1.7073082924508529E+00  7.6474847935175741E-02  1.5843168147717125E-06
  1.7243176944569953E+00  7.5930603862382012E-02  1.5799548399720680E-06
  1.7414965560492506E+00  7.5388394111864279E-02  1.5757338137863239E-06
  1.7588465655028065E+00  7.4839650821027837E-02  1.5716510456784322E-06
  1.7763694279126256E+00  7.4306473685135641E-02  1.5677038784847086E-06
  1.7940668653610277E+00  7.3764358082912457E-02  1.5638897890548184E-06
  1.8119406170869226E+00  7.3228081935362760E-02  1.5602064361604091E-06
  1.8299924396567329E+00  7.2700756584102855E-02  1.5566517048209011E-06
  1.8482241071370327E+00  7.2165076728943719E-02  1.5532237596231301E-06
  1.8666374112688884E+00  7.1607927838295282E-02  1.5499210927338001E-06
  1.8852341616439494E+00  7.1095557286300085E-02  1.5467425500249978E-06
  1.9040161858822797E+00  7.0539646904699937E-02  1.5436873209292063E-06
  1.9229853298119814E+00  7.0028107559475514E-02  1.5407549170733253E-06
  1.9421434576505896E+00  6.9496889145357885E-02  1.5379451764170234E-06
  1.9614924521882757E+00  6.8964990380587232E-02  1.5352580599440834E-06
  1.9810342149728926E+00  6.8441782792817929E-02  1.5326934287450278E-06
  2.0007706664968459E+00  6.7897219324407593E-02  1.5302509504776979E-06
  2.0207037463858266E+00  6.7383946405456197E-02  1.5279299945396250E-06
  2.0408354135894422E+00  6.6878364215367900E-02  1.5257294885036247E-06
  2.0611676465737281E+00  6.6363809597715387E-02  1.5236477399026963E-06
  2.0817024435155873E+00  6.5851436566050248E-02  1.5216822211419623E-06
  2.1024418224991539E+00  6.5344967973587881E-02  1.5198293412718055E-06
  2.1233878217141395E+00  6.4839148782871642E-02  1.5180842481839584E-06
  2.1445424996561298E+00  6.4343725934113333E-02  1.5164407295498839E-06
  2.1659079353288777E+00  6.3845518732347395E-02  1.5148912581266136E-06
  2.1874862284486380E+00  6.3351078601536617E-02  1.5134271832710929E-06
  2.2092794996505098E+00  6.2834214935296076E-02  1.5120390745176254E-06
  2.2312898906968397E+00  6.2364070746336195E-02  1.5107171210928149E-06
  2.2535195646877164E+00  6.1871431922000175E-02  1.5094513764987945E-06
  2.2759707062735490E+00  6.1377099257766146E-02  1.5082320206492932E-06
  2.2986455218697652E+00  6.0884556655400372E-02  1.5070496681611087E-06
  2.3215462398736446E+00  6.0390068112907258E-02  1.5058957151166674E-06
  2.3446751108833279E+00  5.9885264393818964E-02  1.5047627393945698E-06
  2.3680344079189930E+00  5.9388721363212993E-02  1.5036449385605089E-06
  2.3916264266462322E+00  5.8897261583078724E-02  1.5025385587772623E-06
  2.4154534856016725E+00  5.8402439702471755E-02  1.5014422105580862E-06
  2.4395179264208307E+00  5.7901308088883073E-02  1.5003570051338287E-06
  2.4638221140682273E+00  5.7400050458915393E-02  1.4992864827690259E-06
  2.4883684370698278E+00  5.6897927831373617E-02  1.4982363150059108E-06
  2.5131593077477659E+00  5.6398786702640709E-02  1.4972136104155462E-06
  2.5381971624574127E+00  5.5879821282272452E-02  1.4962262328822965E-06
  2.5634844618268264E+00  5.5381960696346072E-02  1.4952823355717935E-06
  2.5890236909985647E+00  5.4896499843298682E-02  1.4943900530336840E-06
  2.6148173598739199E+00  5.4391719880368554E-02  1.4935572381531974E-06
  2.6408680033595719E+00  5.3893305743803514E-02  1.4927911606062933E-06
  2.6671781816167268E+00  5.3397238552445776E-02  1.4920981582726491E-06
  2.6937504803127110E+00  5.2928634511344899E-02  1.4914832846261288E-06
  2.7205875108750734E+00  5.2445583742480845E-02  1.4909500180428566E-06
  2.7476919107482414E+00  5.1966828229538485E-02  1.4905001056673267E-06
  2.7750663436527145E+00  5.1494543700215216E-02  1.4901335767410221E-06
  2.8027134998468335E+00  5.1025757874334200E-02  1.4898489767948961E-06
  2.8306360963911885E+00  5.0562061397276446E-02  1.4896440014927904E-06
  2.8588368774156270E+00  5.0105379891343865E-02  1.4895160261593961E-06
  2.8873186143889460E+00  4.9649283842765665E-02  1.4894623895531912E-06
  2.9160841063912479E+00  4.9200097204328955E-02  1.4894806520154492E-06
  2.9451361803890426E+00  4.8754670521536897E-02  1.4895686688526449E-06
  2.9744776915130617E+00  4.8316475546618262E-02  1.4897245262678735E-06
  3.0041115233388411E+00  4.7880740918636804E-02  1.4899465416513515E-06
  3.0340405881701273E+00  4.7446792555739720E-02  1.4902333409996873E-06
  3.0642678273250787E+00  4.7020602986428184E-02  1.4905839016624169E-06
  3.0947962114253156E+00  4.6592060000355012E-02  1.4909975246000586E-06
  3.1256287406878860E+00  4.6153713911325285E-02  1.4914737608504363E-06
  3.1567684452200964E+00  4.5748339590550191E-02  1.4920122715108672E-06
  3.1882183853173114E+00  4.5321063505808841E-02  1.4926126020242341E-06
  3.2199816517636943E+00  4.4907293788109238E-02  1.4932738867663695E-06
  3.2520613661359752E+00  4.4495158031417001E-02  1.4939945787845289E-06
  3.2844606811102208E+00  4.4080864200462845E-02  1.4947723077173091E-06
  3.3171827807716556E+00  4.3669772752908745E-02  1.4956040065247141E-06
  3.3502308809276045E+00  4.3256033879957509E-02  1.4964864064032872E-06
  3.3836082294235181E+00  4.2846897337462282E-02  1.4974163432303243E-06
  3.4173181064621510E+00  4.2440956693287478E-02  1.4983906863549945E-06
  3.4513638249259451E+00  4.2018025933971616E-02  1.4994062679350388E-06
  3.4857487307025981E+00  4.1632948517428520E-02  1.5004599927533890E-06
  3.5204762030138905E+00  4.1228894781766258E-02  1.5015489246505858E-06
  3.5555496547477659E+00  4.0833337466034049E-02  1.5026703851056441E-06
  3.5909725327937623E+00  4.0433755307271765E-02  1.5038220830604420E-06
  3.6267483183817468E+00  4.0037177307457379E-02  1.5050022823714877E-06
  3.6628805274240288E+00  3.9639379037359333E-02  1.5062100438522443E-06
  3.6993727108609096E+00  3.9249585345682340E-02  1.5074452467612308E-06
  3.7362284550096501E+00  3.8861642641696330E-02  1.5087083367606714E-06
  3.7734513819169040E+00  3.8471699782916195E-02  1.5099997145914322E-06
  3.8110451497147051E+00  3.8070391777782271E-02  1.5113192837203602E-06
  3.8490134529799582E+00  3.7703376893510297E-02  1.5126666858285442E-06
  3.8873600230975387E+00  3.7324313838277771E-02  1.5140416366709827E-06
  3.9260886286269794E+00  3.6944593116493715E-02  1.5154438495068714E-06
  3.9652030756728585E+00  3.6557603007719000E-02  1.5168729899156365E-06
  4.0047072082588357E+00  3.6194153764757139E-02  1.5183286841355014E-06
  4.0446049087054181E+00  3.5824543202893210E-02  1.5198104513068126E-06
  4.0849000980115209E+00  3.5444391490692000E-02  1.5213176467429900E-06
  4.1255967362398005E+00  3.5090781905113021E-02  1.5228494278629740E-06
  4.1666988229058219E+00  3.4728191816144068E-02  1.5244047083179451E-06
  4.2082103973711371E+00  3.4355627351037213E-02  1.5259821525508252E-06
  4.2501355392402491E+00  3.3995587508233248E-02  1.5275804911037152E-06
  4.2924783687615422E+00  3.3654000547965732E-02  1.5291989530091010E-06
  4.3352430472321917E+00  3.3299132427973069E-02  1.5308372007820639E-06
  4.3784337774071451E+00  3.2954016061076702E-02  1.5324950499791373E-06
  4.4220548039121406E+00  3.2605598576261059E-02  1.5341725500068618E-06
  4.4661104136608403E+00  3.2260755893932867E-02  1.5358699775041026E-06
  4.5106049362761587E+00  3.1918895444509085E-02  1.5375876394094439E-06
  4.5555427445157486E+00  3.1577338179945166E-02  1.5393259000487611E-06
  4.6009282547017269E+00  3.1240730137626488E-02  1.5410851725584784E-06
  4.6467659271547186E+00  3.0906190747516011E-02  1.5428659377992290E-06
  4.6930602666321883E+00  3.0573643905743617E-02  1.5446687955382710E-06
  4.7398158227711535E+00  3.0245427620776592E-02  1.5464944354033414E-06
  4.7870371905352940E+00  2.9914313067194449E-02  1.5483435031609992E-06
  4.8347290106665497E+00  2.9593912310526074E-02  1.5502163917050483E-06
  4.8828959701411883E+00  2.9264810594497464E-02  1.5521131555134715E-06
  4.9315428026304025E+00  2.8952745547134343E-02  1.5540335601346275E-06
  4.9806742889655533E+00  2.8633930175421391E-02  1.5559770676714870E-06
  5.0302952576079916E+00  2.8307326279655248E-02  1.5579429783222192E-06
  5.0804105851235741E+00  2.8010149147528082E-02  1.5599307526748600E-06
  5.1310251966619376E+00  2.7684244011594410E-02  1.5619399435379432E-06
  5.1821440664405083E+00  2.7391770700115323E-02  1.5639701101372547E-06
  5.2337722182333550E+00  2.7083086711196601E-02  1.5660208164241060E-06
  5.2859147258648953E+00  2.6778192235612435E-02  1.5680916191322081E-06
  5.3385767137085525E+00  2.6480248591629764E-02  1.5701820737680974E-06
  5.3917633571903547E+00  2.6172013495440436E-02  1.5722917395109425E-06
  5.4454798832975317E+00  2.5873667295316243E-02  1.5744202231307096E-06
  5.4997315710922452E+00  2.5591028207988024E-02  1.5765672655667430E-06
  5.5545237522303701E+00  2.5289258479545527E-02  1.5787328454218995E-06
  5.6098618114854597E+00  2.5014165883898883E-02  1.5809171824004554E-06
  5.6657511872779738E+00  2.4722779876809649E-02  1.5831205652686444E-06
  5.7221973722097221E+00  2.4432501937820570E-02  1.5853431509940706E-06
  5.7792059136036702E+00  2.4154564756536753E-02  1.5875849968290734E-06
  5.8367824140490860E+00  2.3876275362097670E-02  1.5898461904860261E-06
  5.8949325319521764E+00  2.3610503306349513E-02  1.5921268670632523E-06
  5.9536619820921590E+00  2.3336633423428843E-02  1.5944271760450633E-06
  6.0129765361828671E+00  2.3066802583109045E-02  1.5967472987131627E-06
  6.0728820234400125E+00  2.2797550479426304E-02  1.5990874904736598E-06
  6.1333843311540424E+00  2.2527634582595657E-02  1.6014480516807883E-06
  6.1944894052686967E+00  2.2272575747590513E-02  1.6038292239043760E-06
  6.2562032509653935E+00  2.2011906379765966E-02  1.6062310834012232E-06
  6.3185319332533743E+00  2.1755912418065196E-02  1.6086535548397466E-06
  6.3814815775657578E+00  2.1501515129319630E-02  1.6110965786661861E-06
  6.4450583703615036E+00  2.1241661819894515E-02  1.6135601914313299E-06
  6.5092685597334308E+00  2.0993088747651233E-02  1.6160446698930067E-06
  6.5741184560222381E+00  2.0748753891173980E-02  1.6185505456437200E-06
  6.6396144324366446E+00  2.0502582741138982E-02  1.6210783564289812E-06
  6.7057629256797586E+00  2.0268730062300237E-02  1.6236286223369352E-06
  6.7725704365816393E+00  2.0029254306333094E-02  1.6262018621539863E-06
  6.8400435307381526E+00  1.9784769067761575E-02  1.6287986186526459E-06
  6.9081888391562485E+00  1.9552291686732202E-02  1.6314194680799682E-06
  6.9770130589056150E+00  1.9327652329314708E-02  1.6340649913723912E-06
  7.0465229537768472E+00  1.9091386662089815E-02  1.6367357531239971E-06
  7.1167253549461424E+00  1.8872575750234977E-02  1.6394322728594802E-06
  7.1876271616466845E+00  1.8648971230168409E-02  1.6421549676335967E-06
  7.2592353418466571E+00  1.8427529281712311E-02  1.6449042092035376E-06
  7.3315569329340020E+00  1.8208202450569901E-02  1.6476802256318356E-06
  7.4045990424080772E+00  1.7992707835696422E-02  1.6504828726993418E-06
  7.4783688485781337E+00  1.7779149185371504E-02  1.6533120217622191E-06
  7.5528736012687414E+00  1.7567181452966898E-02  1.6561676626729100E-06
  7.6281206225323350E+00  1.7357749691115577E-02  1.6590498017504282E-06
  7.7041173073687563E+00  1.7150714246907686E-02  1.6619584958254758E-06
  7.7808711244520277E+00  1.6946033241724216E-02  1.6648938773141241E-06
  7.8583896168643159E+00  1.6743710865390244E-02  1.6678561170736683E-06
  7.9366804028372817E+00  1.6543752089916246E-02  1.6708453687250153E-06
  8.0157511765007499E+00  1.6345866676190719E-02  1.6738617379668540E-06
  8.0956097086388361E+00  1.6149930895242467E-02  1.6769052954096209E-06
  8.1762638474536811E+00  1.5956418050712372E-02  1.6799760591106789E-06
  8.2577215193367124E+00  1.5764213492259319E-02  1.6830740630863671E-06
  8.3399907296476048E+00  1.5575046081975292E-02  1.6861996909608079E-06
  8.4230795635010587E+00  1.5387880765752019E-02  1.6893535256376298E-06
  8.5069961865613504E+00  1.5201972172340325E-02  1.6925361220271087E-06
  8.5917488458448368E+00  1.5018798639581788E-02  1.6957480693034605E-06
  8.6773458705303987E+00  1.4837792016748069E-02  1.6989899809772196E-06
  8.7637956727780733E+00  1.4658959353606209E-02  1.7022624741863504E-06
  8.8511067485557220E+00  1.4480030057563868E-02  1.7055661788947986E-06
  8.9392876784739776E+00  1.4305573099030544E-02  1.7089017502186042E-06
  9.0283471286295462E+00  1.4132346913685810E-02  1.7122698652747541E-06
  9.1182938514568743E+00  1.3960883085441350E-02  1.7156711908505996E-06
  9.2091366865882609E+00  1.3791452387930775E-02  1.7191063433948389E-06
  9.3008845617226523E+00  1.3623515743892003E-02  1.7225758671803113E-06
  9.3935464935029866E+00  1.3453614161006561E-02  1.7260801358084658E-06
  9.4871315884022884E+00  1.3294430088538478E-02  1.7296193910348580E-06
  9.5816490436186843E+00  1.3131851450748112E-02  1.7331939379159777E-06
  9.6771081479792223E+00  1.2971663958217094E-02  1.7368041765221291E-06
  9.7735182828527680E+00  1.2813208740543520E-02  1.7404505597077041E-06
  9.8708889230719290E+00  1.2652275798328895E-02  1.7441335664384517E-06
  9.9692296378642702E+00  1.2497091912975811E-02  1.7478536998756858E-06
  1.0068550091792703E+01  1.2343925356489753E-02  1.7516114956215547E-06
  1.0168860045705266E+01  1.2197049875592674E-02  1.7554075238117869E-06
  1.0270169357694433E+01  1.2047448567816196E-02  1.7592423724410431E-06
  1.0372487984065913E+01  1.1899438021594797E-02  1.7631166074789087E-06
  1.0475825980317069E+01  1.1753005196943634E-02  1.7670307221156980E-06
  1.0580193502125221E+01  1.1608342207845679E-02  1.7709851233381760E-06
  1.0685600806345645E+01  1.1465748444909885E-02  1.7749801881316116E-06
  1.0792058252019618E+01  1.1319964663151192E-02  1.7790162890193470E-06
  1.0899576301392408E+01  1.1184118438756835E-02  1.7830937619859449E-06
  1.1008165520941542E+01  1.1043155472481759E-02  1.7872129086125832E-06
  1.1117836582415203E+01  1.0906674918585260E-02  1.7913740137574274E-06
  1.1228600263880972E+01  1.0774578320996217E-02  1.7955773489069457E-06
  1.1340467450785134E+01  1.0641010783240071E-02  1.7998231840115897E-06
  1.1453449137022417E+01  1.0509293129414860E-02  1.8041118055570899E-06
  1.1567556426016402E+01  1.0378893384122963E-02  1.8084435177001167E-06
  1.1682800531810793E+01  1.0250041280627346E-02  1.8128186144563788E-06
  1.1799192780171445E+01  1.0122808817157082E-02  1.8172373406698937E-06
  1.1916744609699448E+01  9.9972721135775430E-03  1.8216998508527398E-06
  1.2035467572955213E+01  9.8724609023800036E-03  1.8262061656016397E-06
  1.2155373337593895E+01  9.7494073643991618E-03  1.8307561798114877E-06
  1.2276473687512011E+01  9.6244801098096001E-03  1.8353497383220087E-06
  1.2398780524005472E+01  9.5077399322281882E-03  1.8399866989653588E-06
  1.2522305866939286E+01  9.3890354021333496E-03  1.8446669319722811E-06
  1.2647061855928778E+01  9.2682962348385762E-03  1.8493902961536276E-06
  1.2773060751532588E+01  9.1556752367811470E-03  1.8541566233069339E-06
  1.2900314936457685E+01  9.0404102354501824E-03  1.8589657205595797E-06
  1.3028836916776227E+01  8.9246961484345851E-03  1.8638173631203346E-06
  1.3158639323154636E+01  8.8162003290887716E-03  1.8687112602211006E-06
  1.3289734912094858E+01  8.7043928072056374E-03  1.8736469981380763E-06
  1.3422136567188085E+01  8.5926826294626512E-03  1.8786239757700128E-06
  1.3555857300380881E+01  8.4875893832821424E-03  1.8836413322464083E-06
  1.3690910253253897E+01  8.3807584878308212E-03  1.8886979065929688E-06
  1.3827308698313468E+01  8.2748182268141662E-03  1.8937922977182084E-06
  1.3965066040295941E+01  8.1703148662938697E-03  1.8989229497045606E-06
  1.4104195817484998E+01  8.0670471269940619E-03  1.9040881805175198E-06
  1.4244711703042238E+01  7.9618744225836823E-03  1.9092861997848541E-06
  1.4386627506350864E+01  7.8620311541079471E-03  1.9145151375604726E-06
  1.4529957174372855E+01  7.7641022587981732E-03  1.9197730824227256E-06
  1.4674714793019549E+01  7.6650266781914849E-03  1.9250581185054969E-06
  1.4820914588536056E+01  7.5676888746627749E-03  1.9303683574811292E-06
  1.4968570928899325E+01  7.4713768023905733E-03  1.9357019854523658E-06
  1.5117698325230064E+01  7.3757185584329837E-03  1.9410573203665731E-06
  1.5268311433219051E+01  7.2812905131569919E-03  1.9464328509112483E-06
  1.5420425054567351E+01  7.1857456783141196E-03  1.9518272486526099E-06
  1.5574054138440756E+01  7.0930740142281269E-03  1.9572393425735585E-06
  1.5729213782939325E+01  7.0040101425254747E-03  1.9626680719130314E-06
  1.5885919236580936E+01  6.9133912890368332E-03  1.9681124792054693E-06
  1.6044185899799828E+01  6.8218404754317391E-03  1.9735716726587780E-06
  1.6204029326460162E+01  6.7328274381195582E-03  1.9790447664626176E-06
  1.6365465225384689E+01  6.6470086376955676E-03  1.9845308147699191E-06
  1.6528509461898377E+01  6.5598658320105930E-03  1.9900287370504111E-06
  1.6693178059387673E+01  6.4718461745646161E-03  1.9955372249604233E-06
  1.6859487200875336E+01  6.3880710778039546E-03  2.0010546350458089E-06
  1.7027453230610636E+01  6.3025961861676773E-03  2.0065788753758756E-06
  1.7197092655675714E+01  6.2193449663499652E-03  2.0121072854509161E-06
  1.7368422147607951E+01  6.1344947241941351E-03  2.0176365113574216E-06
  1.7541458544038139E+01  6.0519404298621246E-03  2.0231624462693017E-06
  1.7716218850345374E+01  5.9719134618919922E-03  2.0286803949041412E-06
  1.7892720241328352E+01  5.8893876108127583E-03  2.0341852751831438E-06
  1.8070980062893053E+01  5.8100813668260781E-03  2.0396717900861467E-06
  1.8251015833757524E+01  5.7312835268259815E-03  2.0451345622457081E-06
  1.8432845247173685E+01  5.6519344321556923E-03  2.0505682245000406E-06
  1.8616486172665901E+01  5.5741524606662818E-03  2.0559675084308054E-06
  1.8801956657787290E+01  5.4975370260138962E-03  2.0613273296300866E-06
  1.8989274929893440E+01  5.4195269865505557E-03  2.0666428485730795E-06
  1.9178459397933530E+01  5.3439512026765843E-03  2.0719095305548371E-06
  1.9369528654259586E+01  5.2691172759779161E-03  2.0771232057573815E-06
  1.9562501476453800E+01  5.1965772735295653E-03  2.0822800953127371E-06
  1.9757396829173679E+01  5.1227176836165711E-03  2.0873767642832132E-06
  1.9954233866015951E+01  5.0505615970656680E-03  2.0924098970996863E-06
  2.0153031931399006E+01  4.9786397952275340E-03  2.0973760701324601E-06
  2.0353810562463778E+01  4.9075875804053945E-03  2.1022716527469918E-06
  2.0556589490993900E+01  4.8366561225549991E-03  2.1070927385742805E-06
  2.0761388645354977E+01  4.7665319124856002E-03  2.1118350679560170E-06
  2.0968228152452841E+01  4.6966610084120675E-03  2.1164939052831023E-06
  2.1177128339711675E+01  4.6267680186290773E-03  2.1210638789269208E-06
  2.1388109737071783E+01  4.5580392967963564E-03  2.1255389349098275E-06
  2.1601193079007185E+01  4.4907356974836013E-03  2.1299124056808461E-06
  2.1816399306562992E+01  4.4232022525042599E-03  2.1341771282968794E-06
  2.2033749569413949E+01  4.3558251876325083E-03  2.1383256030916428E-06
  2.2253265227942695E+01  4.2883647089991999E-03  2.1423501787367903E-06
  2.2474967855338701E+01  4.2220750954335313E-03  2.1462432577396491E-06
  2.2698879239718945E+01  4.1557337190603573E-03  2.1499975004012446E-06
  2.2925021386268899E+01  4.0897767045637665E-03  2.1536059493407401E-06
  2.3153416519404843E+01  4.0238322663037323E-03  2.1570621293854722E-06
  2.3384087084958548E+01  3.9587853907359994E-03  2.1603601577622681E-06
  2.3617055752382850E+01  3.8939071337177316E-03  2.1634948989739621E-06
  2.3852345416979475E+01  3.8290984862404064E-03  2.1664621549173893E-06
  2.4089979202149181E+01  3.7661175771029802E-03  2.1692587534697822E-06
  2.4329980461664409E+01  3.7017446930321706E-03  2.1718824472913152E-06
  2.4572372781964106E+01  3.6398199647646487E-03  2.1743317322243168E-06
  2.4817179984471853E+01  3.5773905421893478E-03  2.1766056338993140E-06
  2.5064426127937100E+01  3.5147015763830865E-03  2.1787034621184657E-06
  2.5314135510799275E+01  3.4538084036670885E-03  2.1806245378569626E-06
  2.5566332673575900E+01  3.3932405455930886E-03  2.1823679289252266E-06
  2.5821042401274461E+01  3.3327337936075252E-03  2.1839322910417175E-06
  2.6078289725827950E+01  3.2731657318445764E-03  2.1853158536297756E-06
  2.6338099928554993E+01  3.2139168584760162E-03  2.1865164496291757E-06
  2.6600498542644587E+01  3.1544672920078244E-03  2.1875315221279706E-06
  2.6865511355665120E+01  3.0965497812354393E-03  2.1883580795800102E-06
  2.7133164412098804E+01  3.0393658678548817E-03  2.1889926617059178E-06
  2.7403484015901391E+01  2.9821845895486201E-03  2.1894313776043914E-06
  2.7676496733086925E+01  2.9256141807226426E-03  2.1896699688678715E-06
  2.7952229394338708E+01  2.8690100783613152E-03  2.1897038883848728E-06
  2.8230709097646272E+01  2.8135816921516081E-03  2.1895283994286505E-06
  2.8511963210968162E+01  2.7590139985812028E-03  2.1891386861358534E-06
  2.8796019374921691E+01  2.7044941790390735E-03  2.1885299549685469E-06
  2.9082905505499568E+01  2.6502965488285645E-03  2.1876974714344865E-06
  2.9372649796813015E+01  2.5968983122997926E-03  2.1866365417583222E-06
  2.9665280723862736E+01  2.5440251213866066E-03  2.1853424922612835E-06
  2.9960827045337549E+01  2.4919184629619440E-03  2.1838107046304238E-06
  3.0259317806440297E+01  2.4401700066080129E-03  2.1820367025215537E-06
  3.0560782341742513E+01  2.3889581951690090E-03  2.1800162704707363E-06
  3.0865250278067442E+01  2.3381250583482602E-03  2.1777455324730073E-06
  3.1172751537401375E+01  2.2883101491172966E-03  2.1752209680305929E-06
  3.1483316339834357E+01  2.2388257332292558E-03  2.1724393877964308E-06
  3.1796975206530369E+01  2.1899433338367913E-03  2.1693978875541090E-06
  3.2113758962726436E+01  2.1416551564153990E-03  2.1660938010051450E-06
  3.2433698740762175E+01  2.0937415571883715E-03  2.1625246292683306E-06
  3.2756825983139549E+01  2.0464619592041248E-03  2.1586879483396866E-06
  3.3083172445612838E+01  2.0002485087208259E-03  2.1545813468121225E-06
  3.3412770200308969E+01  1.9545722889515883E-03  2.1502023849096794E-06
  3.3745651638880325E+01  1.9091487383261670E-03  2.1455485581159374E-06
  3.4081849475687612E+01  1.8643654298179646E-03  2.1406172706061415E-06
  3.4421396751014534E+01  1.8207217690202229E-03  2.1354058318324915E-06
  3.4764326834315646E+01  1.7772921239727394E-03  2.1299115096512928E-06
  3.5110673427495449E+01  1.7345374655159788E-03  2.1241316273778184E-06
  3.5460470568219975E+01  1.6924024427262903E-03  2.1180636623967348E-06
  3.5813752633262787E+01  1.6507739379411925E-03  2.1117053230696159E-06
  3.6170554341882905E+01  1.6100621284976546E-03  2.1050546092631824E-06
  3.6530910759236789E+01  1.5695242193311362E-03  2.0981098780147912E-06
  3.6894857299824558E+01  1.5303436970279473E-03  2.0908698943105596E-06
  3.7262429730970645E+01  1.4912696108455045E-03  2.0833338151666164E-06
  3.7633664176338399E+01  1.4529576723431412E-03  2.0755010904550356E-06
  3.8008597119480449E+01  1.4151537320220803E-03  2.0673713784053142E-06
  3.8387265407424358E+01  1.3783034062589011E-03  2.0589445291396532E-06
  3.8769706254293389E+01  1.3419013092810896E-03  2.0502206221908987E-06
  3.9155957244963979E+01  1.3061574578768821E-03  2.0412000018981763E-06
  3.9546056338759691E+01  1.2710915570846506E-03  2.0318832617410989E-06
  3.9940041873181229E+01  1.2365416371754871E-03  2.0222712137661584E-06
  4.0337952567674371E+01  1.2029456793212459E-03  2.0123648275935952E-06
  4.0739827527435388E+01  1.1697977041016004E-03  2.0021651167777030E-06
  4.1145706247253685E+01  1.1371380021916121E-03  1.9916730153628503E-06
  4.1555628615393445E+01  1.1054338649638597E-03  1.9808893074923851E-06
  4.1969634917513950E+01  1.0742551981986778E-03  1.9698146466948636E-06
  4.2387765840628191E+01  1.0438930649277253E-03  1.9584496754719850E-06
  4.2810062477101745E+01  1.0138127186579326E-03  1.9467951382336617E-06
  4.3236566328691346E+01  9.8478268348783969E-04  1.9348518756364109E-06
  4.3667319310623107E+01  9.5615680551251129E-04  1.9226207343478430E-06
  4.4102363755711963E+01  9.2804492985927199E-04  1.9101024891838233E-06
  4.4541742418522318E+01  9.0088084739750910E-04  1.8972978642288839E-06
  4.4985498479569259E+01  8.7410801176420448E-04  1.8842076459758853E-06
  4.5433675549562395E+01  8.4799527242821241E-04  1.8708328540080579E-06
  4.5886317673692105E+01  8.2248317420637507E-04  1.8571749221288679E-06
  4.6343469335957529E+01  7.9751574351137502E-04  1.8432358364881575E-06
  4.6805175463538603E+01  7.7325840721533293E-04  1.8290182207323138E-06
  4.7271481431211605E+01  7.4950543893226675E-04  1.8145253473405272E-06
  4.7742433065807845E+01  7.2625488488290736E-04  1.7997610390210307E-06
  4.8218076650717656E+01  7.0372778483729261E-04  1.7847295086737005E-06
  4.8698458930439145E+01  6.8178112158170804E-04  1.7694352823928249E-06
  4.9183627115171987E+01  6.6020451538084332E-04  1.7538832001447053E-06
  4.9673628885456331E+01  6.3937748390081872E-04  1.7380784145233276E-06
  5.0168512396859924E+01  6.1898697276045452E-04  1.7220263314442087E-06
  5.0668326284710027E+01  5.9914212858860655E-04  1.7057325416280932E-06
  5.1173119668872502E+01  5.7982595756659856E-04  1.6892027905080116E-06
  5.1682942158580374E+01  5.6101146084886215E-04  1.6724429787965671E-06
  5.2197843857308619E+01  5.4273236972305868E-04  1.6554591474816863E-06
  5.2717875367697516E+01  5.2494727434491593E-04  1.6382574379115588E-06
  5.3243087796526964E+01  5.0763905682221875E-04  1.6208440900789454E-06
  5.3773532759738330E+01  4.9084584895790805E-04  1.6032255019405899E-06
  5.4309262387506926E+01  4.7447761700249272E-04  1.5854083248487061E-06
  5.4850329329365444E+01  4.5860897742227506E-04  1.5673995146117009E-06
  5.5396786759378436E+01  4.4317912735825310E-04  1.5492062784953868E-06
  5.5948688381367432E+01  4.2821648430313761E-04  1.5308360013370635E-06
  5.6506088434189088E+01  4.1367983012077683E-04  1.5122961999348952E-06
  5.7069041697065899E+01  3.9955966535108717E-04  1.4935944928959465E-06
  5.7637603494969028E+01  3.8583450952468134E-04  1.4747385690404345E-06
  5.8211829704055795E+01  3.7261985703191487E-04  1.4557362034106463E-06
  5.8791776757161308E+01  3.5972130780665085E-04  1.4365953286449840E-06
  5.9377501649343785E+01  3.4721919059845755E-04  1.4173240797869527E-06
  5.9969061943486160E+01  3.3512763931451296E-04  1.3979307832011036E-06
  6.0566515775953548E+01  3.2339273107899886E-04  1.3784239073139604E-06
  6.1169921862305877E+01  3.1202020514149758E-04  1.3588119965377138E-06
  6.1779339503068677E+01  3.0100705031478196E-04  1.3391036338535803E-06
  6.2394828589561229E+01  2.9034574716076806E-04  1.3193074893313241E-06
  6.3016449609781766E+01  2.7998835448012852E-04  1.2994323942017785E-06
  6.3644263654352351E+01  2.7003333132642120E-04  1.2794873437133823E-06
  6.4278332422523036E+01  2.6034324577673193E-04  1.2594814438957216E-06
  6.4918718228234638E+01  2.5094162164705959E-04  1.2394238509534388E-06
  6.5565484006243167E+01  2.4192321261732761E-04  1.2193237168988497E-06
  6.6218693318305171E+01  2.3312564045818894E-04  1.1991901757311384E-06
  6.6878410359423597E+01  2.2465003195900693E-04  1.1790323678019607E-06
  6.7544699964156948E+01  2.1645566362118979E-04  1.1588594532808323E-06
  6.8217627612991521E+01  2.0853589376671071E-04  1.1386806291401343E-06
  6.8897259438775677E+01  2.0089530221995019E-04  1.1185051654845572E-06
  6.9583662233219570E+01  1.9347092954867342E-04  1.0983424338143468E-06
  7.0276903453459596E+01  1.8632364113470759E-04  1.0782018787030762E-06
  7.0977051228687060E+01  1.7940074092288261E-04  1.0580929385159156E-06
  7.1684174366843962E+01  1.7272287913563372E-04  1.0380250073623402E-06
  7.2398342361385588E+01  1.6628142066969868E-04  1.0180074392324705E-06
  7.3119625398109875E+01  1.6003625978683542E-04  9.9804953083294225E-07
  7.3848094362053970E+01  1.5404599777409222E-04  9.7816046683285866E-07
  7.4583820844462380E+01  1.4823108331095400E-04  9.5834927113682092E-07
  7.5326877149821740E+01  1.4261959523996528E-04  9.3862480642892032E-07
  7.6077336302965790E+01  1.3721802938769485E-04  9.1899579720312296E-07
  7.6835272056253729E+01  1.3200053796770436E-04  8.9947082324814409E-07
  7.7600758896817496E+01  1.2696405948276718E-04  8.8005829623299385E-07
  7.8373872053881101E+01  1.2210207855773241E-04  8.6076644689383218E-07
  7.9154687506155753E+01  1.1742364556384887E-04  8.4160333688650367E-07
  7.9943281989305703E+01  1.1289585875782644E-04  8.2257690023737847E-07
  8.0739733003489349E+01  1.0853614714319074E-04  8.0369496300389939E-07
  8.1544118820975982E+01  1.0433610905198825E-04  7.8496521749156142E-07
  8.2356518493838621E+01  1.0029207939709416E-04  7.6639519482535771E-07
  8.3177011861721937E+01  9.6375019456915867E-05  7.4799224817022992E-07
  8.4005679559689128E+01  9.2610822845942990E-05  7.2976351797277636E-07
  8.4842603026146890E+01  8.8988639250674864E-05  7.1171589954936574E-07
  8.5687864510847945E+01  8.5485704305061387E-05  6.9385604674614809E-07
  8.6541547082974645E+01  8.2116350108776685E-05  6.7619038746223313E-07
  8.7403734639303352E+01  7.8873004925405856E-05  6.5872512534917972E-07
  8.8274511912448389E+01  7.5745515202248499E-05  6.4146622999799700E-07
  8.9153964479189710E+01  7.2734052904647553E-05  6.2441941753012979E-07
  9.0042178768883772E+01  6.9829840547095399E-05  6.0759012189241694E-07
  9.0939242071956272E+01  6.7036427960403348E-05  5.9098347967191983E-07
  9.1845242548481295E+01  6.4345541143264809E-05  5.7460436067318813E-07
  9.2760269236846014E+01  6.1757296119522713E-05  5.5845740329575393E-07
  9.3684412062499788E+01  5.9260007283203864E-05  5.4254701575055777E-07
  9.4617761846792391E+01  5.6861252502892506E-05  5.2687735633155898E-07
  9.5560410315900086E+01  5.4548930722349417E-05  5.1145230340627044E-07
  9.6512450109839065E+01  5.2325146845387851E-05  4.9627543955438197E-07
  9.7473974791570242E+01  5.0185337497729289E-05  4.8135005986310631E-07
  9.8445078856194982E+01  4.8123303894420404E-05  4.6667917830770587E-07
  9.9425857740240488E+01  4.6142830824363598E-05  4.5226552872641179E-07
  1.0041640783103948E+02  4.4235398931727387E-05  4.3811157220782693E-07
  1.0141682647620355E+02  4.2403605079005652E-05  4.2421951383237023E-07
  1.0242721199318873E+02  4.0638472725469988E-05  4.1059132030363420E-07
  1.0344766367895859E+02  3.8939975038209082E-05  3.9722871288526749E-07
  1.0447828181974316E+02  3.7307972704610469E-05  3.8413314918265887E-07
  1.0551916770089363E+02  3.5738881969830531E-05  3.7130582452047115E-07
  1.0657042361683683E+02  3.4229973093990166E-05  3.5874768290594320E-07
  1.0763215288112904E+02  3.2779521856562960E-05  3.4645941288278280E-07
  1.0870445983660795E+02  3.1384229466056511E-05  3.3444143131309517E-07
  1.0978744986564773E+02  3.0044817718692488E-05  3.2269387951390323E-07
  1.1088122940051609E+02  2.8755716911416074E-05  3.1121663832091552E-07
  1.1198590593383383E+02  2.7518044196793984E-05  3.0000933854945908E-07
  1.1310158802913720E+02  2.6328733349783720E-05  2.8907136435279796E-07
  1.1422838533154992E+02  2.5184278068420853E-05  2.7840185370835137E-07
  1.1536640857855723E+02  2.4085093809486425E-05  2.6799969986730460E-07
  1.1651576961088750E+02  2.3031145458768898E-05  2.5786356188070484E-07
  1.1767658138350616E+02  2.2016289792118925E-05  2.4799188513188297E-07
  1.1884895797671527E+02  2.1043874571824712E-05  2.3838291436244580E-07
  1.2003301460736333E+02  2.0109052645422547E-05  2.2903469923819986E-07
  1.2122886764017129E+02  1.9211529455323818E-05  2.1994510156223662E-07
  1.2243663459916687E+02  1.8348330748441077E-05  2.1111179582671251E-07
  1.2365643417923393E+02  1.7520894561376534E-05  2.0253226655327561E-07
  1.2488838625777804E+02  1.6725693859604630E-05  1.9420381407746346E-07
  1.2613261190650826E+02  1.5964310179339914E-05  1.8612356566259543E-07
  1.2738923340333407E+02  1.5232330319123642E-05  1.7828848562196721E-07
  1.2865837424438328E+02  1.4530495611376886E-05  1.7069538403586695E-07
  1.2994015915613940E+02  1.3856637139792617E-05  1.6334092568765544E-07
  1.3123471410769790E+02  1.3209787180849686E-05  1.5622163679733806E-07
  1.3254216632314655E+02  1.2590434906437393E-05  1.4933390825331377E-07
  1.3386264429406961E+02  1.1995258973317984E-05  1.4267400412542794E-07
  1.3519627779217362E+02  1.1425567889729289E-05  1.3623807877897202E-07
  1.3654319788204199E+02  1.0878709810499057E-05  1.3002219132077538E-07
  1.3790353693401610E+02  1.0354835537842296E-05  1.2402231418493389E-07
  1.3927742863720263E+02  9.8525859514410355E-06  1.1823433616863014E-07
  1.4066500801261290E+02  9.3710705036525434E-06  1.1265406483152285E-07
  1.4206641142643301E+02  8.9101136961793492E-06  1.0727723503471917E-07
  1.4348177660342373E+02  8.4681848767264454E-06  1.0209951983963567E-07
  1.4491124264045646E+02  8.0451381858223006E-06  9.7116539052238855E-08
  1.4635495002018405E+02  7.6400833486393931E-06  9.2323866280893136E-08
  1.4781304062484506E+02  7.2519204622513222E-06  8.7717036541599817E-08
  1.4928565775020840E+02  6.8806992624159695E-06  8.3291555878749344E-08
  1.5077294611965675E+02  6.5255888785195873E-06  7.9042910677227994E-08
  1.5227505189840772E+02  6.1855428940583033E-06  7.4966573547496314E-08
  1.5379212270787929E+02  5.8604256329455950E-06  7.1058008940768620E-08
  1.5532430764019833E+02  5.5496711035602702E-06  6.7312680860147180E-08
  1.5687175727285077E+02  5.2525159964202030E-06  6.3726059285136476E-08
  1.5843462368348233E+02  4.9686260218422798E-06  6.0293623634449217E-08
  1.6001306046484183E+02  4.6974322990314517E-06  5.7010866978165146E-08
  1.6160722273987668E+02  4.4384373609546753E-06  5.3873302801867151E-08
  1.6321726717697891E+02  4.1912294994006832E-06  5.0876471661409157E-08
  1.6484335200537984E+02  3.9553474557298264E-06  4.8015946928223570E-08
  1.6648563703070130E+02  3.7302987618671091E-06  4.5287340127374859E-08
  1.6814428365066181E+02  3.5157672500657089E-06  4.2686305754779138E-08
  1.6981945487093606E+02  3.3113128430690455E-06  4.0208545475957557E-08
  1.7151131532117546E+02  3.1165208294072117E-06  3.7849812310701424E-08
  1.7322003127118853E+02  2.9311505628656054E-06  3.5605916009973218E-08
  1.7494577064727915E+02  2.7546468429380553E-06  3.3472729294784500E-08
  1.7668870304875068E+02  2.5868510962392133E-06  3.1446192685820942E-08
  1.7844899976457472E+02  2.4273121132814659E-06  2.9522317458720466E-08
  1.8022683379022263E+02  2.2757584346807545E-06  2.7697187286223113E-08
  1.8202237984466782E+02  2.1318670138090985E-06  2.5966960540480382E-08
  1.8383581438755786E+02  1.9953863195256331E-06  2.4327873260756761E-08
  1.8566731563655381E+02  1.8659514613666355E-06  2.2776241877201623E-08
  1.8751706358484591E+02  1.7433243807676560E-06  2.1308465410712211E-08
  1.8938524001884406E+02  1.6272249495718155E-06  1.9921027243073497E-08
  1.9127202853604012E+02  1.5174236746397640E-06  1.8610496673434959E-08
  1.9317761456305453E+02  1.4136124358832991E-06  1.7373530522572854E-08
  1.9510218537385640E+02  1.3155740577126012E-06  1.6206874503336051E-08
  1.9704593010816950E+02  1.2230659710531768E-06  1.5107363894936877E-08
  1.9900903979006131E+02  1.1358528618046654E-06  1.4071924291273957E-08
  2.0099170734671364E+02  1.0537277362880609E-06  1.3097572303929624E-08
  2.0299412762738430E+02  9.7644676859678565E-07  1.2181415486807189E-08
  2.0501649742255711E+02  9.0380280113691062E-07  1.1320651888315904E-08
  2.0705901548327941E+02  8.3559572948163464E-07  1.0512569815193923E-08
  2.0912188254069582E+02  7.7163049700120166E-07  9.7545477590791866E-09
  2.1120530132577662E+02  7.1170125023543057E-07  9.0440541411468229E-09
  2.1330947658923878E+02  6.5561769129977463E-07  8.3786467536306322E-09
  2.1543461512166945E+02  6.0320335863851123E-07  7.7559719809937845E-09
  2.1758092577384997E+02  5.5427931633997326E-07  7.1737638338365180E-09
  2.1974861947727814E+02  5.0866516799707462E-07  6.6298428180481702E-09
  2.2193790926489919E+02  4.6619442806051425E-07  6.1221147688705552E-09
  2.2414901029204327E+02  4.2670673648015614E-07  5.6485697555991219E-09
  2.2638213985756749E+02  3.9004305073529534E-07  5.2072809390923797E-09
  2.2863751742521234E+02  3.5604596675712505E-07  4.7964031380360061E-09
  2.3091536464517137E+02  3.2456704082212924E-07  4.4141710292494032E-09
  2.3321590537587090E+02  2.9546331153679524E-07  4.0588972310037754E-09
  2.3553936570597364E+02  2.6859366841828410E-07  3.7289704980018108E-09
  2.3788597397659467E+02  2.4382160931024814E-07  3.4228539308959441E-09
  2.4025596080374331E+02  2.2101663212058087E-07  3.1390830900893795E-09
  2.4264955910098863E+02  2.0005262185673492E-07  2.8762640226970247E-09
  2.4506700410234660E+02  1.8080736166414914E-07  2.6330712356847365E-09
  2.4750853338539920E+02  1.6316356069029300E-07  2.4082456369698631E-09
  2.4997438689464437E+02  1.4700964534725291E-07  2.2005924666577951E-09
  2.5246480696507390E+02  1.3223973923283658E-07  2.0089792211194476E-09
  2.5498003834599055E+02  1.1875360329408406E-07  1.8323335599307809E-09
  2.5752032822506271E+02  1.0645679270897809E-07  1.6696412159043580E-09
  2.6008592625261423E+02  9.5260796059098901E-08  1.5199438746527788E-09
  2.6267708456616026E+02  8.5082942206762433E-08  1.3823369995072693E-09
  2.6529405781518830E+02  7.5846072731905592E-08  1.2559676981389260E-09
  2.6793710318618105E+02  6.7478109013247200E-08  1.1400326539158055E-09
  2.7060648042789302E+02  5.9911611554391712E-08  1.0337760834257404E-09
  2.7330245187687973E+02  5.3083373198196230E-08  9.3648771085712814E-10
  2.7602528248327565E+02  4.6934068597621876E-08  8.4750076687656553E-10
  2.7877523983683403E+02  4.1407971849967681E-08  7.6619001942732922E-10
  2.8155259419322681E+02  3.6452741773622517E-08  6.9196984007637777E-10
  2.8435761850059993E+02  3.2019262045528697E-08  6.2429230660765566E-10
  2.8719058842640237E+02  2.8061520253579899E-08  5.6264535476932952E-10
  2.9005178238447388E+02  2.4536510858347245E-08  5.0655100053416075E-10
  2.9294148156240783E+02  2.1404148989697170E-08  4.5556360581553252E-10
  2.9585996994918747E+02  1.8627185259050711E-08  4.0926816473902604E-10
  2.9880753436309146E+02  1.6171115097761413E-08  3.6727863216206162E-10