 #p(MeV) \t \delta f_\\nu \t \delta f_\\nubar
  6.1259233728594236E+00  1.1763373698086803E-11  1.1378035742250217E-11
  6.1869541156775325E+00  1.1573084696138500E-11  1.1191104283461217E-11
  6.2485928895372007E+00  1.1386156670436935E-11  1.1007487223633467E-11
  6.3108457520698913E+00  1.1202531206103916E-11  1.0827126755910631E-11
  6.3737188212574241E+00  1.1022152722310518E-11  1.0649967859739599E-11
  6.4372182760332572E+00  1.0844966744375507E-11  1.0475956606374882E-11
  6.5013503568897040E+00  1.0670919566479202E-11  1.0305039829212645E-11
  6.5661213664912381E+00  1.0499958245052453E-11  1.0137165117274801E-11
  6.6315376702939037E+00  1.0332030592596935E-11  9.9722808091035189E-12
  6.6976056971708671E+00  1.0167085171887187E-11  9.8103359870175631E-12
  6.7643319400442481E+00  1.0005071290508116E-11  9.6512804716851225E-12
  6.8317229565231994E+00  9.8459389956853663E-12  9.4950648169717078E-12
  6.8997853695483728E+00  9.6896390693692800E-12  9.3416403050245410E-12
  6.9685258680428062E+00  9.5361230235361752E-12  9.1909589415579906E-12
  7.0379512075692654E+00  9.3853430956736720E-12  9.0429734513079674E-12
  7.1080682109941824E+00  9.2372504897837777E-12  8.8976355736201116E-12
  7.1788837691581557E+00  9.0917869795980089E-12  8.7548879331502369E-12
  7.2504048415531663E+00  8.9488921148105193E-12  8.6146710290939469E-12
  7.3226384570065468E+00  8.8085071160663540E-12  8.4769270081636290E-12
  7.3955917143717205E+00  8.6705748281972767E-12  8.3415996183688280E-12
  7.4692717832258761E+00  8.5350396699846817E-12  8.2086341594651562E-12
  7.5436859045745459E+00  8.4018475860064257E-12  8.0779774354486070E-12
  7.6188413915632385E+00  8.2709460004643368E-12  7.9495777089937854E-12
  7.6947456301961523E+00  8.1422837728945342E-12  7.8233846577397731E-12
  7.7714060800620208E+00  8.0158111556678713E-12  7.6993493323322016E-12
  7.8488302750672494E+00  7.8914797531919487E-12  7.5774241161346706E-12
  7.9270258241762868E+00  7.7692424827310747E-12  7.4575626865269770E-12
  8.0060004121594144E+00  7.6490540272008238E-12  7.3397204499917613E-12
  8.0857618003480010E+00  7.5308784095386383E-12  7.2238618337224234E-12
  8.1663178273972203E+00  7.4146869748126505E-12  7.1099583311280581E-12
  8.2476764100564388E+00  7.3004514981250971E-12  6.9979818590703407E-12
  8.3298455439472185E+00  7.1881439766089378E-12  6.8879045575245772E-12
  8.4128333043491086E+00  7.0777366344048652E-12  6.7796987944616611E-12
  8.4966478469932643E+00  6.9692019275609457E-12  6.6733371706440971E-12
  8.5812974088639358E+00  6.8625125488398645E-12  6.5687925243216826E-12
  8.6667903090080056E+00  6.7576414324197890E-12  6.4660379358132089E-12
  8.7531349493525106E+00  6.6545617584768614E-12  6.3650467319626587E-12
  8.8403398155303829E+00  6.5532469576381232E-12  6.2657924904591089E-12
  8.9284134777143898E+00  6.4536707152953994E-12  6.1682490440111756E-12
  9.0173645914593497E+00  6.3558069494427048E-12  6.0723904592865629E-12
  9.1072018985527912E+00  6.2596274077209557E-12  5.9781887421721981E-12
  9.1979342278740646E+00  6.1650998822098298E-12  5.8856121353127277E-12
  9.2895704962619945E+00  6.0721923775992280E-12  5.7946291057908534E-12
  9.3821197093912190E+00  5.9808735829876770E-12  5.7052087961492697E-12
  9.4755909626572006E+00  5.8911128552138789E-12  5.6173210079633400E-12
  9.5699934420701283E+00  5.8028802029057027E-12  5.5309361861121417E-12
  9.6653364251576477E+00  5.7161462712058953E-12  5.4460254037079875E-12
  9.7616292818766386E+00  5.6308823271362938E-12  5.3625603476470140E-12
  9.8588814755340728E+00  5.5470602455644206E-12  5.2805133047451789E-12
  9.9571025637170116E+00  5.4646524957383263E-12  5.1998571484264654E-12
  1.0056302199231890E+01  5.3836321283575622E-12  5.1205653259316719E-12
  1.0156490131053182E+01  5.3039727631673732E-12  5.0426118460340130E-12
  1.0257676205281468E+01  5.2256495084333230E-12  4.9659721542456480E-12
  1.0359870366111096E+01  5.1486422688980747E-12  4.8906262860332064E-12
  1.0463082656807433E+01  5.0729324302003363E-12  4.8165556996077764E-12
  1.0567323220693913E+01  4.9985015221504983E-12  4.7437419983641175E-12
  1.0672602302148855E+01  4.9253312215098365E-12  4.6721669336123231E-12
  1.0778930247612259E+01  4.8534033552447498E-12  4.6018124077569467E-12
  1.0886317506602618E+01  4.7826999038299001E-12  4.5326604775141844E-12
  1.0994774632743852E+01  4.7132030045803437E-12  4.4646933571475125E-12
  1.1104312284802470E+01  4.6448949549941494E-12  4.3978934217039433E-12
  1.1214941227735103E+01  4.5777582160886212E-12  4.3322432102344225E-12
  1.1326672333746407E+01  4.5117754157150169E-12  4.2677254289837905E-12
  1.1439516583357582E+01  4.4469293518376556E-12  4.2043229545364541E-12
  1.1553485066485452E+01  4.3832026695368752E-12  4.1420185260968699E-12
  1.1668588983532395E+01  4.3205736824625134E-12  4.0807907611153191E-12
  1.1784839646487029E+01  4.2590178592408338E-12  4.0206155787743599E-12
  1.1902248480035929E+01  4.1985112450197216E-12  3.9614694680659656E-12
  1.2020827022686429E+01  4.1390305243916756E-12  3.9033295473529173E-12
  1.2140586927900541E+01  4.0805530020354658E-12  3.8461735453058692E-12
  1.2261539965240232E+01  4.0230565841745515E-12  3.7899797826391004E-12
  1.2383698021524120E+01  3.9665197608120295E-12  3.7347271546052107E-12
  1.2507073101995614E+01  3.9109215887036021E-12  3.6803951142110962E-12
  1.2631677331502797E+01  3.8562416750321384E-12  3.6269636561193249E-12
  1.2757522955689963E+01  3.8024601617491822E-12  3.5744133012008782E-12
  1.2884622342201128E+01  3.7495577105505521E-12  3.5227250817069927E-12
  1.3012987981895426E+01  3.6975155077960735E-12  3.4718805457179730E-12
  1.3142632490074680E+01  3.6463171799570141E-12  3.4218635919790548E-12
  1.3273568607723226E+01  3.5959501866339604E-12  3.3726617953360493E-12
  1.3405809202759977E+01  3.5464024811217090E-12  3.3242632074847773E-12
  1.3539367271303096E+01  3.4976621332058654E-12  3.2766559964514445E-12
  1.3674255938947191E+01  3.4497173300085548E-12  3.2298284474235906E-12
  1.3810488462053222E+01  3.4025563768717287E-12  3.1837689636122821E-12
  1.3948078229051339E+01  3.3561676982684829E-12  3.1384660671362138E-12
  1.4087038761756583E+01  3.3105398387335210E-12  3.0939083999191217E-12
  1.4227383716697831E+01  3.2656614638046432E-12  3.0500847245926101E-12
  1.4369126886459854E+01  3.2215213609678541E-12  3.0069839253972256E-12
  1.4512282201038808E+01  3.1781084405992660E-12  2.9645950090752163E-12
  1.4656863729211270E+01  3.1354117369454938E-12  2.9229071057935113E-12
  1.4802885679916809E+01  3.0934199993601394E-12  2.8819090726725121E-12
  1.4950362403654395E+01  3.0521201144423632E-12  2.8415879792921875E-12
  1.5099308393892773E+01  3.0114986546985150E-12  2.8019306025368263E-12
  1.5249738288494736E+01  2.9715424968549954E-12  2.7629240189530642E-12
  1.5401666871155765E+01  2.9322388138702075E-12  2.7245555968755713E-12
  1.5555109072856844E+01  2.8935750672582146E-12  2.6868129888564575E-12
  1.5710079973331894E+01  2.8555389997140706E-12  2.6496841243884062E-12
  1.5866594802549681E+01  2.8181186280263264E-12  2.6131572029072326E-12
  1.6024668942210607E+01  2.7813022362627793E-12  2.5772206870603198E-12
  1.6184317927258373E+01  2.7450783692164135E-12  2.5418632962279148E-12
  1.6345557447406659E+01  2.7094358260989577E-12  2.5070740002851907E-12
  1.6508403348681071E+01  2.6743636544702480E-12  2.4728420135932502E-12
  1.6672871634976442E+01  2.6398512309504689E-12  2.4391568726832308E-12
  1.6838978469629613E+01  2.6058893413006250E-12  2.4060094681567338E-12
  1.7006740177007931E+01  2.5724697487501560E-12  2.3733916267889913E-12
  1.7176173244113510E+01  2.5395843367353293E-12  2.3412952939294029E-12
  1.7347294322203570E+01  2.5072250913502047E-12  2.3097125168474477E-12
  1.7520120228426791E+01  2.4753841007733168E-12  2.2786354441520050E-12
  1.7694667947476095E+01  2.4440535547076435E-12  2.2480563252216714E-12
  1.7870954633257828E+01  2.4132257438317293E-12  2.2179675096440041E-12
  1.8048997610577565E+01  2.3828930592598834E-12  2.1883614466616988E-12
  1.8228814376842731E+01  2.3530479920096692E-12  2.1592306846239446E-12
  1.8410422603782216E+01  2.3236831324749374E-12  2.1305678704412932E-12
  1.8593840139183033E+01  2.2947911699029196E-12  2.1023657490426253E-12
  1.8779085008644365E+01  2.2663648697022447E-12  2.0746171423815016E-12
  1.8966175417349064E+01  2.2383960926147118E-12  2.0473140403240972E-12
  1.9155129751852773E+01  2.2108754552844508E-12  2.0204472874016608E-12
  1.9345966581890881E+01  2.1837936909916231E-12  1.9940078483048289E-12
  1.9538704662203486E+01  2.1571417537786136E-12  1.9679869045192845E-12
  1.9733362934378597E+01  2.1309108125790393E-12  1.9423758485622855E-12
  1.9929960528713558E+01  2.1050922455268233E-12  1.9171662783956138E-12
  2.0128516766095153E+01  2.0796776344391047E-12  1.8923499920088611E-12
  2.0329051159898405E+01  2.0546587594672006E-12  1.8679189821673562E-12
  2.0531583417904244E+01  2.0300275939099124E-12  1.8438654313190824E-12
  2.0736133444236309E+01  2.0057762991837277E-12  1.8201817066552510E-12
  2.0942721341317103E+01  1.9818972199446387E-12  1.7968603553193379E-12
  2.1151367411843552E+01  1.9583828795806581E-12  1.7738940999544057E-12
  2.1362092160782261E+01  1.9352263521975809E-12  1.7512761773429166E-12
  2.1574916297384679E+01  1.9124220646650104E-12  1.7290010696781754E-12
  2.1789860737222376E+01  1.8899647738906346E-12  1.7070635673137984E-12
  2.2006946604242472E+01  1.8678493123137143E-12  1.6854585353020272E-12
  2.2226195232843644E+01  1.8460705870701298E-12  1.6641809125525284E-12
  2.2447628169972859E+01  1.8246235791691159E-12  1.6432257110018259E-12
  2.2671267177242829E+01  1.8035033426811593E-12  1.6225880147929728E-12
  2.2897134233070695E+01  1.7827050039366361E-12  1.6022629794649830E-12
  2.3125251534838036E+01  1.7622237607347379E-12  1.5822458311515924E-12
  2.3355641501072306E+01  1.7420548815623366E-12  1.5625318657890451E-12
  2.3588326773650007E+01  1.7221937048224227E-12  1.5431164483324808E-12
  2.3823330220021894E+01  1.7026356380717706E-12  1.5239950119806537E-12
  2.4060674935460344E+01  1.6833760888538245E-12  1.5051629954069612E-12
  2.4300384245328971E+01  1.6644099571115491E-12  1.4866153827651299E-12
  2.4542481707375018E+01  1.6457319491408142E-12  1.4683469901563772E-12
  2.4786991114044561E+01  1.6273368777443104E-12  1.4503527384240919E-12
  2.5033936494820672E+01  1.6092196621371770E-12  1.4326276528841621E-12
  2.5283342118584951E+01  1.5913753255204274E-12  1.4151668609395417E-12
  2.5535232496002667E+01  1.5737989927195588E-12  1.3979655897586341E-12
  2.5789632381931494E+01  1.5564858878863905E-12  1.3810191640155631E-12
  2.6046566777854334E+01  1.5394313322621361E-12  1.3643230036903517E-12
  2.6306060934336386E+01  1.5226307419998385E-12  1.3478726219272335E-12
  2.6568140353506728E+01  1.5060796260444215E-12  1.3316636229492879E-12
  2.6832830791564469E+01  1.4897735840685580E-12  1.3156917000276762E-12
  2.7100158261310032E+01  1.4737082928154636E-12  1.2999526232309125E-12
  2.7370149034701647E+01  1.4578791938446996E-12  1.2844419633451525E-12
  2.7642829645437150E+01  1.4422814707896756E-12  1.2691550726583169E-12
  2.7918226891561680E+01  1.4269104004972398E-12  1.2540873966812782E-12
  2.8196367838101324E+01  1.4117613698707362E-12  1.2392344888959076E-12
  2.8477279819722920E+01  1.3968298730193955E-12  1.2245920079697401E-12
  2.8760990443420386E+01  1.3821115084950580E-12  1.2101557150555704E-12
  2.9047527591227880E+01  1.3676019766132636E-12  1.1959214711730859E-12
  2.9336919422959962E+01  1.3532970768559126E-12  1.1818852346697660E-12
  2.9629194378978966E+01  1.3391927053527655E-12  1.1680430587583740E-12
  2.9924381182990043E+01  1.3252848524391437E-12  1.1543910891284338E-12
  3.0222508844864088E+01  1.3115696002873108E-12  1.1409255616292138E-12
  3.0523606663488611E+01  1.2980431209819370E-12  1.1276428003569030E-12
  3.0827704229647175E+01  1.2847018554822130E-12  1.1145393735928045E-12
  3.1134831428927505E+01  1.2715427884106269E-12  1.1016123316707891E-12
  3.1445018444658523E+01  1.2585630350149816E-12  1.0888588449172884E-12
  3.1758295760876535E+01  1.2457597631187107E-12  1.0762761353068697E-12
  3.2074694165321262E+01  1.2331301920471689E-12  1.0638614754055700E-12
  3.2394244752461489E+01  1.2206715915838848E-12  1.0516121873428588E-12
  3.2716978926550823E+01  1.2083812809557902E-12  1.0395256418112389E-12
  3.3042928404714097E+01  1.1962566278464948E-12  1.0275992570925902E-12
  3.3372125220064405E+01  1.1842950474367013E-12  1.0158304981103402E-12
  3.3704601724851109E+01  1.1724940014709132E-12  1.0042168755066232E-12
  3.4040390593639380E+01  1.1608509973495693E-12  9.9275594474359132E-13
  3.4379524826521326E+01  1.1493635872458232E-12  9.8144530522807363E-13
  3.4722037752359142E+01  1.1380293693591361E-12  9.7028260045809233E-13
  3.5067963032060391E+01  1.1268459913155500E-12  9.5926551915266394E-13
  3.5417334661886301E+01  1.1158111448816099E-12  9.4839179284285569E-13
  3.5770186976792672E+01  1.1049225627394724E-12  9.3765919317484331E-13
  3.6126554653804170E+01  1.0941780176117724E-12  9.2706553105267588E-13
  3.6486472715422266E+01  1.0835753214806642E-12  9.1660865586991061E-13
  3.6849976533067228E+01  1.0731123248277748E-12  9.0628645476107272E-13
  3.7217101830554128E+01  1.0627869158944572E-12  8.9609685187226989E-13
  3.7587884687603747E+01  1.0525970199616876E-12  8.8603780765039363E-13
  3.7962361543388347E+01  1.0425405986490396E-12  8.7610731815028644E-13
  3.8340569200112803E+01  1.0326156492321785E-12  8.6630341435932976E-13
  3.8722544826631228E+01  1.0228202039782904E-12  8.5662416153888622E-13
  3.9108325962100061E+01  1.0131523128580532E-12  8.4706764494065278E-13
  3.9497950519667064E+01  1.0036097296690895E-12  8.3763170876595971E-13
  3.9891456790197346E+01  9.9418994601743857E-13  8.2831398464848498E-13
  4.0288883446036451E+01  9.8489049798950535E-13  8.1911214965373319E-13
  4.0690269544811002E+01  9.7570897749937762E-13  8.1002393576279335E-13
  4.1095654533266988E+01  9.6664303090883116E-13  8.0104712852946513E-13
  4.1505078251146571E+01  9.5769035769033504E-13  7.9217956577836023E-13
  4.1918580935103378E+01  9.4884870913164260E-13  7.8341913634259551E-13
  4.2336203222656799E+01  9.4011588708056963E-13  7.7476377883968232E-13
  4.2757986156185567E+01  9.3148974272861648E-13  7.6621148048429093E-13
  4.3183971186961465E+01  9.2296817543212736E-13  7.5776027593660943E-13
  4.3614200179222898E+01  9.1454913156975668E-13  7.4940824618506345E-13
  4.4048715414289127E+01  9.0623060504549882E-13  7.4115351872705921E-13
  4.4487559594715528E+01  8.9801088710644483E-13  7.3299446976760446E-13
  4.4930775848490349E+01  8.8988883950428113E-13  7.2492994592774975E-13
  4.5378407733273029E+01  8.8186340803974489E-13  7.1695886486987817E-13
  4.5830499240674925E+01  8.7393355030642793E-13  7.0908015564612426E-13
  4.6287094800582736E+01  8.6609823558842328E-13  7.0129275859135452E-13
  4.6748239285524825E+01  8.5835644476318574E-13  6.9359562522029196E-13
  4.7213978015081025E+01  8.5070717020934410E-13  6.8598771812854450E-13
  4.7684356760336712E+01  8.4314941571924110E-13  6.7846801089728354E-13
  4.8159421748380900E+01  8.3568219641595766E-13  6.7103548800134825E-13
  4.8639219666849215E+01  8.2830453867463283E-13  6.6368914472055224E-13
  4.9123797668512204E+01  8.2101548004783817E-13  6.5642798705397962E-13
  4.9613203375909485E+01  8.1381406919484613E-13  6.4925103163706527E-13
  5.0107484886029702E+01  8.0669929160020503E-13  6.4215724673723918E-13
  5.0606690775037414E+01  7.9966974658354336E-13  6.3514529449955729E-13
  5.1110870103047041E+01  7.9272392509043170E-13  6.2821375498120001E-13
  5.1620072418944282E+01  7.8586034943215227E-13  6.2136123908498175E-13
  5.2134347765255391E+01  7.7907757272939796E-13  6.1458638799391775E-13
  5.2653746683065528E+01  7.7237417821172225E-13  6.0788787248763713E-13
  5.3178320216985540E+01  7.6574877854107876E-13  6.0126439228104246E-13
  5.3708119920168407E+01  7.5920001515856459E-13  5.9471467538432634E-13
  5.4243197859375769E+01  7.5272655765354435E-13  5.8823747748353656E-13
  5.4783606620094908E+01  7.4632710315434871E-13  5.8183158134088441E-13
  5.5329399311706531E+01  7.4000037573978269E-13  5.7549579621403545E-13
  5.5880629572704201E+01  7.3374512587068645E-13  5.6922895729362758E-13
  5.6437351575965870E+01  7.2756014353531216E-13  5.6302993598489899E-13
  5.6999620034077559E+01  7.2144447416323902E-13  5.5689781160693961E-13
  5.7567490204710424E+01  7.1539737222134933E-13  5.5083183319903173E-13
  5.8141017896051359E+01  7.0941810746159739E-13  5.4483126350771332E-13
  5.8720259472287516E+01  7.0350595848944114E-13  5.3889537375013606E-13
  5.9305271859145542E+01  6.9766021266451594E-13  5.3302344351117346E-13
  5.9896112549486055E+01  6.9188016600930049E-13  5.2721476064695483E-13
  6.0492839608953979E+01  6.8616512312537024E-13  5.2146862119443999E-13
  6.1095511681684776E+01  6.8051439711686512E-13  5.1578432928664585E-13
  6.1704187996067894E+01  6.7492730952080734E-13  5.1016119707315883E-13
  6.2318928370567605E+01  6.6940319024392336E-13  5.0459854464557332E-13
  6.2939793219601647E+01  6.6394137750565234E-13  4.9909569996753731E-13
  6.3566843559478379E+01  6.5854121702296910E-13  4.9365199818837597E-13
  6.4200141014393566E+01  6.5320195242818111E-13  4.8826669368084793E-13
  6.4839747822486416E+01  6.4792261689828524E-13  4.8293887434110593E-13
  6.5485726841955923E+01  6.4270223638360390E-13  4.7766762572259787E-13
  6.6138141557238697E+01  6.3753985686517221E-13  4.7245205288996201E-13
  6.6797056085247817E+01  6.3243454391131987E-13  4.6729127998306410E-13
  6.7462535181673815E+01  6.2738538225028176E-13  4.6218444979550100E-13
  6.8134644247348973E+01  6.2239147535824885E-13  4.5713072336699836E-13
  6.8813449334674544E+01  6.1745194506233837E-13  4.5212927958915866E-13
  6.9499017154111783E+01  6.1256593115794562E-13  4.4717931482403827E-13
  7.0191415080738849E+01  6.0773259103996483E-13  4.4228004253502020E-13
  7.0890711160871248E+01  6.0295109934740963E-13  4.3743069292951704E-13
  7.1596974118749515E+01  5.9822064762066639E-13  4.3263051261284532E-13
  7.2310273363293746E+01  5.9354048284461307E-13  4.2787879406506787E-13
  7.3030678994923804E+01  5.8891005555897430E-13  4.2317498831579204E-13
  7.3758261812449391E+01  5.8432888185421339E-13  4.1851859779505841E-13
  7.4493093320027555E+01  5.7979648433569923E-13  4.1390913086359786E-13
  7.5235245734189675E+01  5.7531239203675675E-13  4.0934610171838966E-13
  7.5984791990939058E+01  5.7087614034961760E-13  4.0482903031202585E-13
  7.6741805752918609E+01  5.6648727095924218E-13  4.0035744227426673E-13
  7.7506361416649881E+01  5.6214533177991784E-13  3.9593086883568570E-13
  7.8278534119844963E+01  5.5784987689456563E-13  3.9154884675331612E-13
  7.9058399748790478E+01  5.5360046649668474E-13  3.8721091823822132E-13
  7.9846034945805243E+01  5.4939666683487459E-13  3.8291663088490636E-13
  8.0641517116772789E+01  5.4523805015986012E-13  3.7866553760248213E-13
  8.1444924438748302E+01  5.4112419364773265E-13  3.7445719577607455E-13
  8.2256335867641369E+01  5.3705466774816370E-13  3.7029115899157073E-13
  8.3075831145975968E+01  5.3302904103680251E-13  3.6616698081139194E-13
  8.3903490810726936E+01  5.2904688844152912E-13  3.6208422044816895E-13
  8.4739396201234626E+01  5.2510779129322129E-13  3.5804244275098403E-13
  8.5583629467199501E+01  5.2121133726281820E-13  3.5404121812427424E-13
  8.6436273576754402E+01  5.1735712030046997E-13  3.5008012244814198E-13
  8.7297412324618875E+01  5.1354474057675005E-13  3.4615873700001349E-13
  8.8167130340334708E+01  5.0977380442592502E-13  3.4227664837762772E-13
  8.9045513096581914E+01  5.0604392429127139E-13  3.3843344842332481E-13
  8.9932646917579603E+01  5.0235471867243493E-13  3.3462873414958771E-13
  9.0828618987569257E+01  4.9870581207482816E-13  3.3086210766582405E-13
  9.1733517359382660E+01  4.9509683487712223E-13  3.2713317606081113E-13
  9.2647430963095843E+01  4.9152741956173888E-13  3.2344154912211799E-13
  9.3570449614768620E+01  4.8799719899686452E-13  3.1978683816656079E-13
  9.4502664025271116E+01  4.8450581164674515E-13  3.1616865927554096E-13
  9.5444165809198921E+01  4.8105290201214442E-13  3.1258663355017129E-13
  9.6395047493876532E+01  4.7763812058254614E-13  3.0904038703679838E-13
  9.7355402528450171E+01  4.7426112379049875E-13  3.0552955065370018E-13
  9.8325325293072297E+01  4.7092157396808449E-13  3.0205376011892715E-13
  9.9304911108176569E+01  4.6761913930556088E-13  2.9861265587927354E-13
  1.0029425624384531E+02  4.6435349381216389E-13  2.9520588304035272E-13
  1.0129345792927128E+02  4.6112431727910619E-13  2.9183309129775098E-13
  1.0230261436231248E+02  4.5793129524478523E-13  2.8849393486924053E-13
  1.0332182471914254E+02  4.5477411896344677E-13  2.8518807242871848E-13
  1.0435118916399824E+02  4.5165249292471192E-13  2.8191517157548869E-13
  1.0539080885902220E+02  4.4856615406937245E-13  2.7867492040491969E-13
  1.0644078597420511E+02  4.4551485017331444E-13  2.7546701406200268E-13
  1.0750122369742743E+02  4.4249833356352010E-13  2.7229115077161280E-13
  1.0857222624459887E+02  4.3951636112685918E-13  2.6914703180418140E-13
  1.0965389886990145E+02  4.3656869432097362E-13  2.6603436144182221E-13
  1.1074634787613323E+02  4.3365509918730307E-13  2.6295284694491285E-13
  1.1184968062515485E+02  4.3077534636631558E-13  2.5990219851910900E-13
  1.1296400554844146E+02  4.2792921111500383E-13  2.5688212928278652E-13
  1.1408943215773851E+02  4.2511647332671918E-13  2.5389235523489731E-13
  1.1522607105582394E+02  4.2233691755341659E-13  2.5093259522323432E-13
  1.1637403394737842E+02  4.1959033303039163E-13  2.4800257091308974E-13
  1.1753343364996293E+02  4.1687651018850703E-13  2.4510200467352849E-13
  1.1870438410510576E+02  4.1419520904143907E-13  2.4223060049644257E-13
  1.1988700038950090E+02  4.1154617485939738E-13  2.3938805368704756E-13
  1.2108139872631708E+02  4.0892915898203446E-13  2.3657406370811682E-13
  1.2228769649661928E+02  4.0634391908903364E-13  2.3378833428692420E-13
  1.2350601225090533E+02  4.0379021919531500E-13  2.3103057334485446E-13
  1.2473646572075624E+02  4.0126782965012624E-13  2.2830049292820720E-13
  1.2597917783060242E+02  3.9877652714011007E-13  2.2559780914017056E-13
  1.2723427070960916E+02  3.9631609469644703E-13  2.2292224207393165E-13
  1.2850186770367728E+02  3.9388632170620482E-13  2.2027351574690803E-13
  1.2978209338756596E+02  3.9148700392799499E-13  2.1765135803606789E-13
  1.3107507357713627E+02  3.8911794351208135E-13  2.1505550061431370E-13
  1.3238093534171406E+02  3.8677894993583872E-13  2.1248567938256756E-13
  1.3369980701657948E+02  3.8446987476932052E-13  2.0994165387428216E-13
  1.3503181821557877E+02  3.8219062203899650E-13  2.0742321273930402E-13
  1.3637709984386160E+02  3.7994110350340633E-13  2.0493014782171599E-13
  1.3773578411074706E+02  3.7772123544190127E-13  2.0246225221643935E-13
  1.3910800454271603E+02  3.7553093876902471E-13  2.0001932026753127E-13
  1.4049389599653350E+02  3.7337013915394827E-13  1.9760114756639515E-13
  1.4189359467250239E+02  3.7123876714523163E-13  1.9520753094990095E-13
  1.4330723812784859E+02  3.6913675830119262E-13  1.9283826849841918E-13
  1.4473496529023902E+02  3.6706405332618868E-13  1.9049315953376406E-13
  1.4617691647143590E+02  3.6502059821312942E-13  1.8817200461704759E-13
  1.4763323338108549E+02  3.6300634439255843E-13  1.8587460554644268E-13
  1.4910405914064455E+02  3.6102124887767906E-13  1.8360076535041368E-13
  1.5058953829744647E+02  3.5906526286891821E-13  1.8135028262130972E-13
  1.5208981683890656E+02  3.5713830909723055E-13  1.7912294032343860E-13
  1.5360504220686860E+02  3.5524031084753137E-13  1.7691852052117312E-13
  1.5513536331209585E+02  3.5337119876104548E-13  1.7473680775734673E-13
  1.5668093054890502E+02  3.5153091098930505E-13  1.7257758901743350E-13
  1.5824189580994570E+02  3.4971939335786833E-13  1.7044065369421641E-13
  1.5981841250112973E+02  3.4793659954028527E-13  1.6832579355293966E-13
  1.6141063555670522E+02  3.4618249124287915E-13  1.6623280269694591E-13
  1.6301872145448380E+02  3.4445703840094437E-13  1.6416147753377889E-13
  1.6464282823121974E+02  3.4276021938701230E-13  1.6211161674174969E-13
  1.6628311549813913E+02  3.4109202123188325E-13  1.6008302123696401E-13
  1.6793974445662761E+02  3.3945243985915831E-13  1.5807549414079343E-13
  1.6961287791407204E+02  3.3784148333037959E-13  1.5608884208256013E-13
  1.7130268029986010E+02  3.3625919237550134E-13  1.5412288433662797E-13
  1.7300931768154075E+02  3.3470562795932169E-13  1.5217744674442732E-13
  1.7473295778114434E+02  3.3318086043939115E-13  1.5025235641903544E-13
  1.7647376999166505E+02  3.3168496984014074E-13  1.4834744170068215E-13
  1.7823192539370947E+02  3.3021804621925021E-13  1.4646253214851665E-13
  1.8000759677230903E+02  3.2878019005469804E-13  1.4459745853239728E-13
  1.8180095863390022E+02  3.2737151265388105E-13  1.4275205282470514E-13
  1.8361218722347556E+02  3.2599213658625439E-13  1.4092614819217525E-13
  1.8544146054190367E+02  3.2464219614109882E-13  1.3911957898775493E-13
  1.8728895836342215E+02  3.2332183781211314E-13  1.3733218074248466E-13
  1.8915486225330608E+02  3.2203122081069173E-13  1.3556379015740228E-13
  1.9103935558571095E+02  3.2077051738969386E-13  1.3381424500703028E-13
  1.9294262356169364E+02  3.1953990762469564E-13  1.3208338164833322E-13
  1.9486485322741493E+02  3.1833957943733910E-13  1.3037103478876993E-13
  1.9680623349251937E+02  3.1716973568867419E-13  1.2867704039334583E-13
  1.9876695514870204E+02  3.1603059522253952E-13  1.2700123583995716E-13
  2.0074721088845956E+02  3.1492239358588064E-13  1.2534345990381444E-13
  2.0274719532402509E+02  3.1384538379552619E-13  1.2370355274203216E-13
  2.0476710500649588E+02  3.1279983715490746E-13  1.2208135587838095E-13
  2.0680713844514915E+02  3.1178604412452886E-13  1.2047671218820383E-13
  2.0886749612695002E+02  3.1080431525033673E-13  1.1888946588349529E-13
  2.1094838053625588E+02  3.0985498215449760E-13  1.1731946249813944E-13
  2.1304999617471535E+02  3.0893839859352753E-13  1.1576654887330834E-13
  2.1517254958136502E+02  3.0805494158772899E-13  1.1423057314205565E-13
  2.1731624935292888E+02  3.0720501193694548E-13  1.1271138451143520E-13
  2.1948130616431772E+02  3.0638903461321097E-13  1.1120883305403653E-13
  2.2166793278933278E+02  3.0560746155917278E-13  1.0972277008463110E-13
  2.2387634412157777E+02  3.0486077339318315E-13  1.0825304819347678E-13
  2.2610675719557702E+02  3.0414948100471452E-13  1.0679952123141930E-13
  2.2835939120810434E+02  3.0347412726808979E-13  1.0536204429517841E-13
  2.3063446753972613E+02  3.0283528888494764E-13  1.0394047371281377E-13
  2.3293220977655713E+02  3.0223357836692924E-13  1.0253466702937248E-13
  2.3525284373223280E+02  3.0166964617130463E-13  1.0114448299271435E-13
  2.3759659747010394E+02  3.0114418300357494E-13  9.9769781539510716E-14
  2.3996370132564695E+02  3.0065792230264260E-13  9.8410423781421227E-14
  2.4235438792910162E+02  3.0021164292581598E-13  9.7066271991440265E-14
  2.4476889222833481E+02  2.9980617488079317E-13  9.5737190203253413E-14
  2.4720745151192691E+02  2.9944241569577424E-13  9.4423047273562261E-14
  2.4967030543249456E+02  2.9912132375526857E-13  9.3123714361609458E-14
  2.5215769603024177E+02  2.9884391636209649E-13  9.1839063417547549E-14
  2.5466986775674582E+02  2.9861127381070997E-13  9.0568967174713306E-14
  2.5720706749898289E+02  2.9842454383139666E-13  8.9313299146362481E-14
  2.5976954460359025E+02  2.9828494643158646E-13  8.8071933622441972E-14
  2.6235755090137030E+02  2.9819377917686680E-13  8.6844745666391307E-14
  2.6497134073204131E+02  2.9815242295971245E-13  8.5631611111971072E-14
  2.6761117096923203E+02  2.9816234831006537E-13  8.4432406560113453E-14
  2.7027730104572561E+02  2.9822512230899103E-13  8.3247009375792901E-14
  2.7296999297895724E+02  2.9834241617471725E-13  8.2075297684912398E-14
  2.7568951139676346E+02  2.9851601277234517E-13  8.0917150325782874E-14
  2.7843612356338798E+02  2.9874780595542380E-13  7.9772446112475143E-14
  2.8121009940574913E+02  2.9903981282972866E-13  7.8641063934994218E-14
  2.8401171153996637E+02  2.9939419146180143E-13  7.7522883484416320E-14
  2.8684123529815099E+02  2.9981325314828810E-13  7.6417785279961603E-14
  2.8969894875546771E+02  3.0029947583951713E-13  7.5325650662758795E-14
  2.9258513275745918E+02  3.0085551904637288E-13  7.4246361789863091E-14
  2.9550007094764828E+02  3.0148424042798477E-13  7.3179801628499280E-14
  2.9844404979541531E+02  3.0218871428874593E-13  7.2125853950515998E-14
  3.0141735862414725E+02  3.0297225224978128E-13  7.1084403327033289E-14
  3.0442028963967454E+02  3.0383842640338688E-13  7.0055335123261669E-14
  3.0745313795898710E+02  3.0479109531051700E-13  6.9038535493481816E-14
  3.1051620163923621E+02  3.0583443328003537E-13  6.8033891365106576E-14
  3.1360978170702828E+02  3.0697295976980340E-13  6.7041289677989192E-14
  3.1673418218800788E+02  3.0821157282986254E-13  6.6060617190209959E-14
  3.1988971013673518E+02  3.0955559987195985E-13  6.5091761525050251E-14
  3.2307667566686399E+02  3.1101084741374943E-13  6.4134611203007734E-14
  3.2629539198161797E+02  3.1258365668594403E-13  6.3189055630143776E-14
  3.2954617540456957E+02  3.1428096736123530E-13  6.2254985086922871E-14
  3.3282934541072956E+02  3.1611039083849881E-13  6.1332290717512658E-14
  3.3614522465794283E+02  3.1808029481410209E-13  6.0420864519516206E-14
  3.3949413901859657E+02  3.2019990124220438E-13  5.9520599334107390E-14
  3.4287641761164844E+02  3.2247940024757491E-13  5.8631388836541250E-14
  3.4629239283496969E+02  3.2493008313336132E-13  5.7753127527015963E-14
  3.4974240039801077E+02  3.2756449835653075E-13  5.6885710721860765E-14
  3.5322677935479771E+02  3.3039664110700776E-13  5.6029035110066006E-14
  3.5674587213724794E+02  3.3344219314247794E-13  5.5183000452220352E-14
  3.6030002458882592E+02  3.3671876139927100E-13  5.4347507662276660E-14
  3.6388958599853328E+02  3.4024617865562359E-13  5.3522458195657568E-14
  3.6751490913523077E+02  3.4404687503256069E-13  5.2707754049257230E-14
  3.7117635028231166E+02  3.4814632742411108E-13  5.1903297761170238E-14
  3.7487426927271383E+02  3.5257360667140606E-13  5.1108992410602626E-14
  3.7860902952428211E+02  3.5736204824639061E-13  5.0324741617942552E-14
  3.8238099807548588E+02  3.6255008023624735E-13  4.9550449544970940E-14
  3.8619054562148870E+02  3.6818225334184440E-13  4.8786020895196051E-14
  3.9003804655057843E+02  3.7431053261389345E-13  4.8031360914293045E-14
  3.9392387898096251E+02  3.8099593149151181E-13  4.7286375390633011E-14
  3.9784842479792695E+02  3.8831059658793771E-13  4.6550970544503783E-14
  4.0181206969136565E+02  3.9634047950471094E-13  4.5825051578872620E-14
  4.0581520319368667E+02  4.0518884571831494E-13  4.5108523166276105E-14
  4.0985821871809299E+02  4.1498090399374283E-13  4.4401290673853606E-14
  4.1394151359724441E+02  4.2586995805258590E-13  4.3703260190523016E-14
  4.1806548912230863E+02  4.3804570466782718E-13  4.3014338520096196E-14
  4.2223055058239709E+02  4.5174556952681639E-13  4.2334433174702889E-14
  4.2643710730439386E+02  4.6727039098816794E-13  4.1663452368502020E-14
  4.3068557269318734E+02  4.8500638768840493E-13  4.1001305011661782E-14
  4.3497636427229264E+02  5.0545626396163391E-13  4.0347900704590245E-14
  4.3930990372488679E+02  5.2928358856884326E-13  3.9703149732399219E-14
  4.4368661693525269E+02  5.5737614668571548E-13  3.9066963059583651E-14
  4.4810693403062822E+02  5.9093510282249394E-13  3.8439252337393695E-14
  4.5257128942348191E+02  6.3159469295599670E-13  3.7819931931586180E-14
  4.5708012185420387E+02  6.8156242812074087E-13  3.7208921030649542E-14
  4.6163387443422209E+02  7.4371588608379412E-13  3.6606139644083613E-14
  4.6623299468955264E+02  8.2143878362085977E-13  3.6011508034682121E-14
  4.7087793460477968E+02  9.1766448752900152E-13  3.5424946725279349E-14
  4.7556915066747274E+02  1.0324061499422147E-12  3.4846376505586862E-14
  4.8030710391305246E+02  1.1594281117637696E-12  3.4275718439099172E-14
  4.8509225997009713E+02  1.2863419816593513E-12  3.3712893870050260E-14
  4.8992508910610218E+02  1.4010993905591999E-12  3.3157824430402259E-14
  4.9480606627369860E+02  1.4981952173966128E-12  3.2610432046848629E-14
  4.9973567115732880E+02  1.5782766360841625E-12  3.2070638947816650E-14
  5.0471438822038607E+02  1.6446020886100064E-12  3.1538367670451969E-14
  5.0974270675282935E+02  1.7006224876234146E-12  3.1013539334458847E-14
  5.1482112091926695E+02  1.7491450979095856E-12  3.0496066634596124E-14
  5.1995012980751994E+02  1.7922566598451036E-12  2.9985860436428051E-14
  5.2513023747767375E+02  1.8314453056708752E-12  2.9482832754779084E-14
  5.3036195301161365E+02  1.8677544316263073E-12  2.8986896733502826E-14
  5.3564579056305342E+02  1.9019279558841713E-12  2.8497966624419081E-14
  5.4098226940807024E+02  1.9345120555843395E-12  2.8015957766817931E-14
  5.4637191399613039E+02  1.9659185279635197E-12  2.7540786567511040E-14
  5.5181525400163321E+02  1.9964616681711740E-12  2.7072370481408651E-14
  5.5731282437596929E+02  2.0263629978020543E-12  2.6610627992604010E-14
  5.6286516540008597E+02  2.0557684700991578E-12  2.6155478595947557E-14
  5.6847282273759015E+02  2.0848060706825333E-12  2.5706842779091212E-14
  5.7413634748837228E+02  2.1136101762891327E-12  2.5264642417139453E-14
  5.7985629624276464E+02  2.1423010301063944E-12  2.4828806043202302E-14
  5.8563323113624381E+02  2.1709703548886320E-12  2.4399266902160632E-14
  5.9146771990467471E+02  2.1996737864021486E-12  2.3975958590216794E-14
  5.9736033594010257E+02  2.2284416965864545E-12  2.3558814957757251E-14
  6.0331165834710828E+02  2.2573031689350143E-12  2.3147770116121166E-14
  6.0932227199971828E+02  2.2862971028828795E-12  2.2742758444275404E-14
  6.1539276759888219E+02  2.3154611209701022E-12  2.2343714595390912E-14
  6.2152374173052885E+02  2.3448007416834687E-12  2.1950573503317171E-14
  6.2771579692419289E+02  2.3742936248530103E-12  2.1563270388951555E-14
  6.3396954171223217E+02  2.4039662581086687E-12  2.1181740766499602E-14
  6.4028559068962761E+02  2.4338862625970836E-12  2.0805920449624218E-14
  6.4666456457438869E+02  2.4640744856527835E-12  2.0435745540871197E-14
  6.5310709026855272E+02  2.4945370243019423E-12  2.0071151441833869E-14
  6.5961380091979231E+02  2.5252852970547763E-12  1.9712072382546255E-14
  6.6618533598364320E+02  2.5563185194822454E-12  1.9358442965315331E-14
  6.7282234128634536E+02  2.5876416344654760E-12  1.9010198306882466E-14
  6.7952546908831073E+02  2.6192745722305171E-12  1.8667274036441139E-14
  6.8629537814822822E+02  2.6512311991737981E-12  1.8329606293699675E-14
  6.9313273378780241E+02  2.6834914209635015E-12  1.7997131726987239E-14
  7.0003820795713943E+02  2.7160180111116384E-12  1.7669787491400314E-14
  7.0701247930078148E+02  2.7488039972513803E-12  1.7347511246987619E-14
  7.1405623322440522E+02  2.7818748085542997E-12  1.7030241156970962E-14
  7.2117016196217969E+02  2.8152576945532933E-12  1.6717915886000155E-14
  7.2835496464479331E+02  2.8489913208490715E-12  1.6410474598448364E-14
  7.3561134736816689E+02  2.8831023458899466E-12  1.6107856937141510E-14
  7.4294002326284362E+02  2.9175535969858652E-12  1.5810002886911447E-14
  7.5034171256407103E+02  2.9523246100349165E-12  1.5516852878807626E-14
  7.5781714268258725E+02  2.9874266204837203E-12  1.5228347849276082E-14
  7.6536704827610504E+02  3.0228295013286698E-12  1.4944429238287028E-14
  7.7299217132151352E+02  3.0584817582559398E-12  1.4665038987476144E-14
  7.8069326118779304E+02  3.0943755982951633E-12  1.4390119538303087E-14
  7.8847107470966557E+02  3.1305538779933280E-12  1.4119613830225104E-14
  7.9632637626197095E+02  3.1670547236504341E-12  1.3853465298885685E-14
  8.0425993783478464E+02  3.2038736345410568E-12  1.3591617874315922E-14
  8.1227253910929096E+02  3.2409854119492545E-12  1.3334015979147828E-14
  8.2036496753440440E+02  3.2783698955106717E-12  1.3080604526838504E-14
  8.2853801840415531E+02  3.3160092070167450E-12  1.2831328941825021E-14
  8.3679249493585314E+02  3.3539061371738832E-12  1.2586135372306937E-14
  8.4512920834902036E+02  3.3920485906123703E-12  1.2344970579381900E-14
  8.5354897794511783E+02  3.4303475471043779E-12  1.2107781780869569E-14
  8.6205263118805908E+02  3.4687729993776408E-12  1.1874516648291897E-14
  8.7064100378553599E+02  3.5073671929757053E-12  1.1645123306285571E-14
  8.7931493977114678E+02  3.5461333577453823E-12  1.1419550331988075E-14
  8.8807529158734019E+02  3.5850386750103776E-12  1.1197746754396591E-14
  8.9692292016919805E+02  3.6240591577941680E-12  1.0979662053698931E-14
  9.0585869502904018E+02  3.6631747149648596E-12  1.0765246160576393E-14
  9.1488349434187546E+02  3.7023311819198569E-12  1.0554449455477723E-14
  9.2399820503170997E+02  3.7414368867051304E-12  1.0347222767863635E-14
  9.3320372285870815E+02  3.7804074738415140E-12  1.0143517373697204E-14
  9.4250095250722563E+02  3.8191901818620744E-12  9.9432849383313068E-15
  9.5189080767471523E+02  3.8577337371266363E-12  9.7464775075463691E-15
  9.6137421116152666E+02  3.8960101665160267E-12  9.5530475789681255E-15
  9.7095209496159407E+02  3.9340112315427394E-12  9.3629481055054823E-15
  9.8062540035402549E+02  3.9716320477607369E-12  9.1761324939183043E-15
  9.9039507799561397E+02  4.0087046486123960E-12  8.9925546033679317E-15
  1.0002620880142622E+03  4.0450603960710261E-12  8.8121687439499875E-15
  1.0102274001033367E+03  4.0805244628550364E-12  8.6349296752089299E-15
  1.0202919936169725E+03  4.1149315298082500E-12  8.4607926046332297E-15
  1.0304568576663169E+03  4.1481093326061574E-12  8.2897131861312744E-15
  1.0407229912167325E+03  4.1798387831163376E-12  8.1216475184870305E-15
  1.0510914031859782E+03  4.2098585414957868E-12  7.9565521437813644E-15
  1.0615631125433583E+03  4.2378650215924577E-12  7.7943839730258578E-15
  1.0721391484098644E+03  4.2634606107235267E-12  7.6351001218911959E-15
  1.0828205501593093E+03  4.2861072365903762E-12  7.4786581193810600E-15
  1.0936083675204798E+03  4.3051316548378030E-12  7.3250159591235803E-15
  1.1045036606802967E+03  4.3197785470000324E-12  7.1741320964756110E-15
  1.1155075003880031E+03  4.3291898943567198E-12  7.0259654456383992E-15
  1.1266209680603990E+03  4.3322323168667213E-12  6.8804753767836257E-15
  1.1378451558881179E+03  4.3274063566170821E-12  6.7376217131890701E-15
  1.1491811669429576E+03  4.3127731612011659E-12  6.5973647283829798E-15
  1.1606301152862945E+03  4.2857897675865657E-12  6.4596651432961610E-15
  1.1721931260785636E+03  4.2430541196647926E-12  6.3244841234211862E-15
  1.1838713356898384E+03  4.1799956398101190E-12  6.1917832759778136E-15
  1.1956658918115043E+03  4.0904684806771114E-12  6.0615247043776304E-15
  1.2075779535690556E+03  3.9662603423845220E-12  5.9336714203922711E-15
  1.2196086916360086E+03  3.7967145815101813E-12  5.8081870618700113E-15
  1.2317592883489447E+03  3.5691330129690832E-12  5.6850356363087705E-15
  1.2440309378237157E+03  3.2717161331064236E-12  5.5641815188977082E-15
  1.2564248460727924E+03  2.9017223768640818E-12  5.4455894525489795E-15
  1.2689422311237834E+03  2.4779549443480401E-12  5.3292245478428932E-15
  1.2815843231391464E+03  2.0444193040950864E-12  5.2150522828873514E-15
  1.2943523645370772E+03  1.6503959295034732E-12  5.1030385030930625E-15
  1.3072476101136153E+03  1.3240408592016282E-12  4.9931494208655630E-15
  1.3202713271659538E+03  1.0679333957139665E-12  4.8853516152153370E-15
  1.3334247956169922E+03  8.7117072180613401E-13  4.7796120312872080E-15
  1.3467093081411197E+03  7.2015164909180957E-13  4.6758979695440357E-15
  1.3601261702912489E+03  6.0317446453655966E-13  4.5741767958542728E-15
  1.3736767006271309E+03  5.1134964557636727E-13  4.4744159269364474E-15
  1.3873622308449330E+03  4.3822268643257558E-13  4.3765831795443532E-15
  1.4011841059081091E+03  3.7916234145080636E-13  4.2806467873792783E-15
  1.4151436841795853E+03  3.3083455848918703E-13  4.1865753974789097E-15
  1.4292423375552503E+03  2.9081450497197210E-13  4.0943380666235914E-15
  1.4434814515987839E+03  2.5731535036675822E-13  4.0039042577591683E-15
  1.4578624256778166E+03  2.2900181901245751E-13  3.9152438364361025E-15
  1.4723866731014655E+03  2.0486208081093255E-13  3.8283270672640917E-15
  1.4870556212592232E+03  1.8411908795979747E-13  3.7431246103819309E-15
  1.5018707117612335E+03  1.6616854002844844E-13  3.6596075179420875E-15
  1.5168334005799738E+03  1.5053493457452356E-13  3.5777472307540026E-15
  1.5319451581933422E+03  1.3684002613767052E-13  3.4975156499814200E-15
  1.5472074697291623E+03  1.2477989573966140E-13  3.4188852510999797E-15
  1.5626218351111468E+03  1.1410805860060168E-13  3.3418288962621557E-15
  1.5781897692062985E+03  1.0462288345256773E-13  3.2663197961233500E-15
  1.5939128019737893E+03  9.6158113469481981E-14  3.1923315077386191E-15
  1.6097924786153114E+03  8.8575646433411037E-14  3.1198379324256635E-15
  1.6258303597269442E+03  8.1759980108066018E-14  3.0488133135947470E-15
  1.6420280214525199E+03  7.5613898210613667E-14  2.9792322345466027E-15
  1.6583870556385148E+03  7.0055090074862616E-14  2.9110696162390365E-15
  1.6749090699905009E+03  6.5013479798171171E-14  2.8443007150231025E-15
  1.6915956882311400E+03  6.0429099408979514E-14  2.7789011203497628E-15
  1.7084485502597527E+03  5.6250382761624726E-14  2.7148467524479381E-15
  1.7254693123134903E+03  5.2432787516077090E-14  2.6521138600331461E-15
  1.7426596471300982E+03  4.8937675179917898E-14  2.5906790219702226E-15
  1.7600212441123106E+03  4.5731394125042777E-14  2.5305191436378440E-15
  1.7775558094938692E+03  4.2784525237729205E-14  2.4716114512068677E-15
  1.7952650665072185E+03  4.0071258137773340E-14  2.4139334891573718E-15
  1.8131507555528524E+03  3.7568872459016255E-14  2.3574631178143395E-15
  1.8312146343703487E+03  3.5257304374934417E-14  2.3021785108613238E-15
  1.8494584782111251E+03  3.3118782672498678E-14  2.2480581528328658E-15
  1.8678840800128978E+03  3.1137521864392045E-14  2.1950808365867014E-15
  1.8864932505758804E+03  2.9299462312286121E-14  2.1432256607565183E-15
  1.9052878187407525E+03  2.7592049279876076E-14  2.0924720271861670E-15
  1.9242696315683852E+03  2.6004044368778886E-14  2.0427996383462407E-15
  1.9434405545213663E+03  2.4525363965642216E-14  1.9941884927360387E-15
  1.9628024716473242E+03  2.3146939455131706E-14  1.9466188313843293E-15
  1.9823572857640954E+03  2.1860597748012003E-14  1.9000711367010522E-15
  2.0021069186467228E+03  2.0658958903435406E-14  1.8545261884234067E-15
  2.0220533112163127E+03  1.9535346251746899E-14  1.8099650634630633E-15
  2.0421984237307938E+03  1.8483708133584313E-14  1.7663691327318027E-15
  2.0625442359775593E+03  1.7498549610923704E-14  1.7237200579732238E-15
  2.0830927474680248E+03  1.6574872720774569E-14  1.6819997886010078E-15
  2.1038459776341474E+03  1.5708124069255494E-14  1.6411905585440695E-15
  2.1248059660268791E+03  1.4894148751340075E-14  1.6012748830992164E-15
  2.1459747725166094E+03  1.4129149737077209E-14  1.5622355557916384E-15
  2.1673544774955949E+03  1.3409651994509056E-14  1.5240556452437803E-15
  2.1889471820824238E+03  1.2732470728455301E-14  1.4867184920909406E-15
  2.2107550083285018E+03  1.2094683552068776E-14  1.4502077312747830E-15
  2.2327800994265899E+03  1.1493605846157191E-14  1.4145073260031850E-15
  2.2550246199214462E+03  1.0926767566565279E-14  1.3796015038828486E-15
  2.2774907559225398E+03  1.0391893222650010E-14  1.3454747432275322E-15
  2.3001807153188884E+03  9.8868841125356122E-15  1.3121117704545876E-15
  2.3230967279960546E+03  9.4098024117235778E-15  1.2794975574764813E-15
  2.3462410460552815E+03  8.9588568974268236E-15  1.2476173190881285E-15
  2.3696159440348265E+03  8.5323901193715600E-15  1.2164565103508048E-15
  2.3932237191334839E+03  8.1288668521282817E-15  1.1860008239734657E-15
  2.4170666914363596E+03  7.7468636849179781E-15  1.1562361876922102E-15
  2.4411472041428747E+03  7.3850596228243132E-15  1.1271487616487203E-15
  2.4654676237970375E+03  7.0422275888595088E-15  1.0987249357684043E-15
  2.4900303405200330E+03  6.7172266883917969E-15  1.0709513243470608E-15
  2.5148377682451105E+03  6.4089950189428569E-15  1.0438147446819128E-15
  2.5398923449548070E+03  6.1165435510875938E-15  1.0173022286618237E-15
  2.5651965329205564E+03  5.8389504852804320E-15  9.9140103050970720E-16
  2.5907528189446657E+03  5.5753560021063484E-15  9.6609862404833054E-16
  2.6165637146047120E+03  5.3249574785836911E-15  9.4138269994087096E-16
  2.6426317565003601E+03  5.0870051242763462E-15  9.1724116294131963E-16
  2.6689595065026674E+03  4.8607979958210480E-15  8.9366212915527475E-16
  2.6955495520058466E+03  4.6456803530079930E-15  8.7063392331174664E-16
  2.7224045061815368E+03  4.4410383235394023E-15  8.4814507604651746E-16
  2.7495270082356337E+03  4.2462968471036508E-15  8.2618432119756713E-16
  2.7769197236676514E+03  4.0609168725040333E-15  8.0474059311316248E-16
  2.8045853445326702E+03  3.8843927796420286E-15  7.8380302245462224E-16
  2.8325265897059194E+03  3.7162499566159685E-15  7.6336091394442490E-16
  2.8607462051499660E+03  3.5560426523381423E-15  7.4340375176802063E-16
  2.8892469641845837E+03  3.4033520230586528E-15  7.2392121362135011E-16
  2.9180316677592937E+03  3.2577842861613708E-15  7.0490316824039270E-16
  2.9471031447286468E+03  3.1189690162743571E-15  6.8633967255172727E-16
  2.9764642521302289E+03  2.9865575723312305E-15  6.6822096885041338E-16
  3.0061178754654243E+03  2.8602216443084059E-15  6.5053748200521034E-16
  3.0360669289830175E+03  2.7396519094400290E-15  6.3327981669109171E-16
  3.0663143559655809E+03  2.6245567886764519E-15  6.1643875464914262E-16
  3.0968631290187195E+03  2.5146612950155034E-15  6.0000525197378149E-16
  3.1277162503632321E+03  2.4097059661107814E-15  5.8397043642732688E-16
  3.1588767521301402E+03  2.3094458751324328E-15  5.6832560505315346E-16
  3.1903476966586841E+03  2.2136497979038475E-15  5.5306224639576202E-16
  3.2221321767972640E+03  2.1220994155403591E-15  5.3817205493405296E-16
  3.2542333162074146E+03  2.0345883569811540E-15  5.2364688356981412E-16
  3.2866542696707752E+03  1.9509214456461113E-15  5.0947873629967445E-16
  3.3193982233991223E+03  1.8709140166411398E-15  4.9565976617662972E-16
  3.3524683953475169E+03  1.7943912807621084E-15  4.8218227327668549E-16
  3.3858680355305451E+03  1.7211877317142749E-15  4.6903870267138216E-16
  3.4196004263417044E+03  1.6511465932678731E-15  4.5622164240690884E-16
  3.4536688828760098E+03  1.5841193033461891E-15  4.4372382149050214E-16
  3.4880767532557716E+03  1.5199650322927872E-15  4.3153810788481616E-16
  3.5228274189596464E+03  1.4585502327916986E-15  4.1965750651089904E-16
  3.5579242951549395E+03  1.3997482191210855E-15  4.0807515726036191E-16
  3.5933708310332586E+03  1.3434387383089282E-15  3.9678432156053028E-16
  3.6291705101494749E+03  1.2895074827571986E-15  3.8577834189825102E-16
  3.6653268507640660E+03  1.2378458843916988E-15  3.7505068229820753E-16
  3.7018434061888956E+03  1.1883508413281336E-15  3.6459494202602611E-16
  3.7387237651364126E+03  1.1409244114468202E-15  3.5440485312948814E-16
  3.7759715520723230E+03  1.0954735251075931E-15  3.4447427801347890E-16
  3.8135904275718126E+03  1.0519097156894006E-15  3.3479720705192804E-16
  3.8515840886792830E+03  1.0101488667264752E-15  3.2536775623631658E-16
  3.8899562692716709E+03  9.7011097450628501E-16  3.1618016486031232E-16
  3.9287107404254275E+03  9.3171992508006395E-16  3.0722879324009597E-16
  3.9678513107871022E+03  8.9490328471539576E-16  2.9850812046996846E-16
  4.0073818269476606E+03  8.5959210289226705E-16  2.9001274221280848E-16
  4.0473061738204869E+03  8.2572073088771800E-16  2.8173736997440698E-16
  4.0876282750232117E+03  7.9322669197280966E-16  2.7367684534924511E-16
  4.1283520932632919E+03  7.6205049416144888E-16  2.6582613002990091E-16
  4.1694816307274432E+03  7.3213543847339227E-16  2.5818029052812491E-16
  4.2110209294749829E+03  7.0342747376660418E-16  2.5073449609064972E-16
  4.2529740718350577E+03  6.7587506065577420E-16  2.4348401691413300E-16
  4.2953451808078225E+03  6.4942904317077864E-16  2.3642422238119783E-16
  4.3381384204696687E+03  6.2404252766802088E-16  2.2955057931759957E-16
  4.3813579963824250E+03  5.9967076854144864E-16  2.2285865027054673E-16
  4.4250081560066856E+03  5.7627106031112290E-16  2.1634409180818016E-16
  4.4690931891192049E+03  5.5380263569615601E-16  2.1000265284021614E-16
  4.5136174282345191E+03  5.3222656930544732E-16  2.0383017295974128E-16
  4.5585852490307088E+03  5.1150568650859353E-16  1.9782258076541767E-16
  4.6040010707794136E+03  4.9160447136587570E-16  1.9197588980339394E-16
  4.6498693567801674E+03  4.7248898272425846E-16  1.8628619590078305E-16
  4.6961946147990266E+03  4.5412678725039705E-16  1.8074967954802494E-16
  4.7429813975115558E+03  4.3648688726517670E-16  1.7536260467469950E-16
  4.7902343029502790E+03  4.1953965148375410E-16  1.7012131706682829E-16
  4.8379579749565391E+03  4.0325674942543855E-16  1.6502224280760278E-16
  4.8861571036368887E+03  3.8761108927941530E-16  1.6006188674136631E-16
  4.9348364258239908E+03  3.7257675902608684E-16  1.5523683096067958E-16
  4.9840007255421751E+03  3.5812897062647566E-16  1.5054373331629152E-16
  5.0336548344775711E+03  3.4424400710405707E-16  1.4597932594984215E-16
  5.0838036324529394E+03  3.3089917235436022E-16  1.4154041384911729E-16
  5.1344520479072726E+03  3.1807274352785481E-16  1.3722387342559247E-16
  5.1856050583801234E+03  3.0574392383128851E-16  1.3302665019573828E-16
  5.2372676910007694E+03  2.9389279435951522E-16  1.2894575498774005E-16
  5.2894450229822905E+03  2.8250028029126342E-16  1.2497826563387686E-16
  5.3421421821205158E+03  2.7154811415073729E-16  1.2112132651539062E-16
  5.3953643472979757E+03  2.6101879890036899E-16  1.1737214720653147E-16
  5.4491167489928439E+03  2.5089557287305888E-16  1.1372800114198861E-16
  5.5034046697929998E+03  2.4116237644360335E-16  1.1018622430741636E-16
  5.5582334449151676E+03  2.3180382034500407E-16  1.0674421395277261E-16
  5.6136084627292203E+03  2.2280515554092572E-16  1.0339942732817673E-16
  5.6695351652877689E+03  2.1415224457078167E-16  1.0014938044199867E-16
  5.7260190488609669E+03  2.0583153428887141E-16  9.6991646840896716E-17
  5.7830656644766459E+03  1.9783002992352617E-16  9.3923856411518076E-17
  5.8406806184658835E+03  1.9013527022361358E-16  9.0943694134784341E-17
  5.8988695730139552E+03  1.8273530227857384E-16  8.8048898206756555E-17
  5.9576382467168005E+03  1.7561866011947984E-16  8.5237259294264517E-17
  6.0169924151429996E+03  1.6877434470586329E-16  8.2506619979081567E-17
  6.0769379114014155E+03  1.6219180359111481E-16  7.9854873661487517E-17
  6.1374806267144368E+03  1.5586091152610367E-16  7.7279963474680952E-17
  6.1986265109968972E+03  1.4977195197435450E-16  7.4779881219482707E-17
  6.2603815734408990E+03  1.4391559949217714E-16  7.2352666319027962E-17
  6.3227518831063408E+03  1.3828290292978066E-16  6.9996404793162961E-17
  6.3857435695172653E+03  1.3286526941180509E-16  6.7709228252252531E-17
  6.4493628232644169E+03  1.2765444905797191E-16  6.5489312910095560E-17
  6.5136158966135235E+03  1.2264252040678433E-16  6.3334878615683471E-17
  6.5785091041197466E+03  1.1782187650865831E-16  6.1244187903223610E-17
  6.6440488232482703E+03  1.1318521184962167E-16  5.9215545124782873E-17
  6.7102414950010962E+03  1.0872550978433266E-16  5.7247295590566776E-17
  6.7770936245499643E+03  1.0443603008260373E-16  5.5337824545247215E-17
  6.8446117818756957E+03  1.0031029735126129E-16  5.3485556276754298E-17
  6.9128026024139053E+03  9.6342090010420973E-17  5.1688953256783373E-17
  6.9816727877070280E+03  9.2525429762737208E-17  4.9946515298122235E-17
  7.0512291060629632E+03  8.8854571531778435E-17  4.8256778728528588E-17
  7.1214783932202799E+03  8.5323993846954698E-17  4.6618315580899466E-17
  7.1924275530199220E+03  8.1928389653599431E-17  4.5029732799476498E-17
  7.2640835580837402E+03  7.8662657527899207E-17  4.3489671461824773E-17
  7.3364534504997719E+03  7.5521893277435928E-17  4.1996806016334266E-17
  7.4095443425142294E+03  7.2501381908583453E-17  4.0549843534662024E-17
  7.4833634172305046E+03  6.9596588520941328E-17  3.9147522175949278E-17
  7.5579179293151528E+03  6.6803148042147698E-17  3.7788608814106859E-17
  7.6332152057107469E+03  6.4116862558957669E-17  3.6471900737969498E-17
  7.7092626463560082E+03  6.1533695569718327E-17  3.5196225516314540E-17
  7.7860677249130740E+03  5.9049765447787548E-17  3.3960440283589729E-17
  7.8636379895018999E+03  5.6661339188223164E-17  3.2763431041697703E-17
  7.9419810634421010E+03  5.4364826424536533E-17  3.1604111977499863E-17
  8.0211046460021962E+03  5.2156773702981938E-17  3.0481424795717345E-17
  8.1010165131561625E+03  5.0033859002478844E-17  2.9394338066910301E-17
  8.1817245183476871E+03  4.7992886488845921E-17  2.8341846590218171E-17
  8.2632365932620105E+03  4.6030781492599701E-17  2.7322970770554908E-17
  8.3455607486053359E+03  4.4144585700100182E-17  2.6336756009959122E-17
  8.4287050748921374E+03  4.2331452993008162E-17  2.5382272383014701E-17
  8.5126777432403123E+03  4.0588648225607604E-17  2.4458615985972400E-17
  8.5974870061741167E+03  3.8913540528794275E-17  2.3564906913678641E-17
  8.6831411984352326E+03  3.7303597198822209E-17  2.2700287471471004E-17
  8.7696487378019210E+03  3.5756379891354384E-17  2.1863921663707494E-17
  8.8570181259162655E+03  3.4269540988633289E-17  2.1054994702968174E-17
  8.9452579491195593E+03  3.2840820114719112E-17  2.0272712529146037E-17
  9.0343768792963583E+03  3.1468040792345388E-17  1.9516301338267411E-17
  9.1243836747266105E+03  3.0149107235261874E-17  1.8785007120893566E-17
  9.2152871809462740E+03  2.8882001270203594E-17  1.8078095209946385E-17
  9.3070963316168509E+03  2.7664779382897350E-17  1.7394849837802663E-17
  9.3998201494032437E+03  2.6495569882789187E-17  1.6734573702510360E-17
  9.4934677468603513E+03  2.5372570090049005E-17  1.6096587483787562E-17
  9.5880483273288464E+03  2.4294041105103985E-17  1.5480227749104142E-17
  9.6835711858395134E+03  2.3258305407932126E-17  1.4884846591267129E-17
  9.7800457100267122E+03  2.2263747836353247E-17  1.4309813370459788E-17
  9.8774813810509968E+03  2.1308813377159591E-17  1.3754514401507326E-17
  9.9758877745309455E+03  2.0392004852063299E-17  1.3218352524726401E-17
  1.0075274561484104E+04  1.9511880698371443E-17  1.2700746687753741E-17
  1.0175651509277472E+04  1.8667052840253083E-17  1.2201131538071803E-17
  1.0277028482587468E+04  1.7856184646659117E-17  1.1718957025959559E-17
  1.0379415444369271E+04  1.7077988972138168E-17  1.1253688017601969E-17
  1.0482822456836004E+04  1.6331226276960082E-17  1.0804803918096004E-17
  1.0587259682447666E+04  1.5614702823128224E-17  1.0371798304099149E-17
  1.0692737384909758E+04  1.4927268943862578E-17  9.9541785664782571E-18
  1.0799265930181997E+04  1.4267817846998262E-17  9.5514658767038971E-18
  1.0906855787497121E+04  1.3635284696557735E-17  9.1631953071956684E-18
  1.1015517530389650E+04  1.3028643847134639E-17  8.7889146773926919E-18
  1.1125261837735055E+04  1.2446907166089537E-17  8.4281840898280439E-18
  1.1236099494799322E+04  1.1889122652890938E-17  8.0805756331918534E-18
  1.1348041394298749E+04  1.1354373111933476E-17  7.7456730922795832E-18
  1.1461098537470511E+04  1.0841774876626412E-17  7.4230716646679896E-18
  1.1575282035153883E+04  1.0350476582646005E-17  7.1123776839663600E-18
  1.1690603108882045E+04  9.8796579883352991E-18  6.8132083494928486E-18
  1.1807073091984956E+04  9.4285288403201915E-18  6.5251914622266821E-18
  1.1924703430703219E+04  8.9963277824963858E-18  6.2479651668916222E-18
  1.2043505685312848E+04  8.5823213066208460E-18  5.9811777000282423E-18
  1.2163491531261418E+04  8.1858027311493750E-18  5.7244871348524600E-18
  1.2284672760315576E+04  7.8060911770969761E-18  5.4775610997835804E-18
  1.2407061281719742E+04  7.4425306886067555E-18  5.2400765858969095E-18
  1.2530669123366577E+04  7.0944893603975043E-18  5.0117197381579067E-18
  1.2655508432979108E+04  6.7613584706090930E-18  4.7921856301498551E-18
  1.2781591479304432E+04  6.4425516462151536E-18  4.5811780440352040E-18
  1.2908930653319487E+04  6.1375040597438000E-18  4.3784092556604193E-18
  1.3037538469448902E+04  5.8456716560495789E-18  4.1835998246774810E-18
  1.3167427566794693E+04  5.5665304079331363E-18  3.9964783895580743E-18
  1.3298610710378465E+04  5.2995755994537484E-18  3.8167814673779023E-18
  1.3431100792395975E+04  5.0443211358299078E-18  3.6442532582522801E-18
  1.3564910833484104E+04  4.8002988788692019E-18  3.4786454543065034E-18
  1.3700053984000268E+04  4.5670579983386857E-18  3.3197170468954612E-18
  1.3836543525315134E+04  4.3441641691852205E-18  3.1672340102741876E-18
  1.3974392871117696E+04  4.1311990202548447E-18  3.0209691523271226E-18
  1.4113615568733352E+04  3.9277597794554453E-18  2.8807020958872365E-18
  1.4254225300455611E+04  3.7334587240954995E-18  2.7462191106786106E-18
  1.4396235884890601E+04  3.5479226416949662E-18  2.6173129422254968E-18
  1.4539661278314899E+04  3.3707923107122010E-18  2.4937826449151795E-18
  1.4684515576047474E+04  3.2017220003878728E-18  2.3754334190980666E-18
  1.4830813013834717E+04  3.0403789889425427E-18  2.2620764521132934E-18
  1.4978567969249443E+04  2.8864430993946961E-18  2.1535287631295312E-18
  1.5127794963103917E+04  2.7396062522977655E-18  2.0496130516947177E-18
  1.5278508660877023E+04  2.5995720347244135E-18  1.9501575498914014E-18
  1.5430723874155317E+04  2.4660552852863790E-18  1.8549958783283486E-18
  1.5584455562088775E+04  2.3387817958887875E-18  1.7639669821738297E-18
  1.5739718832860994E+04  2.2174880297823087E-18  1.6769150726133971E-18
  1.5896528945173803E+04  2.1019205073163455E-18  1.5936893117484339E-18
  1.6054901309746905E+04  1.9918354173825362E-18  1.5141436586024811E-18
  1.6214851490832501E+04  1.8869982793309949E-18  1.4381367463402992E-18
  1.6376395207744676E+04  1.7871836164548177E-18  1.3655317620256162E-18
  1.6539548336404350E+04  1.6921746406146496E-18  1.2961963288618294E-18
  1.6704326910899588E+04  1.6017629475931245E-18  1.2300023908621285E-18
  1.6870747125061185E+04  1.5157482227855318E-18  1.1668260998970422E-18
  1.7038825334054221E+04  1.4339379568485725E-18  1.1065477050686923E-18
  1.7208578055985516E+04  1.3561471709449123E-18  1.0490514443630521E-18
  1.7380021973526720E+04  1.2821981512359309E-18  9.9422543853303673E-19
  1.7553173935553976E+04  1.2119201787123225E-18  9.4196157658271489E-19
  1.7728050958803837E+04  1.1451492223430345E-18  8.9215536808282422E-19
  1.7904670229545405E+04  1.0817277650060720E-18  8.4470589410536780E-19
  1.8083049105269441E+04  1.0215046012153601E-18  7.9951573248947160E-19
  1.8263205116394318E+04  9.6433461019812924E-19  7.5649086015426610E-19
  1.8445155967988605E+04  9.1007853663358106E-19  7.1554055753001481E-19
  1.8628919541511168E+04  8.5860277882510556E-19  6.7657731509893049E-19
  1.8814513896568631E+04  8.0977918403807445E-19  6.3951674199940617E-19
  1.9001957272689953E+04  7.6348485074631372E-19  6.0427747664913821E-19
  1.9191268091119069E+04  7.1960193754087095E-19  5.7078109934410485E-19
  1.9382464956625372E+04  6.7801747846517022E-19  5.3895204679226144E-19
  1.9575566659331904E+04  6.3862320455048444E-19  5.0871752854237245E-19
  1.9770592176562066E+04  6.0131537374992224E-19  4.8000744721268328E-19
  1.9967560674704753E+04  5.6599464078716287E-19  4.5275434791833535E-19
  2.0166491511097895E+04  5.3256587898963963E-19  4.2689332671630697E-19
  2.0367404235930546E+04  5.0093798753303918E-19  4.0236192470729381E-19
  2.0570318594164695E+04  4.7102374191467039E-19  3.7910005409130882E-19
  2.0775254527475488E+04  4.4273965047221393E-19  3.5704992673891814E-19
  2.0982232176210768E+04  4.1600581555513820E-19  3.3615598427572205E-19
  2.1191271881370882E+04  3.9074579920280342E-19  3.1636482966088148E-19
  2.1402394186607493E+04  3.6688649318909497E-19  2.9762516024125322E-19
  2.1615619840242260E+04  3.4435799329838121E-19  2.7988770226292906E-19
  2.1830969797306425E+04  3.2309347770269421E-19  2.6310514682243715E-19
  2.2048465221599901E+04  3.0302908931507719E-19  2.4723208724048130E-19
  2.2268127487771126E+04  2.8410382197762698E-19  2.3222495782387914E-19
  2.2489978183417759E+04  2.6625940826762680E-19  2.1804197226781051E-19
  2.2714039111208378E+04  2.4944021186404737E-19  2.0464306419528021E-19
  2.2940332291024901E+04  2.3359312905747856E-19  1.9198983367121183E-19
  2.3168879962126728E+04  2.1866748957439807E-19  1.8004549170724703E-19
  2.3399704585336513E+04  2.0461496018979916E-19  1.6877480566142494E-19
  2.3632828845247204E+04  1.9138945157883951E-19  1.5814404596386406E-19
  2.3868275652451590E+04  1.7894702831144382E-19  1.4812093415159025E-19
  2.4106068145793972E+04  1.6724582189711777E-19  1.3867459219586535E-19
  2.4346229694643891E+04  1.5624594679024910E-19  1.2977549310545684E-19
  2.4588783901192939E+04  1.4590941926904329E-19  1.2139541278930678E-19
  2.4833754602774436E+04  1.3620007910406103E-19  1.1350738316216361E-19
  2.5081165874205763E+04  1.2708351393496529E-19  1.0608564647674692E-19
  2.5331042030154524E+04  1.1852698771385574E-19  9.9105612075655930E-20
  2.5583407627528217E+04  1.1049937486506569E-19  9.2543816997496019E-20
  2.5838287467887338E+04  1.0297108601442359E-19  8.6377878617115409E-20
  2.6095706599882895E+04  9.5914000453927095E-20  8.0586452054165121E-20
  2.6355690321718284E+04  8.9301403289680999E-20  7.5149190685190635E-20
  2.6618264183635165E+04  8.3107924815985639E-20  7.0046707750300570E-20
  2.6883453990424634E+04  7.7309482052456134E-20  6.5260539039666915E-20
  2.7151285803963354E+04  7.1883222383376677E-20  6.0773106645477270E-20
  2.7421785945774514E+04  6.6807469239942787E-20  5.6567683764661926E-20
  2.7694980999614760E+04  6.2061669767415401E-20  5.2628360537403756E-20
  2.7970897814086929E+04  5.7626344420578069E-20  4.8940010906177823E-20
  2.8249563505278300E+04  5.3483038432180919E-20  4.5488260479786695E-20
  2.8531005459425611E+04  4.9614275134388815E-20  4.2259455414984758E-20
  2.8815251335606656E+04  4.6003511447172626E-20  3.9240632607468076E-20
  2.9102329068458184E+04  4.2635094370320124E-20  3.6419490247451344E-20
  2.9392266870921379E+04  3.9494219004728832E-20  3.3784359199055557E-20
  2.9685093237014637E+04  3.6566888626717090E-20  3.1324175669698185E-20
  2.9980836944633797E+04  3.3839876333982256E-20  2.9028454791174224E-20
  3.0279527058379907E+04  3.1300688205342140E-20  2.6887265086408291E-20
  3.0581192932416310E+04  2.8937527928282042E-20  2.4891203804812392E-20
  3.0885864213353110E+04  2.6739262849310480E-20  2.3031373109021940E-20
  3.1193570843160338E+04  2.4695391403021402E-20  2.1299357095588373E-20
  3.1504343062111304E+04  2.2796011876677175E-20  1.9687199632060497E-20
  3.1818211411754113E+04  2.1031792468044807E-20  1.8187382992778092E-20
  3.2135206737912802E+04  1.9393942597578958E-20  1.6792807277811662E-20
  3.2455360193719513E+04  1.7874185550476776E-20  1.5496770700383669E-20
  3.2778703242675663E+04  1.6464732178608933E-20  1.4292950520092156E-20
  3.3105267661743994E+04  1.5158255519117134E-20  1.3175384511445832E-20
  3.3435085544471636E+04  1.3947866713422091E-20  1.2138453323383460E-20
  3.3768189304144318E+04  1.2827092000083611E-20  1.1176863544171014E-20
  3.4104611676971450E+04  1.1789850726917980E-20  1.0285631437552447E-20
  3.4444385725303509E+04  1.0830434347084133E-20  9.4600673323744532E-21
  3.4787544840881485E+04  9.9434863646469000E-21  8.6957606479554273E-21
  3.5134122748118083E+04  9.1239831959108947E-21  7.9885655375329242E-21
  3.5484153507412266E+04  8.3672159135945925E-21  7.3345871322050015E-21
  3.5837671518496762E+04  7.6687728416967403E-21  6.7301683678908343E-21
  3.6194711523818354E+04  7.0245229696804832E-21  6.1718773779615005E-21
  3.6555308611952409E+04  6.4306002010382725E-21  5.6564954744226215E-21
  3.6919498221051523E+04  5.8833884250472539E-21  5.1810057171252155E-21
  3.7287316142327778E+04  5.3795070217668870E-21  4.7425817376635528E-21
  3.7658798523570389E+04  4.9157972150813004E-21  4.3385771890498935E-21
  3.8033981872698430E+04  4.4893091545042384E-21  3.9665157248565366E-21
  3.8412903061348217E+04  4.0972896417109793E-21  3.6240814415991088E-21
  3.8795599328497156E+04  3.7371704759619779E-21  3.3091097685763688E-21
  3.9182108284123686E+04  3.4065573932909290E-21  3.0195787896148359E-21
  3.9572467912902983E+04  3.1032195750292057E-21  2.7536009814092099E-21
  3.9966716577940162E+04  2.8250797019322969E-21  2.5094153534040803E-21
  4.0364893024540746E+04  2.5702045308652781E-21  2.2853799744313886E-21
  4.0767036384017920E+04  2.3367959716877433E-21  2.0799648715956889E-21
  4.1173186177538388E+04  2.1231826364910530E-21  1.8917452816627494E-21
  4.1583382320006742E+04  1.9278118013992463E-21  1.7193952063527961E-21
  4.1997665123987514E+04  1.7492419048193465E-21  1.5616813867889790E-21
  4.2416075303667305E+04  1.5861354545172184E-21  1.4174575875116347E-21
  4.2838653978856237E+04  1.4372522871136946E-21  1.2856591436856779E-21
  4.3265442679028522E+04  1.3014432080952251E-21  1.1652978002413672E-21
  4.3696483347404122E+04  1.1776439950461490E-21  1.0554568310429156E-21
  4.4131818345071020E+04  1.0648697467991773E-21  9.5528642594883715E-22
  4.4571490455147788E+04  9.6220956182289908E-22  8.6399933397079405E-22
  4.5015542886988405E+04  8.6882152977507346E-22  7.8086675108079477E-22
  4.5464019280428925E+04  7.8392802074951235E-22  7.0521444156080292E-22
  4.5916963710076103E+04  7.0681125733003474E-22  6.3641908213139147E-22
  4.6374420689638289E+04  6.3680915551727265E-22  5.7390481878226391E-22
  4.6836435176301151E+04  5.7331143417600634E-22  5.1714003835865801E-22
  4.7303052575145368E+04  5.1575594947927046E-22  4.6563431772108233E-22
  4.7774318743608266E+04  4.6362523769966261E-22  4.1893553745660388E-22
  4.8250279995991688E+04  4.1644329883294503E-22  3.7662719139417277E-22
  4.8730983108013053E+04  3.7377258658167581E-22  3.3832586257469785E-22
  4.9216475321401631E+04  3.3521119179532499E-22  3.0367885565991095E-22
  4.9706804348542515E+04  3.0039020876887778E-22  2.7236197772565073E-22
  5.0202018377164968E+04  2.6897127426137699E-22  2.4407745969077377E-22
  5.0702166075077934E+04  2.4064426954165710E-22  2.1855201093275198E-22
  5.1207296594953230E+04  2.1512517620243392E-22  1.9553499993648464E-22
  5.1717459579156319E+04  1.9215407690488095E-22  1.7479675411259157E-22
  5.2232705164624407E+04  1.7149329262267743E-22  1.5612697220416081E-22
  5.2753083987794023E+04  1.5292564569171621E-22  1.3933324054868589E-22
  5.3278647189577685E+04  1.3625284232622275E-22  1.2423964836362809E-22
  5.3809446420389206E+04  1.2129398220846329E-22  1.1068550988098279E-22
  5.4345533845220016E+04  1.0788416612345800E-22  9.8524167666487568E-23
  5.4886962148766113E+04  9.5873201586861545E-23  8.7621877808880600E-23
  5.5433784540605011E+04  8.5124402480671842E-23  7.7856774026325649E-23
  5.5986054760425352E+04  7.5513476737563282E-23  6.9117905886203548E-23
  5.6543827083308548E+04  6.6927496428599413E-23  6.1304346569337623E-23
  5.7107156325062104E+04  5.9263944910583176E-23  5.4324365836852204E-23
  5.7676097847606979E+04  5.2429835978708398E-23  4.8094664077362169E-23
  5.8250707564418786E+04  4.6340900247818344E-23  4.2539663524168283E-23
  5.8831041946022015E+04  4.0920834251578325E-23  3.7590852936506059E-23
  5.9417158025540099E+04  3.6100608199234424E-23  3.3186182416409460E-23
  6.0009113404300770E+04  3.1817829180071621E-23  2.9269505781723236E-23
  6.0606966257496242E+04  2.8016152349032126E-23  2.5790063959325833E-23
  6.1210775339900742E+04  2.4644739953192567E-23  2.2702009582092723E-23
  6.1820599991645118E+04  2.1657765150820340E-23  1.9963970269540026E-23
  6.2436500144047837E+04  1.9013956404588345E-23  1.7538646968675769E-23
  6.3058536325505163E+04  1.6676179500788160E-23  1.5392444876465819E-23
  6.3686769667440050E+04  1.4611054436385411E-23  1.3495134618671852E-23
  6.4321261910309040E+04  1.2788604588537393E-23  1.1819541499060642E-23
  6.4962075409670877E+04  1.1181935745378251E-23  1.0341260765921347E-23
  6.5609273142313730E+04  9.7669427327900097E-24  9.0383969696456239E-24
  6.6262918712444647E+04  8.5220415197087209E-24  7.8913256058946329E-24
  6.6923076357940794E+04  7.4279248117654423E-24  6.8824753418570601E-24
  6.7589810956661691E+04  6.4673389919416196E-24  5.9961289683639548E-24
  6.8263188032825565E+04  5.6248814918045299E-24  5.2182423467873469E-24
  6.8943273763449251E+04  4.8868167824733620E-24  4.5362797771802373E-24
  6.9630134984851014E+04  4.2409086839045770E-24  3.9390637462757890E-24
  7.0323839199219350E+04  3.6762681326015040E-24  3.4166383437884644E-24
  7.1024454581247293E+04  3.1832151481703664E-24  2.9601452556682926E-24
  7.1732049984831567E+04  2.7531538034162594E-24  2.5617112946019073E-24
  7.2446694949839657E+04  2.3784590910733952E-24  2.2143465028213114E-24
  7.3168459708944385E+04  2.0523746631869468E-24  1.9118519326411915E-24
  7.3897415194525267E+04  1.7689204968579417E-24  1.6487362762740271E-24
  7.4633633045639886E+04  1.5228096127823020E-24  1.4201405785547650E-24
  7.5377185615064824E+04  1.3093730410848554E-24  1.2217703244977258E-24
  7.6128145976405227E+04  1.1244923263022020E-24  1.0498342799449689E-24
  7.6886587931276765E+04  9.6453884495505202E-25  9.0098944169858806E-25
  7.7652586016558984E+04  8.2631918846643452E-25  7.7229142967729122E-25
  7.8426215511719463E+04  7.0702627249341277E-25  6.6115003352611441E-25
  7.9207552446213231E+04  6.0419555050085150E-25  5.6528935682920701E-25
  7.9996673606953540E+04  5.1566582859220135E-25  4.8271211080818478E-25
  8.0793656545858714E+04  4.3954423977116742E-25  4.1166766406995192E-25
  8.1598579587474174E+04  3.7417497374725283E-25  3.5062348813353671E-25
  8.2411521836668820E+04  3.1811139352475970E-25  2.9823966924521886E-25
  8.3232563186409738E+04  2.7009120249775777E-25  2.5334618552009444E-25
  8.4061784325614266E+04  2.2901435577486399E-25  2.1492267485687369E-25
  8.4899266747078742E+04  1.9392343713024465E-25  1.8208044348477789E-25
  8.5745092755487931E+04  1.6398624645146345E-25  1.5404648562868044E-25
  8.6599345475504044E+04  1.3848036392642413E-25  1.3014930357534176E-25
  8.7462108859934917E+04  1.1677951127060173E-25  1.0980636733960954E-25
  8.8333467697985106E+04  9.8341488608810621E-26  9.2513012563948548E-26
  8.9213507623589248E+04  8.2697521084882039E-26  7.7832626718408127E-26
  9.0102315123826644E+04  6.9442868954962590E-26  6.5387991436839178E-26
  9.0999977547421542E+04  5.8228562468955627E-26  5.4853655184377757E-26
  9.1906583113327972E+04  4.8754136703735737E-26  4.5949222870905329E-26
  9.2822220919398475E+04  4.0761254153921887E-26  3.8433460374819912E-26
  9.3746980951140824E+04  3.4028114386646530E-26  3.2099122283712629E-26
  9.4680954090562082E+04  2.8364560514418983E-26  2.6768420569367734E-26
  9.5624232125098817E+04  2.3607801717616414E-26  2.2289060465140491E-26
  9.6576907756639121E+04  1.9618679663922014E-26  1.8530777600800508E-26
  9.7539074610631738E+04  1.6278414789258142E-26  1.5382317814487311E-26
  9.8510827245287743E+04  1.3485773719432998E-26  1.2748805794377058E-26
  9.9492261160873983E+04  1.1154607649939555E-26  1.0549456556460840E-26
  1.0048347280909731E+05  9.2117169619652077E-27  8.7155887231669623E-27
  1.0148455960258409E+05  7.5950011117754490E-27  7.1889019239700875E-27
  1.0249561992445416E+05  6.2518581268198603E-27  5.9199854980357676E-27
  1.0351675313798840E+05  5.1378021809453496E-27  4.8670294578022727E-27
  1.0454805959639426E+05  4.2152714060622906E-27  3.9947120401816690E-27
  1.0558964065266888E+05  3.4526013906801072E-27  3.2732411855622974E-27
  1.0664159866955833E+05  2.8231427538230238E-27  2.6775299768399838E-27
  1.0770403702961814E+05  2.3045037999595834E-27  2.1864884716136779E-27
  1.0877706014537397E+05  1.8779015879726793E-27  1.7824164983686103E-27
  1.0986077346958160E+05  1.5276068134809238E-27  1.4504838875684733E-27
  1.1095528350559105E+05  1.2404697352152853E-27  1.1782862946197865E-27
  1.1206069781781410E+05  1.0055159966118541E-27  9.5546626520189577E-28
  1.1317712504229389E+05  8.1360262513117296E-28  7.7339051414846972E-28
  1.1430467489738195E+05  6.5712575393912018E-28  6.2487555487533778E-28
  1.1544345819452165E+05  5.2977272154764621E-28  5.0395484361863995E-28
  1.1659358684913674E+05  4.2631218118604266E-28  4.0568150631502525E-28
  1.1775517389163176E+05  3.4241670787921092E-28  3.2596150928344620E-28
  1.1892833347849871E+05  2.7451314083938219E-28  2.6141283013677960E-28
  1.2011318090353653E+05  2.1965655389735986E-28  2.0924679355453859E-28
  1.2130983260918257E+05  1.7542431817427289E-28  1.6716826760213274E-28
  1.2251840619795462E+05  1.3982721877505631E-28  1.3329187909980569E-28