 #p(MeV) \t \delta f_\\nu \t \delta f_\\nubar
  1.0033675046080125E-01  2.6826317146328710E-01  1.6344360920116498E-05
  1.0133637550340435E-01  2.6776658032905554E-01  1.6207728124483215E-05
  1.0234595951140353E-01  2.6734027148050016E-01  1.6072063417697578E-05
  1.0336560170299326E-01  2.6702704400255056E-01  1.5937364595447478E-05
  1.0439540228484899E-01  2.6668533855661880E-01  1.5803629933370302E-05
  1.0543546246197551E-01  2.6614843446904435E-01  1.5670858068876489E-05
  1.0648588444765270E-01  2.6561115368924404E-01  1.5539047858176411E-05
  1.0754677147348073E-01  2.6506205496594953E-01  1.5408198384755088E-05
  1.0861822779952554E-01  2.6461051186991214E-01  1.5278309045565518E-05
  1.0970035872456470E-01  2.6416857518349812E-01  1.5149379221100197E-05
  1.1079327059643621E-01  2.6372880797882198E-01  1.5021407600089422E-05
  1.1189707082248966E-01  2.6324609393479437E-01  1.4894391589602716E-05
  1.1301186788014189E-01  2.6279299404952955E-01  1.4768327050566679E-05
  1.1413777132753805E-01  2.6230143550556251E-01  1.4643208340932570E-05
  1.1527489181431802E-01  2.6183304705464366E-01  1.4519028535445629E-05
  1.1642334109249128E-01  2.6142441543365647E-01  1.4395779702263354E-05
  1.1758323202741891E-01  2.6097613729082508E-01  1.4273453164289002E-05
  1.1875467860890584E-01  2.6057083038354872E-01  1.4152039703274622E-05
  1.1993779596240357E-01  2.6012460134643450E-01  1.4031529795295035E-05
  1.2113270036032379E-01  2.5968756304379881E-01  1.3911913769566160E-05
  1.2233950923346569E-01  2.5925021042365659E-01  1.3793181607808022E-05
  1.2355834118255619E-01  2.5876792471307841E-01  1.3675322846334783E-05
  1.2478931598990585E-01  2.5825039330242511E-01  1.3558326937901800E-05
  1.2603255463118074E-01  2.5773200796490031E-01  1.3442183833003945E-05
  1.2728817928729100E-01  2.5725218631706981E-01  1.3326884438289305E-05
  1.2855631335639900E-01  2.5683934850101764E-01  1.3212420810408510E-05
  1.2983708146604586E-01  2.5642314107369391E-01  1.3098786124858275E-05
  1.3113060948539962E-01  2.5601885278989139E-01  1.2985974522924821E-05
  1.3243702453762540E-01  2.5551519601902539E-01  1.2873980919690164E-05
  1.3375645501237821E-01  2.5498542644024647E-01  1.2762800828880246E-05
  1.3508903057842092E-01  2.5451114541723724E-01  1.2652430175448155E-05
  1.3643488219636746E-01  2.5400739252224602E-01  1.2542865074596503E-05
  1.3779414213155308E-01  2.5355833729137167E-01  1.2434101908105494E-05
  1.3916694396703336E-01  2.5312742259783871E-01  1.2326137609248842E-05
  1.4055342261671147E-01  2.5268951877481943E-01  1.2218969721746732E-05
  1.4195371433859791E-01  2.5222535144981656E-01  1.2112596156626676E-05
  1.4336795674820060E-01  2.5184626215975076E-01  1.2007014842561647E-05
  1.4479628883204981E-01  2.5141823327421642E-01  1.1902223451518374E-05
  1.4623885096135714E-01  2.5098445708074973E-01  1.1798219264921979E-05
  1.4769578490581037E-01  2.5051782768305420E-01  1.1694999152634796E-05
  1.4916723384750641E-01  2.5002460014431960E-01  1.1592559616155846E-05
  1.5065334239502265E-01  2.4957733084132108E-01  1.1490896854435496E-05
  1.5215425659762830E-01  2.4913077073503503E-01  1.1390006832351800E-05
  1.5367012395963808E-01  2.4862146059749091E-01  1.1289885362307741E-05
  1.5520109345490773E-01  2.4819074690057205E-01  1.1190528148641039E-05
  1.5674731554147533E-01  2.4774344506122176E-01  1.1091930845867283E-05
  1.5830894217634711E-01  2.4727622523236165E-01  1.0994089272206759E-05
  1.5988612683043155E-01  2.4684962653707526E-01  1.0896999728047542E-05
  1.6147902450362214E-01  2.4640452488063871E-01  1.0800659252064107E-05
  1.6308779174002974E-01  2.4594117494423626E-01  1.0705065716640654E-05
  1.6471258664336735E-01  2.4546029016086507E-01  1.0610217771189953E-05
  1.6635356889248820E-01  2.4501725895172108E-01  1.0516114698505250E-05
  1.6801089975707795E-01  2.4459911850854069E-01  1.0422756246461472E-05
  1.6968474211350415E-01  2.4419939230386559E-01  1.0330142473070684E-05
  1.7137526046082263E-01  2.4374481905342965E-01  1.0238273620559564E-05
  1.7308262093694443E-01  2.4332376013977927E-01  1.0147150030688512E-05
  1.7480699133496269E-01  2.4284400098463169E-01  1.0056772053499492E-05
  1.7654854111964297E-01  2.4234055027324239E-01  9.9671397691786117E-06
  1.7830744144407776E-01  2.4185857512922765E-01  9.8782524809906731E-06
  1.8008386516650660E-01  2.4138701888083711E-01  9.7901081805684185E-06
  1.8187798686730375E-01  2.4105551626090027E-01  9.7027032249415569E-06
  1.8368998286613594E-01  2.4061963487570226E-01  9.6160323146541305E-06
  1.8552003123928959E-01  2.4016533785023908E-01  9.5300887060434011E-06
  1.8736831183717242E-01  2.3963758243943309E-01  9.4448645322298844E-06
  1.8923500630198736E-01  2.3919928418000680E-01  9.3603511307615620E-06
  1.9112029808558487E-01  2.3866438973710136E-01  9.2765393242408868E-06
  1.9302437246749102E-01  2.3825851690322136E-01  9.1934196398193821E-06
  1.9494741657311637E-01  2.3781422287311399E-01  9.1109824751315279E-06
  1.9688961939214628E-01  2.3734030085861188E-01  9.0292182583238197E-06
  1.9885117179711351E-01  2.3692422622145631E-01  8.9481177682928557E-06
  2.0083226656215689E-01  2.3651536193382944E-01  8.8676726144156312E-06
  2.0283309838196656E-01  2.3614365760867173E-01  8.7878756518026366E-06
  2.0485386389091731E-01  2.3568731258441938E-01  8.7087211547712129E-06
  2.0689476168239374E-01  2.3524418636776173E-01  8.6302047286832305E-06
  2.0895599232830656E-01  2.3477696133363582E-01  8.5523230563341545E-06
  2.1103775839880493E-01  2.3432875776846337E-01  8.4750735951145735E-06
  2.1314026448218348E-01  2.3389326999995988E-01  8.3984543041848408E-06
  2.1526371720498882E-01  2.3342527883069591E-01  8.3224634328085004E-06
  2.1740832525232648E-01  2.3301983201746540E-01  8.2470993694937778E-06
  2.1957429938836878E-01  2.3257711998015140E-01  8.1723605326078328E-06
  2.2176185247706864E-01  2.3213747206915267E-01  8.0982452598367192E-06
  2.2397119950307920E-01  2.3166195640265438E-01  8.0247515679458529E-06
  2.2620255759288088E-01  2.3121327888185952E-01  7.9518767958645748E-06
  2.2845614603612091E-01  2.3075310237306126E-01  7.8796173828339536E-06
  2.3073218630716302E-01  2.3031796307922967E-01  7.8079689268175873E-06
  2.3303090208685445E-01  2.2989338941033294E-01  7.7369264615176783E-06
  2.3535251928450746E-01  2.2948794087539101E-01  7.6664847953429935E-06
  2.3769726606010111E-01  2.2910353405722117E-01  7.5966387874889282E-06
  2.4006537284670468E-01  2.2866980579743096E-01  7.5273835153262760E-06
  2.4245707237312270E-01  2.2822642240911470E-01  7.4587143450793129E-06
  2.4487259968676714E-01  2.2776097986868368E-01  7.3906269391785448E-06
  2.4731219217675762E-01  2.2725883111800069E-01  7.3231172358592711E-06
  2.4977608959724990E-01  2.2679253608507893E-01  7.2561814372957682E-06
  2.5226453409099930E-01  2.2630356137669888E-01  7.1898160886235620E-06
  2.5477777021315651E-01  2.2588523382993439E-01  7.1240182549312198E-06
  2.5731604495530247E-01  2.2547251819964895E-01  7.0587855757916632E-06
  2.5987960776972102E-01  2.2503236779030275E-01  6.9941160466232888E-06
  2.6246871059391469E-01  2.2468488513976120E-01  6.9300076058098585E-06
  2.6508360787536417E-01  2.2425013519984532E-01  6.8664577157136120E-06
  2.6772455659653405E-01  2.2382671174726354E-01  6.8034630867877121E-06
  2.7039181630012843E-01  2.2339943970843279E-01  6.7410195839088671E-06
  2.7308564911459793E-01  2.2295976549498792E-01  6.6791222730391439E-06
  2.7580631977990028E-01  2.2249770552737752E-01  6.6177655447980507E-06
  2.7855409567351863E-01  2.2203843702359072E-01  6.5569432603754580E-06
  2.8132924683673755E-01  2.2163786934508767E-01  6.4966488816028761E-06
  2.8413204600118269E-01  2.2120432018485067E-01  6.4368755355623088E-06
  2.8696276861562298E-01  2.2074995549560450E-01  6.3776159964396412E-06
  2.8982169287304099E-01  2.2028741603913074E-01  6.3188627443316694E-06
  2.9270909973797327E-01  2.1984627743955146E-01  6.2606082560117154E-06
  2.9562527297412167E-01  2.1944459166496838E-01  6.2028454792402800E-06
  2.9857049917224088E-01  2.1901708015928958E-01  6.1455683090335986E-06
  3.0154506777830392E-01  2.1863843185347709E-01  6.0887718985508479E-06
  3.0454927112194724E-01  2.1823917116580713E-01  6.0324527425866789E-06
  3.0758340444519994E-01  2.1781721040840887E-01  5.9766085796904695E-06
  3.1064776593149945E-01  2.1732570518579158E-01  5.9212381927604973E-06
  3.1374265673499574E-01  2.1680337050944337E-01  5.8663411792098029E-06
  3.1686838101014714E-01  2.1631249758374732E-01  5.8119177377129989E-06
  3.2002524594161180E-01  2.1586761643572550E-01  5.7579685104124975E-06
  3.2321356177443755E-01  2.1547807571593658E-01  5.7044945211953174E-06
  3.2643364184455004E-01  2.1512345098342625E-01  5.6514971377230096E-06
  3.2968580260954722E-01  2.1475491585526960E-01  5.5989779121352064E-06
  3.3297036367979987E-01  2.1434865895197097E-01  5.5469382627042616E-06
  3.3628764784986104E-01  2.1393345232617206E-01  5.4953790875327524E-06
  3.3963798113018917E-01  2.1345166901407747E-01  5.4443004421543034E-06
  3.4302169277918781E-01  2.1299090887021002E-01  5.3937013763134509E-06
  3.4643911533556354E-01  2.1258283297769315E-01  5.3435799306223149E-06
  3.4989058465100631E-01  2.1216263053808823E-01  5.2939332439252122E-06
  3.5337643992319606E-01  2.1173126841328491E-01  5.2447577140550629E-06
  3.5689702372913823E-01  2.1130974502312275E-01  5.1960491663464176E-06
  3.6045268205883019E-01  2.1086376435469045E-01  5.1478029970765098E-06
  3.6404376434926378E-01  2.1044187207292520E-01  5.1000142383657315E-06
  3.6767062351876817E-01  2.1005209199818581E-01  5.0526775275366143E-06
  3.7133361600169146E-01  2.0962676533729091E-01  5.0057870750493831E-06
  3.7503310178343052E-01  2.0920525632015394E-01  4.9593367251261277E-06
  3.7876944443580968E-01  2.0875410221226992E-01  4.9133201262667590E-06
  3.8254301115281064E-01  2.0829812858016339E-01  4.8677309610562192E-06
  3.8635417278665823E-01  2.0790073274663809E-01  4.8225631518231102E-06
  3.9020330388426749E-01  2.0746857447749639E-01  4.7778109920503683E-06
  3.9409078272405285E-01  2.0704002535592322E-01  4.7334691989070706E-06
  3.9801699135310276E-01  2.0662063895608684E-01  4.6895329044954877E-06
  4.0198231562472658E-01  2.0619019451719470E-01  4.6459976122806664E-06
  4.0598714523637569E-01  2.0580362274174865E-01  4.6028591412140049E-06
  4.1003187376793981E-01  2.0542260046191466E-01  4.5601135921703959E-06
  4.1411689872042734E-01  2.0500025770169336E-01  4.5177573823257604E-06
  4.1824262155503100E-01  2.0455391768506520E-01  4.4757873120162301E-06
  4.2240944773258116E-01  2.0409999988846397E-01  4.4342005851205173E-06
  4.2661778675339279E-01  2.0364329836272715E-01  4.3929947410515898E-06
  4.3086805219751029E-01  2.0321724605949582E-01  4.3521675100155351E-06
  4.3516066176535273E-01  2.0277627721673949E-01  4.3117166446778012E-06
  4.3949603731876308E-01  2.0236232074676888E-01  4.2716397832363611E-06
  4.4387460492246750E-01  2.0196986669530029E-01  4.2319343666658810E-06
  4.4829679488594859E-01  2.0156269749813807E-01  4.1925976096849189E-06
  4.5276304180573274E-01  2.0118503266119411E-01  4.1536265103227062E-06
  4.5727378460810164E-01  2.0077925345236172E-01  4.1150178811267749E-06
  4.6182946659222879E-01  2.0039683526095090E-01  4.0767683872937428E-06
  4.6643053547374480E-01  1.9999632795965872E-01  4.0388745649828132E-06
  4.7107744342873670E-01  1.9955894388517809E-01  4.0013328289511547E-06
  4.7577064713818668E-01  1.9912596864499685E-01  3.9641395154483889E-06
  4.8051060783285376E-01  1.9866107012550091E-01  3.9272909821189355E-06
  4.8529779133860035E-01  1.9822594224717230E-01  3.8907837498743255E-06
  4.9013266812217271E-01  1.9778391150627544E-01  3.8546146448770074E-06
  4.9501571333743721E-01  1.9738378595665773E-01  3.8187808945799339E-06
  4.9994740687207545E-01  1.9698972050406596E-01  3.7832801615085029E-06
  5.0492823339474646E-01  1.9655813944510808E-01  3.7481105218731500E-06
  5.0995868240271891E-01  1.9615583324055241E-01  3.7132704083900022E-06
  5.1503924826997627E-01  1.9570158219010522E-01  3.6787585379739029E-06
  5.2017043029580101E-01  1.9528833121700659E-01  3.6445738360726438E-06
  5.2535273275384631E-01  1.9484500211709874E-01  3.6107153710794241E-06
  5.3058666494169293E-01  1.9442749128552400E-01  3.5771823119501759E-06
  5.3587274123090056E-01  1.9406211968552253E-01  3.5439739063965036E-06
  5.4121148111755879E-01  1.9371373506560768E-01  3.5110894723420197E-06
  5.4660340927334250E-01  1.9331852720076936E-01  3.4785283910877687E-06
  5.5204905559707240E-01  1.9293823234685487E-01  3.4462900922701874E-06
  5.5754895526679304E-01  1.9250858315825348E-01  3.4143740351979916E-06
  5.6310364879236807E-01  1.9207900907322531E-01  3.3827796898398517E-06
  5.6871368206859996E-01  1.9163470167587340E-01  3.3515065189789894E-06
  5.7437960642887576E-01  1.9120323877688952E-01  3.3205539643338296E-06
  5.8010197869935409E-01  1.9077665187628454E-01  3.2899214373365467E-06
  5.8588136125368584E-01  1.9035830751247415E-01  3.2596083142689228E-06
  5.9171832206828168E-01  1.8994846836823792E-01  3.2296139327066649E-06
  5.9761343477813167E-01  1.8953250250966419E-01  3.1999376234314246E-06
  6.0356727873318050E-01  1.8912654072301924E-01  3.1705788950259954E-06
  6.0958043905526205E-01  1.8874373004780293E-01  3.1415378586886965E-06
  6.1565350669560459E-01  1.8834703961366064E-01  3.1128158483957473E-06
  6.2178707849290671E-01  1.8793241615200551E-01  3.0844160763284776E-06
  6.2798175723199334E-01  1.8754344797218925E-01  3.0563441296594441E-06
  6.3423815170305220E-01  1.8713564384450224E-01  3.0286081778446481E-06
  6.4055687676146777E-01  1.8672455730163204E-01  3.0012188718759982E-06
  6.4693855338824424E-01  1.8629826028499516E-01  2.9741890100434854E-06
  6.5338380875103341E-01  1.8589574800667422E-01  2.9475330824794114E-06
  6.5989327626577077E-01  1.8547606984676684E-01  2.9212667951641895E-06
  6.6646759565892666E-01  1.8506594568557272E-01  2.8954066406333445E-06
  6.7310741303037325E-01  1.8460685931493698E-01  2.8699695399998578E-06
  6.7981338091688348E-01  1.8422800415049373E-01  2.8449724942095388E-06
  6.8658615835625902E-01  1.8384155159196067E-01  2.8204321728503952E-06
  6.9342641095209867E-01  1.8343872494069521E-01  2.7963644240602754E-06
  7.0033481093920891E-01  1.8304456521723061E-01  2.7727837532499584E-06
  7.0731203724967240E-01  1.8266773707447401E-01  2.7497028722708506E-06
  7.1435877557956895E-01  1.8227115019254692E-01  2.7271324478013992E-06
  7.2147571845636282E-01  1.8186905708271847E-01  2.7050810750207170E-06
  7.2866356530696186E-01  1.8140377256846610E-01  2.6835554458903706E-06
  7.3592302252645647E-01  1.8100792353002473E-01  2.6625606443351757E-06
  7.4325480354753926E-01  1.8059733017225021E-01  2.6421004913979766E-06
  7.5065962891061888E-01  1.8016086534236647E-01  2.6221778764561466E-06
  7.5813822633463379E-01  1.7979498849405692E-01  2.6027950520715765E-06
  7.6569133078856877E-01  1.7937423299503316E-01  2.5839540449043029E-06
  7.7331968456368283E-01  1.7903278890269669E-01  2.5656574699612177E-06
  7.8102403734646253E-01  1.7865346925865783E-01  2.5479098937578836E-06
  7.8880514629229703E-01  1.7823805041423993E-01  2.5307196234259058E-06
  7.9666377609988726E-01  1.7787019319498198E-01  2.5141005663315528E-06
  8.0460069908639831E-01  1.7745432991010376E-01  2.4980736947610984E-06
  8.1261669526336189E-01  1.7706212543650757E-01  2.4826677936793813E-06
  8.2071255241332997E-01  1.7667665593274581E-01  2.4679194202277251E-06
  8.2888906616729641E-01  1.7627603049727489E-01  2.4538722269137044E-06
  8.3714704008288965E-01  1.7587900431378070E-01  2.4405759218608114E-06
  8.4548728572334320E-01  1.7546813934817240E-01  2.4280851370527158E-06
  8.5391062273724938E-01  1.7510953097447726E-01  2.4164584091752230E-06
  8.6241787893911737E-01  1.7474707270458481E-01  2.4057573074065137E-06
  8.7100989039072396E-01  1.7437307931553239E-01  2.3960455060852438E-06
  8.7968750148327879E-01  1.7400151193446137E-01  2.3873876461298409E-06
  8.8845156502040856E-01  1.7364873996251654E-01  2.3798479325626572E-06
  8.9730294230196894E-01  1.7328163700198576E-01  2.3734885614637714E-06
  9.0624250320868693E-01  1.7294441182455655E-01  2.3683683329235403E-06
  9.1527112628765139E-01  1.7259417019365106E-01  2.3645418164505538E-06
  9.2438969883865429E-01  1.7224772866368510E-01  2.3620591913323009E-06
  9.3359911700138887E-01  1.7188002867312979E-01  2.3609667505815705E-06
  9.4290028584351993E-01  1.7152524318743481E-01  2.3613078985722053E-06
  9.5229411944963216E-01  1.7114168804326946E-01  2.3631244112375978E-06
  9.6178154101106106E-01  1.7076810702296896E-01  2.3664577562716814E-06
  9.7136348291662111E-01  1.7039028138027587E-01  2.3713502891936481E-06
  9.8104088684423707E-01  1.7002047964655312E-01  2.3778461625163003E-06
  9.9081470385349113E-01  1.6964157600303556E-01  2.3859917438261171E-06
  1.0006858944790862E+00  1.6933797016286048E-01  2.3958354677238176E-06
  1.0106554288252452E+00  1.6902037355300312E-01  2.4074272311700459E-06
  1.0207242866610502E+00  1.6872746182839041E-01  2.4208175472690913E-06
  1.0308934575167303E+00  1.6841885663512385E-01  2.4360566507220400E-06
  1.0411639407809055E+00  1.6812582242351337E-01  2.4531938815160893E-06
  1.0515367457988085E+00  1.6777368680713273E-01  2.4722775175154739E-06
  1.0620128919714771E+00  1.6746925998652998E-01  2.4933550606602077E-06
  1.0725934088559332E+00  1.6710978985436348E-01  2.5164738670970269E-06
  1.0832793362663715E+00  1.6680695514525282E-01  2.5416819628506605E-06
  1.0940717243763436E+00  1.6647337377734311E-01  2.5690288765072203E-06
  1.1049716338219637E+00  1.6613288815239324E-01  2.5985662685494080E-06
  1.1159801358061490E+00  1.6581920205315209E-01  2.6303479927291421E-06
  1.1270983122038920E+00  1.6550363326770809E-01  2.6644292549598635E-06
  1.1383272556685768E+00  1.6520182120725016E-01  2.7008647033087641E-06
  1.1496680697393751E+00  1.6487311192846360E-01  2.7397055627255717E-06
  1.1611218689496825E+00  1.6456303897990313E-01  2.7809960732334891E-06
  1.1726897789366566E+00  1.6426657535604797E-01  2.8247698350809708E-06
  1.1843729365518498E+00  1.6394973834177798E-01  2.8710466961621523E-06
  1.1961724899729176E+00  1.6362063244396444E-01  2.9198305754561933E-06
  1.2080895988164704E+00  1.6332000972208432E-01  2.9711083049446207E-06
  1.2201254342520333E+00  1.6300684312891187E-01  3.0248492977241448E-06
  1.2322811791171389E+00  1.6266121325901040E-01  3.0810056778436376E-06
  1.2445580280335802E+00  1.6234125799990837E-01  3.1395125691579597E-06
  1.2569571875248098E+00  1.6200675803026607E-01  3.2002884877820718E-06
  1.2694798761345090E+00  1.6170519559587279E-01  3.2632357683346954E-06
  1.2821273245463491E+00  1.6138555783657474E-01  3.3282412202139455E-06
  1.2949007757049356E+00  1.6107564892929768E-01  3.3951773787518591E-06
  1.3078014849379547E+00  1.6076768445584017E-01  3.4639041676708755E-06
  1.3208307200795508E+00  1.6045493127162527E-01  3.5342706365921074E-06
  1.3339897615949219E+00  1.6009481847559384E-01  3.6061165827939289E-06
  1.3472799027061522E+00  1.5980075187416198E-01  3.6792736412398328E-06
  1.3607024495193165E+00  1.5943335066777434E-01  3.7535655656577743E-06
  1.3742587211528328E+00  1.5908081810341537E-01  3.8288076584214786E-06
  1.3879500498670965E+00  1.5874109365264830E-01  3.9048055255723172E-06
  1.4017777811954244E+00  1.5838972366260920E-01  3.9813535186543777E-06
  1.4157432740762714E+00  1.5804646462525640E-01  4.0582332437908492E-06
  1.4298479009867895E+00  1.5770696551042052E-01  4.1352127419419999E-06
  1.4440930480777183E+00  1.5737749701057460E-01  4.2120468507732665E-06
  1.4584801153095941E+00  1.5703854826686736E-01  4.2884790644265446E-06
  1.4730105165903455E+00  1.5665362641323013E-01  4.3642450845701338E-06
  1.4876856799142442E+00  1.5634340022087151E-01  4.4390780658794624E-06
  1.5025070475022371E+00  1.5606222175110623E-01  4.5127147326549891E-06
  1.5174760759436912E+00  1.5568953887508508E-01  4.5849013122073999E-06
  1.5325942363395382E+00  1.5542675091185143E-01  4.6553982337064867E-06
  1.5478630144468444E+00  1.5509604481828992E-01  4.7239828770572667E-06
  1.5632839108248329E+00  1.5477078837591191E-01  4.7904502268258095E-06
  1.5788584409823512E+00  1.5444601672000949E-01  4.8546119039152714E-06
  1.5945881355268017E+00  1.5410352914106407E-01  4.9162941595709565E-06
  1.6104745403145773E+00  1.5375344282610218E-01  4.9753357102887372E-06
  1.6265192166029747E+00  1.5340698913624637E-01  5.0315861725019336E-06
  1.6427237412036257E+00  1.5305458840406808E-01  5.0849053802410764E-06
  1.6590897066374701E+00  1.5269025487653221E-01  5.1351634937682580E-06
  1.6756187212912568E+00  1.5234396182428980E-01  5.1822425899933642E-06
  1.6923124095756055E+00  1.5197645576259639E-01  5.2260392458042548E-06
  1.7091724120846636E+00  1.5159271763988311E-01  5.2664674091499250E-06
  1.7262003857573187E+00  1.5126839356856908E-01  5.3034609543239864E-06
  1.7433980040400439E+00  1.5092762503065593E-01  5.3369753358354954E-06
  1.7607669570513698E+00  1.5059586737039826E-01  5.3669879991877929E-06
  1.7783089517479607E+00  1.5028602603729477E-01  5.3934975897606260E-06
  1.7960257120923862E+00  1.4999613978327775E-01  5.4165222453554953E-06
  1.8139189792225403E+00  1.4964023937504553E-01  5.4360973565623321E-06
  1.8319905116227471E+00  1.4933137187504303E-01  5.4522733156862332E-06
  1.8502420852965900E+00  1.4901807842304102E-01  5.4651134382939088E-06
  1.8686754939414445E+00  1.4867939690648535E-01  5.4746918605407611E-06
  1.8872925491247521E+00  1.4833661859395067E-01  5.4810917267290182E-06
  1.9060950804620640E+00  1.4798599799916792E-01  5.4844037156524208E-06
  1.9250849357968443E+00  1.4764210817406156E-01  5.4847246192102842E-06
  1.9442639813820630E+00  1.4730508294205508E-01  5.4821560165288013E-06
  1.9636341020636165E+00  1.4694264339674637E-01  5.4768031258041867E-06
  1.9831972014655572E+00  1.4660305818981381E-01  5.4687739218247058E-06
  2.0029552021771684E+00  1.4628493323111960E-01  5.4581785607888416E-06
  2.0229100459419218E+00  1.4594831210867060E-01  5.4451290456869937E-06
  2.0430636938482998E+00  1.4560047680666746E-01  5.4297390260161815E-06
  2.0634181265225124E+00  1.4526257118033445E-01  5.4121235632048391E-06
  2.0839753443231728E+00  1.4492173367785496E-01  5.3923987292086896E-06
  2.1047373675378553E+00  1.4457035516796518E-01  5.3706809712021146E-06
  2.1257062365816561E+00  1.4424522794420608E-01  5.3470862003259170E-06
  2.1468840121977291E+00  1.4388712669268131E-01  5.3217286125045354E-06
  2.1682727756597808E+00  1.4356858827055274E-01  5.2947194301221064E-06
  2.1898746289766340E+00  1.4322586930413486E-01  5.2661657679847305E-06
  2.2116916950987981E+00  1.4290558917489071E-01  5.2361698322126313E-06
  2.2337261181270947E+00  1.4257543123811239E-01  5.2048286013309946E-06
  2.2559800635233902E+00  1.4223997297722085E-01  5.1722340108639903E-06
  2.2784557183233973E+00  1.4193680232867570E-01  5.1384735277450038E-06
  2.3011552913516069E+00  1.4160414252785183E-01  5.1036309535778472E-06
  2.3240810134383740E+00  1.4127205079995031E-01  5.0677872086068976E-06
  2.3472351376391485E+00  1.4092636516131374E-01  5.0310209551198252E-06
  2.3706199394558927E+00  1.4057874977960608E-01  4.9934089762329737E-06
  2.3942377170607201E+00  1.4024622867954104E-01  4.9550262871221144E-06
  2.4180907915217462E+00  1.3990814660837128E-01  4.9159458262364584E-06
  2.4421815070311879E+00  1.3958361517311493E-01  4.8762378258125743E-06
  2.4665122311357539E+00  1.3923441394894012E-01  4.8359689801173163E-06
  2.4910853549693139E+00  1.3888762877815211E-01  4.7952015576646319E-06
  2.5159032934878822E+00  1.3857335526433218E-01  4.7539926599572653E-06
  2.5409684857069634E+00  1.3820790938705910E-01  4.7123938222225365E-06
  2.5662833949412467E+00  1.3790048809318917E-01  4.6704510499645514E-06
  2.5918505090466768E+00  1.3754827649407789E-01  4.6282052785525271E-06
  2.6176723406649827E+00  1.3722731468866442E-01  4.5856931194414415E-06
  2.6437514274705762E+00  1.3691123899998076E-01  4.5429476998894291E-06
  2.6700903324199579E+00  1.3658773819554162E-01  4.4999994848586266E-06
  2.6966916440036166E+00  1.3625945136878015E-01  4.4568771443286985E-06
  2.7235579765003775E+00  1.3591976461120420E-01  4.4136082275869276E-06
  2.7506919702343553E+00  1.3557544741548155E-01  4.3702196453846090E-06
  2.7780962918344247E+00  1.3526995199560718E-01  4.3267381316030154E-06
  2.8057736344962771E+00  1.3496137955047841E-01  4.2831906827202853E-06
  2.8337267182471169E+00  1.3464216710180293E-01  4.2396049423785267E-06
  2.8619582902129657E+00  1.3430489393993189E-01  4.1960094691753660E-06
  2.8904711248886308E+00  1.3398219654468377E-01  4.1524338296521189E-06
  2.9192680244103917E+00  1.3365788651376534E-01  4.1089084957803712E-06
  2.9483518188313735E+00  1.3331751851268134E-01  4.0654645221891951E-06
  2.9777253663996648E+00  1.3299038766111193E-01  4.0221331109500136E-06
  3.0073915538392346E+00  1.3263819291263429E-01  3.9789451663204045E-06
  3.0373532966336194E+00  1.3228728210987498E-01  3.9359307803919121E-06
  3.0676135393124380E+00  1.3196183419808383E-01  3.8931187002314370E-06
  3.0981752557407862E+00  1.3158384506044943E-01  3.8505358994959909E-06
  3.1290414494114875E+00  1.3127196355346057E-01  3.8082071532538107E-06
  3.1602151537402556E+00  1.3093539646836086E-01  3.7661546253233909E-06
  3.1916994323638384E+00  1.3062752329978006E-01  3.7243975177135106E-06
  3.2234973794410617E+00  1.3030252450957328E-01  3.6829518500649265E-06
  3.2556121199569326E+00  1.2997681243870426E-01  3.6418304345058456E-06
  3.2880468100297660E+00  1.2961405916774923E-01  3.6010430632552931E-06
  3.3208046372213187E+00  1.2932177252400984E-01  3.5605969023831662E-06
  3.3538888208500843E+00  1.2898687642348650E-01  3.5204969871663935E-06
  3.3873026123076651E+00  1.2865845500643458E-01  3.4807467198473910E-06
  3.4210492953782943E+00  1.2835995212532481E-01  3.4413483462232874E-06
  3.4551321865615772E+00  1.2801530717471962E-01  3.4023034197340094E-06
  3.4895546353984117E+00  1.2770012347682827E-01  3.3636130552930492E-06
  3.5243200248001605E+00  1.2732568114757872E-01  3.3252780609036429E-06
  3.5594317713811305E+00  1.2702040474869147E-01  3.2872990062212351E-06
  3.5948933257943354E+00  1.2669286061750831E-01  3.2496762452762984E-06
  3.6307081730706035E+00  1.2634139430257707E-01  3.2124099165011126E-06
  3.6668798329610928E+00  1.2598821778542577E-01  3.1754999350905137E-06
  3.7034118602831896E+00  1.2564742966457429E-01  3.1389459868551063E-06
  3.7403078452698524E+00  1.2531121863299599E-01  3.1027475236820319E-06
  3.7775714139224683E+00  1.2497043662903189E-01  3.0669037461429254E-06
  3.8152062283671913E+00  1.2459884668608191E-01  3.0314136144504571E-06
  3.8532159872148282E+00  1.2431349431539963E-01  2.9962758840777786E-06
  3.8916044259243674E+00  1.2398783518548771E-01  2.9614891536865662E-06
  3.9303753171700340E+00  1.2366411557152687E-01  2.9270519155058748E-06
  3.9695324712120774E+00  1.2335420199086636E-01  2.8929626083802767E-06
  4.0090797362712562E+00  1.2297697020133061E-01  2.8592196778581674E-06
  4.0490209989069728E+00  1.2266604371831877E-01  2.8258216402210094E-06
  4.0893601843992746E+00  1.2233796308467709E-01  2.7927671440883354E-06
  4.1301012571346014E+00  1.2198711889805704E-01  2.7600550201874805E-06
  4.1712482209953752E+00  1.2162961595505498E-01  2.7276843100651252E-06
  4.2128051197535168E+00  1.2125753913550912E-01  2.6956542678148881E-06
  4.2547760374678356E+00  1.2092384334584150E-01  2.6639643315110354E-06
  4.2971650988853849E+00  1.2053431761548347E-01  2.6326140687974335E-06
  4.3399764698468539E+00  1.2021473037966467E-01  2.6016031081369759E-06
  4.3832143576959552E+00  1.1986270252196983E-01  2.5709310542515739E-06
  4.4268830116928966E+00  1.1955800528179046E-01  2.5405974048462628E-06
  4.4709867234320066E+00  1.1920763368781220E-01  2.5106014918689315E-06
  4.5155298272634878E+00  1.1889119218921790E-01  2.4809424293309666E-06
  4.5605167007193614E+00  1.1853577284254362E-01  2.4516190673870129E-06
  4.6059517649437067E+00  1.1820693286036338E-01  2.4226299556474117E-06
  4.6518394851271374E+00  1.1783474414263335E-01  2.3939733208038534E-06
  4.6981843709456088E+00  1.1749151349436895E-01  2.3656470649697362E-06
  4.7449909770036633E+00  1.1714337537043755E-01  2.3376487874768083E-06
  4.7922639032819756E+00  1.1677441931487249E-01  2.3099758294097261E-06
  4.8400077955894538E+00  1.1637125778169055E-01  2.2826253293718930E-06
  4.8882273460198409E+00  1.1602859290339493E-01  2.2555942858928900E-06
  4.9369272934127704E+00  1.1567542337287585E-01  2.2288796228081202E-06
  4.9861124238195389E+00  1.1531238416464819E-01  2.2024782561301220E-06
  5.0357875709734419E+00  1.1495851691936768E-01  2.1763871337364192E-06
  5.0859576167647988E+00  1.1459394369816751E-01  2.1506032604669131E-06
  5.1366274917207555E+00  1.1424109290777792E-01  2.1251237148480071E-06
  5.1878021754898285E+00  1.1388670927858661E-01  2.0999456584208219E-06
  5.2394866973312677E+00  1.1352888825031943E-01  2.0750663390431921E-06
  5.2916861366093428E+00  1.1316148146450776E-01  2.0504830882570861E-06
  5.3444056232925110E+00  1.1279334726243931E-01  2.0261933127838113E-06
  5.3976503384575585E+00  1.1242158734662777E-01  2.0021944799311845E-06
  5.4514255147988022E+00  1.1205016042182378E-01  1.9784840986624970E-06
  5.5057364371423336E+00  1.1166957774553141E-01  1.9550597040533094E-06
  5.5605884429653614E+00  1.1128603769639475E-01  1.9319188450899263E-06
  5.6159869229208077E+00  1.1090212040706279E-01  1.9090590738839540E-06
  5.6719373213670545E+00  1.1051300493185010E-01  1.8864779403508795E-06
  5.7284451369029767E+00  1.1012963430326166E-01  1.8641729921890283E-06
  5.7855159229083863E+00  1.0973233973676731E-01  1.8421417789228427E-06
  5.8431552880897204E+00  1.0933836497187156E-01  1.8203818601060318E-06
  5.9013688970312845E+00  1.0896741405109515E-01  1.7988908171933387E-06
  5.9601624707519774E+00  1.0855309062249610E-01  1.7776662678304096E-06
  6.0195417872674568E+00  1.0817738726330337E-01  1.7567058807949811E-06
  6.0795126821580467E+00  1.0778174437491050E-01  1.7360073895875652E-06
  6.1400810491422151E+00  1.0737828784132170E-01  1.7155686013216549E-06
  6.2012528406557630E+00  1.0697440767617712E-01  1.6953873996835461E-06
  6.2630340684368502E+00  1.0658724713716861E-01  1.6754617439183753E-06
  6.3254308041167855E+00  1.0618072116846600E-01  1.6557896612747012E-06
  6.3884491798167051E+00  1.0577735494125179E-01  1.6363692383360022E-06
  6.4520953887502568E+00  1.0536476045041583E-01  1.6171986180655959E-06
  6.5163756858322195E+00  1.0494204930738420E-01  1.5982759977723271E-06
  6.5812963882932030E+00  1.0453099398313705E-01  1.5795996264990777E-06
  6.6468638763005128E+00  1.0411294563241824E-01  1.5611677998922416E-06
  6.7130845935851537E+00  1.0368298702989090E-01  1.5429788509610123E-06
  6.7799650480750770E+00  1.0326136824127782E-01  1.5250311367032805E-06
  6.8475118125347958E+00  1.0282375682925156E-01  1.5073230218996429E-06
  6.9157315252113074E+00  1.0238168987723804E-01  1.4898528626686679E-06
  6.9846308904864536E+00  1.0194808942345730E-01  1.4726189930433995E-06
  7.0542166795358758E+00  1.0150548205063616E-01  1.4556197158917770E-06
  7.1244957309943731E+00  1.0105067412332737E-01  1.4388532994806448E-06
  7.1954749516280154E+00  1.0060429905469823E-01  1.4223179798208048E-06
  7.2671613170129605E+00  1.0015509404044332E-01  1.4060119629122445E-06
  7.3395618722208988E+00  9.9712601814089391E-02  1.3899334272562358E-06
  7.4126837325114900E+00  9.9260692829279198E-02  1.3740805273259964E-06
  7.4865340840315984E+00  9.8789888985615082E-02  1.3584513986985136E-06
  7.5611201845214984E+00  9.8349317088063493E-02  1.3430441657451871E-06
  7.6364493640281825E+00  9.7871206509374073E-02  1.3278569517715335E-06
  7.7125290256257122E+00  9.7399008983483970E-02  1.3128878905629424E-06
  7.7893666461427360E+00  9.6942142976891049E-02  1.2981351362626318E-06
  7.8669697768973368E+00  9.6482096590804672E-02  1.2835968677883364E-06
  7.9453460444391188E+00  9.6002173361912885E-02  1.2692712915533584E-06
  8.0245031512986973E+00  9.5517532478422235E-02  1.2551566398891690E-06
  8.1044488767447209E+00  9.5024423863120641E-02  1.2412511603514195E-06
  8.1851910775483638E+00  9.4539402101950901E-02  1.2275531029534745E-06
  8.2667376887554411E+00  9.4065319616778761E-02  1.2140607066719965E-06
  8.3490967244662784E+00  9.3558020374623768E-02  1.2007721835502013E-06
  8.4322762786232861E+00  9.3061975506827099E-02  1.1876857006040366E-06
  8.5162845258063822E+00  9.2569423876187940E-02  1.1747993597586174E-06
  8.6011297220363989E+00  9.2078711662646931E-02  1.1621111777034190E-06
  8.6868202055864412E+00  9.1563992240850225E-02  1.1496190690449124E-06
  8.7733643978012967E+00  9.1072517240847597E-02  1.1373208379237358E-06
  8.8607708039251563E+00  9.0558220364376232E-02  1.1252141851805213E-06
  8.9490480139373627E+00  9.0030873182658247E-02  1.1132967289569742E-06
  9.0382047033966533E+00  8.9533366080605525E-02  1.1015660380116349E-06
  9.1282496342938195E+00  8.8999207679969883E-02  1.0900196898835645E-06
  9.2191916559126792E+00  8.8474330966908626E-02  1.0786553400287554E-06
  9.3110397056998568E+00  8.7951277233073513E-02  1.0674707893779645E-06
  9.4038028101430911E+00  8.7393657471886113E-02  1.0564640627068109E-06
  9.4974900856582831E+00  8.6914043411786532E-02  1.0456334994810731E-06
  9.5921107394854879E+00  8.6363874023394654E-02  1.0349778568428295E-06
  9.6876740705937490E+00  8.5821673045923183E-02  1.0244964182993324E-06
  9.7841894705949191E+00  8.5296578773777262E-02  1.0141890934833457E-06
  9.8816664246667045E+00  8.4745077412025194E-02  1.0040564902448927E-06
  9.9801145124848052E+00  8.4208632539261211E-02  9.9409992382181866E-07
  1.0079543409164327E+01  8.3647862194724101E-02  9.8432136376472817E-07
  1.0179962886210692E+01  8.3097416093689536E-02  9.7472333767890561E-07
  1.0281382812479894E+01  8.2564583176505835E-02  9.6530875987382164E-07
  1.0383813155148404E+01  8.2004669112660689E-02  9.5608069680885008E-07
  1.0487263980692655E+01  8.1460404089162761E-02  9.4704220601892123E-07
  1.0591745455878410E+01  8.0897089471924560E-02  9.3819620062506527E-07
  1.0697267848759877E+01  8.0340235342426916E-02  9.2954532352563374E-07
  1.0803841529688786E+01  7.9791076722894372E-02  9.2109182462657944E-07
  1.0911476972333611E+01  7.9235728817152851E-02  9.1283743363938549E-07
  1.1020184754708858E+01  7.8678279635994219E-02  9.0478323622284470E-07
  1.1129975560214596E+01  7.8125297474074096E-02  8.9692957001111249E-07
  1.1240860178686438E+01  7.7572018951918231E-02  8.8927597721921879E-07
  1.1352849507455904E+01  7.7022887662004436E-02  8.8182123377155132E-07
  1.1465954552421371E+01  7.6474241868026510E-02  8.7456343107705646E-07
  1.1580186429129665E+01  7.5929994671714698E-02  8.6750011981739787E-07
  1.1695556363868505E+01  7.5387781837589318E-02  8.6062856184387523E-07
  1.1812075694769771E+01  7.4839035490179492E-02  8.5394591536893462E-07
  1.1929755872923712E+01  7.4305855358155093E-02  8.4744935388002966E-07
  1.2048608463504412E+01  7.3763736783199460E-02  8.4113615715989331E-07
  1.2168645146906321E+01  7.3227457708719246E-02  8.3500377807821586E-07
  1.2289877719892127E+01  7.2700129481183137E-02  8.2904989980938697E-07
  1.2412318096752179E+01  7.2164446773889238E-02  8.2327248825993012E-07
  1.2535978310475324E+01  7.1607295034818372E-02  8.1766983502770293E-07
  1.2660870513931492E+01  7.1094921740447500E-02  8.1224057457256096E-07
  1.2787006981065984E+01  7.0539008585746868E-02  8.0698363515123339E-07
  1.2914400108105786E+01  7.0027466573092237E-02  8.0189818380948363E-07
  1.3043062414777786E+01  6.9496245497302878E-02  7.9698357253106866E-07
  1.3173006545539128E+01  6.8964344105842956E-02  7.9223922796153233E-07
  1.3304245270819944E+01  6.8441133940844237E-02  7.8766452667018089E-07
  1.3436791488278342E+01  6.7896567897016744E-02  7.8325868404767877E-07
  1.3570658224067898E+01  6.7383292487402283E-02  7.7902062785128288E-07
  1.3705858634117904E+01  6.6877707854055182E-02  7.7494884903501861E-07
  1.3842406005426227E+01  6.6363150813811486E-02  7.7104122161081815E-07
  1.3980313757365137E+01  6.5850775397693601E-02  7.6729479326950037E-07
  1.4119595443000051E+01  6.5344304464681618E-02  7.6370556590426162E-07
  1.4260264750421570E+01  6.4838482968716124E-02  7.6026829980630097E-07
  1.4402335504090653E+01  6.4343057865538247E-02  7.5697642197524973E-07
  1.4545821666197174E+01  6.3844848438778995E-02  7.5382203535376975E-07
  1.4690737338032184E+01  6.3350406122673356E-02  7.5079600609744658E-07
  1.4837096761373678E+01  6.2833540267827073E-02  7.4788824718709709E-07
  1.4984914319886181E+01  6.2363393998786217E-02  7.4508816338746444E-07
  1.5134204540534411E+01  6.1870753089731965E-02  7.4238497967661449E-07
  1.5284982095010877E+01  6.1376418369304908E-02  7.3976805049586487E-07
  1.5437261801177790E+01  6.0883873744339172E-02  7.3722717639077581E-07
  1.5591058624523248E+01  6.0389383206085126E-02  7.3475294890043481E-07
  1.5746387679632068E+01  5.9884577503626746E-02  7.3233714705399298E-07
  1.5903264231671168E+01  5.9388032531998522E-02  7.2997317260392060E-07
  1.6061703697889705E+01  5.8896570847390729E-02  7.2765648275550653E-07
  1.6221721649134331E+01  5.8401747084274196E-02  7.2538490846235396E-07
  1.6383333811379387E+01  5.7900613604576441E-02  7.2315878222617876E-07
  1.6546556067272338E+01  5.7399354134517903E-02  7.2098087533794310E-07
  1.6711404457694776E+01  5.6897229691021733E-02  7.1885606610161303E-07
  1.6877895183338797E+01  5.6398086776177164E-02  7.1679059078047820E-07
  1.7046044606299095E+01  5.5879119560647027E-02  7.1479146957949483E-07
  1.7215869251681070E+01  5.5381257238416352E-02  7.1286609258774930E-07
  1.7387385809224796E+01  5.4895794692871494E-02  7.1102186613075422E-07
  1.7560611134945244E+01  5.4391013027290297E-02  7.0926590691913083E-07
  1.7735562252788785E+01  5.3892597220470830E-02  7.0760473002201430E-07
  1.7912256356306312E+01  5.3396528383867783E-02  7.0604391332455449E-07
  1.8090710810342937E+01  5.2927922764456944E-02  7.0458775769263838E-07
  1.8270943152744476E+01  5.2444870412709871E-02  7.0323902085910029E-07
  1.8452971096081104E+01  5.1966113343561694E-02  7.0199888076162871E-07
  1.8636812529388049E+01  5.1493827288127986E-02  7.0086697251606687E-07
  1.8822485519923582E+01  5.1025039960953325E-02  6.9984151240200118E-07
  1.9010008314944734E+01  5.0561342009812847E-02  6.9891976923349133E-07
  1.9199399343500467E+01  5.0104659059849226E-02  6.9809853796893668E-07
  1.9390677218242878E+01  4.9648561585679291E-02  6.9737441283442149E-07
  1.9583860737256288E+01  4.9199373550085988E-02  6.9674398616916236E-07
  1.9778968885904778E+01  4.8753945492185979E-02  6.9620397175734434E-07
  1.9976020838697920E+01  4.8315749169156694E-02  6.9575128904564225E-07
  2.0175035961175141E+01  4.7880013210870521E-02  6.9538313430396482E-07
  2.0376033811809013E+01  4.7446063533320100E-02  6.9509703208816835E-07
  2.0579034143927306E+01  4.7019872674325766E-02  6.9489085262752909E-07
  2.0784056907654236E+01  4.6591328404957083E-02  6.9476268190533745E-07
  2.0991122251871211E+01  4.6152981024771479E-02  6.9471067693653105E-07
  2.1200250526196882E+01  4.5747605477803599E-02  6.9473304085009824E-07
  2.1411462282987095E+01  4.5320328135337734E-02  6.9482793919445338E-07
  2.1624778279354611E+01  4.4906557188791774E-02  6.9499337286224334E-07
  2.1840219479209161E+01  4.4494420210860294E-02  6.9522711519908115E-07
  2.2057807055317639E+01  4.4080125159523940E-02  6.9552668223034253E-07
  2.2277562391384816E+01  4.3669032502073095E-02  6.9588933265486566E-07
  2.2499507084154992E+01  4.3255292419729321E-02  6.9631209170641143E-07
  2.2723662945534368E+01  4.2846154681004472E-02  6.9679179100594630E-07
  2.2950052004734584E+01  4.2440212851136645E-02  6.9732513104578666E-07
  2.3178696510437785E+01  4.2017280880983464E-02  6.9790876808876351E-07
  2.3409618932983065E+01  4.1632202324760115E-02  6.9853945961239524E-07
  2.3642841966574821E+01  4.1228147420564479E-02  6.9921424494374422E-07
  2.3878388531512936E+01  4.0832588955836982E-02  6.9993048229998571E-07
  2.4116281776445472E+01  4.0433005645453324E-02  7.0068582884199910E-07
  2.4356545080643539E+01  4.0036426503440560E-02  7.0147819200787080E-07
  2.4599202056298871E+01  3.9638627092165965E-02  7.0230569125439484E-07
  2.4844276550844469E+01  3.9248832275171390E-02  7.0316662776104148E-07
  2.5091792649298196E+01  3.8860888448899594E-02  7.0405945752535139E-07
  2.5341774676629655E+01  3.8470944462231781E-02  7.0498276752971522E-07
  2.5594247200150932E+01  3.8069635305655186E-02  7.0593525148773889E-07
  2.5849235031930863E+01  3.7702619326956469E-02  7.0691568128224597E-07
  2.6106763231233554E+01  3.7323555150709814E-02  7.0792287188595738E-07
  2.6366857106980955E+01  3.6943833300687214E-02  7.0895564189433098E-07
  2.6629542220240342E+01  3.6556842043632222E-02  7.1001277751767197E-07
  2.6894844386736253E+01  3.6193391686710333E-02  7.1109301833051897E-07
  2.7162789679387497E+01  3.5823779991027350E-02  7.1219505731087147E-07
  2.7433404430869636E+01  3.5443627116421482E-02  7.1331755685433285E-07
  2.7706715236202836E+01  3.5090016406128972E-02  7.1445916564027644E-07
  2.7982748955365391E+01  3.4727425165747602E-02  7.1561852934178749E-07
  2.8261532715933615E+01  3.4354859520528254E-02  7.1679429976202052E-07
  2.8543093915747733E+01  3.3994818509476034E-02  7.1798514250683661E-07
  2.8827460225604479E+01  3.3653230403080346E-02  7.1918974513059469E-07
  2.9114659591976380E+01  3.3298361100449633E-02  7.2040682695400294E-07
  2.9404720239758401E+01  3.2953243555163776E-02  7.2163515015050667E-07
  2.9697670675041692E+01  3.2604824871146687E-02  7.2287353131153788E-07
  2.9993539687914975E+01  3.2259980979897594E-02  7.2412085389630382E-07
  3.0292356355294110E+01  3.1918119309359505E-02  7.2537607994512690E-07
  3.0594150043779575E+01  3.1576560805191618E-02  7.2663825340748607E-07
  3.0898950412542419E+01  3.1239951511939559E-02  7.2790648527364709E-07
  3.1206787416239226E+01  3.0905410852880826E-02  7.2917992811935930E-07
  3.1517691307955850E+01  3.0572862722504968E-02  7.3045776067148835E-07
  3.1831692642180613E+01  3.0244645132026977E-02  7.3173917643906793E-07
  3.2148822277806978E+01  2.9913529241105071E-02  7.3302337658061398E-07
  3.2469111381166421E+01  2.9593127139216861E-02  7.3430956585983233E-07
  3.2792591429091289E+01  2.9264024033047700E-02  7.3559694981187202E-07
  3.3119294212008072E+01  2.8951957597835306E-02  7.3688473310378523E-07
  3.3449251837061873E+01  2.8633140795822295E-02  7.3817211923164515E-07
  3.3782496731271692E+01  2.8306535424980975E-02  7.3945831469425081E-07
  3.4119061644717114E+01  2.8009356842408715E-02  7.4074253668186681E-07
  3.4458979653757090E+01  2.7683450170972221E-02  7.4202401465638904E-07
  3.4802284164280408E+01  2.7390975355416795E-02  7.4330199178774770E-07
  3.5149008914988741E+01  2.7082289799826284E-02  7.4457572813754415E-07
  3.5499187980712300E+01  2.6777393732223490E-02  7.4584450302915423E-07
  3.5852855775758705E+01  2.6479448476482949E-02  7.4710761697407138E-07
  3.6210047057295071E+01  2.6171211715565187E-02  7.4836439372640954E-07
  3.6570796928763635E+01  2.5872863835718053E-02  7.4961418299932140E-07
  3.6935140843331858E+01  2.5590223064409924E-02  7.5085636443903442E-07
  3.7303114607376500E+01  2.5288451580210751E-02  7.5209035241814916E-07
  3.7674754384002448E+01  2.5013357244093776E-02  7.5331560096476470E-07
  3.8050096696596889E+01  2.4721969428150685E-02  7.5453160741402624E-07
  3.8429178432418553E+01  2.4431689644566348E-02  7.5573791295461101E-07
  3.8812036846222959E+01  2.4153750604110975E-02  7.5693410590952074E-07
  3.9198709563923479E+01  2.3875459310679151E-02  7.5811982281783287E-07
  3.9589234586289336E+01  2.3609685340597274E-02  7.5929473774138311E-07
  3.9983650292680061E+01  2.3335813487055955E-02  7.6045855102004763E-07
  4.0381995444817115E+01  2.3065980642872397E-02  7.6161098187519527E-07
  4.0784309190593561E+01  2.2796726494544169E-02  7.6275176248481822E-07
  4.1190631067921203E+01  2.2526808509018732E-02  7.6388063415080527E-07
  4.1601001008616102E+01  2.2271747571381680E-02  7.6499734460358306E-07
  4.2015459342323183E+01  2.2011076045835052E-02  7.6610164557795821E-07
  4.2434046800479557E+01  2.1755079891367959E-02  7.6719329026332364E-07
  4.2856804520317468E+01  2.1500680368253904E-02  7.6827203048576618E-07
  4.3283774048906999E+01  2.1240824768090399E-02  7.6933761160659073E-07
  4.3714997347239382E+01  2.0992249381700238E-02  7.7038976853608801E-07
  4.4150516794350665E+01  2.0747912172528866E-02  7.7142822617321415E-07
  4.4590375191486437E+01  2.0501738617861035E-02  7.7245270400175587E-07
  4.5034615766308413E+01  2.0267883510330240E-02  7.7346292230875193E-07
  4.5483282177142598E+01  2.0028405263924614E-02  7.7445860632498498E-07
  4.5936418517269693E+01  1.9783917473201733E-02  7.7543948967510190E-07
  4.6394069319258712E+01  1.9551437512351562E-02  7.7640531739857200E-07
  4.6856279559343285E+01  1.9326795537951840E-02  7.7735584924320846E-07
  4.7323094661841871E+01  1.9090527174995448E-02  7.7829086377045166E-07
  4.7794560503621689E+01  1.8871713548409445E-02  7.7921016231582619E-07
  4.8270723418607574E+01  1.8648106247247040E-02  7.8011357233759266E-07
  4.8751630202335463E+01  1.8426661465099366E-02  7.8100094510965281E-07
  4.9237328116551012E+01  1.8207331746939216E-02  7.8187214952653639E-07
  4.9727864893854722E+01  1.7991834195137914E-02  7.8272707406902736E-07
  5.0223288742392697E+01  1.7778272553696701E-02  7.8356562682075188E-07
  5.0723648350594210E+01  1.7566301774878359E-02  7.8438772954599576E-07
  5.1228992891956992E+01  1.7356866912981512E-02  7.8519331396358215E-07
  5.1739372029879540E+01  1.7149828314392514E-02  7.8598231969512669E-07
  5.2254835922542028E+01  1.6945144099928443E-02  7.8675469402851198E-07
  5.2775435227835395E+01  1.6742818458921019E-02  7.8751039397988634E-07
  5.3301221108340172E+01  1.6542856362918492E-02  7.8824939039683286E-07
  5.3832245236354360E+01  1.6344967571756117E-02  7.8897167395168539E-07
  5.4368559798971496E+01  1.6149028355828505E-02  7.8967726280563901E-07
  5.4910217503209651E+01  1.5955512019563047E-02  7.9036620966215278E-07
  5.5457271581191165E+01  1.5763303909854632E-02  7.9103860371290378E-07
  5.6009775795373933E+01  1.5574132892137991E-02  7.9169457416407969E-07
  5.6567784443835308E+01  1.5386963909257680E-02  7.9233429298836993E-07
  5.7131352365608102E+01  1.5201051587590247E-02  7.9295796949072565E-07
  5.7700534946070071E+01  1.5017874267701722E-02  7.9356584454602506E-07
  5.8275388122386737E+01  1.4836863796906548E-02  7.9415818701549753E-07
  5.8855968389009071E+01  1.4658027224350301E-02  7.9473529133889968E-07
  5.9442332803225355E+01  1.4479093951467202E-02  7.9529747725602290E-07
  6.0034538990768411E+01  1.4304632958766902E-02  7.9584509152055157E-07
  6.0632645151479153E+01  1.4131402673681391E-02  7.9637851071184160E-07
  6.1236710065026145E+01  1.3959934680776736E-02  7.9689814343438579E-07
  6.1846793096681999E+01  1.3790499753822880E-02  7.9740443076917364E-07
  6.2462954203157992E+01  1.3622558813832977E-02  7.9789783658522671E-07
  6.3085253938496187E+01  1.3452652859769355E-02  7.9837884156015936E-07
  6.3713753460020257E+01  1.3293464371823056E-02  7.9884794652746091E-07
  6.4348514534346222E+01  1.3130881239578901E-02  7.9930567354415594E-07
  6.4989599543452314E+01  1.2970689187568062E-02  7.9975256452625663E-07
  6.5637071490809888E+01  1.2812229343501770E-02  8.0018918030011892E-07
  6.6290994007574810E+01  1.2651291697059495E-02  8.0061609943388973E-07
  6.6951431358841333E+01  1.2496103050078051E-02  8.0103391760191902E-07
  6.7618448449957612E+01  1.2342931664901613E-02  8.0144324778723256E-07
  6.8292110832904214E+01  1.2196051298979634E-02  8.0184472088253825E-07
  6.8972484712736644E+01  1.2046445026322355E-02  8.0223898453423700E-07
  6.9659636954091638E+01  1.1898429446132189E-02  8.0262669938094229E-07
  7.0353635087758036E+01  1.1751991518160964E-02  8.0300852730314811E-07
  7.1054547317313990E+01  1.1607323356739299E-02  8.0338511667918385E-07
  7.1762442525829428E+01  1.1464724353135615E-02  8.0375709962848453E-07
  7.2477390282635795E+01  1.1318935248034538E-02  8.0412509412979989E-07
  7.3199460850162708E+01  1.1183083652886254E-02  8.0448970977333275E-07
  7.3928725190843664E+01  1.1042115227598731E-02  8.0485155238249300E-07
  7.4665254974089592E+01  1.0905629152419386E-02  8.0521122800882651E-07
  7.5409122583332135E+01  1.0773526971107008E-02  8.0556934632131151E-07
  7.6160401123137660E+01  1.0639953770869754E-02  8.0592652375138435E-07
  7.6919164426391475E+01  1.0508230384913260E-02  8.0628338740385387E-07
  7.7685487061553573E+01  1.0377824836254932E-02  8.0664057776238445E-07
  7.8459444339987485E+01  1.0248966858735961E-02  8.0699874757776654E-07
  7.9241112323361264E+01  1.0121728450773944E-02  8.0735854940411929E-07
  8.0030567831122681E+01  9.9961857324869317E-03  8.0772060168619239E-07
  8.0827888448048441E+01  9.8713684336134509E-03  8.0808547422783987E-07
  8.1633152531869470E+01  9.7483087381522900E-03  8.0845368619712669E-07
  8.2446439220971286E+01  9.6233752455569168E-03  8.0882571081236174E-07
  8.3267828442171250E+01  9.5066287796851702E-03  8.0920197887817612E-07
  8.4097400918573982E+01  9.3879178805951237E-03  8.0958287922352860E-07
  8.4935238177504232E+01  9.2671722630883711E-03  8.0996875608106723E-07
  8.5781422558518813E+01  9.1545447647765066E-03  8.1035990191445256E-07
  8.6636037221499237E+01  9.0392731798888317E-03  8.1075654483866940E-07
  8.7499166154823982E+01  8.9235524324493415E-03  8.1115883016306158E-07
  8.8370894183622639E+01  8.8150498998918279E-03  8.1156679595517547E-07
  8.9251306978111984E+01  8.7032355784000502E-03  8.1198034333053234E-07
  9.0140491062015798E+01  8.5915185250959730E-03  8.1239920647908472E-07
  9.1038533821067887E+01  8.4864183484987480E-03  8.1282292243869976E-07
  9.1945523511599646E+01  8.3795804405312081E-03  8.1325080808935136E-07
  9.2861549269214251E+01  8.2736330933435402E-03  8.1368197998636425E-07
  9.3786701117546215E+01  8.1691225747377669E-03  8.1411539548613467E-07
  9.4721069977108328E+01  8.0658476046961362E-03  8.1454988355271176E-07
  9.5664747674227542E+01  7.9606675860240811E-03  8.1498417554916631E-07
  9.6617826950068945E+01  7.8608169444920398E-03  8.1541693255969350E-07
  9.7580401469750242E+01  7.7628806057072220E-03  8.1584677342720439E-07
  9.8552565831546374E+01  7.6637975003719131E-03  8.1627231039876242E-07
  9.9534415576186930E+01  7.5664521008580229E-03  8.1669219665151944E-07
  1.0052604719624530E+02  7.4701323587857676E-03  8.1710518627775211E-07
  1.0152755814562083E+02  7.3744663698134903E-03  8.1751019199756693E-07
  1.0253904684911775E+02  7.2800305063704229E-03  8.1790633459019746E-07
  1.0356061271211730E+02  7.1844777715312424E-03  8.1829298742792172E-07
  1.0459235613034551E+02  7.0917981404729257E-03  8.1866976445168985E-07
  1.0563437849974231E+02  7.0027262379527347E-03  8.1903643664452775E-07
  1.0668678222642485E+02  6.9120992703903192E-03  8.1939286618943691E-07
  1.0774967073675137E+02  6.8205402616089584E-03  8.1973894343984874E-07
  1.0882314848748597E+02  6.7315189613706382E-03  8.2007452757324905E-07
  1.0990732097606492E+02  6.6456918330040585E-03  8.2039938486314246E-07
  1.1100229475096329E+02  6.5585406164388772E-03  8.2071310804943882E-07
  1.1210817742216666E+02  6.4705124665291923E-03  8.2101502401737183E-07
  1.1322507767174747E+02  6.3867288162323902E-03  8.2130409750315294E-07
  1.1435310526454442E+02  6.3012452856448962E-03  8.2157885456869586E-07
  1.1549237105895051E+02  6.2179853574449839E-03  8.2183734430396228E-07
  1.1664298701780845E+02  6.1331263215643360E-03  8.2207704015894750E-07
  1.1780506621941252E+02  6.0505631646796919E-03  8.2229478861839619E-07
  1.1897872286862233E+02  5.9705272668476531E-03  8.2248695460461515E-07
  1.2016407230808699E+02  5.8879923972199044E-03  8.2264956756621039E-07
  1.2136123102957926E+02  5.8086770711521440E-03  8.2277844132022845E-07
  1.2257031668544454E+02  5.7298700740840407E-03  8.2286928191222838E-07
  1.2379144810016420E+02  5.6505117427948478E-03  8.2291777459628407E-07
  1.2502474528203153E+02  5.5727204648708308E-03  8.2291967910190771E-07
  1.2627032943494667E+02  5.4960956524696429E-03  8.2287093204850513E-07
  1.2752832297032866E+02  5.4180761522390911E-03  8.2276772305390962E-07
  1.2879884951914417E+02  5.3424908425992379E-03  8.2260653930129160E-07
  1.3008203394405820E+02  5.2676473173336154E-03  8.2238412301338583E-07
  1.3137800235170596E+02  5.1950976509286800E-03  8.2209750378863519E-07
  1.3268688210508455E+02  5.1212283140329223E-03  8.2174406799959404E-07
  1.3400880183607052E+02  5.0490624121316760E-03  8.2132144353224400E-07
  1.3534389145806216E+02  4.9771307194936788E-03  8.2082731089156052E-07
  1.3669228217874527E+02  4.9060685418341552E-03  8.2025926099198710E-07
  1.3805410651298865E+02  4.8351270455760809E-03  8.1961466185635569E-07
  1.3942949829586786E+02  4.7649927253142418E-03  8.1889054588541425E-07
  1.4081859269581651E+02  4.6951116366546171E-03  8.1808347806545484E-07
  1.4222152622791086E+02  4.6252083866245453E-03  8.1718939454244154E-07
  1.4363843676728672E+02  4.5564693354693993E-03  8.1620355341161311E-07
  1.4506946356268881E+02  4.4891553396208374E-03  8.1512063465874846E-07
  1.4651474725015379E+02  4.4216114227079604E-03  8.1393517467329110E-07
  1.4797442986683484E+02  4.3542238143332293E-03  8.1264198995125232E-07
  1.4944865486495885E+02  4.2867527217035862E-03  8.1123621522016931E-07
  1.5093756712592250E+02  4.2204524337649705E-03  8.0971334836824745E-07
  1.5244131297453438E+02  4.1541003188997772E-03  8.0806935222861646E-07
  1.5396004019339341E+02  4.0881325077829142E-03  8.0630073780843624E-07
  1.5549389803741036E+02  4.0221772162549532E-03  8.0440464338890987E-07
  1.5704303724848009E+02  3.9571194400051038E-03  8.0237891218851363E-07
  1.5860761007029348E+02  3.8922302345570817E-03  8.0022219387697844E-07
  1.6018777026329917E+02  3.8274105943847145E-03  7.9793410226590953E-07
  1.6178367311981515E+02  3.7644186636498472E-03  7.9551529721343373E-07
  1.6339547547929132E+02  3.7000347130483804E-03  7.9296738795451755E-07
  1.6502333574372113E+02  3.6380989021308975E-03  7.9029258093608402E-07
  1.6666741389320981E+02  3.5756583651805830E-03  7.8749313679254794E-07
  1.6832787150169739E+02  3.5129582575702725E-03  7.8457125152031717E-07
  1.7000487175283587E+02  3.4520539322363216E-03  7.8152904784849828E-07
  1.7169857945602715E+02  3.3914749039564780E-03  7.7836853138667850E-07
  1.7340916106262088E+02  3.3309569656615138E-03  7.7509154875400177E-07
  1.7513678468227079E+02  3.2713777113106252E-03  7.7169974962144658E-07
  1.7688162009945682E+02  3.2121176386931813E-03  7.6819454858840915E-07
  1.7864383879017186E+02  3.1526568665915956E-03  7.6457707979640941E-07
  1.8042361393877189E+02  3.0947281607305727E-03  7.6084812094439583E-07
  1.8222112045499682E+02  3.0375330615110864E-03  7.5700801898247456E-07
  1.8403653499116106E+02  2.9803406055727557E-03  7.5305669889392446E-07
  1.8587003595951211E+02  2.9237590364996771E-03  7.4899377033303906E-07
  1.8772180354976538E+02  2.8671437913879499E-03  7.4481880243634687E-07
  1.8959201974681361E+02  2.8117042951029997E-03  7.4053144607125536E-07
  1.9148086834860948E+02  2.7571255278923570E-03  7.3613143741446491E-07
  1.9338853498422978E+02  2.7025946709068492E-03  7.3161862341472937E-07
  1.9531520713211935E+02  2.6483860481130279E-03  7.2699299468408528E-07
  1.9726107413851366E+02  2.5949768746513354E-03  7.2225471276495195E-07
  1.9922632723604795E+02  2.5420928073632680E-03  7.1740413734789758E-07
  2.0121115956255238E+02  2.4899753427314935E-03  7.1244185477673964E-07
  2.0321576618003022E+02  2.4382161546006075E-03  7.0736872058013512E-07
  2.0524034409382929E+02  2.3869936953561186E-03  7.0218591608050378E-07
  2.0728509227200385E+02  2.3361500014163449E-03  6.9689496934147076E-07
  2.0935021166486635E+02  2.2863246398809236E-03  6.9149773011129821E-07
  2.1143590522473687E+02  2.2368298784260724E-03  6.8599625936275992E-07
  2.1354237792589024E+02  2.1879372507701265E-03  6.8039274358321926E-07
  2.1566983678469734E+02  2.1396389703722107E-03  6.7468950342628650E-07
  2.1781849087997122E+02  2.0917153994292319E-03  6.6888898164982569E-07
  2.1998855137351555E+02  2.0444259717950896E-03  6.6299370348928548E-07
  2.2218023153087640E+02  1.9982028466590425E-03  6.5700624813808969E-07
  2.2439374674229791E+02  1.9525171107328504E-03  6.5092922354547355E-07
  2.2662931454389553E+02  1.9070842084209308E-03  6.4476524798110099E-07
  2.2888715463903213E+02  1.8622917259100498E-03  6.3851693515347785E-07
  2.3116748891990665E+02  1.8186390837195250E-03  6.3218687816533078E-07
  2.3347054148936624E+02  1.7752006496694877E-03  6.2577765349189717E-07
  2.3579653868292812E+02  1.7324374093571698E-03  6.1929185356393022E-07
  2.3814570909101940E+02  1.6902940211032788E-03  6.1273212057688018E-07
  2.4051828358144820E+02  1.6486573756753057E-03  6.0610114690339318E-07
  2.4291449532208927E+02  1.6079376646369211E-03  5.9940166264292313E-07
  2.4533457980379805E+02  1.5673920933735152E-03  5.9263643782693263E-07
  2.4777877486355490E+02  1.5282041712879361E-03  5.8580831389677067E-07
  2.5024732070784060E+02  1.4891229411615270E-03  5.7892023074034395E-07
  2.5274045993623955E+02  1.4508041308090099E-03  5.7197524959990917E-07
  2.5525843756528343E+02  1.4129935960088588E-03  5.6497657364605239E-07
  2.5780150105253176E+02  1.3761369673276997E-03  5.5792757119741590E-07
  2.6036990032088829E+02  1.3397288612010602E-03  5.5083181864090398E-07
  2.6296388778316390E+02  1.3039793058187100E-03  5.4369313034688767E-07
  2.6558371836688440E+02  1.2689080152771691E-03  5.3651551169102082E-07
  2.6822964953934070E+02  1.2343530263648169E-03  5.2930304881780459E-07
  2.7090194133289339E+02  1.2007523347931995E-03  5.2205976058805218E-07
  2.7360085637052924E+02  1.1675999626374115E-03  5.1478955110907861E-07
  2.7632665989166776E+02  1.1349362096865464E-03  5.0749620849051871E-07
  2.7907961977822947E+02  1.1032283830171364E-03  5.0018339456349269E-07
  2.8186000658096407E+02  1.0720463914231674E-03  4.9285463307157137E-07
  2.8466809354603572E+02  1.0416813114512468E-03  4.8551330075157383E-07
  2.8750415664187847E+02  1.0115983975095481E-03  4.7816261904089789E-07
  2.9036847458631900E+02  9.8256619421395745E-04  4.7080564427678903E-07
  2.9326132887396466E+02  9.5393854636127717E-04  4.6344524604898481E-07
  2.9618300380386944E+02  9.2582530925963637E-04  4.5608408324291616E-07
  2.9913378650747558E+02  8.9866028932523761E-04  4.4872463734680419E-07
  3.0211396697682812E+02  8.7188693960339389E-04  4.4136929922179366E-07
  3.0512383809307624E+02  8.4577412214766957E-04  4.3402046414279605E-07
  3.0816369565525821E+02  8.2026238849847990E-04  4.2668056666382469E-07
  3.1123383840936782E+02  7.9529577098032234E-04  4.1935207858921489E-07
  3.1433456807771591E+02  7.7103970527698639E-04  4.1203750842198032E-07
  3.1746618938858433E+02  7.4728846634294845E-04  4.0473940339177118E-07
  3.2062901010616980E+02  7.2404010448941334E-04  3.9746035024586197E-07
  3.2382334106083169E+02  7.0151566726316149E-04  3.9020297596107469E-07
  3.2704949617964058E+02  6.7957213824151224E-04  3.8296994904687615E-07
  3.3030779251722930E+02  6.5799913666347853E-04  3.7576398552823915E-07
  3.3359855028694716E+02  6.3717619012702582E-04  3.6858786305332308E-07
  3.3692209289233733E+02  6.1679024060616442E-04  3.6144441877979555E-07
  3.4027874695891580E+02  5.9695043899494658E-04  3.5433651730006560E-07
  3.4366884236626680E+02  5.7763979300311111E-04  3.4726699780081298E-07
  3.4709271228047032E+02  5.5883130475378143E-04  3.4023863079150177E-07
  3.5055069318684059E+02  5.4055870750398911E-04  3.3325411069490395E-07
  3.5404312492298982E+02  5.2278059162898694E-04  3.2631605390940846E-07
  3.5757035071223532E+02  5.0547983972707323E-04  3.1942699608925928E-07
  3.6113271719732484E+02  4.8869458495355469E-04  3.1258938971492077E-07
  3.6473057447450270E+02  4.7233479153038663E-04  3.0580560183291072E-07
  3.6836427612791744E+02  4.5647507692802826E-04  2.9907791165313953E-07
  3.7203417926437294E+02  4.4105463567955080E-04  2.9240850684861609E-07
  3.7574064454841931E+02  4.2610188423915582E-04  2.8579947609135704E-07
  3.7948403623779944E+02  4.1157560138113821E-04  2.7925280481198523E-07
  3.8326472221924979E+02  3.9746628490380472E-04  2.7277038554678575E-07
  3.8708307404464972E+02  3.8375245096849693E-04  2.6635403743554744E-07
  3.9093946696753926E+02  3.7054959370301445E-04  2.6000552309044657E-07
  3.9483427997999934E+02  3.5766330451336128E-04  2.5372655089400719E-07
  3.9876789584989331E+02  3.4517390994899994E-04  2.4751877315123062E-07
  4.0274070115848622E+02  3.3309553955477119E-04  2.4138378442955595E-07
  4.0675308633843940E+02  3.2137426383962688E-04  2.3532311998921426E-07
  4.1080544571217530E+02  3.1001581667231795E-04  2.2933825424419079E-07
  4.1489817753063289E+02  2.9901718099012843E-04  2.2343059929431273E-07
  4.1903168401240862E+02  2.8837083098932079E-04  2.1760150361171072E-07
  4.2320637138327993E+02  2.7802881743927592E-04  2.1185225117707520E-07
  4.2742264991613047E+02  2.6808959507718517E-04  2.0618406028444819E-07
  4.3168093397127222E+02  2.5841572037970680E-04  2.0059807950274214E-07
  4.3598164203716266E+02  2.4903070981852700E-04  1.9509538186503252E-07
  4.4032519677153454E+02  2.4002931168230925E-04  1.8967696287218533E-07
  4.4471202504293592E+02  2.3124913422703267E-04  1.8434374133843317E-07
  4.4914255797267595E+02  2.2279129851502082E-04  1.7909655914290708E-07
  4.5361723097719624E+02  2.1461507062000244E-04  1.7393618117048221E-07
  4.5813648381086512E+02  2.0671379908660830E-04  1.6886329549589931E-07
  4.6270076060918950E+02  1.9909205384002621E-04  1.6387851358303074E-07
  4.6731050993246544E+02  1.9168686272226672E-04  1.5898237053086674E-07
  4.7196618480986382E+02  1.8455908204782548E-04  1.5417532525095218E-07
  4.7666824278394705E+02  1.7765600249609431E-04  1.4945776033636540E-07
  4.8141714595563718E+02  1.7099826324179894E-04  1.4482998134700562E-07
  4.8621336102963141E+02  1.6457721683009390E-04  1.4029221664714070E-07
  4.9105735936026758E+02  1.5835274372651167E-04  1.3584461867115391E-07
  4.9594961699783948E+02  1.5238343484892027E-04  1.3148726747860875E-07
  5.0089061473539391E+02  1.4658972326864824E-04  1.2722017490800714E-07
  5.0588083815597503E+02  1.4099967608792961E-04  1.2304328583005232E-07
  5.1092077768033943E+02  1.3561977648314112E-04  1.1895647889566070E-07
  5.1601092861516543E+02  1.3042416263122153E-04  1.1495956725666390E-07
  5.2115179120172343E+02  1.2540975979816532E-04  1.1105229938759250E-07
  5.2634387066503177E+02  1.2057003917566204E-04  1.0723435996945546E-07
  5.3158767726352130E+02  1.1591403826402629E-04  1.0350537076807961E-07
  5.3688372633917334E+02  1.1140884052165166E-04  9.9864891247323155E-08
  5.4223253836816571E+02  1.0707186206992874E-04  9.6312418262954778E-08
  5.4763463901202442E+02  1.0289468712645278E-04  9.2847385814796956E-08
  5.5309055916928753E+02  9.8873636592007705E-05  8.9469167013005081E-08
  5.5860083502767304E+02  9.4979656515584870E-05  8.6177078773276292E-08
  5.6416600811677699E+02  9.1238627788532215E-05  8.2970389130570979E-08
  5.6978662536129605E+02  8.7639685786541330E-05  7.9848320324444771E-08
  5.7546323913477090E+02  8.4160051288772471E-05  7.6810050149618702E-08
  5.8119640731387460E+02  8.0814043332198346E-05  7.3854713363560318E-08
  5.8698669333324199E+02  7.7594076116825058E-05  7.0981403156567209E-08
  5.9283466624083542E+02  7.4489981938179555E-05  6.8189172678357061E-08
  5.9874090075387176E+02  7.1501919224400135E-05  6.5477036627172082E-08
  6.0470597731530745E+02  6.8621096663035329E-05  6.2843972929326640E-08
  6.1073048215087476E+02  6.5851051098648591E-05  6.0288924610240182E-08
  6.1681500732669747E+02  6.3183495081468193E-05  5.7810801703767681E-08
  6.2296015080748123E+02  6.0618531742472822E-05  5.5408482552920970E-08
  6.2916651651527127E+02  5.8144462049897838E-05  5.3080814665636121E-08
  6.3543471438880749E+02  5.5768851678505463E-05  5.0826615977661087E-08
  6.4176536044347108E+02  5.3479586489224598E-05  4.8644676746046714E-08
  6.4815907683181638E+02  5.1278759361480122E-05  4.6533761524390102E-08
  6.5461649190471746E+02  4.9161794772061422E-05  4.4492611135842795E-08
  6.6113824027312432E+02  4.7122481943406333E-05  4.2519944644505730E-08
  6.6772496287042236E+02  4.5164594551439362E-05  4.0614461323019773E-08
  6.7437730701542398E+02  4.3279601629555721E-05  3.8774842606652062E-08
  6.8109592647599015E+02  4.1470089355384204E-05  3.6999754015815847E-08
  6.8788148153327063E+02  3.9727069973213063E-05  3.5287846985423879E-08
  6.9473463904659991E+02  3.8050506247223121E-05  3.3637760516267127E-08
  7.0165607251903589E+02  3.6440248753766673E-05  3.2048122879953024E-08
  7.0864646216354231E+02  3.4892703700489106E-05  3.0517553578823368E-08
  7.1570649496984106E+02  3.3405131673438635E-05  2.9044665897040736E-08
  7.2283686477193157E+02  3.1975799182412181E-05  2.7628069524446742E-08
  7.3003827231626963E+02  3.0601398414574614E-05  2.6266372378407365E-08
  7.3731142533063826E+02  2.9282642814303884E-05  2.4958182277045279E-08
  7.4465703859370410E+02  2.8013954226697483E-05  2.3702108573811966E-08
  7.5207583400526107E+02  2.6796442217383201E-05  2.2496763754525419E-08
  7.5956854065716595E+02  2.5627033032387173E-05  2.1340764993701318E-08
  7.6713589490500863E+02  2.4502213186083506E-05  2.0232735668502494E-08
  7.7477864044046999E+02  2.3422391663759358E-05  1.9171306829758933E-08
  7.8249752836439916E+02  2.2387527246404028E-05  1.8155118629253835E-08
  7.9029331726064765E+02  2.1391470458922171E-05  1.7182821682362978E-08
  7.9816677327061143E+02  2.0437563970143275E-05  1.6253078347745249E-08
  8.0611867016851431E+02  1.9520955199794501E-05  1.5364563960677881E-08
  8.1414978943747087E+02  1.8641344918812204E-05  1.4515968067780864E-08
  8.2226092034627709E+02  1.7795754337436131E-05  1.3705995597329527E-08
  8.3045286002697446E+02  1.6985617747257408E-05  1.2933367960774074E-08
  8.3872641355319229E+02  1.6207404298695883E-05  1.2196824095805286E-08
  8.4708239401927347E+02  1.5462692581265293E-05  1.1495121449355920E-08
  8.5552162262017089E+02  1.4747066245443658E-05  1.0827036899960188E-08
  8.6404492873215759E+02  1.4061264348973587E-05  1.0191367619586254E-08
  8.7265314999433974E+02  1.3403115776975311E-05  9.5869318764086268E-09
  8.8134713239096595E+02  1.2771651089541728E-05  9.0125697843941802E-09
  8.9012773033457279E+02  1.2167358269261672E-05  8.4671439930517691E-09
  8.9899580674995934E+02  1.1586914735563212E-05  7.9495402863610878E-09
  9.0795223315898045E+02  1.1031628604067987E-05  7.4586680979801383E-09
  9.1699788976620312E+02  1.0498847526219053E-05  6.9934609739206346E-09
  9.2613366554541426E+02  9.9887224363211791E-06  6.5528770081063689E-09
  9.3536045832697585E+02  9.4998944944597441E-06  6.1358992297894014E-09
  9.4467917488606452E+02  9.0314738053689900E-06  5.7415359324336537E-09
  9.5409073103179321E+02  8.5832859229287327E-06  5.3688209452276650E-09
  9.6359605169720112E+02  8.1538013779965512E-06  5.0168138487288258E-09
  9.7319607103015903E+02  7.7428759580246972E-06  4.6846001357408681E-09
  9.8289173248517898E+02  7.3496212242399338E-06  4.3712913182267123E-09
  9.9268398891612287E+02  6.9729393517991247E-06  4.0760249786097778E-09
  1.0025738026698504E+03  6.6128825696216023E-06  3.7979647636374569E-09
  1.0125621456808011E+03  6.2686226276056883E-06  3.5363003380036994E-09
  1.0226499995665013E+03  5.9391159338491706E-06  3.2902473093137132E-09
  1.0328383557240384E+03  5.6242299998447082E-06  3.0590471370763506E-09
  1.0431282154274995E+03  5.3234021825154359E-06  2.8419669925197521E-09
  1.0535205899263569E+03  5.0358727003206714E-06  2.6382995417431619E-09
  1.0640165005448682E+03  4.7613110603911924E-06  2.4473626876588823E-09
  1.0746169787824324E+03  4.4991523372098967E-06  2.2684992770681546E-09
  1.0853230664149685E+03  4.2489032130181568E-06  2.1010767748440733E-09
  1.0961358155973041E+03  4.0101563145205872E-06  1.9444869073668399E-09
  1.1070562889665648E+03  3.7824548696543383E-06  1.7981452774715569E-09
  1.1180855597466104E+03  3.5653110391239890E-06  1.6614909537661321E-09
  1.1292247118535179E+03  3.3584134530394030E-06  1.5339860382045409E-09
  1.1404748400020881E+03  3.1613269375127479E-06  1.4151152102343644E-09
  1.1518370498134382E+03  2.9736418052407163E-06  1.3043852437508182E-09
  1.1633124579236646E+03  2.7951225716602702E-06  1.2013244980536578E-09
  1.1749021920935691E+03  2.6252192247413086E-06  1.1054823898301508E-09
  1.1866073913194964E+03  2.4637785362034422E-06  1.0164288646341891E-09
  1.1984292059452789E+03  2.3103546501984577E-06  9.3375385917381080E-10
  1.2103687977752729E+03  2.1646815575679789E-06  8.5706675252493389E-10
  1.2224273401885441E+03  2.0264417012051655E-06  7.8599580815203573E-10
  1.2346060182541910E+03  1.8953890955371826E-06  7.2018760856064884E-10
  1.2469060288477931E+03  1.7711643994436488E-06  6.5930648431209430E-10
  1.2593285807690436E+03  1.6535351533505826E-06  6.0303393892712442E-10
  1.2718748948605530E+03  1.5422268299744668E-06  5.5106807061307538E-10
  1.2845462041278122E+03  1.4370155524604237E-06  5.0312299255402271E-10
  1.2973437538603864E+03  1.3375987903582140E-06  4.5892825596703299E-10
  1.3102688017542814E+03  1.2437649657253913E-06  4.1822827860164316E-10
  1.3233226180355514E+03  1.1552770784213869E-06  3.8078178222627651E-10
  1.3365064855851419E+03  1.0719053548469694E-06  3.4636122931122002E-10
  1.3498217000649488E+03  9.9344831151861403E-07  3.1475226163884348E-10
  1.3632695700451607E+03  9.1966757648584695E-07  2.8575314633942707E-10
  1.3768514171328675E+03  8.5036140470582452E-07  2.5917423049493987E-10
  1.3905685761019270E+03  7.8533504816733369E-07  2.3483740522856449E-10
  1.4044223950241499E+03  7.2439874346568134E-07  2.1257558012807314E-10
  1.4184142354017922E+03  6.6735185565592030E-07  1.9223216878657649E-10
  1.4325454723013406E+03  6.1400923349063431E-07  1.7366058624034817E-10
  1.4468174944886580E+03  5.6419948482706527E-07  1.5672375902156181E-10
  1.4612317045654759E+03  5.1774865558217308E-07  1.4129364797106452E-10
  1.4757895191072175E+03  4.7448123922045138E-07  1.2725078398692761E-10
  1.4904923688022241E+03  4.3423554941063311E-07  1.1448381642231465E-10
  1.5053416985923657E+03  3.9685592791969584E-07  1.0288907595222975E-10
  1.5203389678150279E+03  3.6218793119832297E-07  9.2370153164937699E-11
  1.5354856503465373E+03  3.3007864829922611E-07  8.2837491784842976E-11
  1.5507832347470192E+03  3.0038402349576169E-07  7.4207996537757149E-11
  1.5662332244066661E+03  2.7296537502814250E-07  6.6404655750111022E-11
  1.5818371376935095E+03  2.4768576028871662E-07  5.9356178715210982E-11
  1.5975965081026188E+03  2.2441273289150807E-07  5.2996647802283951E-11
  1.6135128844068158E+03  2.0301973402326835E-07  4.7265185208758913E-11
  1.6295878308088922E+03  1.8338447811954198E-07  4.2105634161915736E-11
  1.6458229270953154E+03  1.6538846340473758E-07  3.7466254553654121E-11
  1.6622197687914927E+03  1.4891800041257668E-07  3.3299433040705603E-11
  1.6787799673185830E+03  1.3386500433925724E-07  2.9561407638940275E-11
  1.6955051501518440E+03  1.2012697600566638E-07  2.6212006294453189E-11
  1.7123969609805813E+03  1.0760694314409025E-07  2.3214397972948944E-11
  1.7294570598696964E+03  9.6213618949805845E-08  2.0534856700572520E-11
  1.7466871234228108E+03  8.5861543367259710E-08  1.8142538437534354E-11
  1.7640888449470460E+03  7.6470992361862210E-08  1.6009270411662766E-11
  1.7816639346194474E+03  6.7967652854970266E-08  1.4109352522160220E-11
  1.7994141196550320E+03  6.0282192411443718E-08  1.2419370410906985E-11
  1.8173411444765425E+03  5.3349821325419395E-08  1.0918019790065926E-11
  1.8354467708858965E+03  4.7109888734048030E-08  9.5859416143944411E-12
  1.8537327782373052E+03  4.1505535080233543E-08  8.4055676643164627E-12
  1.8722009636121534E+03  3.6483412778319890E-08  7.3609760677204436E-12
  1.8908531419956221E+03  3.1993474489006301E-08  6.4377563053293572E-12
  1.9096911464550326E+03  2.7988816154526005E-08  5.6228832384631886E-12
  1.9287168283200212E+03  2.4425558855420894E-08  4.9045999310060291E-12
  1.9479320573644588E+03  2.1262754315131174E-08  4.2723087794159135E-12
  1.9673387219902113E+03  1.8462300940386334E-08  3.7164704572536034E-12
  1.9869387294127421E+03  1.5988860567571870E-08  3.2285102609083426E-12
  2.0067340058485186E+03  1.3809769371828609E-08  2.8007314530599002E-12