 #p(MeV) \t \delta f_\\nu \t \delta f_\\nubar
  6.3736364513704097E-02  2.6826318339826238E-01  1.6370094289294682E-05
  6.4371350855196879E-02  2.6776659229115563E-01  1.6233464875939388E-05
  6.5012663375739202E-02  2.6734028346612776E-01  1.6097803588700701E-05
  6.5660365101161369E-02  2.6702705600590271E-01  1.5963108223477410E-05
  6.6314519685201079E-02  2.6668535057918430E-01  1.5829377055793083E-05
  6.6975191415759278E-02  2.6614844652090680E-01  1.5696608723070336E-05
  6.7642445221217970E-02  2.6561116577044835E-01  1.5564802082093365E-05
  6.8316346676821238E-02  2.6506206707713087E-01  1.5433956217289570E-05
  6.8996962011119767E-02  2.6461052400606699E-01  1.5304070526704917E-05
  6.9684358112479375E-02  2.6416858734415710E-01  1.5175144392396199E-05
  7.0378602535654824E-02  2.6372882016390026E-01  1.5047176504849158E-05
  7.1079763508428567E-02  2.6324610614653532E-01  1.4920164272536073E-05
  7.1787909938316047E-02  2.6279300628643404E-01  1.4794103557145832E-05
  7.2503111419337823E-02  2.6230144776964420E-01  1.4668988716877992E-05
  7.3225438238858687E-02  2.6183305934473594E-01  1.4544812826751361E-05
  7.3954961384495616E-02  2.6142442774670460E-01  1.4421567955740523E-05
  7.4691752551093837E-02  2.6097614962890542E-01  1.4299245428009589E-05
  7.5435884147772886E-02  2.6057084274447323E-01  1.4177836026637447E-05
  7.6187429305042853E-02  2.6012461373234735E-01  1.4057330229020064E-05
  7.6946461881991057E-02  2.5968757545425769E-01  1.3937718365717689E-05
  7.7713056473540987E-02  2.5925022285871130E-01  1.3818990419753440E-05
  7.8487288417782880E-02  2.5876793717508367E-01  1.3701135928379785E-05
  7.9269233803377928E-02  2.5825040579323794E-01  1.3584144344871278E-05
  8.0058969477035946E-02  2.5773202048459981E-01  1.3468005620166068E-05
  8.0856573051067415E-02  2.5725219886369938E-01  1.3352710661511501E-05
  8.1662122911011215E-02  2.5683936107114919E-01  1.3238251526224237E-05
  8.2475698223337793E-02  2.5642315366753715E-01  1.3124621390114160E-05
  8.3297378943229458E-02  2.5601886540686486E-01  1.3011814393925210E-05
  8.4127245822438204E-02  2.5551520866430488E-01  1.2899825451214122E-05
  8.4965380417221473E-02  2.5498543911521759E-01  1.2788650073501836E-05
  8.5811865096357409E-02  2.5451115811906327E-01  1.2678284182888137E-05
  8.6666783049239596E-02  2.5400740525248411E-01  1.2568723891067039E-05
  8.7530218294052622E-02  2.5355835004722066E-01  1.2459965576148358E-05
  8.8402255686029316E-02  2.5312743537838722E-01  1.2352006167930993E-05
  8.9282980925789554E-02  2.5268953158045571E-01  1.2244843207051449E-05
  9.0172480567763127E-02  2.5222536428192655E-01  1.2138474601608910E-05
  9.1070842028695559E-02  2.5184627501395018E-01  1.2032898277270846E-05
  9.1978153596239259E-02  2.5141824615306246E-01  1.1928111902943790E-05
  9.2894504437630282E-02  2.5098446998456092E-01  1.1824112757289902E-05
  9.3819984608451035E-02  2.5051784061355403E-01  1.1720897708256806E-05
  9.4754685061480756E-02  2.5002461310290808E-01  1.1618463256715260E-05
  9.5698697655634199E-02  2.4957734382563551E-01  1.1516805602224720E-05
  9.6652115164988783E-02  2.4913078374505992E-01  1.1415920711453316E-05
  9.7615031287902568E-02  2.4862147363650511E-01  1.1315804399682598E-05
  9.8587540656222106E-02  2.4819075996452231E-01  1.1216452374556162E-05
  9.9569738844582922E-02  2.4774345815099508E-01  1.1117860293869036E-05
  1.0056172237980197E-01  2.4727623834902029E-01  1.1020023979050473E-05
  1.0156358875036395E-01  2.4684963967853993E-01  1.0922939733998389E-05
  1.0257543641600238E-01  2.4640453804790233E-01  1.0826604601644528E-05
  1.0359736481737548E-01  2.4594118813828195E-01  1.0731016459538352E-05
  1.0462947438583906E-01  2.4546030338264219E-01  1.0636173962912787E-05
  1.0567186655331656E-01  2.4501727219930391E-01  1.0542076400330840E-05
  1.0672464376226726E-01  2.4459913178067896E-01  1.0448723524604694E-05
  1.0778790947575413E-01  2.4419940559964690E-01  1.0356115397600903E-05
  1.0886176818761155E-01  2.4374483237575365E-01  1.0264252264336734E-05
  1.0994632543271492E-01  2.4332377348695089E-01  1.0173134468465768E-05
  1.1104168779735188E-01  2.4284401435975478E-01  1.0082762361474216E-05
  1.1214796292969742E-01  2.4234056367760154E-01  9.9931360249170931E-06
  1.1326525955039321E-01  2.4185858856175765E-01  9.9042547630316025E-06
  1.1439368746323206E-01  2.4138703234104764E-01  9.8161165674081381E-06
  1.1553335756594908E-01  2.4105552974154756E-01  9.7287177934871907E-06
  1.1668438186112058E-01  2.4061964838227104E-01  9.6420531384077062E-06
  1.1784687346717077E-01  2.4016535138373565E-01  9.5561158534598581E-06
  1.1902094662948917E-01  2.3963759600373116E-01  9.4708980658073743E-06
  1.2020671673165767E-01  2.3919929777048518E-01  9.3863911071138341E-06
  1.2140430030679054E-01  2.3866440335883621E-01  9.3025857946399550E-06
  1.2261381504898651E-01  2.3825853054952018E-01  9.2194726506684251E-06
  1.2383537982489531E-01  2.3781423654601436E-01  9.1370420682477356E-06
  1.2506911468539983E-01  2.3734031455969182E-01  9.0552844710835679E-06
  1.2631514087741377E-01  2.3692423994772563E-01  8.9741906337064583E-06
  1.2757358085579762E-01  2.3651537568493841E-01  8.8937521622618460E-06
  1.2884455829539318E-01  2.3614367138270592E-01  8.8139619116264404E-06
  1.3012819810317749E-01  2.3568732638582895E-01  8.7348141595547507E-06
  1.3142462643053868E-01  2.3524420019588968E-01  8.6563045187220669E-06
  1.3273397068567322E-01  2.3477697518978130E-01  8.5784296826226105E-06
  1.3405635954610759E-01  2.3432877165167898E-01  8.5011871216267165E-06
  1.3539192297134378E-01  2.3389328390963390E-01  8.4245748083997130E-06
  1.3674079221563140E-01  2.3342529276858984E-01  8.3485910051690562E-06
  1.3810309984086724E-01  2.3301984598037409E-01  8.2732341130653141E-06
  1.3947897972962228E-01  2.3257713397009994E-01  8.1985025636147236E-06
  1.4086856709829956E-01  2.3213748608606369E-01  8.1243947087750813E-06
  1.4227199851042296E-01  2.3166197044849793E-01  8.0509085800206910E-06
  1.4368941189005763E-01  2.3121329295532952E-01  7.9780415299310432E-06
  1.4512094653536520E-01  2.3075311647486496E-01  7.9057900068530123E-06
  1.4656674313229287E-01  2.3031797720816138E-01  7.8341496117435617E-06
  1.4802694376840034E-01  2.2989340356594326E-01  7.7631153749000838E-06
  1.4950169194682281E-01  2.2948795505677647E-01  7.6926820956765295E-06
  1.5099113260037431E-01  2.2910354826337004E-01  7.6228446203734591E-06
  1.5249541210579148E-01  2.2866982003101791E-01  7.5535980127390523E-06
  1.5401467829811835E-01  2.2822643667072759E-01  7.4849376274510208E-06
  1.5554908048523519E-01  2.2776099415955803E-01  7.4168591178566247E-06
  1.5709876946253246E-01  2.2725884544013852E-01  7.3493584137272296E-06
  1.5866389752772947E-01  2.2679255043666413E-01  7.2824317063532597E-06
  1.6024461849584271E-01  2.2630357575898469E-01  7.2160755277825603E-06
  1.6184108771430117E-01  2.2588524823925804E-01  7.1502869301741447E-06
  1.6345346207821429E-01  2.2547253263576167E-01  7.0850635433504350E-06
  1.6508190004579021E-01  2.2503238225469330E-01  7.0204033583645472E-06
  1.6672656165390889E-01  2.2468489962759436E-01  6.9563043150585320E-06
  1.6838760853385015E-01  2.2425014971576590E-01  6.8927638826046252E-06
  1.7006520392717761E-01  2.2382672629073030E-01  6.8297787818511227E-06
  1.7175951270178177E-01  2.2339945427971020E-01  6.7673448884928755E-06
  1.7347070136808290E-01  2.2295978009479600E-01  6.7054572759291652E-06
  1.7519893809539444E-01  2.2249772015696578E-01  6.6441103370574349E-06
  1.7694439272845083E-01  2.2203845168287997E-01  6.5832979315456725E-06
  1.7870723680409839E-01  2.2163788403104581E-01  6.5230135206378615E-06
  1.8048764356815411E-01  2.2120433489928784E-01  6.4632502346821945E-06
  1.8228578799243100E-01  2.2074997023969264E-01  6.4040008520621139E-06
  1.8410184679193389E-01  2.2028743081337676E-01  6.3452578561404690E-06
  1.8593599844222672E-01  2.1984629224289917E-01  6.2870137247663331E-06
  1.8778842319697175E-01  2.1944460649540432E-01  6.2292614043506377E-06
  1.8965930310564461E-01  2.1901709501825201E-01  6.1719947863244669E-06
  1.9154882203142565E-01  2.1863844673844779E-01  6.1152090188948444E-06
  1.9345716566926893E-01  2.1823918607794296E-01  6.0589005921008970E-06
  1.9538452156415176E-01  2.1781722534897802E-01  6.0030672421638964E-06
  1.9733107912950609E-01  2.1732572015854945E-01  5.9477077540838933E-06
  1.9929702966583338E-01  2.1680338551610007E-01  5.8928217318156723E-06
  2.0128256637950454E-01  2.1631251262271345E-01  5.8384093819963427E-06
  2.0328788440174775E-01  2.1586763150464056E-01  5.7844713514805313E-06
  2.0531318080782562E-01  2.1547809081194258E-01  5.7310086670274770E-06
  2.0735865463640235E-01  2.1512346610474883E-01  5.6780226992766579E-06
  2.0942450690910480E-01  2.1475493100272997E-01  5.6255150038757500E-06
  2.1151094065027856E-01  2.1434867412766118E-01  5.5734870029925534E-06
  2.1361816090693975E-01  2.1393346753065767E-01  5.5219395986957879E-06
  2.1574637476892655E-01  2.1345168425099573E-01  5.4708728502559996E-06
  2.1789579138925150E-01  2.1299092413853868E-01  5.4202858106355131E-06
  2.2006662200465607E-01  2.1258284827472282E-01  5.3701765228353473E-06
  2.2225907995637006E-01  2.1216264586456215E-01  5.3205421266226656E-06
  2.2447338071107811E-01  2.1173128376989558E-01  5.2713790188092874E-06
  2.2670974188209528E-01  2.1130976040944144E-01  5.2226830224419932E-06
  2.2896838325075278E-01  2.1086377977211934E-01  5.1744495329567810E-06
  2.3124952678799743E-01  2.1044188752027571E-01  5.1266735834000011E-06
  2.3355339667620661E-01  2.1005210747383890E-01  5.0793498120535770E-06
  2.3588021933121942E-01  2.0962678084324404E-01  5.0324724294248763E-06
  2.3823022342458799E-01  2.0920527185630103E-01  4.9860352787996258E-06
  2.4060363990605135E-01  2.0875411778029546E-01  4.9400320073016834E-06
  2.4300070202623147E-01  2.0829814418042444E-01  4.8944562962017202E-06
  2.4542164535955632E-01  2.0790074837609385E-01  4.8493020669392274E-06
  2.4786670782741152E-01  2.0746859013810642E-01  4.8045636126423994E-06
  2.5033612972152269E-01  2.0704004104759197E-01  4.7602356506831889E-06
  2.5283015372756956E-01  2.0662065467842114E-01  4.7163133139213054E-06
  2.5534902494903683E-01  2.0619021027088755E-01  4.6727921070819037E-06
  2.5789299093130236E-01  2.0580363852454348E-01  4.6296678506262453E-06
  2.6046230168596413E-01  2.0542261627361252E-01  4.5869366469432036E-06
  2.6305720971541080E-01  2.0500027354461783E-01  4.5445949148115554E-06
  2.6567797003763732E-01  2.0455393356061313E-01  4.5026394574987010E-06
  2.6832484021130648E-01  2.0410001579715359E-01  4.4610674842220596E-06
  2.7099808036106082E-01  2.0364331430482380E-01  4.4198765416175439E-06
  2.7369795320308699E-01  2.0321726203346738E-01  4.3790643682143057E-06
  2.7642472407093471E-01  2.0277629322351529E-01  4.3386287252011070E-06
  2.7917866094159222E-01  2.0236233678502097E-01  4.2985672586690614E-06
  2.8196003446182227E-01  2.0196988276400032E-01  4.2588774163153726E-06
  2.8476911797476090E-01  2.0156271359821692E-01  4.2195564184224529E-06
  2.8760618754677958E-01  2.0118504879119614E-01  4.1806012679071281E-06
  2.9047152199461651E-01  2.0077926961394907E-01  4.1420087811032625E-06
  2.9336540291277796E-01  2.0039685145300243E-01  4.1037756249936680E-06
  2.9628811470121219E-01  1.9999634418329815E-01  4.0658983367221610E-06
  2.9923994459325859E-01  1.9955896014255031E-01  4.0283733311974851E-06
  3.0222118268387660E-01  1.9912598493600989E-01  3.9911969423716816E-06
  3.0523212195815530E-01  1.9866108645203218E-01  3.9543655232028620E-06
  3.0827305832010637E-01  1.9822595860774794E-01  3.9178755882032822E-06
  3.1134429062174440E-01  1.9778392790140822E-01  3.8817239563489671E-06
  3.1444612069245798E-01  1.9738380238420217E-01  3.8459078482010166E-06
  3.1757885336867103E-01  1.9698973696382041E-01  3.8104249206470147E-06
  3.2074279652380150E-01  1.9655815593924175E-01  3.7752732459220368E-06
  3.2393826109851864E-01  1.9615584976759665E-01  3.7404512538387110E-06
  3.2716556113130080E-01  1.9570159875301799E-01  3.7059576593810039E-06
  3.3042501378929678E-01  1.9528834781367807E-01  3.6717913881376198E-06
  3.3371693939949759E-01  1.9484501874929919E-01  3.6379515100757838E-06
  3.3704166148021641E-01  1.9442750795197272E-01  3.6044371961438829E-06
  3.4039950677288222E-01  1.9406213638349884E-01  3.5712476977135650E-06
  3.4379080527415101E-01  1.9371375179431310E-01  3.5383823385097859E-06
  3.4721589026833760E-01  1.9331854396290407E-01  3.5058405074167381E-06
  3.5067509836016791E-01  1.9293824914174565E-01  3.4736216428709879E-06
  3.5416876950786036E-01  1.9250859998875794E-01  3.4417252134345358E-06
  3.5769724705653555E-01  1.9207902593949872E-01  3.4101506979824644E-06
  3.6126087777195931E-01  1.9163471857889039E-01  3.3788975673523396E-06
  3.6486001187461992E-01  1.9120325571611527E-01  3.3479652708009937E-06
  3.6849500307414862E-01  1.9077666885162664E-01  3.3173532273223092E-06
  3.7216620860407990E-01  1.9035832452365881E-01  3.2870608203761932E-06
  3.7587398925695875E-01  1.8994848541498055E-01  3.2570873940002934E-06
  3.7961870941979831E-01  1.8953251959249073E-01  3.2274322852309875E-06
  3.8340073710989137E-01  1.8912655784156987E-01  3.1980950079031774E-06
  3.8722044401097605E-01  1.8874374720099268E-01  3.1690756766577513E-06
  3.9107820550976480E-01  1.8834705680245123E-01  3.1403756272963589E-06
  3.9497440073283563E-01  1.8793243337758561E-01  3.1119980725774472E-06
  3.9890941258389179E-01  1.8754346523333612E-01  3.0839485994912033E-06
  4.0288362778139031E-01  1.8713566114245675E-01  3.0562353770475371E-06
  4.0689743689654978E-01  1.8672457463677486E-01  3.0288690558392110E-06
  4.1095123439173292E-01  1.8629827765837012E-01  3.0018624335495406E-06
  4.1504541865921246E-01  1.8589576541715958E-01  2.9752299987989648E-06
  4.1918039206032442E-01  1.8547608729551487E-01  2.9489874549751374E-06
  4.2335656096501101E-01  1.8506596317224855E-01  2.9231512914982098E-06
  4.2757433579175586E-01  1.8460687684246471E-01  2.8977384263034856E-06
  4.3183413104791962E-01  1.8422802171459679E-01  2.8727658577724457E-06
  4.3613636537047595E-01  1.8384156919325406E-01  2.8482502546215130E-06
  4.4048146156715390E-01  1.8343874258028725E-01  2.8242074657521871E-06
  4.4486984665798801E-01  1.8304458289483272E-01  2.8006519985908058E-06
  4.4930195191728722E-01  1.8266775478931338E-01  2.7775965677804547E-06
  4.5377821291601711E-01  1.8227116794592996E-01  2.7550518431221883E-06
  4.5829906956460620E-01  1.8186907487515733E-01  2.7330264229594688E-06
  4.6286496615617900E-01  1.8140379040371624E-01  2.7115270026838793E-06
  4.6747635141022020E-01  1.8100794140440044E-01  2.6905586707209372E-06
  4.7213367851667210E-01  1.8059734808679537E-01  2.6701252543412933E-06
  4.7683740518047257E-01  1.8016088329875965E-01  2.6502296505020841E-06
  4.8158799366653765E-01  1.7979500648854882E-01  2.6308741197887769E-06
  4.8638591084519045E-01  1.7937425103094909E-01  2.6120606969056697E-06
  4.9123162823804245E-01  1.7903280697579618E-01  2.5937920047752379E-06
  4.9612562206433503E-01  1.7865348737131959E-01  2.5760726176557596E-06
  5.0106837328773945E-01  1.7823806856875435E-01  2.5589108502905297E-06
  5.0606036766362383E-01  1.7787021138891024E-01  2.5423206176354534E-06
  5.1110209578679133E-01  1.7745434814642652E-01  2.5263228997459099E-06
  5.1619405313969580E-01  1.7706214371414958E-01  2.5109464896919310E-06
  5.2133674014113329E-01  1.7667667425159639E-01  2.4962279529391047E-06
  5.2653066219542299E-01  1.7627604885847392E-01  2.4822109499384260E-06
  5.3177632974207667E-01  1.7587902271740741E-01  2.4689451956904969E-06
  5.3707425830596267E-01  1.7546815779530492E-01  2.4564853281951744E-06
  5.4242496854796751E-01  1.7510954946242666E-01  2.4448898899873708E-06
  5.4782898631616861E-01  1.7474709123386442E-01  2.4342204565057778E-06
  5.5328684269750972E-01  1.7437309788710384E-01  2.4245407118770829E-06
  5.5879907406999485E-01  1.7400153054849926E-01  2.4159153119214259E-06
  5.6436622215540144E-01  1.7364875861826812E-01  2.4084084798929096E-06
  5.6998883407251999E-01  1.7328165570061158E-01  2.4020824316033964E-06
  5.7566746239092093E-01  1.7294443056469144E-01  2.3969959871683847E-06
  5.8140266518526029E-01  1.7259418897640777E-01  2.3932037361363857E-06
  5.8719500609012576E-01  1.7224774748922433E-01  2.3907558781174334E-06
  5.9304505435542709E-01  1.7188004754307248E-01  2.3896987268647876E-06
  5.9895338490234040E-01  1.7152526210144625E-01  2.3900757076269110E-06
  6.0492057837981061E-01  1.7114170700343997E-01  2.3919286169439754E-06
  6.1094722122161416E-01  1.7076812602916364E-01  2.3952989427096450E-06
  6.1703390570399130E-01  1.7039030043319825E-01  2.4002290606543040E-06
  6.2318123000385339E-01  1.7002049874620939E-01  2.4067631439394216E-06
  6.2938979825757047E-01  1.6964159515044300E-01  2.4149475824718460E-06
  6.3566022062034155E-01  1.6933798935413760E-01  2.4248308366198254E-06
  6.4199311332615927E-01  1.6902039278948350E-01  2.4364628340113858E-06
  6.4838909874837258E-01  1.6872748110917560E-01  2.4498941235287540E-06
  6.5484880546084956E-01  1.6841887596170055E-01  2.4651749797023611E-06
  6.6137286829975028E-01  1.6812584179556880E-01  2.4823547841972253E-06
  6.6796192842591939E-01  1.6777370622876453E-01  2.5014818574988645E-06
  6.7461663338789546E-01  1.6746927945560172E-01  2.5226037462065638E-06
  6.8133763718554752E-01  1.6710980937481176E-01  2.5457678541355646E-06
  6.8812560033435155E-01  1.6680697471447564E-01  2.5710222569196587E-06
  6.9498118993030211E-01  1.6647339339792216E-01  2.5984165335429948E-06
  7.0190507971546912E-01  1.6613290782554713E-01  2.6280024000030052E-06
  7.0889795014421586E-01  1.6581922177815517E-01  2.6598337848486919E-06
  7.1596048845006877E-01  1.6550365304559583E-01  2.6939659885485803E-06
  7.2309338871325324E-01  1.6520184103820318E-01  2.7304537670369510E-06
  7.3029735192891398E-01  1.6487313181516230E-01  2.7693484610543675E-06
  7.3757308607599625E-01  1.6456305892240114E-01  2.8106944317808651E-06
  7.4492130618682739E-01  1.6426659535478158E-01  2.8545254055546165E-06
  7.5234273441739308E-01  1.6394975839930806E-01  2.9008613609803806E-06
  7.5983810011829744E-01  1.6362065256246561E-01  2.9497063496513209E-06
  7.6740813990644974E-01  1.6332002990137348E-01  3.0010473352276156E-06
  7.7505359773745341E-01  1.6300686337136516E-01  3.0548538628135437E-06
  7.8277522497871665E-01  1.6266123356831047E-01  3.1110781911427872E-06
  7.9057378048329885E-01  1.6234127837632245E-01  3.1696555815468208E-06
  7.9845003066448539E-01  1.6200677847659622E-01  3.2305046905235859E-06
  8.0640474957110597E-01  1.6170521611213876E-01  3.2935280009508650E-06
  8.1443871896360920E-01  1.6138557842601631E-01  3.3586124861389656E-06
  8.2255272839089000E-01  1.6107566959359054E-01  3.4256308667404519E-06
  8.3074757526787990E-01  1.6076770519728203E-01  3.4944432753579442E-06
  8.3902406495391946E-01  1.6045495209309041E-01  3.5648989909097268E-06
  8.4738301083190370E-01  1.6009483938276622E-01  3.6368380548483753E-06
  8.5582523438821534E-01  1.5980077286589842E-01  3.7100923590943347E-06
  8.6435156529346346E-01  1.5943337175176331E-01  3.7844859274447916E-06
  8.7296284148401670E-01  1.5908083928208241E-01  3.8598343443902848E-06
  8.8165990924435012E-01  1.5874111492874790E-01  3.9359435074068031E-06
  8.9044362329022397E-01  1.5838974504064271E-01  4.0126080684110096E-06
  8.9931484685267071E-01  1.5804648610870634E-01  4.0896099398214148E-06
  9.0827445176283550E-01  1.5770698710326392E-01  4.1667174724207807E-06
  9.1732331853766180E-01  1.5737751871661737E-01  4.2436858230991270E-06
  9.2646233646641407E-01  1.5703857009140001E-01  4.3202588219498055E-06
  9.3569240369808271E-01  1.5665364836416110E-01  4.3961725303669732E-06
  9.4501442732964891E-01  1.5634342229863349E-01  4.4711604927527166E-06
  9.5442932349522647E-01  1.5606224395933321E-01  4.5449598559529970E-06
  9.6393801745610230E-01  1.5568956122558661E-01  4.6173173031409010E-06
  9.7354144369166484E-01  1.5542677340365363E-01  4.6879937478275725E-06
  9.8324054599123878E-01  1.5509606746241555E-01  4.7567670789537499E-06
  9.9303627754684176E-01  1.5477081117897165E-01  4.8234328140032078E-06
  1.0029296010468596E+00  1.5444603968934495E-01  4.8878031309879591E-06
  1.0129214887706501E+00  1.5410355228565795E-01  4.9497048502863427E-06
  1.0230129226841043E+00  1.5375346615467642E-01  5.0089772340751014E-06
  1.0332048945361447E+00  1.5340701265715301E-01  5.0654704200052464E-06
  1.0434984059561887E+00  1.5305461212669474E-01  5.1190447536650027E-06
  1.0538944685525922E+00  1.5269027881107877E-01  5.1695709128003063E-06
  1.0643941040120610E+00  1.5234398597928231E-01  5.2169315119854606E-06
  1.0749983442000575E+00  1.5197648014972681E-01  5.2610236982166586E-06
  1.0857082312622173E+00  1.5159274227098724E-01  5.3017620321750158E-06
  1.0965248177267559E+00  1.5126841845057243E-01  5.3390810471341156E-06
  1.1074491666079123E+00  1.5092765017639509E-01  5.3729369031497575E-06
  1.1184823515104247E+00  1.5059589279143670E-01  5.4033077944462717E-06
  1.1296254567350270E+00  1.5028605174480750E-01  5.4301931540263822E-06
  1.1408795773850215E+00  1.4999616578914662E-01  5.4536119412850746E-06
  1.1522458194738971E+00  1.4964026569822977E-01  5.4736003770277746E-06
  1.1637253000340213E+00  1.4933139852662419E-01  5.4902096669857631E-06
  1.1753191472264239E+00  1.4901810541855620E-01  5.5035039120632324E-06
  1.1870285004516663E+00  1.4867942426370134E-01  5.5135580025519723E-06
  1.1988545104618131E+00  1.4833664632957472E-01  5.5204558115978873E-06
  1.2107983394735315E+00  1.4798602613077844E-01  5.5242887397699984E-06
  1.2228611612823055E+00  1.4764213671864435E-01  5.5251543185723170E-06
  1.2350441613777889E+00  1.4730511191716242E-01  5.5231549030801839E-06
  1.2473485370603186E+00  1.4694267282325438E-01  5.5183965355769321E-06
  1.2597754975585764E+00  1.4660308808524883E-01  5.5109880638048505E-06
  1.2723262641484236E+00  1.4628496361374607E-01  5.5010405581021720E-06
  1.2850020702729326E+00  1.4594834300091003E-01  5.4886669679758156E-06
  1.2978041616635998E+00  1.4560050823112219E-01  5.4739819229483337E-06
  1.3107337964627663E+00  1.4526260315851075E-01  5.4571014904397760E-06
  1.3237922453472792E+00  1.4492176623318698E-01  5.4381427530313437E-06
  1.3369807916533505E+00  1.4457038832539151E-01  5.4172231514679952E-06
  1.3503007315026876E+00  1.4424526172594429E-01  5.3944595544598773E-06
  1.3637533739298786E+00  1.4388716112730937E-01  5.3699670642174480E-06
  1.3773400410110226E+00  1.4356862338029894E-01  5.3438577584337106E-06
  1.3910620679936725E+00  1.4322590511812000E-01  5.3162395659828304E-06
  1.4049208034280543E+00  1.4290562571820895E-01  5.2872154950466842E-06
  1.4189176092995912E+00  1.4257546853978575E-01  5.2568833387641507E-06
  1.4330538611627655E+00  1.4224001106651726E-01  5.2253358685316138E-06
  1.4473309482762959E+00  1.4193684123145819E-01  5.1926613944459990E-06
  1.4617502737396679E+00  1.4160418227737714E-01  5.1589445742688669E-06
  1.4763132546310302E+00  1.4127209142697306E-01  5.1242672315100371E-06
  1.4910213221464588E+00  1.4092640669900722E-01  5.0887089781612584E-06
  1.5058759217406024E+00  1.4057879226064737E-01  5.0523475765153676E-06
  1.5208785132687479E+00  1.4024627213534663E-01  5.0152590255409652E-06
  1.5360305711302833E+00  1.3990819107359523E-01  4.9775172183236248E-06
  1.5513335844135925E+00  1.3958366068075817E-01  4.9391932803562191E-06
  1.5667890570424059E+00  1.3923446053755009E-01  4.9003547095006215E-06
  1.5823985079235967E+00  1.3888767648349404E-01  4.8610644877985288E-06
  1.5981634710964485E+00  1.3857340411860319E-01  4.8213803567476934E-06
  1.6140854958834236E+00  1.3820795943438294E-01  4.7813544505515534E-06
  1.6301661470424220E+00  1.3790053936307570E-01  4.7410333439568986E-06
  1.6464070049205510E+00  1.3754832903101138E-01  4.7004585084462711E-06
  1.6628096656094560E+00  1.3722736852667702E-01  4.6596670935819425E-06
  1.6793757411021557E+00  1.3691129417733960E-01  4.6186927927812071E-06
  1.6961068594514732E+00  1.3658779475293514E-01  4.5775666701750076E-06
  1.7130046649300457E+00  1.3625950934711684E-01  4.5363180256709430E-06
  1.7300708181918949E+00  1.3591982405312242E-01  4.4949750603642478E-06
  1.7473069964356482E+00  1.3557550836319526E-01  4.4535653358625601E-06
  1.7647148935693624E+00  1.3527001448441425E-01  4.4121161949696627E-06
  1.7822962203769879E+00  1.3496144362311724E-01  4.3706551538670506E-06
  1.8000527046865098E+00  1.3464223280281809E-01  4.3292102456069302E-06
  1.8179860915397463E+00  1.3430496131569197E-01  4.2878102905713065E-06
  1.8360981433638397E+00  1.3398226563580387E-01  4.2464850230612391E-06
  1.8543906401444736E+00  1.3365795736401170E-01  4.2052650129839371E-06
  1.8728653796007961E+00  1.3331759116889386E-01  4.1641813706877779E-06
  1.8915241773620872E+00  1.3299046216449464E-01  4.1232653470549984E-06
  1.9103688671462056E+00  1.3263826931241354E-01  4.0825478985192602E-06
  1.9294013009397917E+00  1.3228736045013889E-01  4.0420591786921578E-06
  1.9486233491802696E+00  1.3196191451773323E-01  4.0018280098273824E-06
  1.9680369009396785E+00  1.3158392741582603E-01  3.9618814561107307E-06
  1.9876438641103162E+00  1.3127204797443151E-01  3.9222443829380828E-06
  2.0074461655922344E+00  1.3093548300542876E-01  3.8829390176644026E-06
  2.0274457514826274E+00  1.3062761199098086E-01  3.8439845476503103E-06
  2.0476445872670608E+00  1.3030261540386337E-01  3.8053968431502599E-06
  2.0680446580126466E+00  1.2997690558103639E-01  3.7671884063202193E-06
  2.0886479685631389E+00  1.2961415461237899E-01  3.7293686073539213E-06
  2.1094565437359356E+00  1.2932187029686187E-01  3.6919441032492472E-06
  2.1304724285210934E+00  1.2898697657979655E-01  3.6549193461157526E-06
  2.1516976882822938E+00  1.2865855758812833E-01  3.6182970968511383E-06
  2.1731344089598124E+00  1.2836005716708146E-01  3.5820789182225481E-06
  2.1947846972755309E+00  1.2801541473251357E-01  3.5462656543790353E-06
  2.2166506809399702E+00  1.2770023358444244E-01  3.5108577037960197E-06
  2.2387345088613895E+00  1.2732579386499715E-01  3.4758551600729287E-06
  2.2610383513569845E+00  1.2702052009640158E-01  3.4412578933872944E-06
  2.2835644003661715E+00  1.2669297864347109E-01  3.4070655601243529E-06
  2.3063148696659983E+00  1.2634151505531299E-01  3.3732775588312304E-06
  2.3292919950887181E+00  1.2598834130598377E-01  3.3398929480285863E-06
  2.3524980347415112E+00  1.2564755598857724E-01  3.3069104319747908E-06
  2.3759352692283984E+00  1.2531134779782274E-01  3.2743283919221274E-06
  2.3996060018743837E+00  1.2497056867447663E-01  3.2421448984217693E-06
  2.4235125589518085E+00  1.2459898166082942E-01  3.2103577286957314E-06
  2.4476572899089608E+00  1.2431363222434594E-01  3.1789643928677873E-06
  2.4720425676009969E+00  1.2398797607880359E-01  3.1479621763681296E-06
  2.4966707885231045E+00  1.2366425948295143E-01  3.1173481960650501E-06
  2.5215443730460354E+00  1.2335434894838970E-01  3.0871194655428027E-06
  2.5466657656539873E+00  1.2297712026441777E-01  3.0572729806701688E-06
  2.5720374351848054E+00  1.2266619689188892E-01  3.0278058040501786E-06
  2.5976618750726383E+00  1.2233811940614332E-01  2.9987151414446910E-06
  2.6235416035929728E+00  1.2198727840662910E-01  2.9699983720662642E-06
  2.6496791641101143E+00  1.2162977868238414E-01  2.9416530265832319E-06
  2.6760771253271538E+00  1.2125770511580024E-01  2.9136767661692613E-06
  2.7027380815384032E+00  1.2092401258839947E-01  2.8860673517878677E-06
  2.7296646528843453E+00  1.2053449017096547E-01  2.8588225960948476E-06
  2.7568594856091462E+00  1.2021490623954553E-01  2.8319403089674853E-06
  2.7843252523207118E+00  1.1986288172369310E-01  2.8054182283794732E-06
  2.8120646522533339E+00  1.1955818782326140E-01  2.7792539543759707E-06
  2.8400804115329756E+00  1.1920781961053542E-01  2.7534449063902893E-06
  2.8683752834451788E+00  1.1889138149418448E-01  2.7279882815980600E-06
  2.8969520487056366E+00  1.1853596556595709E-01  2.7028810220699018E-06
  2.9258135157334904E+00  1.1820712900371866E-01  2.6781197899213312E-06
  2.9549625209273209E+00  1.1783494374256144E-01  2.6537009699844142E-06
  2.9844019289438890E+00  1.1749171654816284E-01  2.6296206629391550E-06
  3.0141346329796948E+00  1.1714358189186559E-01  2.6058746429725078E-06
  3.0441635550552717E+00  1.1677462932530246E-01  2.5824583819813308E-06
  3.0744916463023695E+00  1.1637147130918728E-01  2.5593671113626870E-06
  3.1051218872540010E+00  1.1602880992084859E-01  2.5365958870555455E-06
  3.1360572881373154E+00  1.1567564389160823E-01  2.5141396542346055E-06
  3.1673008891694674E+00  1.1531260819432308E-01  2.4919933076339584E-06
  3.1988557608563872E+00  1.1495874445681954E-01  2.4701517203711540E-06
  3.2307250042945266E+00  1.1459417475049422E-01  2.4486097656509777E-06
  3.2629117514756438E+00  1.1424132746674617E-01  2.4273623544505176E-06
  3.2954191655945957E+00  1.1388694734231003E-01  2.4064044933662266E-06
  3.3282504413601930E+00  1.1352912981652109E-01  2.3857313360070897E-06
  3.3614088053091837E+00  1.1316172653338707E-01  2.3653381981278405E-06
  3.3948975161233386E+00  1.1279359582706251E-01  2.3452205028862705E-06
  3.4287198649496902E+00  1.1242183940041466E-01  2.3253737200768189E-06
  3.4628791757239936E+00  1.1205041595401316E-01  2.3057933459704578E-06
  3.4973788054973847E+00  1.1166983675019478E-01  2.2864748868321961E-06
  3.5322221447662812E+00  1.1128630016191203E-01  2.2674138470354200E-06
  3.5674126178056178E+00  1.1090238631842540E-01  2.2486057270250684E-06
  3.6029536830053539E+00  1.1051327427581494E-01  2.2300460412977519E-06
  3.6388488332103401E+00  1.1012990705725392E-01  2.2117303427390431E-06
  3.6751015960636222E+00  1.0973261589071701E-01  2.1936542391810833E-06
  3.7117155343530750E+00  1.0933864450184966E-01  2.1758133808413636E-06
  3.7486942463615658E+00  1.0896769691692955E-01  2.1582034593937105E-06
  3.7860413662205987E+00  1.0855337683164280E-01  2.1408202654659736E-06
  3.8237605642674173E+00  1.0817767676075293E-01  2.1236597218421727E-06
  3.8618555474057539E+00  1.0778203714805804E-01  2.1067178431585939E-06
  3.9003300594701131E+00  1.0737858386722596E-01  2.0899907350894448E-06
  3.9391878815936927E+00  1.0697470692488002E-01  2.0734746011545740E-06
  3.9784328325800011E+00  1.0658754956379186E-01  2.0571657454919920E-06
  4.0180687692781429E+00  1.0618102675505650E-01  2.0410605658700229E-06
  4.0580995869618475E+00  1.0577766365081034E-01  2.0251555390054133E-06
  4.0985292197123018E+00  1.0536507225452146E-01  2.0094472091285875E-06
  4.1393616408047684E+00  1.0494236417715903E-01  1.9939321897964819E-06
  4.1806008630990510E+00  1.0453131187060015E-01  1.9786071902808757E-06
  4.2222509394338879E+00  1.0411326650356076E-01  1.9634690534807355E-06
  4.2643159630252354E+00  1.0368331085375117E-01  1.9485147545393249E-06
  4.3068000678685285E+00  1.0326169496883698E-01  1.9337413650192533E-06
  4.3497074291449715E+00  1.0282408643092192E-01  1.9191460109087073E-06
  4.3930422636318527E+00  1.0238202231272120E-01  1.9047258486815510E-06
  4.4368088301169326E+00  1.0194842464026242E-01  1.8904780521562013E-06
  4.4810114298170340E+00  1.0150582001027908E-01  1.8763998040571269E-06
  4.5256544068006876E+00  1.0105101478926029E-01  1.8624882940718507E-06
  4.5707421484150803E+00  1.0060464237134592E-01  1.8487407247147096E-06
  4.6162790857172551E+00  1.0015543996113048E-01  1.8351543188781185E-06
  4.6622696939095194E+00  9.9712950282708407E-02  1.8217263245972256E-06
  4.7087184927793011E+00  9.9261043803250029E-02  1.8084540132832828E-06
  4.7556300471433195E+00  9.8790242430242287E-02  1.7953346761693189E-06
  4.8030089672961820E+00  9.8349672923300005E-02  1.7823656467687084E-06
  4.8508599094634990E+00  9.7871564716121295E-02  1.7695443543176034E-06
  4.8991875762594637E+00  9.7399369502433442E-02  1.7568683207469593E-06
  4.9479967171489916E+00  9.6942505739245288E-02  1.7443351420031094E-06
  4.9972921289145162E+00  9.6482461544187714E-02  1.7319424936758912E-06
  5.0470786561273764E+00  9.6002540469068906E-02  1.7196881335944080E-06
  5.0973611916239125E+00  9.5517901687559290E-02  1.7075698982883224E-06
  5.1481446769863455E+00  9.5024795125555978E-02  1.6955856903667467E-06
  5.1994341030284037E+00  9.4539775352916605E-02  1.6837334643611868E-06
  5.2512345102857836E+00  9.4065694788259546E-02  1.6720112134628590E-06
  5.3035509895115460E+00  9.3558397440398441E-02  1.6604169566705783E-06
  5.3563886821764060E+00  9.3062354397945093E-02  1.6489487260714620E-06
  5.4097527809739931E+00  9.2569804530775623E-02  1.6376045516081753E-06
  5.4636485303312119E+00  9.2079094020155572E-02  1.6263824373411172E-06
  5.5180812269236208E+00  9.1564376265640665E-02  1.6152803366036760E-06
  5.5730562201959524E+00  9.1072902851269039E-02  1.6042961407515090E-06
  5.6285789128878942E+00  9.0558607523502366E-02  1.5934276845956775E-06
  5.6846547615649836E+00  9.0031261844090549E-02  1.5826727665071161E-06
  5.7412892771548876E+00  8.9533756155809011E-02  1.5720291828727418E-06
  5.7984880254890294E+00  8.8999599145742472E-02  1.5614947872656486E-06
  5.8562566278495103E+00  8.8474723754940074E-02  1.5510675600247015E-06
  5.9146007615216041E+00  8.7951671282445992E-02  1.5407456750432064E-06
  5.9735261603516818E+00  8.7394052757908444E-02  1.5305275764777129E-06
  6.0330386153106943E+00  8.6914439798128754E-02  1.5204120678342194E-06
  6.0931439750633185E+00  8.6364271521533462E-02  1.5103984129364366E-06
  6.1538481465427353E+00  8.5822071589541221E-02  1.5004864465071676E-06
  6.2151570955311097E+00  8.5296978287645472E-02  1.4906766829118340E-06
  6.2770768472459331E+00  8.4745477864708554E-02  1.4809703802338506E-06
  6.3396134869321354E+00  8.4209033858213350E-02  1.4713695471587191E-06
  6.4027731604601037E+00  8.3648264347244997E-02  1.4618768949190978E-06
  6.4665620749297137E+00  8.3097819012782084E-02  1.4524957397638316E-06
  6.5309864992803135E+00  8.2564986788285319E-02  1.4432298287083694E-06
  6.5960527649068279E+00  8.2005073388658978E-02  1.4340831010113536E-06
  6.6617672662819531E+00  8.1460808958504979E-02  1.4250595227328794E-06
  6.7281364615846293E+00  8.0897494899208069E-02  1.4161629467002063E-06
  6.7951668733346988E+00  8.0340641267179810E-02  1.4073969845399796E-06
  6.8628650890338987E+00  7.9791483084020606E-02  1.3987648849148715E-06
  6.9312377618132972E+00  7.9236135568192451E-02  1.3902694068595024E-06
  7.0002916110871176E+00  7.8678686727053471E-02  1.3819126912255802E-06
  7.0700334232130819E+00  7.8125704849353064E-02  1.3736961536217351E-06
  7.1404700521593751E+00  7.7572426561142244E-02  1.3656204341255838E-06
  7.2116084201782229E+00  7.7023295451172036E-02  1.3576854163428416E-06
  7.2834555184861776E+00  7.6474649787579022E-02  1.3498903087295730E-06
  7.3560184079511766E+00  7.5930402668937969E-02  1.3422337927195903E-06
  7.4293042197864887E+00  7.5388189862947222E-02  1.3347142798178958E-06
  7.5033201562515357E+00  7.4839443503554356E-02  1.3273301024343643E-06
  7.5780734913596675E+00  7.4306263298128047E-02  1.3200796362032975E-06
  7.6535715715930808E+00  7.3764144613799390E-02  1.3129613913347087E-06
  7.7298218166247761E+00  7.3227865380086229E-02  1.3059740725710699E-06
  7.8068317200477120E+00  7.2700536941301491E-02  1.2991166298061059E-06
  7.8846088501113014E+00  7.2164853988970087E-02  1.2923883116121034E-06
  7.9631608504651501E+00  7.1607701985048067E-02  1.2857887076825339E-06
  8.0424954409102725E+00  7.1095328341101244E-02  1.2793177671573079E-06
  8.1226204181577231E+00  7.0539414840925171E-02  1.2729757873655393E-06
  8.2035436565948849E+00  7.0027872400771185E-02  1.2667633671953695E-06
  8.2852731090593057E+00  6.9496650880108368E-02  1.2606813253110203E-06
  8.3678168076202528E+00  6.8964749008716061E-02  1.2547305625358330E-06
  8.4511828643681230E+00  6.8441538320654291E-02  1.2489119181132020E-06
  8.5353794722116412E+00  6.7896971741327139E-02  1.2432260550750067E-06
  8.6204149056830097E+00  6.7383695733220964E-02  1.2376733414564938E-06
  8.7062975217511465E+00  6.6878110462813514E-02  1.2322537106439600E-06
  8.7930357606429421E+00  6.6363552764410041E-02  1.2269664878226928E-06
  8.8806381466727515E+00  6.5851176659306704E-02  1.2218101769868719E-06
  8.9691132890801004E+00  6.5344705004075354E-02  1.2167822338256083E-06
  9.0584698828758210E+00  6.4838882758974523E-02  1.2118788664570651E-06
  9.1487167096965365E+00  6.4343456871520988E-02  1.2070949271577980E-06
  9.2398626386676614E+00  6.3845246639271450E-02  1.2024239183463576E-06
  9.3319166272750849E+00  6.3350803491327365E-02  1.1978581151244162E-06
  9.4248877222454510E+00  6.2833936804614771E-02  1.1933888848950112E-06
  9.5187850604352029E+00  6.2363789638797455E-02  1.1890071506817981E-06
  9.6136178697285857E+00  6.1871147835650731E-02  1.1847037124048775E-06
  9.7093954699444840E+00  6.1376812205265960E-02  1.1804695210891272E-06
  9.8061272737523613E+00  6.0884266652541999E-02  1.1762959675477895E-06
  9.9038227875972638E+00  6.0389775173635286E-02  1.1721752169250162E-06
  1.0002491612634135E+01  5.9884968526845654E-02  1.1681006090967890E-06
  1.0102143445671356E+01  5.9388422591070231E-02  1.1640670998138443E-06
  1.0202788080123682E+01  5.8896959926901853E-02  1.1600716888881489E-06
  1.0304435406974754E+01  5.8402135178082189E-02  1.1561137383812700E-06
  1.0407095415749135E+01  5.7901000710606693E-02  1.1521951045467426E-06
  1.0510778195493995E+01  5.7399740246266505E-02  1.1483200632122704E-06
  1.0615493935770701E+01  5.6897614803991331E-02  1.1444949619584854E-06
  1.0721252927656172E+01  5.6398470883616818E-02  1.1407274610468768E-06
  1.0828065564754215E+01  5.5879502677998440E-02  1.1370259582495232E-06
  1.0935942344217038E+01  5.5381639344775559E-02  1.1333991883688833E-06
  1.1044893867776825E+01  5.4896175776678033E-02  1.1298558874139826E-06
  1.1154930842787662E+01  5.4391393107128733E-02  1.1264045008784006E-06
  1.1266064083277767E+01  5.3892976292753400E-02  1.1230528778417463E-06
  1.1378304511012319E+01  5.3396906449939358E-02  1.1198079290318897E-06
  1.1491663156566780E+01  5.2928299804341612E-02  1.1166752779025316E-06
  1.1606151160410905E+01  5.2445246445462911E-02  1.1136589677909174E-06
  1.1721779774003645E+01  5.1966488372443567E-02  1.1107613050208393E-06
  1.1838560360898882E+01  5.1494201315403242E-02  1.1079828636295488E-06
  1.1956504397862144E+01  5.1025412992374099E-02  1.1053226738177663E-06
  1.2075623475998583E+01  5.0561714050511908E-02  1.1027787784358018E-06
  1.2195929301892052E+01  5.0105030114130998E-02  1.1003488180484309E-06
  1.2317433698755609E+01  4.9648931664555113E-02  1.0980304027871387E-06
  1.2440148607593414E+01  4.9199742660231451E-02  1.0958213716932830E-06
  1.2564086088374319E+01  4.8754313644451049E-02  1.0937198480479188E-06
  1.2689258321217038E+01  4.8316116372772409E-02  1.0917241716068519E-06
  1.2815677607587121E+01  4.7880379480609747E-02  1.0898329035977111E-06
  1.2943356371505992E+01  4.7446428885873256E-02  1.0880449029478780E-06
  1.3072307160771878E+01  4.7020237122541560E-02  1.0863593648639046E-06
  1.3202542648192928E+01  4.6591691971883897E-02  1.0847758044764489E-06
  1.3334075632832736E+01  4.6153343741450338E-02  1.0832939846717184E-06
  1.3466919041268113E+01  4.5747967340160997E-02  1.0819137765781036E-06
  1.3601085928859515E+01  4.5320689188080757E-02  1.0806349147989798E-06
  1.3736589481034006E+01  4.4906917447543486E-02  1.0794566625325901E-06
  1.3873443014581156E+01  4.4494779702263593E-02  1.0783775382905225E-06
  1.4011659978961731E+01  4.4080483913721158E-02  1.0773952083789710E-06
  1.4151253957629409E+01  4.3669390544501502E-02  1.0765066412193297E-06
  1.4292238669365796E+01  4.3255649780687515E-02  1.0757086105927658E-06
  1.4434627969628623E+01  4.2846511384824662E-02  1.0749980014718170E-06
  1.4578435851913357E+01  4.2440568923694993E-02  1.0743717406860433E-06
  1.4723676449128511E+01  4.2017636365518932E-02  1.0738267277226191E-06
  1.4870364034984538E+01  4.1632557218644249E-02  1.0733599100982599E-06
  1.5018513025396613E+01  4.1228501769187548E-02  1.0729683829835109E-06
  1.5168137979901312E+01  4.0832942781603723E-02  1.0726494960915398E-06
  1.5319253603087569E+01  4.0433358981454309E-02  1.0724009692615097E-06
  1.5471874746041740E+01  4.0036779377298638E-02  1.0722210212866730E-06
  1.5626016407807072E+01  3.9638979535911854E-02  1.0721085542158064E-06
  1.5781693736857831E+01  3.9249184314562861E-02  1.0720632188226310E-06
  1.5938922032588014E+01  3.8861240116663878E-02  1.0720852393823045E-06
  1.6097716746814854E+01  3.8471295795998880E-02  1.0721748242851016E-06
  1.6258093485297465E+01  3.8069986351986884E-02  1.0723317029766651E-06
  1.6420068009270455E+01  3.7702970095316042E-02  1.0725553405249420E-06
  1.6583656236992923E+01  3.7323905689903021E-02  1.0728452255696360E-06
  1.6748874245312763E+01  3.6944183650894843E-02  1.0732008644856530E-06
  1.6915738271246756E+01  3.6557192251373084E-02  1.0736217393117149E-06
  1.7084264713576228E+01  3.6193741773799859E-02  1.0741072687530105E-06
  1.7254470134458607E+01  3.5824130004700493E-02  1.0746567626719592E-06
  1.7426371261055181E+01  3.5443977108203288E-02  1.0752693677266059E-06
  1.7599984987174967E+01  3.5090366397216945E-02  1.0759439615644241E-06
  1.7775328374934883E+01  3.4727775206882555E-02  1.0766790862199390E-06
  1.7952418656436667E+01  3.4355209663121791E-02  1.0774730237142636E-06
  1.8131273235460323E+01  3.3995168786194463E-02  1.0783241541994702E-06
  1.8311909689174531E+01  3.3653580842045928E-02  1.0792313814457307E-06
  1.8494345769863987E+01  3.3298711756927626E-02  1.0801940522700602E-06
  1.8678599406674145E+01  3.2953594466157872E-02  1.0812116454804753E-06
  1.8864688707373180E+01  3.2605176085397675E-02  1.0822836945927968E-06
  1.9052631960131485E+01  3.2260332541305788E-02  1.0834097961626100E-06
  1.9242447635319088E+01  3.1918471263185672E-02  1.0845896111230214E-06
  1.9434154387320781E+01  3.1576913199786998E-02  1.0858228606631319E-06
  1.9627771056369372E+01  3.1240304392606801E-02  1.0871093157941482E-06
  1.9823316670397318E+01  3.0905764268183578E-02  1.0884488019855753E-06
  2.0020810446906669E+01  3.0573216721984573E-02  1.0898412271767900E-06
  2.0220271794857712E+01  3.0244999764228255E-02  1.0912865720858307E-06
  2.0421720316576348E+01  2.9913884561605091E-02  1.0927847794482497E-06
  2.0625175809680645E+01  2.9593483192791037E-02  1.0943355502447837E-06
  2.0830658269026429E+01  2.9264380881298568E-02  1.0959382572404097E-06
  2.1038187888672230E+01  2.8952315280683111E-02  1.0975920430724553E-06
  2.1247785063863997E+01  2.8633499373531924E-02  1.0992960035016758E-06
  2.1459470393039428E+01  2.8306894958916383E-02  1.1010492499420539E-06
  2.1673264679852227E+01  2.8009717362162425E-02  1.1028509125803364E-06
  2.1889188935216751E+01  2.7683811756244386E-02  1.1047001427519087E-06
  2.2107264379372786E+01  2.7391338032520265E-02  1.1065961126972572E-06
  2.2327512443971045E+01  2.7082653638093264E-02  1.1085380060123236E-06
  2.2549954774179302E+01  2.6777758783842240E-02  1.1105249930578491E-06
  2.2774613230809727E+01  2.6479814790929871E-02  1.1125562082140684E-06
  2.3001509892467240E+01  2.6171579357450750E-02  1.1146307474428237E-06
  2.3230667057719216E+01  2.5873232851969116E-02  1.1167477279335896E-06
  2.3462107247287069E+01  2.5590593496804811E-02  1.1189063942303901E-06
  2.3695853206259418E+01  2.5288823501729243E-02  1.1211062204674134E-06
  2.3931927906327331E+01  2.5013730687337973E-02  1.1233468348219057E-06
  2.4170354548042045E+01  2.4722344464529259E-02  1.1256279245116847E-06
  2.4411156563094909E+01  2.4432066330421533E-02  1.1279492311869078E-06
  2.4654357616620249E+01  2.4154128986027010E-02  1.1303105501635252E-06
  2.4899981609520971E+01  2.3875839447156544E-02  1.1327117253255512E-06
  2.5148052680817592E+01  2.3610067278781035E-02  1.1351526356183679E-06
  2.5398595210020488E+01  2.3336197293454316E-02  1.1376331859225308E-06
  2.5651633819525717E+01  2.3066366373316223E-02  1.1401533048440051E-06
  2.5907193377034996E+01  2.2797114208535096E-02  1.1427129363262458E-06
  2.6165298997999514E+01  2.2527198267697817E-02  1.1453120109417734E-06
  2.6425976048088110E+01  2.2272139421585516E-02  1.1479503796861947E-06
  2.6689250145680269E+01  2.2011470053901156E-02  1.1506277355916296E-06
  2.6955147164383721E+01  2.1755476113980581E-02  1.1533436505320580E-06
  2.7223693235577230E+01  2.1501078865099315E-02  1.1560976840390089E-06
  2.7494914750978591E+01  2.1241225605814703E-02  1.1588893980880051E-06
  2.7768838365238469E+01  2.0992652610796293E-02  1.1617183566708921E-06
  2.8045490998559860E+01  2.0748317850367497E-02  1.1645841267340845E-06
  2.8324899839343590E+01  2.0502146807933521E-02  1.1674862806035703E-06
  2.8607092346860494E+01  2.0268294262164407E-02  1.1704243949558845E-06
  2.8892096253949898E+01  2.0028818645050985E-02  1.1733980433748481E-06
  2.9179939569745034E+01  1.9784333550805069E-02  1.1764067870599471E-06
  2.9470650582425840E+01  1.9551856336421702E-02  1.1794501715577277E-06
  2.9764257861998903E+01  1.9327217162608872E-02  1.1825277373298342E-06
  3.0060790263105275E+01  1.9090951674534184E-02  1.1856390344221452E-06
  3.0360276927856074E+01  1.8872140966978288E-02  1.1887836204978786E-06
  3.0662747288696639E+01  1.8648536652173697E-02  1.1919610684783623E-06
  3.0968231071298991E+01  1.8427094916495853E-02  1.1951709768592183E-06
  3.1276758297483003E+01  1.8207768305008865E-02  1.1984129716933678E-06
  3.1588359288167080E+01  1.7992273918272596E-02  1.2016867071129015E-06
  3.1903064666347877E+01  1.7778715502376551E-02  1.2049918627484112E-06
  3.2220905360109676E+01  1.7566748010037079E-02  1.2083281375076459E-06
  3.2541912605664152E+01  1.7357316494593204E-02  1.2116952488651456E-06
  3.2866117950419962E+01  1.7150281302666145E-02  1.2150929322485290E-06
  3.3193553256083206E+01  1.6945600555209966E-02  1.2185209366232602E-06
  3.3524250701788532E+01  1.6743278441630600E-02  1.2219790079752175E-06
  3.3858242787261773E+01  1.6543319933509475E-02  1.2254668651882511E-06
  3.4195562336013822E+01  1.6345434790998814E-02  1.2289841858755908E-06
  3.4536242498566303E+01  1.6149499284593478E-02  1.2325306408009436E-06
  3.4880316755709664E+01  1.5955986718106916E-02  1.2361059245204564E-06
  3.5227818921793464E+01  1.5763782439704090E-02  1.2397097649679903E-06
  3.5578783148049403E+01  1.5574615312697757E-02  1.2433419311272294E-06
  3.5933243925947806E+01  1.5387450281117923E-02  1.2470022371507484E-06
  3.6291236090587162E+01  1.5201541972220721E-02  1.2506905353446711E-06
  3.6652794824117677E+01  1.5018368724708936E-02  1.2544067054619589E-06
  3.7017955659198677E+01  1.4837362386530878E-02  1.2581506429027230E-06
  3.7386754482490858E+01  1.4658530006742870E-02  1.2619222497243555E-06
  3.7759227538182991E+01  1.4479600989604099E-02  1.2657214345619895E-06
  3.8135411431553756E+01  1.4305144309656284E-02  1.2695481172391340E-06
  3.8515343132569370E+01  1.4131918398366241E-02  1.2734022270002898E-06
  3.8899059979516807E+01  1.3960454839471082E-02  1.2772836979603493E-06
  3.9286599682673071E+01  1.3791024406213801E-02  1.2811924769635228E-06
  3.9678000328011528E+01  1.3623088020160122E-02  1.2851285270248808E-06
  4.0073300380944701E+01  1.3453186684865920E-02  1.2890918295209981E-06
  4.0472538690104372E+01  1.3294002862950781E-02  1.2930823868664146E-06
  4.0875754491159796E+01  1.3131424463219115E-02  1.2971002232124819E-06
  4.1282987410673371E+01  1.2971237202093124E-02  1.3011453861296376E-06
  4.1694277469995178E+01  1.2812782208063140E-02  1.3052179499294931E-06
  4.2109665089195886E+01  1.2651849476784180E-02  1.3093180175245833E-06
  4.2529191091039380E+01  1.2496665798143887E-02  1.3134457180589652E-06
  4.2952896704994529E+01  1.2343499439709643E-02  1.3176011970489825E-06
  4.3380823571286946E+01  1.2196624152400960E-02  1.3217846058346258E-06
  4.3813013744991487E+01  1.2047023023508683E-02  1.3259960913750325E-06
  4.4249509700165163E+01  1.1899012645692002E-02  1.3302357912893135E-06
  4.4690354334021151E+01  1.1752579978557484E-02  1.3345038296974871E-06
  4.5135590971144900E+01  1.1607917135970066E-02  1.3388003125168608E-06
  4.5585263367751679E+01  1.1465323508546723E-02  1.3431253233103223E-06
  4.6039415715986912E+01  1.1319539845199334E-02  1.3474789218013951E-06
  4.6498092648268994E+01  1.1183693736178514E-02  1.3518611458620003E-06
  4.6961339241675915E+01  1.1042730865411472E-02  1.3562720135546197E-06
  4.7429201022375118E+01  1.0906250397385880E-02  1.3607115253681823E-06
  4.7901723970097478E+01  1.0774153875627664E-02  1.3651796688090471E-06
  4.8378954522656336E+01  1.0640586396877970E-02  1.3696764239907826E-06
  4.8860939580511086E+01  1.0508868788560315E-02  1.3742017684529561E-06
  4.9347726511376216E+01  1.0378469074326045E-02  1.3787556747356559E-06
  4.9839363154876743E+01  1.0249616987328399E-02  1.3833381026052310E-06
  5.0335897827249518E+01  1.0122384525544075E-02  1.3879489943070513E-06
  5.0837379326091664E+01  9.9968478086605254E-03  1.3925882714455846E-06
  5.1343856935156005E+01  9.8720365679258425E-03  1.3972558328226137E-06
  5.1855380429194831E+01  9.7489829852777810E-03  1.4019515546700650E-06
  5.2372000078851393E+01  9.6240556667688548E-03  1.4066752948954629E-06
  5.2893766655600174E+01  9.5073154173343413E-03  1.4114268972483687E-06
  5.3420731436736844E+01  9.3886107959043792E-03  1.4162061863415816E-06
  5.3952946210417423E+01  9.2678715175887084E-03  1.4210129638437644E-06
  5.4490463280747690E+01  9.1552504002988377E-03  1.4258469989663930E-06
  5.5033335472923746E+01  9.0399852591417657E-03  1.4307080188128255E-06
  5.5581616138423293E+01  8.9242710140497745E-03  1.4355956921636278E-06
  5.6135359160248875E+01  8.8157750270334515E-03  1.4405095881129072E-06
  5.6694618958223145E+01  8.7039673155565184E-03  1.4454491220891365E-06
  5.7259450494337308E+01  8.5922569299981787E-03  1.4504135205936513E-06
  5.7829909278152485E+01  8.4871634652028405E-03  1.4554017909928514E-06
  5.8406051372254773E+01  8.3803323305214946E-03  1.4604127010508904E-06
  5.8987933397765204E+01  8.2743918126262760E-03  1.4654448011695844E-06
  5.9575612539904149E+01  8.1698881781166657E-03  1.4704964675865427E-06
  6.0169146553611036E+01  8.0666201473635311E-03  1.4755659337766228E-06
  6.0768593769220637E+01  7.9614471301826736E-03  1.4806513207451477E-06
  6.1374013098195384E+01  7.8616035360767594E-03  1.4857506625920623E-06
  6.1985464038915048E+01  7.7636742980967061E-03  1.4908619307709998E-06
  6.2603006682523755E+01  7.6645983539331388E-03  1.4959830650128682E-06
  6.3226701718835955E+01  7.5672601692217409E-03  1.5011120189020089E-06
  6.3856610442300607E+01  7.4709476970998574E-03  1.5062468227792837E-06
  6.4492794758024516E+01  7.3752890339968055E-03  1.5113856511203030E-06
  6.5135317187857041E+01  7.2808605508432904E-03  1.5165268884815786E-06
  6.5784240876534128E+01  7.1853152564534334E-03  1.5216691843647370E-06
  6.6439629597883027E+01  7.0926431160950642E-03  1.5268114499822591E-06
  6.7101547761091382E+01  7.0035787524643607E-03  1.5319527817688959E-06
  6.7770060417036163E+01  6.9129593851434456E-03  1.5370924014246917E-06
  6.8445233264676517E+01  6.8214080366799535E-03  1.5422295916416373E-06
  6.9127132657510657E+01  6.7323944479618491E-03  1.5473636374858474E-06
  6.9815825610097292E+01  6.6465750805844428E-03  1.5524937601032791E-06
  7.0511379804640740E+01  6.5594316868167251E-03  1.5576190367848969E-06
  7.1213863597642813E+01  6.4714114208055812E-03  1.5627383063476629E-06
  7.1923346026621232E+01  6.3876357016479004E-03  1.5678500451238413E-06
  7.2639896816893341E+01  6.3021601662098968E-03  1.5729522449333882E-06
  7.3363586388429027E+01  6.2189082862708868E-03  1.5780423045841928E-06
  7.4094485862771734E+01  6.1340573627369811E-03  1.5831169394228495E-06
  7.4832667070027071E+01  6.0515023709430509E-03  1.5881721670128538E-06
  7.5578202555922573E+01  5.9714746899337690E-03  1.5932034865459250E-06
  7.6331165588937566E+01  5.8889481037809931E-03  1.5982060495731476E-06
  7.7091630167502927E+01  5.8096411104868097E-03  1.6031747927679048E-06
  7.7859671027273720E+01  5.7308425035358327E-03  1.6081045560994263E-06
  7.8635363648474495E+01  5.6514926230024146E-03  1.6129901747011900E-06
  7.9418784263316212E+01  5.5737098497737787E-03  1.6178265764080251E-06
  8.0210009863488580E+01  5.4970935971531392E-03  1.6226088761802390E-06
  8.1009118207726956E+01  5.4190827201330847E-03  1.6273324348481949E-06
  8.1816187829453241E+01  5.3435060845679408E-03  1.6319929104833171E-06
  8.2631298044494343E+01  5.2686712898739989E-03  1.6365863148354153E-06
  8.3454528958877518E+01  5.1961304054815756E-03  1.6411090489370614E-06
  8.4285961476701928E+01  5.1222699147684047E-03  1.6455578910287392E-06
  8.5125677308090104E+01  5.0501129131079198E-03  1.6499298148187050E-06
  8.5973758977218580E+01  4.9781901801137229E-03  1.6542217704271002E-06
  8.6830289830427049E+01  4.9071370194155800E-03  1.6584305607707481E-06
  8.7695354044409910E+01  4.8362046003299734E-03  1.6625527487712786E-06
  8.8569036634489294E+01  4.7660794151403434E-03  1.6665845677591235E-06
  8.9451423462969075E+01  4.6962075217417262E-03  1.6705217959490927E-06
  9.0342601247573498E+01  4.6263135285235044E-03  1.6743595955457817E-06
  9.1242657569970035E+01  4.5575837914481115E-03  1.6780924559618126E-06
  9.2151680884376248E+01  4.4902791660305936E-03  1.6817142498396160E-06
  9.3069760526251500E+01  4.4227446820990406E-03  1.6852183526230517E-06
  9.3996986721078756E+01  4.3553665665224369E-03  1.6885978017085888E-06
  9.4933450593230504E+01  4.2879050255762432E-03  1.6918454900158403E-06
  9.5879244174922960E+01  4.2216143406129461E-03  1.6949544018603972E-06
  9.6834460415262939E+01  4.1552718824870048E-03  1.6979178512503613E-06
  9.7799193189381398E+01  4.0893137772814959E-03  1.7007296112198191E-06
  9.8773537307658017E+01  4.0233682395260468E-03  1.7033839873803476E-06
  9.9757588525041072E+01  3.9583202578927666E-03  1.7058758960133711E-06
  1.0075144355045663E+02  3.8934408878609039E-03  1.7082010060486661E-06
  1.0175520005631239E+02  3.8286311210593044E-03  1.7103559340208453E-06
  1.0276895668809708E+02  3.7656490900366503E-03  1.7123383331481098E-06
  1.0379281307407557E+02  3.7012750769665295E-03  1.7141467730883836E-06
  1.0482686983507868E+02  3.6393492198483037E-03  1.7157805555275429E-06
  1.0587122859439253E+02  3.5769186643895201E-03  1.7172395034849849E-06
  1.0692599198774623E+02  3.5142285628420502E-03  1.7185237168264102E-06
  1.0799126367339738E+02  3.4533342558945228E-03  1.7196333134449960E-06
  1.0906714834231977E+02  3.3927652634089542E-03  1.7205681950225887E-06
  1.1015375172849269E+02  3.3322573772652433E-03  1.7213279166514064E-06
  1.1125118061929089E+02  3.2726881841410719E-03  1.7219116766506018E-06
  1.1235954286597972E+02  3.2134381821425509E-03  1.7223183274261979E-06
  1.1347894739431507E+02  3.1539874898842005E-03  1.7225463631923910E-06
  1.1460950421524701E+02  3.0960688604339667E-03  1.7225938648377141E-06
  1.1575132443573170E+02  3.0388838351621955E-03  1.7224584579964182E-06
  1.1690452026965146E+02  2.9817014514901749E-03  1.7221373309720428E-06
  1.1806920504884116E+02  2.9251299460501517E-03  1.7216272878669600E-06
  1.1924549323422698E+02  2.8685247556698096E-03  1.7209248316748435E-06
  1.2043350042707570E+02  2.8130952934356983E-03  1.7200262653777900E-06
  1.2163334338035428E+02  2.7585265363206345E-03  1.7189278029334744E-06
  1.2284514001020456E+02  2.7040056651872887E-03  1.7176256815790501E-06
  1.2406900940753235E+02  2.6498069969638749E-03  1.7161162260632236E-06
  1.2530507184970990E+02  2.5964077381141946E-03  1.7143958530815487E-06
  1.2655344881239684E+02  2.5435335412370770E-03  1.7124610507595987E-06
  1.2781426298147930E+02  2.4914258949597624E-03  1.7103084012763056E-06
  1.2908763826512541E+02  2.4396764693043037E-03  1.7079346529355793E-06
  1.3037369980596338E+02  2.3884637087773159E-03  1.7053368259223342E-06
  1.3167257399338067E+02  2.3376296440362600E-03  1.7025122741364571E-06
  1.3298438847594383E+02  2.2878138306941386E-03  1.6994586799345079E-06
  1.3430927217394364E+02  2.2383285342688830E-03  1.6961740273070650E-06
  1.3564735529206624E+02  2.1894452797206684E-03  1.6926565660920645E-06
  1.3699876933218718E+02  2.1411562737173703E-03  1.6889047655839516E-06
  1.3836364710629590E+02  2.0932418731781622E-03  1.6849172434763259E-06
  1.3974212274954851E+02  2.0459615029188253E-03  1.6806926852368053E-06
  1.4113433173344995E+02  1.9997473114081801E-03  1.6762298021240446E-06
  1.4254041087916542E+02  1.9540703818969512E-03  1.6715273068816048E-06
  1.4396049837097024E+02  1.9086461534148149E-03  1.6665838826348925E-06
  1.4539473376982846E+02  1.8638622011463513E-03  1.6613981486244930E-06
  1.4684325802710637E+02  1.8202179332257526E-03  1.6559686420548243E-06
  1.4830621349842838E+02  1.7767877168025936E-03  1.6502938626710077E-06
  1.4978374395766554E+02  1.7340325251719488E-03  1.6443723683788349E-06
  1.5127599461106303E+02  1.6918970085965615E-03  1.6382028444873321E-06
  1.5278311211151433E+02  1.6502680504089766E-03  1.6317841670654308E-06
  1.5430524457297150E+02  1.6095558302460129E-03  1.6251154736374476E-06
  1.5584254158500110E+02  1.5690175523731529E-03  1.6181962352059813E-06
  1.5739515422748565E+02  1.5298367076647524E-03  1.6110263049006991E-06
  1.5896323508547249E+02  1.4907623433113100E-03  1.6036059071342409E-06
  1.6054693826416701E+02  1.4524501737878399E-03  1.5959355548027427E-06
  1.6214641940407887E+02  1.4146460501267765E-03  1.5880159799977628E-06
  1.6376183569631840E+02  1.3777955911528173E-03  1.5798481197465791E-06
  1.6539334589804312E+02  1.3413934109497304E-03  1.5714331442923111E-06
  1.6704111034806053E+02  1.3056495281208273E-03  1.5627724857956133E-06
  1.6870529098258680E+02  1.2705836490329303E-03  1.5538678462525999E-06
  1.7038605135115913E+02  1.2360338047738191E-03  1.5447211509650611E-06
  1.7208355663270990E+02  1.2024379790336328E-03  1.5353344419168747E-06
  1.7379797365180082E+02  1.1692901921181295E-03  1.5257097535016504E-06
  1.7552947089501578E+02  1.1366307359552486E-03  1.5158489928766611E-06
  1.7727821852752010E+02  1.1049269044373521E-03  1.5057538724802169E-06
  1.7904438840978489E+02  1.0737486031264275E-03  1.4954259315276429E-06
  1.8082815411447461E+02  1.0433868969931396E-03  1.4848666621483828E-06
  1.8262969094350629E+02  1.0133070388945024E-03  1.4740776347769539E-06
  1.8444917594527865E+02  9.8427755636375930E-04  1.4630605017581510E-06
  1.8628678793206959E+02  9.5565229445150363E-04  1.4518169092207620E-06
  1.8814270749761013E+02  9.2754109961318851E-04  1.4403484182153934E-06
  1.9001711703483394E+02  9.0037776516797190E-04  1.4286565530361351E-06
  1.9191020075379976E+02  8.7360574399320131E-04  1.4167429450506508E-06
  1.9382214469979596E+02  8.4749388753132138E-04  1.4046094559565574E-06
  1.9575313677162572E+02  8.2198274143233259E-04  1.3922583078183029E-06
  1.9770336674007069E+02  7.9701633288800330E-04  1.3796922155751014E-06
  1.9967302626654197E+02  7.7276009027847344E-04  1.3669144791658339E-06
  2.0166230892191732E+02  7.4900828736859594E-04  1.3539289929297398E-06
  2.0367141020556190E+02  7.2575897118423314E-04  1.3407401461963010E-06
  2.0570052756454271E+02  7.0323318307677015E-04  1.3273526662211548E-06
  2.0774986041303362E+02  6.8128790604908768E-04  1.3137715468587412E-06
  2.0981961015191274E+02  6.5971276026237759E-04  1.3000020560755044E-06
  2.1190998018855231E+02  6.3888726547729790E-04  1.2860497399219761E-06
  2.1402117595681401E+02  6.1849836676770267E-04  1.2719203776035342E-06
  2.1615340493723562E+02  5.9865521185894024E-04  1.2576199546219632E-06
  2.1830687667741890E+02  5.7934080757472619E-04  1.2431546270273323E-06
  2.2048180281262833E+02  5.6052815563535836E-04  1.2285306682281450E-06
  2.2267839708658727E+02  5.4225098806220419E-04  1.2137544132861413E-06
  2.2489687537248111E+02  5.2446789536043730E-04  1.1988322175179737E-06
  2.2713745569417804E+02  5.0716176001026306E-04  1.1837704621026646E-06
  2.2940035824765241E+02  4.9037071435039043E-04  1.1685756143884796E-06
  2.3168580542262424E+02  4.7400472454702750E-04  1.1532543219153299E-06
  2.3399402182441582E+02  4.5813840761675602E-04  1.1378134650478084E-06
  2.3632523429602657E+02  4.4271096059864004E-04  1.1222601098769424E-06
  2.3867967194042345E+02  4.2775080121516102E-04  1.1066014414101272E-06
  2.4105756614305776E+02  4.1321671119367253E-04  1.0908447227704138E-06
  2.4345915059460634E+02  3.9909919104133882E-04  1.0749972811726044E-06
  2.4588466131393480E+02  3.8537676020851944E-04  1.0590665154445309E-06
  2.4833433667129432E+02  3.7216491366672937E-04  1.0430599132187539E-06
  2.5080841741174899E+02  3.5926925040766488E-04  1.0269850700027680E-06
  2.5330714667883242E+02  3.4677009945689952E-04  1.0108497021087254E-06
  2.5583077003844460E+02  3.3468159460412508E-04  9.9466163475263296E-07
  2.5837953550298681E+02  3.2294981243239496E-04  9.7842875487624789E-07
  2.6095369355573206E+02  3.1158049185753235E-04  9.6215894432016725E-07
  2.6355349717544323E+02  3.0057062122921819E-04  9.4586004163589274E-07
  2.6617920186123666E+02  2.8991268053743334E-04  9.2953989230320860E-07
  2.6883106565768838E+02  2.7955872771098669E-04  9.1320642647497353E-07
  2.7150934918019544E+02  2.6960722163424497E-04  8.9686766470863492E-07
  2.7421431564058969E+02  2.5992072885598714E-04  8.8053165785363614E-07
  2.7694623087300204E+02  2.5052277244200287E-04  8.6420643421296109E-07
  2.7970536335998952E+02  2.4150810569331077E-04  8.4789997989426794E-07
  2.8249198425892217E+02  2.3271434850847397E-04  8.3162022255907064E-07
  2.8530636742862828E+02  2.2424262720473581E-04  8.1537501844355216E-07
  2.8814878945630949E+02  2.1605221690433921E-04  7.9917215209289876E-07
  2.9101952968472500E+02  2.0813647464922182E-04  7.8301936196741305E-07
  2.9391887023964057E+02  2.0049997896227142E-04  7.6692438163073361E-07
  2.9684709605755660E+02  1.9307976860715625E-04  7.5089496923547298E-07
  2.9980449491371235E+02  1.8593670782975761E-04  7.3493888073164827E-07
  3.0279135745036405E+02  1.7901809865460079E-04  7.1906379307186373E-07
  3.0580797720534974E+02  1.7234458975667964E-04  7.0327726939400757E-07
  3.0885465064093853E+02  1.6590754420927362E-04  6.8758675622613505E-07
  3.1193167717296495E+02  1.5966685412695806E-04  6.7199955203546204E-07
  3.1503935920025015E+02  1.5368111923255427E-04  6.5652279024620809E-07
  3.1817800213432832E+02  1.4787078570109225E-04  6.4116343254005467E-07
  3.2134791442945732E+02  1.4226393055776610E-04  6.2592826204167809E-07
  3.2454940761292858E+02  1.3686704760808684E-04  6.1082387435692882E-07
  3.2778279631569092E+02  1.3165428674472623E-04  5.9585666310957103E-07
  3.3104839830326705E+02  1.2662258423640815E-04  5.8103280117747469E-07
  3.3434653450697863E+02  1.2176542238345667E-04  5.6635823181870730E-07
  3.3767752905549418E+02  1.1709184928445175E-04  5.5183868337976646E-07
  3.4104170930667840E+02  1.1256896055126265E-04  5.3747971295086895E-07
  3.4443940587976334E+02  1.0821418285695452E-04  5.2328672861053347E-07
  3.4787095268784145E+02  1.0401911195186939E-04  5.0926496387623367E-07
  3.5133668697068367E+02  9.9980080118698271E-05  4.9541943324501861E-07
  3.5483694932787785E+02  9.6068045715875871E-05  4.8175491296926130E-07
  3.5837208375230347E+02  9.2308899824250387E-05  4.6827593882190290E-07
  3.6194243766394061E+02  8.8691789296250912E-05  4.5498680533845449E-07
  3.6554836194400838E+02  8.5193946813149173E-05  4.4189156604027251E-07
  3.6919021096945073E+02  8.1829701795817496E-05  4.2899403490714095E-07
  3.7286834264776519E+02  7.8591479619201255E-05  4.1629778868287474E-07
  3.7658311845217253E+02  7.5469123794816078E-05  4.0380616442263833E-07
  3.8033490345714307E+02  7.2462803423024492E-05  3.9152224548592172E-07
  3.8412406637427728E+02  6.9563738061843478E-05  3.7944883656671177E-07
  3.8795097958853665E+02  6.6775474685624192E-05  3.6758845209482059E-07
  3.9181601919484274E+02  6.4089736324785503E-05  3.5594334978343774E-07
  3.9571956503504077E+02  6.1506636088441119E-05  3.4451555552289873E-07
  3.9966200073522418E+02  5.9014485311926274E-05  3.3330685625254911E-07
  4.0364371374343852E+02  5.6620858975756331E-05  3.2231879806785785E-07
  4.0766509536776090E+02  5.4313652975497545E-05  3.1155268636403698E-07
  4.1172654081475116E+02  5.2094969346522355E-05  3.0100958618445556E-07
  4.1582844922829401E+02  4.9960241818380650E-05  2.9069032300779061E-07
  4.1997122372882785E+02  4.7903268723399393E-05  2.8059548367922438E-07
  4.2415527145295709E+02  4.5927832103570728E-05  2.7072542053845651E-07
  4.2838100359346595E+02  4.4025409770830101E-05  2.6108026290264511E-07
  4.3264883543973252E+02  4.2198595913307698E-05  2.5165993691475969E-07
  4.3695918641853569E+02  4.0438411241561531E-05  2.4246418608605633E-07
  4.4131248013527835E+02  3.8744826318337770E-05  2.3349256711781527E-07
  4.4570914441561973E+02  3.7117699278933488E-05  2.2474443301918029E-07
  4.5014961134751570E+02  3.5553443822797446E-05  2.1621892845731543E-07
  4.5463431732368502E+02  3.4049327709808907E-05  2.0791499453390390E-07
  4.5916370308449950E+02  3.2603624281011291E-05  1.9983137482445832E-07
  4.6373821376129268E+02  3.1213032365749872E-05  1.9196662170040142E-07
  4.6835829892010844E+02  2.9878271517537983E-05  1.8431910295561042E-07
  4.7302441260588472E+02  2.8593769798576092E-05  1.7688700877322691E-07
  4.7773701338707423E+02  2.7360642284476024E-05  1.6966835860998441E-07
  4.8249656440070436E+02  2.6175820705414503E-05  1.6266100672626029E-07
  4.8730353339790406E+02  2.5035796793339384E-05  1.5586264502845579E-07
  4.9215839278986687E+02  2.3940984174925781E-05  1.4927080609615542E-07
  4.9706161969427194E+02  2.2891345990821064E-05  1.4288287474074250E-07
  5.0201369598218491E+02  2.1880737282135995E-05  1.3669610796618977E-07
  5.0701510832540924E+02  2.0912504280395689E-05  1.3070764297525344E-07
  5.1206634824430751E+02  1.9981798277712840E-05  1.2491450150567739E-07
  5.1716791215611886E+02  1.9088323303796021E-05  1.1931359688422068E-07
  5.2232030142373833E+02  1.8229103749524177E-05  1.1390174124005064E-07
  5.2752402240498714E+02  1.7405576460540066E-05  1.0867565268242105E-07
  5.3277958650237815E+02  1.6614213250200993E-05  1.0363196237318892E-07
  5.3808751021337775E+02  1.5856594677220378E-05  9.8767221428518410E-08
  5.4344831518115882E+02  1.5128306578678378E-05  9.4077908141583781E-08
  5.4886252824586938E+02  1.4430089499389549E-05  8.9560435790511291E-08
  5.5433068149641144E+02  1.3759773793995770E-05  8.5211160876026256E-08
  5.5985331232272642E+02  1.3116391127038653E-05  8.1026388680034769E-08
  5.6543096346861080E+02  1.2500430180193273E-05  7.7002375316826282E-08
  5.7106418308505908E+02  1.1908569164601654E-05  7.3135337219602176E-08
  5.7675352478412628E+02  1.1342116310246220E-05  6.9421463414450318E-08
  5.8249954769333908E+02  1.0798419519681342E-05  6.5856922375881737E-08
  5.8830281651064809E+02  1.0277629472004535E-05  6.2437868145507043E-08
  5.9416390155991689E+02  9.7783869897414541E-06  5.9160446308074702E-08
  6.0008337884697539E+02  9.2998015695791058E-06  5.6020799849393457E-08
  6.0606183011623091E+02  8.8416978610679144E-06  5.3015074897109819E-08
  6.1209984290783279E+02  8.4025454236263891E-06  5.0139426290219653E-08
  6.1819801061541716E+02  7.9821987157382842E-06  4.7390022706802775E-08
  6.2435693254442708E+02  7.5797678489670212E-06  4.4763051390102766E-08
  6.3057721397100295E+02  7.1941533814074244E-06  4.2254723260403952E-08
  6.3685946620147035E+02  6.8254056057642395E-06  3.9861279747538374E-08
  6.4320430663242075E+02  6.4726942642398927E-06  3.7578998242256513E-08
  6.4961235881137941E+02  6.1349736157023574E-06  3.5404194110456504E-08
  6.5608425249808920E+02  5.8121087413434982E-06  3.3333224189934052E-08
  6.6262062372640480E+02  5.5035344607649173E-06  3.1362490694914198E-08
  6.6922211486679078E+02  5.2084883309677521E-06  2.9488444894569014E-08
  6.7588937468946210E+02  4.9266369961406459E-06  2.7707590548011944E-08
  6.8262305842813305E+02  4.6574125631838998E-06  2.6016487069274056E-08
  6.8942382784441543E+02  4.4003186081656870E-06  2.4411752425453864E-08
  6.9629235129285860E+02  4.1549445174246001E-06  2.2890065814190554E-08
  7.0322930378662409E+02  3.9208301720749264E-06  2.1448170166374757E-08
  7.1023536706382754E+02  3.6974842858989618E-06  2.0082874452888613E-08
  7.1731122965454210E+02  3.4845919159682875E-06  1.8791055482320082E-08
  7.2445758694845586E+02  3.2817142439196291E-06  1.7569659459462810E-08
  7.3167514126321623E+02  3.0884378533988745E-06  1.6415704681658007E-08
  7.3896460191345579E+02  2.9045234283533209E-06  1.5326283510203508E-08
  7.4632668528049237E+02  2.7294171161443394E-06  1.4298563491982755E-08
  7.5376211488273657E+02  2.5629617195638173E-06  1.3329788264826415E-08
  7.6127162144680130E+02  2.4047074160490392E-06  1.2417278275807833E-08
  7.6885594297930527E+02  2.2543841528150025E-06  1.1558431322561540E-08
  7.7651582483940672E+02  2.1116703020111754E-06  1.0750722926034306E-08
  7.8425201981205896E+02  1.9763157629351644E-06  9.9917065331744293E-09
  7.9206528818198217E+02  1.8479570796939480E-06  9.2790135411323741E-09
  7.9995639780838530E+02  1.7263576350786259E-06  8.6103531208531413E-09
  8.0792612420043417E+02  1.6112387424725792E-06  7.9835118595328459E-09
  8.1597525059345423E+02  1.5023723500910493E-06  7.3963533088972934E-09
  8.2410456802591648E+02  1.3994517730819400E-06  6.8468175042188905E-09
  8.3231487541716695E+02  1.3022612663850865E-06  6.3329202876315047E-09
  8.4060697964594590E+02  1.2105596820568132E-06  5.8527524729846245E-09
  8.4898169562969088E+02  1.1241131163430169E-06  5.4044788947747071E-09
  8.5743984640461224E+02  1.0427159733519195E-06  4.9863373479159366E-09
  8.6598226320658489E+02  9.6612580914829946E-07  4.5966374259046671E-09
  8.7460978555284282E+02  8.9413683288419909E-07  4.2337592627215740E-09
  8.8332326132447406E+02  8.2655028925276918E-07  3.8961521889976950E-09
  8.9212354684975242E+02  7.6317245116536801E-07  3.5823333045586385E-09
  9.0101150698829974E+02  7.0379877291086687E-07  3.2908859828046294E-09
  9.0998801521607004E+02  6.4824024175843040E-07  3.0204583094416666E-09
  9.1905395371119710E+02  5.9632165734537177E-07  2.7697614665479109E-09
  9.2821021344069754E+02  5.4786531945938817E-07  2.5375680970122759E-09
  9.3745769424801983E+02  5.0269204107478232E-07  2.3227106750589705E-09
  9.4679730494148396E+02  4.6063651905988205E-07  2.1240797730600020E-09
  9.5622996338360110E+02  4.2153954732705361E-07  1.9406222828216050E-09
  9.6575659658126676E+02  3.8524320755234633E-07  1.7713396166558566E-09
  9.7537814077686812E+02  3.5159118932710471E-07  1.6152858940562334E-09
  9.8509554154030207E+02  3.2043611191824873E-07  1.4715661195696552E-09
  9.9490975386188722E+02  2.9163604592320501E-07  1.3393343572907330E-09
  1.0048217422462333E+03  2.6505088140399260E-07  1.2177919074698853E-09
  1.0148324808070149E+03  2.4054508506544968E-07  1.1061854913460609E-09
  1.0249429533627101E+03  2.1798909184737048E-07  1.0038054481912706E-09
  1.0351541535332924E+03  1.9725769184108362E-07  9.0998394675127132E-10
  1.0454670848378678E+03  1.7822954133850899E-07  8.2409321474703095E-10
  1.0558827607933029E+03  1.6078819084517522E-07  7.4554379707059380E-10
  1.0664022050138358E+03  1.4482287652872313E-07  6.7378284168232475E-10
  1.0770264513116617E+03  1.3022850034898579E-07  6.0829241438332804E-10
  1.0877565437985372E+03  1.1690557051076358E-07  5.4858784698007898E-10
  1.0985935369883982E+03  1.0476035869860259E-07  4.9421612159167733E-10
  1.1095384959009814E+03  9.3705039695747926E-08  4.4475429358919310E-10
  1.1205924961664966E+03  8.3657598817072576E-08  3.9980795514758446E-10
  1.1317566241313425E+03  7.4541504907465725E-08  3.5900974146300241E-10
  1.1430319769648559E+03  6.6285277973491035E-08  3.2201788055110263E-10
  1.1544196627671424E+03  5.8822049094735303E-08  2.8851478805490780E-10
  1.1659208006779854E+03  5.2089154269500056E-08  2.5820570785796260E-10
  1.1775365209868166E+03  4.6027784558226427E-08  2.3081740035287872E-10
  1.1892679652438023E+03  4.0582704433441713E-08  2.0609688308799574E-10
  1.2011162863720399E+03  3.5702037795772783E-08  1.8381021867086586E-10
  1.2130826487808447E+03  3.1337108869762222E-08  1.6374134757295402E-10
  1.2251682284802037E+03  2.7442322025039017E-08  1.4569096946867480E-10
  1.2373742131963324E+03  2.3975065492901653E-08  1.2947547318180894E-10
  1.2497018024884073E+03  2.0895625940442434E-08  1.1492591484453948E-10
  1.2621522078664625E+03  1.8167104104205100E-08  1.0188704376208937E-10
  1.2747266529104356E+03  1.5755324963816816E-08  9.0216375266602438E-11