 #p(MeV) \t \delta f_\\nu \t \delta f_\\nubar
  8.2445142769234772E-02  2.6826317723850618E-01  1.6356811682134734E-05
  8.3266519074273793E-02  2.6776658611748455E-01  1.6220180696838335E-05
  8.4096078505835670E-02  2.6734027728040011E-01  1.6084517821582106E-05
  8.4933902589963181E-02  2.6702704981111558E-01  1.5949820852865886E-05
  8.5780073664918466E-02  2.6668534437457186E-01  1.5816088067139406E-05
  8.6634674889275343E-02  2.6614844030126800E-01  1.5683318102626026E-05
  8.7497790250091537E-02  2.6561115953576331E-01  1.5551509816349433E-05
  8.8369504571162674E-02  2.6506206082707529E-01  1.5420662292609431E-05
  8.9249903521358642E-02  2.6461051774322675E-01  1.5290774929297873E-05
  9.0139073623042479E-02  2.6416858106877827E-01  1.5161847108317409E-05
  9.1037102260573849E-02  2.6372881387603131E-01  1.5033877519999575E-05
  9.1944077688896522E-02  2.6324609984502301E-01  1.4906863572662399E-05
  9.2860089042211866E-02  2.6279299997205668E-01  1.4780801127840428E-05
  9.3785226342738781E-02  2.6230144144136741E-01  1.4655684543574736E-05
  9.4719580509560461E-02  2.6183305300316678E-01  1.4531506894604704E-05
  9.5663243367559922E-02  2.6142442139342398E-01  1.4408260249101156E-05
  9.6616307656443870E-02  2.6097614326284607E-01  1.4285935929981077E-05
  9.7578867039856979E-02  2.6057083636676820E-01  1.4164524719010438E-05
  9.8551016114586942E-02  2.6012460734189408E-01  1.4044017092278188E-05
  9.9532850419860819E-02  2.5968756905128781E-01  1.3924403379014518E-05
  1.0052446644673456E-01  2.5925021644320240E-01  1.3805673560912380E-05
  1.0152596164757555E-01  2.5876793074582360E-01  1.3687817173893290E-05
  1.0253743444563991E-01  2.5825039934927119E-01  1.3570823669899989E-05
  1.0355898424474549E-01  2.5773201402588714E-01  1.3454682998537967E-05
  1.0459071143904031E-01  2.5725219239125174E-01  1.3339386065720993E-05
  1.0563271742286959E-01  2.5683935458673574E-01  1.3224924927432069E-05
  1.0668510460073989E-01  2.5642314717104980E-01  1.3111292758258584E-05
  1.0774797639738322E-01  2.5601885889860382E-01  1.2998483698414955E-05
  1.0882143726792148E-01  2.5551520214159973E-01  1.2886492661903570E-05
  1.0990559270813151E-01  2.5498543257735334E-01  1.2775315161369894E-05
  1.1100054926481318E-01  2.5451115156750326E-01  1.2664947120685701E-05
  1.1210641454626012E-01  2.5400739868642513E-01  1.2555384653971441E-05
  1.1322329723283528E-01  2.5355834346810813E-01  1.2446624141933050E-05
  1.1435130708765169E-01  2.5312742878669225E-01  1.2338662516969575E-05
  1.1549055496735919E-01  2.5268952497597907E-01  1.2231497322319452E-05
  1.1664115283303958E-01  2.5222535766395565E-01  1.2125126468685533E-05
  1.1780321376120920E-01  2.5184626838474844E-01  1.2019547884340797E-05
  1.1897685195493196E-01  2.5141823951131420E-01  1.1914759240799039E-05
  1.2016218275504290E-01  2.5098446333010527E-01  1.1810757819285713E-05
  1.2135932265148312E-01  2.5051783394550614E-01  1.1707540489750912E-05
  1.2256838929474821E-01  2.5002460642055074E-01  1.1605103753814242E-05
  1.2378950150745061E-01  2.4957733713019126E-01  1.1503443810546810E-05
  1.2502277929599667E-01  2.4913077703654057E-01  1.1402556624947486E-05
  1.2626834386238101E-01  2.4862146691322320E-01  1.1302438009540197E-05
  1.2752631761609709E-01  2.4819075322857054E-01  1.1203083668783130E-05
  1.2879682418616795E-01  2.4774345140191781E-01  1.1104489257263957E-05
  1.3007998843329535E-01  2.4727623158627093E-01  1.1006650593202334E-05
  1.3137593646213089E-01  2.4684963290319079E-01  1.0909563977284317E-05
  1.3268479563366928E-01  2.4640453125944142E-01  1.0813226449227476E-05
  1.3400669457776465E-01  2.4594118133620169E-01  1.0717635883364723E-05
  1.3534176320577176E-01  2.4546029656645271E-01  1.0622790931715707E-05
  1.3669013272331362E-01  2.4501726536999729E-01  1.0528690879807294E-05
  1.3805193564317539E-01  2.4459912493889929E-01  1.0435335478234808E-05
  1.3942730579832771E-01  2.4419939874586424E-01  1.0342724787733315E-05
  1.4081637835507882E-01  2.4374482550847404E-01  1.0250859053255201E-05
  1.4221928982635873E-01  2.4332376660704971E-01  1.0159738619289401E-05
  1.4363617808513485E-01  2.4284400746563467E-01  1.0069363838609284E-05
  1.4506718237796162E-01  2.4234055676860414E-01  9.9797347941004049E-06
  1.4651244333866548E-01  2.4185858163843668E-01  9.8908507913314223E-06
  1.4797210300216551E-01  2.4138702540366133E-01  9.8027098232251108E-06
  1.4944630481843213E-01  2.4105552279383483E-01  9.7153082465552958E-06
  1.5093519366658517E-01  2.4061964142141051E-01  9.6286407597953713E-06
  1.5243891586913152E-01  2.4016534440921344E-01  9.5427006155706702E-06
  1.5395761920634582E-01  2.3963758901355506E-01  9.4574799423894174E-06
  1.5549145293079289E-01  2.3919929076703977E-01  9.3729700730321949E-06
  1.5704056778199674E-01  2.3866439633950734E-01  9.2891618253262583E-06
  1.5860511600125390E-01  2.3825852351775723E-01  9.2060457216425971E-06
  1.6018525134659534E-01  2.3781422950076664E-01  9.1236121548297552E-06
  1.6178112910789763E-01  2.3734030750014393E-01  9.0418515482427764E-06
  1.6339290612214366E-01  2.3692423287541473E-01  8.9607546760340255E-06
  1.6502074078883633E-01  2.3651536860003994E-01  8.8803131439702113E-06
  1.6666479308556567E-01  2.3614366428620120E-01  8.8005198065488925E-06
  1.6832522458373020E-01  2.3568731927542091E-01  8.7213689411450636E-06
  1.7000219846441636E-01  2.3524419307191438E-01  8.6428561600538290E-06
  1.7169587953443463E-01  2.3477696805156961E-01  8.5649781563896429E-06
  1.7340643424251675E-01  2.3432876449972262E-01  8.4877324001183177E-06
  1.7513403069567329E-01  2.3389327674425506E-01  8.4111168635890721E-06
  1.7687883867571447E-01  2.3342528558889192E-01  8.3351298092973823E-06
  1.7864102965593640E-01  2.3301983878802282E-01  8.2597696390003259E-06
  1.8042077681797192E-01  2.3257712676407069E-01  8.1850347843316231E-06
  1.8221825506881081E-01  2.3213747886641825E-01  8.1109235962625160E-06
  1.8403364105798919E-01  2.3166196321424706E-01  8.0374341048493872E-06
  1.8586711319494920E-01  2.3121328570717450E-01  7.9645636612364062E-06
  1.8771885166657337E-01  2.3075310921247177E-01  7.8923087123338115E-06
  1.8958903845489181E-01  2.3031796993218170E-01  7.8206648576606521E-06
  1.9147785735496761E-01  2.2989339627663749E-01  7.7496271260752096E-06
  1.9338549399295890E-01  2.2948794775463555E-01  7.6791903154905657E-06
  1.9531213584436155E-01  2.2910354094893629E-01  7.6093492707580864E-06
  1.9725797225243416E-01  2.2866981270293099E-01  7.5400990537493411E-06
  1.9922319444680528E-01  2.2822642932869622E-01  7.4714350151126908E-06
  2.0120799556226701E-01  2.2776098680295176E-01  7.4033528016780587E-06
  2.0321257065775603E-01  2.2725883806792602E-01  7.3358483360545889E-06
  2.0523711673552236E-01  2.2679254304977389E-01  7.2689178047642784E-06
  2.0728183276049109E-01  2.2630356835676008E-01  7.2025577372641419E-06
  2.0934691967981475E-01  2.2588524082356753E-01  7.1367651833470146E-06
  2.1143258044262292E-01  2.2547252520671238E-01  7.0715377704653730E-06
  2.1353902001996614E-01  2.2503237481149557E-01  7.0068734872984121E-06
  2.1566644542496036E-01  2.2468489217271168E-01  6.9427702713099735E-06
  2.1781506573313159E-01  2.2425014224678405E-01  6.8792255892891344E-06
  2.1998509210296247E-01  2.2382671880790525E-01  6.8162361597057653E-06
  2.2217673779664449E-01  2.2339944678288540E-01  6.7537978563467468E-06
  2.2439021820103686E-01  2.2295977258358304E-01  6.6919057539502806E-06
  2.2662575084883324E-01  2.2249771263070833E-01  6.6305542519199361E-06
  2.2888355543994096E-01  2.2203844414161042E-01  6.5697372202441461E-06
  2.3116385386307134E-01  2.2163787647632058E-01  6.5094481295676267E-06
  2.3346687021754703E-01  2.2120432733017639E-01  6.4496801158004040E-06
  2.3579283083532490E-01  2.2074996265559649E-01  6.3904259619172548E-06
  2.3814196430323945E-01  2.2028742321404324E-01  6.3316781558731160E-06
  2.4051450148546774E-01  2.1984628462888239E-01  6.2734291801175795E-06
  2.4291067554621731E-01  2.1944459886775300E-01  6.2156719856708628E-06
  2.4533072197264100E-01  2.1901708737624107E-01  6.1584004685824865E-06
  2.4777487859797998E-01  2.1863843908338826E-01  6.1016097816864948E-06
  2.5024338562493664E-01  2.1823917840925688E-01  6.0452964194755677E-06
  2.5273648564928103E-01  2.1781721766603121E-01  5.9894581206749926E-06
  2.5525442368369256E-01  2.1732571245942850E-01  5.9340936684056220E-06
  2.5779744718183872E-01  2.1680337779994174E-01  5.8792026603041732E-06
  2.6036580606269361E-01  2.1631250489034928E-01  5.8247852952700445E-06
  2.6295975273509931E-01  2.1586762375729718E-01  5.7708422156715322E-06
  2.6557954212257223E-01  2.1547808305110153E-01  5.7173744456260082E-06
  2.6822543168835511E-01  2.1512345833133389E-01  5.6643833532000374E-06
  2.7089768146071985E-01  2.1475492321633000E-01  5.6118704914634272E-06
  2.7359655405852285E-01  2.1434866632721183E-01  5.5598372800012555E-06
  2.7632231471701318E-01  2.1393345971587893E-01  5.5082846182946880E-06
  2.7907523131389939E-01  2.1345167642002860E-01  5.4572125630217865E-06
  2.8185557439567582E-01  2.1299091629191869E-01  5.4066201645688181E-06
  2.8466361720421057E-01  2.1258284041385175E-01  5.3565054637735320E-06
  2.8749963570359860E-01  2.1216263798906732E-01  5.3068655996422079E-06
  2.9036390860728256E-01  2.1173127587943094E-01  5.2576969701711018E-06
  2.9325671740544429E-01  2.1130975250423761E-01  5.2089954008595613E-06
  2.9617834639266760E-01  2.1086377185146693E-01  5.1607562881510569E-06
  2.9912908269587818E-01  2.1044187958479610E-01  5.1129746643334112E-06
  3.0210921630256216E-01  2.1005209952437415E-01  5.0656451667417298E-06
  3.0511904008926360E-01  2.0962677287877807E-01  5.0187620049347669E-06
  3.0815884985036790E-01  2.0920526387689761E-01  4.9723190212478326E-06
  3.1122894432717207E-01  2.0875410978509776E-01  4.9263098618526071E-06
  3.1432962523724317E-01  2.0829813616925649E-01  4.8807282070658281E-06
  3.1746119730406974E-01  2.0790074035052369E-01  4.8355679773681799E-06
  3.2062396828700956E-01  2.0746858209713370E-01  4.7908234648154796E-06
  3.2381824901153528E-01  2.0704003299127077E-01  4.7464893852561971E-06
  3.2704435339978016E-01  2.0662064660695742E-01  4.7025608694705911E-06
  3.3030259850138982E-01  2.0619020218392836E-01  4.6590334195985609E-06
  3.3359330452468150E-01  2.0580363042324890E-01  4.6159028532632115E-06
  3.3691679486811132E-01  2.0542260815808491E-01  4.5731652700079326E-06
  3.4027339615205754E-01  2.0500026541366378E-01  4.5308170857715792E-06
  3.4366343825092016E-01  2.0455392541351436E-01  4.4888551009757401E-06
  3.4708725432553900E-01  2.0410000763364258E-01  4.4472765219859400E-06
  3.5054518085593533E-01  2.0364330612476345E-01  4.4060788925799399E-06
  3.5403755767438039E-01  2.0321725383764347E-01  4.3652599484222649E-06
  3.5756472799879319E-01  2.0277628501145176E-01  4.3248174478306115E-06
  3.6112703846646982E-01  2.0236232855740047E-01  4.2847490341366057E-06
  3.6472483916814979E-01  2.0196987452135251E-01  4.2450521530990611E-06
  3.6835848368242285E-01  2.0156270534006765E-01  4.2057240242120277E-06
  3.7202832911047573E-01  2.0118504051829686E-01  4.1667616502945194E-06
  3.7573473611118768E-01  2.0077926132545384E-01  4.1281618486984856E-06
  3.7947806893657482E-01  2.0039684314949527E-01  4.0899212894400193E-06
  3.8325869546758717E-01  1.9999633586421439E-01  4.0520365134930207E-06
  3.8707698725026224E-01  1.9955895180680427E-01  4.0145039396268216E-06
  3.9093331953223975E-01  1.9912597658366457E-01  3.9773199056613334E-06
  3.9482807129963987E-01  1.9866107808214192E-01  3.9404807684300618E-06
  3.9876162531430764E-01  1.9822595022108569E-01  3.9039830463284666E-06
  4.0273436815142999E-01  1.9778391949772856E-01  3.8678235622237617E-06
  4.0674669023752730E-01  1.9738379396462227E-01  3.8319995405283981E-06
  4.1079898588882219E-01  1.9698972852846147E-01  3.7965086412861623E-06
  4.1489165334999167E-01  1.9655814748700953E-01  3.7613489383096191E-06
  4.1902509483330602E-01  1.9615584129926095E-01  3.7265188619107217E-06
  4.2319971655815630E-01  1.9570159026707945E-01  3.6920171265935758E-06
  4.2741592879097445E-01  1.9528833931123252E-01  3.6578426553884592E-06
  4.3167414588555553E-01  1.9484501022945264E-01  3.6239945142650524E-06
  4.3597478632377751E-01  1.9442749941539231E-01  3.5904718700494286E-06
  4.4031827275672758E-01  1.9406212783158755E-01  3.5572739699806195E-06
  4.4470503204623935E-01  1.9371374322748847E-01  3.5244001336404599E-06
  4.4913549530684410E-01  1.9331853537979202E-01  3.4918497457592978E-06
  4.5361009794813723E-01  1.9293824054269973E-01  3.4596222406088101E-06
  4.5812927971757006E-01  1.9250859137232462E-01  3.4277170825821731E-06
  4.6269348474366662E-01  1.9207901730560831E-01  3.3961337465776364E-06
  4.6730316157967078E-01  1.9163470992705453E-01  3.3648717002268227E-06
  4.7195876324762714E-01  1.9120324704661912E-01  3.3339303901136107E-06
  4.7666074728290447E-01  1.9077666016452949E-01  3.3033092325543206E-06
  4.8140957577915972E-01  1.9035831581911361E-01  3.2730076087340073E-06
  4.8620571543375013E-01  1.8994847669314693E-01  3.2430248611512530E-06
  4.9104963759359904E-01  1.8953251085311473E-01  3.2133603254429690E-06
  4.9594181830151934E-01  1.8912654908485155E-01  3.1840135140397771E-06
  5.0088273834299502E-01  1.8874373842750308E-01  3.1549845401729765E-06
  5.0587288329343238E-01  1.8834704801171442E-01  3.1262747382292415E-06
  5.1091274356588035E-01  1.8793242456900908E-01  3.0978873195466847E-06
  5.1600281445922735E-01  1.8754345640755940E-01  3.0698278696893417E-06
  5.2114359620687434E-01  1.8713565229885867E-01  3.0421045562219693E-06
  5.2633559402590013E-01  1.8672456577517332E-01  3.0147280282268394E-06
  5.3157931816670956E-01  1.8629826877824285E-01  2.9877110820801191E-06
  5.3687528396317930E-01  1.8589575651909071E-01  2.9610682059949195E-06
  5.4222401188330349E-01  1.8547607837892585E-01  2.9348151040269204E-06
  5.4762602758034395E-01  1.8506595423732047E-01  2.9089682667811311E-06
  5.5308186194448783E-01  1.8460686788771377E-01  2.8835446134537995E-06
  5.5859205115502275E-01  1.8422801274221756E-01  2.8585611436901932E-06
  5.6415713673303047E-01  1.8384156020294265E-01  2.8340345274725227E-06
  5.6977766559460596E-01  1.8343873357148888E-01  2.8099806149701818E-06
  5.7545419010460386E-01  1.8304457386770764E-01  2.7864139148795476E-06
  5.8118726813092636E-01  1.8266774574427072E-01  2.7633471431160828E-06
  5.8697746309934651E-01  1.8227115888231918E-01  2.7407909707591403E-06
  5.9282534404887943E-01  1.8186906579273543E-01  2.7187539974403873E-06
  5.9873148568770540E-01  1.8140378130058660E-01  2.6972429195929821E-06
  6.0469646844965175E-01  1.8100793228246623E-01  2.6762628256356117E-06
  6.1072087855123347E-01  1.8059733894554666E-01  2.6558175411277398E-06
  6.1680530804926514E-01  1.8016087413736342E-01  2.6359099599866302E-06
  6.2295035489904760E-01  1.7979499730894166E-01  2.6165423393376619E-06
  6.2915662301313091E-01  1.7937424183145917E-01  2.5977167103952209E-06
  6.3542472232066438E-01  1.7903279775861075E-01  2.5794356925788713E-06
  6.4175526882734013E-01  1.7865347813525034E-01  2.5617038566307422E-06
  6.4814888467593113E-01  1.7823805931265879E-01  2.5445295137645465E-06
  6.5460619820743182E-01  1.7787020211405732E-01  2.5279265753929677E-06
  6.6112784402281000E-01  1.7745433885132275E-01  2.5119160180098573E-06
  6.6771446304537430E-01  1.7706213439936941E-01  2.4965266310235148E-06
  6.7436670258375964E-01  1.7667666491722286E-01  2.4817949760975999E-06
  6.8108521639554320E-01  1.7627603950395340E-01  2.4677647102897607E-06
  6.8787066475149417E-01  1.7587901334272760E-01  2.4544855463016384E-06
  6.9472371450046233E-01  1.7546814839994601E-01  2.4420121207238257E-06
  7.0164503913491105E-01  1.7510954004778828E-01  2.4304029748785773E-06
  7.0863531885710984E-01  1.7474708179971654E-01  2.4197196829780151E-06
  7.1569524064597967E-01  1.7437308843299112E-01  2.4100259279148493E-06
  7.2282549832460641E-01  1.7400152107437111E-01  2.4013863642677663E-06
  7.3002679262842773E-01  1.7364874912455119E-01  2.3938652140417929E-06
  7.3729983127410026E-01  1.7328164618676473E-01  2.3875246917918796E-06
  7.4464532902904867E-01  1.7294442103146457E-01  2.3824236163685825E-06
  7.5206400778171201E-01  1.7259417942329608E-01  2.3786165760342561E-06
  7.5955659661248898E-01  1.7224773791621337E-01  2.3761537689320283E-06
  7.6712383186538735E-01  1.7188003794941134E-01  2.3750815070655276E-06
  7.7476645722038961E-01  1.7152525248738459E-01  2.3754432139412896E-06
  7.8248522376654084E-01  1.7114169736800108E-01  2.3772806847741283E-06
  7.9028089007576130E-01  1.7076811637250841E-01  2.3806354066953980E-06
  7.9815422227739596E-01  1.7039029075506829E-01  2.3855497548303580E-06
  8.0610599413350714E-01  1.7002048904670738E-01  2.3920679017316826E-06
  8.1413698711491855E-01  1.6964158542916555E-01  2.4002362366910350E-06
  8.2224799047801300E-01  1.6933797961317645E-01  2.4101032194550091E-06
  8.3043980134229811E-01  1.6902038302829278E-01  2.4217187770230430E-06
  8.3871322476874621E-01  1.6872747132835406E-01  2.4351334576432922E-06
  8.4706907383891150E-01  1.6841886616064999E-01  2.4503975351496211E-06
  8.5550816973483412E-01  1.6812583197461775E-01  2.4675603902089605E-06
  8.6403134181974772E-01  1.6777369638601961E-01  2.4866703418299531E-06
  8.7263942771958414E-01  1.6746926959234318E-01  2.5077749335130737E-06
  8.8133327340528922E-01  1.6710979948925589E-01  2.5309215634045681E-06
  8.9011373327596677E-01  1.6680696480816279E-01  2.5561582999921795E-06
  8.9898167024284370E-01  1.6647338346978091E-01  2.5835347148563942E-06
  9.0793795581407066E-01  1.6613289787521088E-01  2.6131025165508198E-06
  9.1698347018037596E-01  1.6581921180626144E-01  2.6449156261395411E-06
  9.2611910230156536E-01  1.6550364305191922E-01  2.6790293365640428E-06
  9.3534574999388098E-01  1.6520183102298217E-01  2.7154983961882063E-06
  9.4466432001824696E-01  1.6487312177740823E-01  2.7543741381376240E-06
  9.5407572816936959E-01  1.6456304886248863E-01  2.7957009158822096E-06
  9.6358089936574332E-01  1.6426658527292934E-01  2.8395124470312246E-06
  9.7318076774055551E-01  1.6394974829470182E-01  2.8858286991102401E-06
  9.8287627673347611E-01  1.6362064243452601E-01  2.9346537127643209E-06
  9.9266837918338624E-01  1.6332001975074847E-01  2.9859744438494254E-06
  1.0025580374220160E+00  1.6300685319745720E-01  3.0397604317352236E-06
  1.0125462233685156E+00  1.6266122336991051E-01  3.0959639293471988E-06
  1.0226339186249787E+00  1.6234126815398173E-01  3.1545201920732857E-06
  1.0328221145729060E+00  1.6200676822963919E-01  3.2153478704164329E-06
  1.0431118124706336E+00  1.6170520584133241E-01  3.2783494412063471E-06
  1.0535040235517374E+00  1.6138556813056806E-01  3.3434118716502600E-06
  1.0639997691244119E+00  1.6107565927355158E-01  3.4104078762398490E-06
  1.0746000806718361E+00  1.6076769485246142E-01  3.4791975813451097E-06
  1.0853059999535501E+00  1.6045494172308505E-01  3.5496302581205410E-06
  1.0961185791078341E+00  1.6009482898585298E-01  3.6215459347180848E-06
  1.1070388807551028E+00  1.5980076244382718E-01  3.6947764835834707E-06
  1.1180679781023444E+00  1.5943336130197444E-01  3.7691459030077641E-06
  1.1292069550485870E+00  1.5908082880471050E-01  3.8444697476079467E-06
  1.1404569062914169E+00  1.5874110442384387E-01  3.9205538839948782E-06
  1.1518189374345722E+00  1.5838973450747912E-01  3.9971929330833693E-06
  1.1632941650965838E+00  1.5804647554714518E-01  4.0741687760112572E-06
  1.1748837170205197E+00  1.5770697651301024E-01  4.1512497319839019E-06
  1.1865887321848210E+00  1.5737750809754961E-01  4.2281909260012070E-06
  1.1984103609152228E+00  1.5703855944276540E-01  4.3047361559360515E-06
  1.2103497649978161E+00  1.5665363768403934E-01  4.3806214506174012E-06
  1.2224081177932191E+00  1.5634341158885542E-01  4.4555803204265725E-06
  1.2345866043518878E+00  1.5606223322027740E-01  4.5293498683086148E-06
  1.2468864215305853E+00  1.5568955045379892E-01  4.6016767174580327E-06
  1.2593087781099996E+00  1.5542676260196611E-01  4.6723217109144139E-06
  1.2718548949135373E+00  1.5509605662800641E-01  4.7410626618749327E-06
  1.2845260049273057E+00  1.5477080031127399E-01  4.8076950091693521E-06
  1.2973233534212854E+00  1.5444602878757760E-01  4.8720308504263464E-06
  1.3102481980717040E+00  1.5410354134840196E-01  4.9338969244660872E-06
  1.3233018090846469E+00  1.5375345518077191E-01  4.9931324106728763E-06
  1.3364854693208816E+00  1.5340700164573656E-01  5.0495873625739347E-06
  1.3498004744219305E+00  1.5305460107653462E-01  5.1031220401981411E-06
  1.3632481329374093E+00  1.5269026772068547E-01  5.1536070341845888E-06
  1.3768297664536213E+00  1.5234397484806436E-01  5.2009248701338027E-06
  1.3905467097234347E+00  1.5197646897575906E-01  5.2449725999601195E-06
  1.4044003107974701E+00  1.5159273105241833E-01  5.2856646725486154E-06
  1.4183919311565654E+00  1.5126840718791093E-01  5.3229354896763929E-06
  1.4325229458455848E+00  1.5092763886758329E-01  5.3567410614150983E-06
  1.4467947436085624E+00  1.5059588143512681E-01  5.3870594185508751E-06
  1.4612087270251632E+00  1.5028604033995432E-01  5.4138898232209401E-06
  1.4757663126485396E+00  1.4999615433452057E-01  5.4372510596251824E-06
  1.4904689311445407E+00  1.4964025418963259E-01  5.4571791689620116E-06
  1.5053180274323057E+00  1.4933138696345369E-01  5.4737251725646424E-06
  1.5203150608262768E+00  1.4901809379837341E-01  5.4869529817393079E-06
  1.5354615051796088E+00  1.4867941258321943E-01  5.4969372915416900E-06
  1.5507588490290107E+00  1.4833663458606414E-01  5.5037617738064913E-06
  1.5662085957410423E+00  1.4798601432122896E-01  5.5075176236428322E-06
  1.5818122636598546E+00  1.4764212484038119E-01  5.5083021623885690E-06
  1.5975713862564027E+00  1.4730509996734972E-01  5.5062175176185643E-06
  1.6134875122791592E+00  1.4694266079776169E-01  5.5013694749910137E-06
  1.6295622059063146E+00  1.4660307598138597E-01  5.4938665956542339E-06
  1.6457970468994940E+00  1.4628495142855910E-01  5.4838196409363272E-06
  1.6621936307590202E+00  1.4594833072982358E-01  5.4713412378691685E-06
  1.6787535688807089E+00  1.4560049586955678E-01  5.4565456810222441E-06
  1.6954784887142234E+00  1.4526259070236827E-01  5.4395486893581968E-06
  1.7123700339230334E+00  1.4492175367764762E-01  5.4204669823735363E-06
  1.7294298645459256E+00  1.4457037566507697E-01  5.3994176218919653E-06
  1.7466596571601576E+00  1.4424524895650370E-01  5.3765170805349524E-06
  1.7640611050462347E+00  1.4388714824194571E-01  5.3518800509990235E-06
  1.7816359183542971E+00  1.4356861037456001E-01  5.3256182184167361E-06
  1.7993858242722072E+00  1.4322589198494878E-01  5.2978391494269935E-06
  1.8173125671952834E+00  1.4290561245199604E-01  5.2686454900085884E-06
  1.8354179088977274E+00  1.4257545513342629E-01  5.2381346435949952E-06
  1.8537036287057762E+00  1.4223999751274502E-01  5.2063989525408071E-06
  1.8721715236725613E+00  1.4193682752410608E-01  5.1735262695325432E-06
  1.8908234087547133E+00  1.4160416840754125E-01  5.1396007724572069E-06
  1.9096611169907372E+00  1.4127207738651698E-01  5.1047037812839353E-06
  1.9286864996811526E+00  1.4092639247882691E-01  5.0689143792213073E-06
  1.9479014265704275E+00  1.4057877785166761E-01  5.0323097728421883E-06
  1.9673077860307404E+00  1.4024625752874137E-01  4.9949653766304155E-06
  1.9869074852475570E+00  1.3990817625923591E-01  4.9569544700997410E-06
  2.0067024504070563E+00  1.3958364564883902E-01  4.9183475604660093E-06
  2.0266946268854396E+00  1.3923444527621337E-01  4.8792115709654364E-06
  2.0468859794401091E+00  1.3888766098159780E-01  4.8396089536281511E-06
  2.0672784924027527E+00  1.3857338836593786E-01  4.7995969435108110E-06
  2.0878741698743664E+00  1.3820794341665410E-01  4.7592271547594761E-06
  2.1086750359222068E+00  1.3790052307041231E-01  4.7185456123471341E-06
  2.1296831347786971E+00  1.3754831244846924E-01  4.6775932135056962E-06
  2.1509005310423532E+00  1.3722735164231423E-01  4.6364065093899367E-06
  2.1723293098806549E+00  1.3691127697753955E-01  4.5950185700805480E-06
  2.1939715772349824E+00  1.3658777722298598E-01  4.5534598106187112E-06
  2.2158294600275932E+00  1.3625949147188909E-01  4.5117588551886352E-06
  2.2379051063706203E+00  1.3591980581658639E-01  4.4699432015590321E-06
  2.2602006857772032E+00  1.3557548974906186E-01  4.4280396790038077E-06
  2.2827183893746943E+00  1.3526999547808186E-01  4.3860748849390963E-06
  2.3054604301199833E+00  1.3496142420728674E-01  4.3440756165286715E-06
  2.3284290430169969E+00  1.3464221295924292E-01  4.3020692514465840E-06
  2.3516264853363356E+00  1.3430494102518972E-01  4.2600840118642013E-06
  2.3750550368371055E+00  1.3398224488052693E-01  4.2181490535987018E-06
  2.3987169999909792E+00  1.3365793612474053E-01  4.1762943618284689E-06
  2.4226147002084653E+00  1.3331756942505099E-01  4.1345504539409993E-06
  2.4467504860674341E+00  1.3299043989674308E-01  4.0929479809116423E-06
  2.4711267295439430E+00  1.3263824649856662E-01  4.0515172936844357E-06
  2.4957458262453374E+00  1.3228733706909063E-01  4.0102879362251759E-06
  2.5206101956456752E+00  1.3196189054946775E-01  3.9692881185081653E-06
  2.5457222813235187E+00  1.3158390283466506E-01  3.9285442855773997E-06
  2.5710845512020710E+00  1.3127202276210967E-01  3.8880806511252824E-06
  2.5966994977917084E+00  1.3093545713700858E-01  3.8479187595137009E-06
  2.6225696384349590E+00  1.3062758544472783E-01  3.8080771320476406E-06
  2.6486975155538661E+00  1.3030258815427992E-01  3.7685710445837342E-06
  2.6750856968998651E+00  1.2997687760335433E-01  3.7294125006052295E-06
  2.7017367758061464E+00  1.2961412587857113E-01  3.6906104171869468E-06
  2.7286533714424834E+00  1.2932184078696218E-01  3.6521710215336788E-06
  2.7558381290726679E+00  1.2898694626455354E-01  3.6140983622191262E-06
  2.7832937203144623E+00  1.2865852644184525E-01  3.5763948266642986E-06
  2.8110228434021498E+00  1.2836002516583173E-01  3.5390616381676334E-06
  2.8390282234517241E+00  1.2801538184547004E-01  3.5020993395357146E-06
  2.8673126127286941E+00  1.2770019978714650E-01  3.4655080672561189E-06
  2.8958787909185588E+00  1.2732575912455707E-01  3.4292876572131922E-06
  2.9247295654000003E+00  1.2702048439164321E-01  3.3934376694723951E-06
  2.9538677715207760E+00  1.2669294194430095E-01  3.3579574047076667E-06
  2.9832962728763568E+00  1.2634147733095447E-01  3.3228459042378247E-06
  3.0130179615913670E+00  1.2598830252751367E-01  3.2881019424732009E-06
  3.0430357586038039E+00  1.2564751612835195E-01  3.2537240209534620E-06
  3.0733526139520877E+00  1.2531130682724950E-01  3.2197103707299412E-06
  3.1039715070649985E+00  1.2497052656381234E-01  3.1860589657330905E-06
  3.1348954470544745E+00  1.2459893837711333E-01  3.1527675447118009E-06
  3.1661274730113238E+00  1.2431358774833960E-01  3.1198336421674919E-06
  3.1976706543039288E+00  1.2398793037646749E-01  3.0872546355932567E-06
  3.2295280908798549E+00  1.2366421252526173E-01  3.0550278060438185E-06
  3.2617029135705140E+00  1.2335430070798421E-01  3.0231503930954162E-06
  3.2941982843988784E+00  1.2297707070334923E-01  2.9916196305561247E-06
  3.3270173968901839E+00  1.2266614598991646E-01  2.9604328022765332E-06
  3.3601634763858197E+00  1.2233806713206101E-01  2.9295873045963277E-06
  3.3936397803602842E+00  1.2198722472830140E-01  2.8990806970994850E-06
  3.4274495987413105E+00  1.2162972356990190E-01  2.8689107323539896E-06
  3.4615962542332102E+00  1.2125764853811799E-01  2.8390753585240477E-06
  3.4960831026434005E+00  1.2092395452274458E-01  2.8095726918788305E-06
  3.5309135332121984E+00  1.2053443058021723E-01  2.7804009723417302E-06
  3.5660909689459168E+00  1.2021484510681781E-01  2.7515585127188717E-06
  3.6016188669532569E+00  1.1986281901613628E-01  2.7230436333010120E-06
  3.6375007187850508E+00  1.1955812352178448E-01  2.6948545995828467E-06
  3.6737400507774169E+00  1.1920775368075352E-01  2.6669895744347144E-06
  3.7103404243983067E+00  1.1889131391602872E-01  2.6394465325530811E-06
  3.7473054365975007E+00  1.1853589630685010E-01  2.6122231930478873E-06
  3.7846387201601259E+00  1.1820705804350118E-01  2.5853169828518327E-06
  3.8223439440636606E+00  1.1783487104837562E-01  2.5587250155376385E-06
  3.8604248138384945E+00  1.1749164210137522E-01  2.5324440908346728E-06
  3.8988850719321353E+00  1.1714350566787021E-01  2.5064707176738058E-06
  3.9377284980769516E+00  1.1677455129667581E-01  2.4808011628823934E-06
  3.9769589096616560E+00  1.1637139144597361E-01  2.4554315151505977E-06
  4.0165801621064885E+00  1.1602872821379802E-01  2.4303577517639020E-06
  4.0565961492420577E+00  1.1567556031729651E-01  2.4055758049428728E-06
  4.0970108036920614E+00  1.1531252273007876E-01  2.3810816237602408E-06
  4.1378280972597485E+00  1.1495865708504983E-01  2.3568712049437387E-06
  4.1790520413182453E+00  1.1459408544991706E-01  2.3329406172049955E-06
  4.2206866872048012E+00  1.1424123622225464E-01  2.3092860233995576E-06
  4.2627361266189263E+00  1.1388685413663924E-01  2.2859036913475528E-06
  4.3052044920244992E+00  1.1352903463281107E-01  2.2627899979504351E-06
  4.3480959570559099E+00  1.1316162935401641E-01  2.2399414273383261E-06
  4.3914147369282226E+00  1.1279349663744499E-01  2.2173545631133594E-06
  4.4351650888514147E+00  1.1242173818607773E-01  2.1950260750587828E-06
  4.4793513124487863E+00  1.1205031270243915E-01  2.1729527023546306E-06
  4.5239777501795011E+00  1.1166973144721400E-01  2.1511312369556275E-06
  4.5690487877653272E+00  1.1128619279596971E-01  2.1295585115002020E-06
  4.6145688546216848E+00  1.1090227687970730E-01  2.1082313970055860E-06
  4.6605424242929345E+00  1.1051316275417084E-01  2.0871468197849569E-06
  4.7069740148920012E+00  1.1012979344681723E-01  2.0663017691917475E-06
  4.7538681895444546E+00  1.0973250018084689E-01  2.0456932768674629E-06
  4.8012295568368870E+00  1.0933852668810855E-01  2.0253184169339570E-06
  4.8490627712698648E+00  1.0896757700223272E-01  2.0051743180112961E-06
  4.8973725337153784E+00  1.0855325479918691E-01  1.9852581776617204E-06
  4.9461635918787659E+00  1.0817755262070468E-01  1.9655672774377420E-06
  4.9954407407653552E+00  1.0778191089297055E-01  1.9460989965733960E-06
  5.0452088231516790E+00  1.0737845549449003E-01  1.9268508217915484E-06
  5.0954727300613865E+00  1.0697457643538537E-01  1.9078203530489723E-06
  5.1462374012459522E+00  1.0658741696546563E-01  1.8890053051909569E-06
  5.1975078256701135E+00  1.0618089204457977E-01  1.8704034998112147E-06
  5.2492890420021592E+00  1.0577752683372757E-01  1.8520128494012305E-06
  5.3015861391091379E+00  1.0536493333312452E-01  1.8338313464711478E-06
  5.3544042565569576E+00  1.0494222315445546E-01  1.8158570655041649E-06
  5.4077485851154732E+00  1.0453116875870168E-01  1.7980881640885902E-06
  5.4616243672686391E+00  1.0411312130888145E-01  1.7805228776313557E-06
  5.5160368977297116E+00  1.0368316358181751E-01  1.7631595097595890E-06
  5.5709915239615748E+00  1.0326154563388414E-01  1.7459964185546713E-06
  5.6264936467023050E+00  1.0282393503884661E-01  1.7290319999179608E-06
  5.6825487204959142E+00  1.0238186887480796E-01  1.7122646705576258E-06
  5.7391622542283853E+00  1.0194826917396545E-01  1.6956928537922879E-06
  5.7963398116691236E+00  1.0150566252712898E-01  1.6793149699246563E-06
  5.8540870120176720E+00  1.0105085530038613E-01  1.6631294331256533E-06
  5.9124095304559763E+00  1.0060448089731085E-01  1.6471346561430554E-06
  5.9713130987061582E+00  1.0015527651891157E-01  1.6313290561604942E-06
  6.0308035055937355E+00  9.9712784894311665E-02  1.6157110544236149E-06
  6.0908865976165831E+00  9.9260876484849186E-02  1.6002790745270911E-06
  6.1515682795194886E+00  9.8790073194764252E-02  1.5850315463732575E-06
  6.2128545148744259E+00  9.8349501805934131E-02  1.5699669131584898E-06
  6.2747513266666726E+00  9.7871391723371656E-02  1.5550836407921267E-06
  6.3372647978867116E+00  9.7399194660622079E-02  1.5403802287158150E-06
  6.4004010721280142E+00  9.6942329079884385E-02  1.5258552200503092E-06
  6.4641663541908629E+00  9.6482283091390356E-02  1.5115072083972529E-06
  6.5285669106921054E+00  9.6002360240052043E-02  1.4973348396424668E-06
  6.5936090706810031E+00  9.5517719707126275E-02  1.4833368076711108E-06
  6.6592992262612594E+00  9.5024611417479921E-02  1.4695118410471443E-06
  6.7256438332191983E+00  9.4539589949436814E-02  1.4558586882106397E-06
  6.7926494116581893E+00  9.4065507723800082E-02  1.4423761033628604E-06
  6.8603225466394662E+00  9.3558208729059775E-02  1.4290628303582378E-06
  6.9286698888292557E+00  9.3062164075606399E-02  1.4159175838921131E-06
  6.9976981551523636E+00  9.2569612630308232E-02  1.4029390286256360E-06
  7.0674141294523318E+00  9.2078900574266598E-02  1.3901257582308191E-06
  7.1378246631581046E+00  9.1564181294890454E-02  1.3774762777357953E-06
  7.2089366759573368E+00  9.1072706399988643E-02  1.3649889941503743E-06
  7.2807571564765121E+00  9.0558409613762519E-02  1.3526622216265120E-06
  7.3532931629676668E+00  9.0031062503157858E-02  1.3404942014267072E-06
  7.4265518240020922E+00  8.9533555432998041E-02  1.3284831362936137E-06
  7.5005403391709482E+00  8.8999397057258275E-02  1.3166272495823742E-06
  7.5752659797927144E+00  8.8474520340584076E-02  1.3049248548458640E-06
  7.6507360896278751E+00  8.7951466578655338E-02  1.2933744222243495E-06
  7.7269580856006037E+00  8.7393846782686829E-02  1.2819746538197816E-06
  7.8039394585276467E+00  8.6914232628022239E-02  1.2707245729166302E-06
  7.8816877738545408E+00  8.6364063156438242E-02  1.2596236262106651E-06
  7.9602106723991000E+00  8.5821862070278629E-02  1.2486717917788282E-06
  8.0395158711022905E+00  8.5296767660140327E-02  1.2378696781352163E-06
  8.1196111637866810E+00  8.4745266152190538E-02  1.2272185958540884E-06
  8.2005044219223659E+00  8.4208821105923426E-02  1.2167205704391010E-06
  8.2822035954005138E+00  8.3648050579675656E-02  1.2063782948126674E-06
  8.3647167133147118E+00  8.3097604272926853E-02  1.1961950322742397E-06
  8.4480518847499901E+00  8.2564771123193867E-02  1.1861744427758083E-06
  8.5322172995797843E+00  8.2004856821474917E-02  1.1763203449610054E-06
  8.6172212292707613E+00  8.1460591535333027E-02  1.1666365513265593E-06
  8.7030720276957609E+00  8.0897276647446906E-02  1.1571267292422578E-06
  8.7897781319547637E+00  8.0340422227967001E-02  1.1477942738857395E-06
  8.8773480632040265E+00  7.9791263299143184E-02  1.1386421849030438E-06
  8.9657904274935625E+00  7.9235915071814877E-02  1.1296729386760602E-06
  9.0551139166128909E+00  7.8678465555445512E-02  1.1208883639562097E-06
  9.1453273089452054E+00  7.8125483042243732E-02  1.1122895373616100E-06
  9.2364394703301276E+00  7.7572204155506641E-02  1.1038767321552012E-06
  9.3284593549349868E+00  7.7023072486245056E-02  1.0956494379551440E-06
  9.4213960061348043E+00  7.6474426300386755E-02  1.0876064428763749E-06
  9.5152585574010242E+00  7.5930178698433839E-02  1.0797459824932473E-06
  9.6100562331991544E+00  7.5387965446537114E-02  1.0720659977841256E-06
  9.7057983498953053E+00  7.4839218673643196E-02  1.0645643265756759E-06
  9.8024943166717158E+00  7.4306038099016494E-02  1.0572388224764664E-06
  9.9001536364515346E+00  7.3763919075930440E-02  1.0500874399387355E-06
  9.9987859068326852E+00  7.3227639541704734E-02  1.0431082994795470E-06
  1.0098400821031060E+01  7.2700310841994784E-02  1.0362997446166138E-06
  1.0199008168833195E+01  7.2164627658350008E-02  1.0296603940363790E-06
  1.0300617837558333E+01  7.1607475445041480E-02  1.0231891843179937E-06
  1.0403239813030130E+01  7.1095101649833500E-02  1.0168853935303947E-06
  1.0506884180557984E+01  7.0539188007208542E-02  1.0107486315704284E-06
  1.0611561125928255E+01  7.0027645481551909E-02  1.0047787944774981E-06
  1.0717280936405237E+01  6.9496423896419385E-02  9.9897598359061374E-07
  1.0824054001742132E+01  6.8964521991584760E-02  9.9334036886379233E-07
  1.0931890815202186E+01  6.8441311305753108E-02  9.8787204609208363E-07
  1.1040801974589879E+01  6.7896744747219157E-02  9.8257092496934843E-07
  1.1150798183292423E+01  6.7383468806941113E-02  9.7743661293688683E-07
  1.1261890251331705E+01  6.6877883637800006E-02  9.7246826947918411E-07
  1.1374089096426619E+01  6.6363326064348152E-02  9.6766442607445820E-07
  1.1487405745066038E+01  6.5850950113414464E-02  9.6302277685840348E-07
  1.1601851333592410E+01  6.5344478642989992E-02  9.5853995921215022E-07
  1.1717437109296272E+01  6.4838656609821452E-02  9.5421135684479150E-07
  1.1834174431521554E+01  6.4343230966110138E-02  9.5003099219700715E-07
  1.1952074772781891E+01  6.3845021001562002E-02  9.4599153325509055E-07
  1.2071149719888181E+01  6.3350578148200110E-02  9.4208441690626168E-07
  1.2191410975087257E+01  6.2833711768075992E-02  9.3830016934605114E-07
  1.2312870357211896E+01  6.2363564957698681E-02  9.3462887020136168E-07
  1.2435539802842412E+01  6.1870923520627556E-02  9.3106047190755572E-07
  1.2559431367479686E+01  6.1376588277561359E-02  9.2758506528523141E-07
  1.2684557226729961E+01  6.0884043134586827E-02  9.2419317517037379E-07
  1.2810929677501372E+01  6.0389552085158768E-02  9.2087610438208394E-07
  1.2938561139212503E+01  5.9884745882415213E-02  9.1762633051261600E-07
  1.3067464155012898E+01  5.9388200414499701E-02  9.1443794148148621E-07
  1.3197651393015706E+01  5.8896738239571929E-02  9.1130706868975648E-07
  1.3329135647542740E+01  5.8401913996164574E-02  9.0823220931987510E-07
  1.3461929840381821E+01  5.7900780048022293E-02  9.0521435900456045E-07
  1.3596047022056627E+01  5.7399520119517926E-02  9.0225693777089388E-07
  1.3731500373109352E+01  5.6897395228487760E-02  8.9936544275675164E-07
  1.3868303205395984E+01  5.6398251876081988E-02  8.9654668964172410E-07
  1.4006468963394516E+01  5.5879284242534591E-02  8.9380823834418310E-07
  1.4146011225526291E+01  5.5381421506185066E-02  8.9115799587795561E-07
  1.4286943705490394E+01  5.4895958554445720E-02  8.8860387700735737E-07
  1.4429280253611406E+01  5.4391176503580052E-02  8.8615350058139481E-07
  1.4573034858200506E+01  5.3892760322826742E-02  8.8381387801772814E-07
  1.4718221646930282E+01  5.3396691125752765E-02  8.8159107828440157E-07
  1.4864854888223094E+01  5.2928085150118744E-02  8.7948988856768134E-07
  1.5012948992653291E+01  5.2445032463206954E-02  8.7751352558828969E-07
  1.5162518514363498E+01  5.1966275073037707E-02  8.7566347923651374E-07
  1.5313578152494925E+01  5.1493988710099615E-02  8.7393951757661884E-07
  1.5466142752631873E+01  5.1025201090189813E-02  8.7233987554771280E-07
  1.5620227308260816E+01  5.0561502860547662E-02  8.7086181169241032E-07
  1.5775846962243827E+01  5.0104819645731574E-02  8.6950219202451558E-07
  1.5933017008306807E+01  4.9648721923094573E-02  8.6825781368220762E-07
  1.6091752892542427E+01  4.9199533653310173E-02  8.6712551234035831E-07
  1.6252070214928203E+01  4.8754105377009818E-02  8.6610224344975177E-07
  1.6413984730859575E+01  4.8315908850358517E-02  8.6518516602742160E-07
  1.6577512352698207E+01  4.7880172705352733E-02  8.6437171414074800E-07
  1.6742669151335939E+01  4.7446222858544468E-02  8.6365964873181893E-07
  1.6909471357774081E+01  4.7020031845804305E-02  8.6304708474697024E-07
  1.7077935364718510E+01  4.6591487442466606E-02  8.6253247567775422E-07
  1.7248077728190790E+01  4.6153139951520969E-02  8.6211454094030037E-07
  1.7419915169155150E+01  4.5747764301540469E-02  8.6179212583376107E-07
  1.7593464575161804E+01  4.5320486885170909E-02  8.6156395619280423E-07
  1.7768743002006534E+01  4.4906715880815212E-02  8.6142830283706092E-07
  1.7945767675406959E+01  4.4494578865591508E-02  8.6138276570483112E-07
  1.8124555992695385E+01  4.4080283798657194E-02  8.6142448259516442E-07
  1.8305125524528467E+01  4.3669191145029360E-02  8.6155033487456319E-07
  1.8487494016614122E+01  4.3255451087893346E-02  8.6175698343823777E-07
  1.8671679391455452E+01  4.2846313392799124E-02  8.6204090813869012E-07
  1.8857699750112037E+01  4.2440371625295410E-02  8.6239846990882310E-07
  1.9045573373978954E+01  4.2017439743643401E-02  8.6282599604238456E-07
  1.9235318726583341E+01  4.1632361281121376E-02  8.6331987522678730E-07
  1.9426954455398960E+01  4.1228306496893796E-02  8.6387665717365258E-07
  1.9620499393678703E+01  4.0832748167610879E-02  8.6449315939609347E-07
  1.9815972562305603E+01  4.0433165012534779E-02  8.6516658256498040E-07
  2.0013393171662056E+01  4.0036586042943433E-02  8.6589463911972363E-07
  2.0212780623517698E+01  3.9638786823155241E-02  8.6667571757604932E-07
  2.0414154512936246E+01  3.9248992213890450E-02  8.6750872584056188E-07
  2.0617534630201192E+01  3.8861048614645344E-02  8.6839277241330206E-07
  2.0822940962760633E+01  3.8471104876497755E-02  8.6932709991644997E-07
  2.1030393697191698E+01  3.8069795994252656E-02  8.7031106143602689E-07
  2.1239913221184327E+01  3.7702780299023644E-02  8.7134409261911850E-07
  2.1451520125544945E+01  3.7323716433813742E-02  8.7242567730965912E-07
  2.1665235206219954E+01  3.6943994918822186E-02  8.7355530967265774E-07
  2.1881079466339614E+01  3.6557004024117337E-02  8.7473245595259057E-07
  2.2099074118282104E+01  3.6193554045770446E-02  8.7595651544662510E-07
  2.2319240585758109E+01  3.5823942757004491E-02  8.7722677490357671E-07
  2.2541600505916399E+01  3.5443790319947890E-02  8.7854235397436809E-07
  2.2766175731470202E+01  3.5090180063781402E-02  8.7990210236454883E-07
  2.2992988332844718E+01  3.4727589307946435E-02  8.8130461205869222E-07
  2.3222060600346254E+01  3.4355024178144275E-02  8.8274842506455518E-07
  2.3453415046352760E+01  3.3994983704623977E-02  8.8423210637544041E-07
  2.3687074407526300E+01  3.3653396155536364E-02  8.8575425256508693E-07
  2.3923061647047433E+01  3.3298527442522055E-02  8.8731350136304935E-07
  2.4161399956872089E+01  3.2953410510141112E-02  8.8890854250634628E-07
  2.4402112760010713E+01  3.2604992467555036E-02  8.9053812875089187E-07
  2.4645223712830138E+01  3.2260149243607941E-02  8.9220108301380295E-07
  2.4890756707378578E+01  3.1918288266538440E-02  8.9389629893269566E-07
  2.5138735873733566E+01  3.1576730483132781E-02  8.9562273592781473E-07
  2.5389185582373326E+01  3.1240121936097057E-02  8.9737940790357613E-07
  2.5642130446571933E+01  3.0905582049921644E-02  8.9916538693765776E-07
  2.5897595324818131E+01  3.0573034719232287E-02  9.0097982217829557E-07
  2.6155605323258378E+01  3.0244817954416588E-02  9.0282190789623467E-07
  2.6416185798164083E+01  2.9913702918259049E-02  9.0469085372140606E-07
  2.6679362358423688E+01  2.9593301694750319E-02  9.0658587925707318E-07
  2.6945160868059329E+01  2.9264199498812829E-02  9.0850621108830175E-07
  2.7213607448768592E+01  2.8952133995079364E-02  9.1045108098762200E-07
  2.7484728482491782E+01  2.8633318155943509E-02  9.1241972534352694E-07
  2.7758550614004605E+01  2.8306713780065228E-02  9.1441138565414162E-07
  2.8035100753536618E+01  2.8009536208819300E-02  9.1642531034961501E-07
  2.8314406079416027E+01  2.7683630590150256E-02  9.1846075725670405E-07
  2.8596494040740570E+01  2.7391156842199216E-02  9.2051699343493737E-07
  2.8881392360075157E+01  2.7082472390668060E-02  9.2259328568892595E-07
  2.9169129036176251E+01  2.6777577455039274E-02  9.2468887907442838E-07
  2.9459732346743628E+01  2.6479633357854408E-02  9.2680300842041810E-07
  2.9753230851199341E+01  2.6171397789819223E-02  9.2893493010811718E-07
  3.0049653393494332E+01  2.5873051128303584E-02  9.3108392850236254E-07
  3.0349029104943291E+01  2.5590411598153031E-02  9.3324931959560899E-07
  3.0651387407087487E+01  2.5288641393808587E-02  9.3543045547111614E-07
  3.0956758014586107E+01  2.5013548355470632E-02  9.3762672890751417E-07
  3.1265170938136713E+01  2.4722161875002754E-02  9.3983757759111976E-07
  3.1576656487424426E+01  2.4431883456754750E-02  9.4206248633869652E-07
  3.1891245274100733E+01  2.4153945806319254E-02  9.4430098605085192E-07
  3.2208968214791760E+01  2.3875655933602122E-02  9.4655264831993264E-07
  3.2529856534136826E+01  2.3609883408880976E-02  9.4881707161393849E-07
  3.2853941767856995E+01  2.3336013035256720E-02  9.5109387181037684E-07
  3.3181255765854196E+01  2.3066181699834345E-02  9.5338267969152533E-07
  3.3511830695341501E+01  2.2796929090862294E-02  9.5568313671296461E-07
  3.3845699044004320E+01  2.2527012675996792E-02  9.5799489084983225E-07
  3.4182893623193038E+01  2.2271953332675128E-02  9.6031759352511756E-07
  3.4523447571147820E+01  2.2011283435320543E-02  9.6265089680756320E-07
  3.4867394356255190E+01  2.1755288937859357E-02  9.6499445048167530E-07
  3.5214767780337219E+01  2.1500891102174739E-02  9.6734789921181334E-07
  3.5565601981973330E+01  2.1241037223590359E-02  9.6971088074473517E-07
  3.5919931439855496E+01  2.0992463584358079E-02  9.7208302571165010E-07
  3.6277790976176590E+01  2.0748128151583931E-02  9.7446395881375712E-07
  3.6639215760052494E+01  2.0501956405837289E-02  9.7685330148788677E-07
  3.7004241310978557E+01  2.0268103132275065E-02  9.7925067113168841E-07
  3.7372903502320256E+01  2.0028626754534675E-02  9.8165567669675130E-07
  3.7745238564838573E+01  1.9784140867012617E-02  9.8406792483831945E-07
  3.8121283090250820E+01  1.9551662834640254E-02  9.8648702680466367E-07
  3.8501074034826630E+01  1.9327022816209679E-02  9.8891260153051457E-07
  3.8884648723019936E+01  1.9090756447647940E-02  9.9134427934583883E-07
  3.9272044851136918E+01  1.8871944837553237E-02  9.9378170553699002E-07
  3.9663300491040893E+01  1.8648339587559112E-02  9.9622454352076144E-07
  4.0058454093893808E+01  1.8426896887348079E-02  9.9867247772424035E-07
  4.0457544493934861E+01  1.8207569281949408E-02  1.0011252156944994E-06
  4.0860610912297339E+01  1.7992073872750106E-02  1.0035824889557134E-06
  4.1267692960862924E+01  1.7778514404898617E-02  1.0060440507608214E-06
  4.1678830646154495E+01  1.7566545830914548E-02  1.0085096702039879E-06
  4.2094064373268118E+01  1.7357113204577689E-02  1.0109791310006763E-06
  4.2513434949843671E+01  1.7150076872404212E-02  1.0134522238699388E-06
  4.2936983590075414E+01  1.6945394955276232E-02  1.0159287389125708E-06
  4.3364751918762167E+01  1.6743071642553939E-02  1.0184084665797842E-06
  4.3796781975398282E+01  1.6543111905804649E-02  1.0208912014195714E-06
  4.4233116218305042E+01  1.6345225505064283E-02  1.0233767477107126E-06
  4.4673797528803171E+01  1.6149288710817743E-02  1.0258649267795848E-06
  4.5118869215427274E+01  1.5955774827183279E-02  1.0283555854746808E-06
  4.5568375018181946E+01  1.5763569201795079E-02  1.0308486049881445E-06
  4.6022359112840242E+01  1.5574400698941903E-02  1.0333439089994950E-06
  4.6480866115285359E+01  1.5387234262167857E-02  1.0358414682662228E-06
  4.6943941085895169E+01  1.5201324518385514E-02  1.0383412940814267E-06
  4.7411629533970640E+01  1.5018149807165104E-02  1.0408434280638805E-06
  4.7883977422208176E+01  1.4837141976219872E-02  1.0433479316718468E-06
  4.8361031171216908E+01  1.4658308074690197E-02  1.0458548808367436E-06
  4.8842837664080619E+01  1.4479377505642918E-02  1.0483643652585685E-06
  4.9329444250965111E+01  1.4304919246276271E-02  1.0508764897900343E-06
  4.9820898753771843E+01  1.4131691726331750E-02  1.0533913769171768E-06
  5.0317249470837602E+01  1.3960226529954977E-02  1.0559091686270787E-06
  5.0818545181680904E+01  1.3790794430664558E-02  1.0584300280738841E-06
  5.1324835151796186E+01  1.3622856349837413E-02  1.0609541417414360E-06
  5.1836169137495254E+01  1.3452953289098740E-02  1.0634817221416235E-06
  5.2352597390797030E+01  1.3293767718766792E-02  1.0660130110016398E-06
  5.2874170664366439E+01  1.3131187539388403E-02  1.0685482804744558E-06
  5.3400940216501937E+01  1.2970998471000136E-02  1.0710878352858345E-06
  5.3932957816173200E+01  1.2812541641860666E-02  1.0736320117587689E-06
  5.4470275748108449E+01  1.2651607045145192E-02  1.0761811609886215E-06
  5.5012946817933219E+01  1.2496421475979619E-02  1.0787356404035318E-06
  5.5561024357359663E+01  1.2343253199745764E-02  1.0812958134794487E-06
  5.6114562229427719E+01  1.2196375970235599E-02  1.0838620500838432E-06
  5.6673614833798815E+01  1.2046772869096037E-02  1.0864347250619032E-06
  5.7238237112101956E+01  1.1898760491870889E-02  1.0890142146032115E-06
  5.7808484553332988E+01  1.1752325798303898E-02  1.0916008919261488E-06
  5.8384413199308220E+01  1.1607660902545541E-02  1.0941951230175652E-06
  5.8966079650171736E+01  1.1465065195588105E-02  1.0967972629379245E-06
  5.9553541069958023E+01  1.1319279422935761E-02  1.0994076547937250E-06
  6.0146855192209536E+01  1.1183431184008157E-02  1.1020266321872873E-06
  6.0746080325650958E+01  1.1042466152600133E-02  1.1046545213326555E-06
  6.1351275359919356E+01  1.0905983500048164E-02  1.1072916403809195E-06
  6.1962499771351446E+01  1.0773884770095122E-02  1.1099382997593103E-06
  6.2579813628829086E+01  1.0640315055545496E-02  1.1125948048712411E-06
  6.3203277599682465E+01  1.0508595186400835E-02  1.1152614597813076E-06
  6.3832952955652047E+01  1.0378193186158900E-02  1.1179385696954960E-06
  6.4468901578910490E+01  1.0249338788383886E-02  1.1206264397467572E-06
  6.5111185968144000E+01  1.0122103991367416E-02  1.1233253721331254E-06
  6.5759869244694556E+01  9.9965649151334858E-03  1.1260356634398521E-06
  6.6415015158762998E+01  9.8717512904791527E-03  1.1287576029023510E-06
  6.7076688095674569E+01  9.7486953004361394E-03  1.1314914730601448E-06
  6.7744953082206223E+01  9.6237655485267720E-03  1.1342375544305650E-06
  6.8419875792977081E+01  9.5070228479634013E-03  1.1369961292749875E-06
  6.9101522556903021E+01  9.3883157500155301E-03  1.1397674633579855E-06
  6.9789960363715139E+01  9.2675739699631526E-03  1.1425517772877633E-06
  7.0485256870542898E+01  9.1549503342919537E-03  1.1453492345232247E-06
  7.1187480408563786E+01  9.0396826495789378E-03  1.1481599286379670E-06
  7.1896699989718314E+01  8.9239658377257992E-03  1.1509838647132909E-06
  7.2612985313492345E+01  8.8154672674559936E-03  1.1538209347497478E-06
  7.3336406773766683E+01  8.7036569475356859E-03  1.1566708874175085E-06
  7.4067035465735543E+01  8.5919439314264753E-03  1.1595332958551630E-06
  7.4804943192893319E+01  8.4868478199568529E-03  1.1624075277550005E-06
  7.5550202474090881E+01  8.3800140154359336E-03  1.1652927251871624E-06
  7.6302886550662961E+01  8.2740708071060501E-03  1.1681878271298409E-06
  7.7063069393625852E+01  8.1695644623549779E-03  1.1710916129330610E-06
  7.7830825710946712E+01  8.0662937016869572E-03  1.1740027327708132E-06
  7.8606230954886030E+01  7.9611179322954251E-03  1.1769197341750103E-06
  7.9389361329412566E+01  7.8612715707803878E-03  1.1798410875551975E-06
  8.0180293797692528E+01  7.7633395473992953E-03  1.1827652140314721E-06
  8.0979106089652859E+01  7.6642607972595041E-03  1.1856905209100137E-06
  8.1785876709620780E+01  7.5669197891430227E-03  1.1886154490374484E-06
  8.2600684944038719E+01  7.4706044759054596E-03  1.1915385331175305E-06
  8.3423610869255683E+01  7.3749429540220998E-03  1.1944584685419010E-06
  8.4254735359398012E+01  7.2805115954377728E-03  1.1973741775862620E-06
  8.5094140094316927E+01  7.1849634070092804E-03  1.2002848645243728E-06
  8.5941907567614493E+01  7.0922883585727639E-03  1.2031900126332566E-06
  8.6798121094752986E+01  7.0032210741701141E-03  1.2060893079563710E-06
  8.7662864821241442E+01  6.9125987684685950E-03  1.2089825755789974E-06
  8.8536223730905192E+01  6.8210444650903751E-03  1.2118696885017770E-06
  8.9418283654237939E+01  6.7320279091139627E-03  1.2147504875105354E-06
  9.0309131276837491E+01  6.6462055633504484E-03  1.2176247178538958E-06
  9.1208854147923802E+01  6.5590591754668675E-03  1.2204919484437845E-06
  9.2117540688943521E+01  6.4710359003820580E-03  1.2233514793614358E-06
  9.3035280202260324E+01  6.3872571633741115E-03  1.2262022448345855E-06
  9.3962162879929991E+01  6.3017785948780922E-03  1.2290427065510368E-06
  9.4898279812564851E+01  6.2185236715773867E-03  1.2318707459054537E-06
  9.5843722998286353E+01  6.1336696902556361E-03  1.2346835737033478E-06
  9.6798585351765055E+01  6.0511116312640329E-03  1.2374777159881486E-06
  9.7762960713352697E+01  5.9710808744176582E-03  1.2402491936007224E-06
  9.8736943858304912E+01  5.8885511980579621E-03  1.2429936923743290E-06
  9.9720630506094281E+01  5.8092411076627985E-03  1.2457066851220627E-06
  1.0071411732981787E+02  5.7304393937898891E-03  1.2483835279769302E-06
  1.0171750196569853E+02  5.6510863955148332E-03  1.2510195449316756E-06
  1.0273088302267895E+02  5.5733004967752978E-03  1.2536101228788564E-06
  1.0375436009211329E+02  5.4966811107076607E-03  1.2561508138026759E-06
  1.0478803375755516E+02  5.4186670892123895E-03  1.2586374106988859E-06
  1.0583200560464142E+02  5.3430873035576242E-03  1.2610660124189303E-06
  1.0688637823107631E+02  5.2682493512595475E-03  1.2634330814176716E-06
  1.0795125525671487E+02  5.1957053042591943E-03  1.2657354794686594E-06
  1.0902674133374521E+02  5.1218416412853116E-03  1.2679704556965201E-06
  1.1011294215697382E+02  5.0496814622912212E-03  1.2701354649367621E-06
  1.1120996447421366E+02  4.9777555452044679E-03  1.2722279488297224E-06
  1.1231791609677356E+02  4.9066991949579062E-03  1.2742452136180164E-06
  1.1343690591005414E+02  4.8357635801659750E-03  1.2761843267827824E-06
  1.1456704388424943E+02  4.7656351944920725E-03  1.2780420101242100E-06
  1.1570844108515293E+02  4.6957600953496121E-03  1.2798145078201469E-06
  1.1686120968507339E+02  4.6258628910071401E-03  1.2814974247821923E-06
  1.1802546297385926E+02  4.5571299395517108E-03  1.2830856772290026E-06
  1.1920131537003206E+02  4.4898220972581044E-03  1.2845735682288850E-06
  1.2038888243202943E+02  4.4222843916722548E-03  1.2859549118071060E-06
  1.2158828086956458E+02  4.3549030505708212E-03  1.2872231922047675E-06
  1.2279962855509474E+02  4.2874382801472077E-03  1.2883717575305299E-06
  1.2402304453540367E+02  4.2211443641543807E-03  1.2893940557194052E-06
  1.2525864904330415E+02  4.1547986717777961E-03  1.2902838728921742E-06
  1.2650656350945252E+02  4.0888373301807132E-03  1.2910354662568639E-06
  1.2776691057428091E+02  4.0228885536533485E-03  1.2916436620388661E-06
  1.2903981410005295E+02  3.9578373328637111E-03  1.2921039436629182E-06
  1.3032539918303470E+02  3.8929547225008813E-03  1.2924125546693552E-06
  1.3162379216578844E+02  3.8281417144429230E-03  1.2925666573084364E-06
  1.3293512064958949E+02  3.7651564448454994E-03  1.2925644155129836E-06
  1.3425951350696749E+02  3.7007791904095865E-03  1.2924049040027178E-06
  1.3559710089436959E+02  3.6388500966482210E-03  1.2920879374321131E-06
  1.3694801426495286E+02  3.5764163042146047E-03  1.2916138601360969E-06
  1.3831238638150353E+02  3.5137229662039401E-03  1.2909833016784604E-06
  1.3969035132948309E+02  3.4528254277371279E-03  1.2901969180670600E-06
  1.4108204453020630E+02  3.3922532063262361E-03  1.2892551574854326E-06
  1.4248760275415080E+02  3.3317420937934560E-03  1.2881581337476619E-06
  1.4390716413439685E+02  3.2721696791316425E-03  1.2869056541401703E-06
  1.4534086818020327E+02  3.2129164598611215E-03  1.2854972608608134E-06
  1.4678885579071866E+02  3.1534625542253979E-03  1.2839321962529442E-06
  1.4825126926882697E+02  3.0955407197175485E-03  1.2822093278612221E-06
  1.4972825233513316E+02  3.0383524968789059E-03  1.2803270752352127E-06
  1.5121995014208855E+02  2.9811669223616787E-03  1.2782834197580316E-06
  1.5272650928825391E+02  2.9245922349385662E-03  1.2760759682532813E-06
  1.5424807783270776E+02  2.8679838708449870E-03  1.2737020371579139E-06
  1.5578480530959786E+02  2.8125512467598156E-03  1.2711587534303001E-06
  1.5733684274283493E+02  2.7579793398845170E-03  1.2684431653287926E-06
  1.5890434266093587E+02  2.7034553301173931E-03  1.2655523544873135E-06
  1.6048745911201448E+02  2.6492535359346815E-03  1.2624835005834122E-06
  1.6208634767891897E+02  2.5958511659278797E-03  1.2592339066344483E-06
  1.6370116549452277E+02  2.5429738731895992E-03  1.2558010541200486E-06
  1.6533207125716834E+02  2.4908631482659831E-03  1.2521826462607136E-06
  1.6697922524626108E+02  2.4391106616246162E-03  1.2483766541145496E-06
  1.6864278933802240E+02  2.3878948597511138E-03  1.2443813767580097E-06
  1.7032292702139887E+02  2.3370577744698832E-03  1.2401954659511265E-06
  1.7201980341412778E+02  2.2872389646827374E-03  1.2358179126558822E-06
  1.7373358527896480E+02  2.2377506957564240E-03  1.2312480200885131E-06
  1.7546444104007429E+02  2.1888644950432711E-03  1.2264853671050770E-06
  1.7721254079957913E+02  2.1405725709036476E-03  1.2215297609281495E-06
  1.7897805635427875E+02  2.0926552813822514E-03  1.2163811651582028E-06
  1.8076116121253338E+02  2.0453720537830992E-03  1.2110396181651668E-06
  1.8256203061131569E+02  1.9991550396480165E-03  1.2055051963370919E-06
  1.8438084153342956E+02  1.9534753226302954E-03  1.1997780232777751E-06
  1.8621777272490786E+02  1.9080483429315465E-03  1.1938582737019191E-06
  1.8807300471257687E+02  1.8632616790588839E-03  1.1877461637760318E-06
  1.8994671982179523E+02  1.8196147430513628E-03  1.1814419395196446E-06
  1.9183910219437698E+02  1.7761819017118364E-03  1.1749458853029435E-06
  1.9375033780668599E+02  1.7334241322790366E-03  1.1682583612471997E-06
  1.9568061448791067E+02  1.6912860874120047E-03  1.1613798542420555E-06
  1.9763012193852788E+02  1.6496546526697431E-03  1.1543110390155859E-06
  1.9959905174894311E+02  1.6089400116678775E-03  1.1470528467734150E-06
  2.0158759741831915E+02  1.5683993688548809E-03  1.1396065350754088E-06
  2.0359595437359286E+02  1.5292162217902768E-03  1.1319737343396032E-06
  2.0562431998868266E+02  1.4901396161083370E-03  1.1241564326731421E-06
  2.0767289360388293E+02  1.4518252712437799E-03  1.1161568872699257E-06
  2.0974187654545591E+02  1.4140190401090965E-03  1.1079775889675406E-06
  2.1183147214541830E+02  1.3771665460271766E-03  1.0996212835725304E-06
  2.1394188576152183E+02  1.3407624042655719E-03  1.0910910172943606E-06
  2.1607332479743587E+02  1.3050166373312743E-03  1.0823901690996177E-06
  2.1822599872313197E+02  1.2699489548775979E-03  1.0735224061928634E-06
  2.2040011909546703E+02  1.2353973905852855E-03  1.0644915920002689E-06
  2.2259589957897566E+02  1.2017999330871600E-03  1.0553016734701883E-06
  2.2481355596686967E+02  1.1686506039317007E-03  1.0459565534677501E-06
  2.2705330620224274E+02  1.1359896983994329E-03  1.0364599677400346E-06
  2.2931537039949046E+02  1.1042845155200042E-03  1.0268154139752146E-06
  2.3159997086594373E+02  1.0731049623026328E-03  1.0170261697129558E-06
  2.3390733212371345E+02  1.0427421081295560E-03  1.0070954070548954E-06
  2.3623768093175718E+02  1.0126612066214207E-03  9.9702625986948441E-07
  2.3859124630816567E+02  9.8363079160859734E-04  9.8682182378903077E-07
  2.4096825955266692E+02  9.5500470823961601E-04  9.7648513726905882E-07
  2.4336895426935897E+02  9.2689280640847159E-04  9.6601916015933790E-07
  2.4579356638966911E+02  8.9972888445340638E-04  9.5542680936444984E-07
  2.4824233419553750E+02  8.7295639566652161E-04  9.4471104718344318E-07
  2.5071549834283582E+02  8.4684419567059032E-04  9.3387499192227889E-07
  2.5321330188501989E+02  8.2133283271490108E-04  9.2292204438568312E-07
  2.5573599029701290E+02  7.9636633653040528E-04  9.1185601688287918E-07
  2.5828381149933131E+02  7.7211013907614405E-04  9.0068122186225442E-07
  2.6085701588245104E+02  7.4835851576903953E-04  8.8940247794597624E-07
  2.6345585633141195E+02  7.2510951618586189E-04  8.7802499218968278E-07
  2.6608058825067189E+02  7.0258418526190729E-04  8.6655417077785087E-07
  2.6873146958920807E+02  6.8063950755872999E-04  8.5499555925471155E-07
  2.7140876086586672E+02  6.5906510423762322E-04  8.4335484366905781E-07
  2.7411272519496214E+02  6.3824049914886795E-04  8.3163786148783933E-07
  2.7684362831214128E+02  6.1785263757984429E-04  8.1985059614295260E-07
  2.7960173860049576E+02  5.9801066969893189E-04  8.0799914194007040E-07
  2.8238732711693444E+02  5.7869760396327000E-04  7.9608965556735574E-07
  2.8520066761882839E+02  5.5988644354533273E-04  7.8412830045359154E-07
  2.8804203659091172E+02  5.4161092215595206E-04  7.7212118899456076E-07
  2.9091171327244939E+02  5.2382963141561626E-04  7.6007433924994875E-07
  2.9380997968468768E+02  5.0652545492595375E-04  7.4799367877627713E-07
  2.9673712065856523E+02  4.8973652634916244E-04  7.3588509883895137E-07
  2.9969342386270517E+02  4.7337281211928865E-04  7.2375449005646717E-07
  3.0267917983168707E+02  4.5750893019680904E-04  7.1160771995439251E-07
  3.0569468199460135E+02  4.4208407738792867E-04  6.9945062181199602E-07
  3.0874022670388308E+02  4.2712667154127479E-04  6.8728898284804157E-07
  3.1181611326443783E+02  4.1259549386821681E-04  6.7512853552048117E-07
  3.1492264396305848E+02  3.9848104441259031E-04  6.6297496330018029E-07
  3.1806012409812877E+02  3.8476184192683777E-04  6.5083391507279398E-07
  3.2122886200962915E+02  3.7155338151709369E-04  6.3871102341992102E-07
  3.2442916910944092E+02  3.5866125994185919E-04  6.2661192481760016E-07
  3.2766135991194682E+02  3.4616580580180755E-04  6.1454227389081474E-07
  3.3092575206494240E+02  3.3408115184794515E-04  6.0250773303705965E-07
  3.3422266638085540E+02  3.2235337295956134E-04  5.9051392800256092E-07
  3.3755242686826949E+02  3.1098820667959612E-04  5.7856640444482608E-07
  3.4091536076376923E+02  2.9998263988513892E-04  5.6667063460764259E-07
  3.4431179856410131E+02  2.8932915093414046E-04  5.5483201783037738E-07
  3.4774207405865076E+02  2.7897979553267739E-04  5.4305587466224652E-07
  3.5120652436224634E+02  2.6903303126165284E-04  5.3134744064501446E-07
  3.5470548994829323E+02  2.5935142122165630E-04  5.1971185729329087E-07
  3.5823931468222918E+02  2.4995848618721846E-04  5.0815416084720056E-07
  3.6180834585532045E+02  2.4094897765544756E-04  4.9667927007922153E-07
  3.6541293421879448E+02  2.3216051135515784E-04  4.8529197383148135E-07
  3.6905343401830623E+02  2.2369421157145383E-04  4.7399692199605800E-07
  3.7273020302875415E+02  2.1550935001815914E-04  4.6279862938082330E-07
  3.7644360258944312E+02  2.0759928048620795E-04  4.5170150539700202E-07
  3.8019399763959149E+02  1.9996857818089253E-04  4.4070988217198943E-07
  3.8398175675419765E+02  1.9255427760108746E-04  4.2982797655884973E-07
  3.8780725218026492E+02  1.8541723958248835E-04  4.1905986119036787E-07
  3.9167085987337998E+02  1.7850476147880895E-04  4.0840945938398083E-07
  3.9557295953466229E+02  1.7183748786819180E-04  3.9788054044630686E-07
  3.9951393464808194E+02  1.6540677731365078E-04  3.8747671569320670E-07
  4.0349417251814577E+02  1.5917251699982789E-04  3.7720143597615691E-07
  4.0751406430795481E+02  1.5319330265502337E-04  3.6705798997743564E-07
  4.1157400507765601E+02  1.4738957496580061E-04  3.5704950287907173E-07
  4.1567439382326245E+02  1.4178940651842398E-04  3.4717893476486658E-07
  4.1981563351586010E+02  1.3639928640847701E-04  3.3744907684416291E-07
  4.2399813114122048E+02  1.3119335941759013E-04  3.2786254212705413E-07
  4.2822229773979268E+02  1.2616855690799684E-04  3.1842175404899273E-07
  4.3248854844709365E+02  1.2131835623646416E-04  3.0912895773227236E-07
  4.3679730253451669E+02  1.1665180073493523E-04  2.9998623430140918E-07
  4.4114898345052950E+02  1.1213598067858093E-04  2.9099550082534147E-07
  4.4554401886228879E+02  1.0778831785995239E-04  2.8215850814313334E-07
  4.4998284069767107E+02  1.0360040276753438E-04  2.7347683894863842E-07
  4.5446588518772387E+02  9.9568562461690890E-05  2.6495190827334032E-07
  4.5899359290953157E+02  9.5663749777127383E-05  2.5658496550751636E-07
  4.6356640882951621E+02  9.1911850970946698E-05  2.4837709708477874E-07
  4.6818478234716997E+02  8.8302007650891648E-05  2.4032922977857791E-07
  4.7284916733921511E+02  8.4811447128966351E-05  2.3244213478841937E-07
  4.7756002220421186E+02  8.1454493975521372E-05  2.2471643287868873E-07
  4.8231780990761126E+02  7.8223568483018119E-05  2.1715259997829398E-07
  4.8712299802724760E+02  7.5108509093855708E-05  2.0975096684609808E-07
  4.9197605879929341E+02  7.2109480049702433E-05  2.0251171529996325E-07
  4.9687746916467205E+02  6.9217696051416400E-05  1.9543487920723602E-07
  5.0182771081592358E+02  6.6436699534635905E-05  1.8852034690197233E-07
  5.0682727024454675E+02  6.3758208919705519E-05  1.8176786383514817E-07
  5.1187663878881284E+02  6.1182332882269721E-05  1.7517703480487672E-07
  5.1697631268204634E+02  5.8697378224547802E-05  1.6874732587065496E-07
  5.2212679310139572E+02  5.6310915757672141E-05  1.6247806625839493E-07
  5.2732858621709113E+02  5.4010837001854869E-05  1.5636845027740758E-07
  5.3258220324218166E+02  5.1799239920128479E-05  1.5041753922179890E-07
  5.3788816048277943E+02  4.9671554164478289E-05  1.4462426348888054E-07
  5.4324697938880308E+02  4.7621574061826473E-05  1.3898742464638768E-07
  5.4865918660521811E+02  4.5653077914769598E-05  1.3350570162838940E-07
  5.5412531402379545E+02  4.3757539709684931E-05  1.2817766205296726E-07
  5.5964589883538883E+02  4.1937550071804101E-05  1.2300176875642942E-07
  5.6522148358271988E+02  4.0184126012767543E-05  1.1797638388442921E-07
  5.7085261621370148E+02  3.8497234621066167E-05  1.1309977287123771E-07
  5.7653985013529120E+02  3.6876730677979219E-05  1.0837010858426854E-07
  5.8228374426787093E+02  3.5319024609231128E-05  1.0378547579284597E-07
  5.8808486310017929E+02  3.3821381057532384E-05  9.9343875793240971E-08
  5.9394377674479108E+02  3.2382070408888243E-05  9.5043231105375190E-08
  5.9986106099413837E+02  3.0997788654941586E-05  9.0881390241278596E-08
  6.0583729737710132E+02  2.9669252732584420E-05  8.6856132579352969E-08
  6.1187307321616083E+02  2.8390888119111128E-05  8.2965173387990503E-08
  6.1796898168511723E+02  2.7163807579310219E-05  7.9206168733178711E-08
  6.2412562186737648E+02  2.5984940609511460E-05  7.5576720655834707E-08
  6.3034359881484102E+02  2.4850776864933315E-05  7.2074382203396046E-08
  6.3662352360736463E+02  2.3761728146848496E-05  6.8696661980771400E-08
  6.4296601341279927E+02  2.2717755926901207E-05  6.5441028645378046E-08
  6.4937169154766275E+02  2.1712713590328972E-05  6.2304915358134368E-08
  6.5584118753839005E+02  2.0749946041417365E-05  5.9285724164138644E-08
  6.6237513718319110E+02  1.9824603215084279E-05  5.6380830309464353E-08
  6.6897418261455118E+02  1.8936388015980545E-05  5.3587586491611223E-08
  6.7563897236232901E+02  1.8082323789283668E-05  5.0903327025620170E-08
  6.8237016141748882E+02  1.7263846566289479E-05  4.8325371883828892E-08
  6.8916841129647435E+02  1.6477427371158168E-05  4.5851030549113005E-08
  6.9603439010622401E+02  1.5724646219388389E-05  4.3477605669440357E-08
  7.0296877260982126E+02  1.5001088401192483E-05  4.1202397472254350E-08
  7.0997224029281313E+02  1.4307494162427941E-05  3.9022708515539017E-08
  7.1704548143018712E+02  1.3641693616822128E-05  3.6935847490433633E-08
  7.2418919115400445E+02  1.3002718340782599E-05  3.4939132751849772E-08
  7.3140407152171906E+02  1.2391057095234714E-05  3.3029895732684626E-08
  7.3869083158517822E+02  1.1803388200663706E-05  3.1205484205719093E-08
  7.4605018746029566E+02  1.1241020220460961E-05  2.9463265395091837E-08
  7.5348286239743436E+02  1.0701301398189402E-05  2.7800628949021970E-08
  7.6098958685248874E+02  1.0184382927713741E-05  2.6214989773948099E-08
  7.6857109855866247E+02  9.6889062079245228E-06  2.4703790738080525E-08
  7.7622814259897393E+02  9.2139814204880444E-06  2.3264505276459502E-08
  7.8396147147948625E+02  8.7594340127887957E-06  2.1894639906798741E-08
  7.9177184520325022E+02  8.3237343957284271E-06  2.0591736655582357E-08
  7.9966003134500033E+02  7.9067380047719607E-06  1.9353375349124285E-08
  8.0762680512659267E+02  7.5075559936062264E-06  1.8177175669291445E-08
  8.1567294949318273E+02  7.1250900370129790E-06  1.7060799024744703E-08
  8.2379925519017411E+02  6.7593916496922264E-06  1.6001950268529827E-08
  8.3200652084093520E+02  6.4096318372742055E-06  1.4998379278488245E-08
  8.4029555302527569E+02  6.0747661822248231E-06  1.4047882409079146E-08
  8.4866716635871853E+02  5.7546611808585292E-06  1.3148303805511876E-08
  8.5712218357256245E+02  5.4487531156790524E-06  1.2297536577283491E-08
  8.6566143559472550E+02  5.1562810567929787E-06  1.1493523828447837E-08
  8.7428576163141872E+02  4.8769132273942079E-06  1.0734259534466223E-08
  8.8299600924960907E+02  4.6100833546621186E-06  1.0017789242821754E-08
  8.9179303446031895E+02  4.3552966819965823E-06  9.3422106358652952E-09
  9.0067770180275852E+02  4.1121443077692574E-06  8.7056741431133871E-09
  9.0965088442927834E+02  3.8801678618867113E-06  8.1063834035853330E-09
  9.1871346419118390E+02  3.6588778398799711E-06  7.5425954986934982E-09
  9.2786633172540792E+02  3.4479611172522872E-06  7.0126210660506536E-09
  9.3711038654202673E+02  3.2469807170226897E-06  6.5148243018528558E-09
  9.4644653711266653E+02  3.0555250862076060E-06  6.0476228503528160E-09
  9.5587570095979015E+02  2.8733567948790335E-06  5.6094875883135086E-09
  9.6539880474685731E+02  2.6999238780363633E-06  5.1989423115900334E-09
  9.7501678436939767E+02  2.5350710504661001E-06  4.8145633292415520E-09
  9.8473058504699520E+02  2.3783503972311700E-06  4.4549789721909794E-09
  9.9454116141616714E+02  2.2294937833143348E-06  4.1188690261275170E-09
  1.0044494776241892E+03  2.0881814970038924E-06  3.8049640952950125E-09
  1.0144565074238543E+03  1.9541653538554828E-06  3.5120448821189477E-09
  1.0245632342691572E+03  1.8270838040079055E-06  3.2389413866407031E-09
  1.0347706514119502E+03  1.7067021331037898E-06  2.9845320550172541E-09
  1.0450797619995635E+03  1.5927435449668549E-06  2.7477428710433680E-09
  1.0554915791733758E+03  1.4849818671213400E-06  2.5275463933802188E-09
  1.0660071261683991E+03  1.3831122746770982E-06  2.3229607461975684E-09
  1.0766274364138228E+03  1.2869208680044308E-06  2.1330485679143694E-09
  1.0873535536345823E+03  1.1961683228656435E-06  1.9569159214844041E-09
  1.0981865319539402E+03  1.1106225367574414E-06  1.7937111706540997E-09
  1.1091274359970657E+03  1.0300796915673137E-06  1.6426238266552290E-09
  1.1201773409956718E+03  9.5429909278573466E-07  1.5028833697916653E-09
  1.1313373328936887E+03  8.8307667225042766E-07  1.3737580482879417E-09
  1.1426085084539757E+03  8.1621536767906003E-07  1.2545536680401883E-09
  1.1539919753661118E+03  7.5352311386577837E-07  1.1446123800769827E-09
  1.1654888523552638E+03  6.9479699363012210E-07  1.0433114470014823E-09
  1.1771002692921147E+03  6.3984958937635674E-07  9.5006200074125965E-10
  1.1888273673039121E+03  5.8850726122417980E-07  8.6430780087441966E-10
  1.2006712988866202E+03  5.4059383282557414E-07  7.8552399657877926E-10
  1.2126332280181684E+03  4.9593160332202357E-07  7.1321589522087135E-10
  1.2247143302728500E+03  4.5435671805173990E-07  6.4691774087525039E-10
  1.2369157929368614E+03  4.1571138065208576E-07  5.8619150570658016E-10
  1.2492388151249686E+03  3.7983904296867912E-07  5.3062569680372369E-10
  1.2616846078983594E+03  3.4658472477045207E-07  4.7983418072287489E-10
  1.2742543943836699E+03  3.1580233558475047E-07  4.3345502788344055E-10
  1.2869494098931709E+03  2.8735119592930513E-07  3.9114937864096791E-10
  1.2997709020461896E+03  2.6109240508955818E-07  3.5260033287316980E-10
  1.3127201308917049E+03  2.3689159841005227E-07  3.1751186700170575E-10
  1.3257983690321860E+03  2.1462033902487671E-07  2.8560777892982319E-10
  1.3390069017486680E+03  1.9415450482377939E-07  2.5663066120396791E-10
  1.3523470271270492E+03  1.7537379970162810E-07  2.3034090364766669E-10
  1.3658200561856690E+03  1.5816278193246055E-07  2.0651572665446559E-10
  1.3794273130041588E+03  1.4241165604486772E-07  1.8494824580173579E-10
  1.3931701348535514E+03  1.2801625340632191E-07  1.6544656831798254E-10
  1.4070498723277108E+03  1.1487797319598475E-07  1.4783292188863522E-10
  1.4210678894760720E+03  1.0290394023827749E-07  1.3194281616409165E-10
  1.4352255639376788E+03  9.2007145280220119E-08  1.1762423726424687E-10
  1.4495242870765803E+03  8.2106353123572026E-08  1.0473687528425999E-10
  1.4639654641185787E+03  7.3125776363020769E-08  9.3151385526487342E-11
  1.4785505142893116E+03  6.4994643790487525E-08  8.2748681864485792E-11
  1.4932808709537371E+03  5.7646761107737978E-08  7.3419261440275408E-11
  1.5081579817570093E+03  5.1020105614977961E-08  6.5062561413572139E-11
  1.5231833087667287E+03  4.5056477231246010E-08  5.7586347385524562E-11
  1.5383583286166381E+03  3.9701217741992086E-08  5.0906132864893623E-11
  1.5536845326517496E+03  3.4902997747095044E-08  4.4944629121724673E-11
  1.5691634270748884E+03  3.0613658523632700E-08  3.9631224720849439E-11
  1.5847965330947395E+03  2.6788092832872672E-08  3.4901493950905842E-11
  1.6005853870753265E+03  2.3384149636000450E-08  3.0696733307207172E-11
  1.6165315406870075E+03  2.0362549676169164E-08  2.6963525131339488E-11
  1.6326365610589787E+03  1.7686802124562506E-08  2.3653327510733494E-11
  1.6489020309332661E+03  1.5323115766168410E-08  2.0722089389170165E-11