 #p(MeV) \t \delta f_\\nu \t \delta f_\\nubar
  4.0153710234268447E-02  2.6826319100666152E-01  1.6386502336325950E-05
  4.0553749642753024E-02  2.6776659991643337E-01  1.6249874209807050E-05
  4.0957774524246350E-02  2.6734029110598362E-01  1.6114214221038757E-05
  4.1365824584824337E-02  2.6702706365662832E-01  1.5979520161375392E-05
  4.1777939926142572E-02  2.6668535824171746E-01  1.5845790301794660E-05
  4.2194161049377531E-02  2.6614845420166039E-01  1.5713023275171819E-05
  4.2614528859206739E-02  2.6561117346943436E-01  1.5581217933813952E-05
  4.3039084667828784E-02  2.6506207479473565E-01  1.5450373358340710E-05
  4.3467870199023408E-02  2.6461053173908150E-01  1.5320488943928425E-05
  4.3900927592251809E-02  2.6416859509226098E-01  1.5191564071148462E-05
  4.4338299406798114E-02  2.6372882792701824E-01  1.5063597432640305E-05
  4.4780028625951818E-02  2.6324611392607722E-01  1.4936586441491091E-05
  4.5226158661232072E-02  2.6279301408142758E-01  1.4810526964259566E-05
  4.5676733356654078E-02  2.6230145558135626E-01  1.4685413364016672E-05
  4.6131796993037752E-02  2.6183306717241045E-01  1.4561238720653879E-05
  4.6591394292359686E-02  2.6142443558838480E-01  1.4437995108019641E-05
  4.7055570422148085E-02  2.6097615748590430E-01  1.4315673855153181E-05
  4.7524370999921697E-02  2.6057085061539048E-01  1.4194265750009758E-05
  4.7997842097673084E-02  2.6012462161854316E-01  1.4073761274858658E-05
  4.8476030246396178E-02  2.5968758335544689E-01  1.3954150764962735E-05
  4.8958982440659382E-02  2.5925023077492371E-01  1.3835424207487111E-05
  4.9446746143223863E-02  2.5876794510781759E-01  1.3717571143132198E-05
  4.9939369289708088E-02  2.5825041374367463E-01  1.3600581025844445E-05
  5.0436900293298843E-02  2.5773202845278770E-01  1.3484443803889915E-05
  5.0939388049508878E-02  2.5725220684838901E-01  1.3369150381139689E-05
  5.1446881940982472E-02  2.5683936907015381E-01  1.3254692811525028E-05
  5.1959431842348303E-02  2.5642316168098239E-01  1.3141064267469405E-05
  5.2477088125121078E-02  2.5601887343437280E-01  1.3028258886329168E-05
  5.2999901662651921E-02  2.5551521670915794E-01  1.2916271578272330E-05
  5.3527923835127847E-02  2.5498544717828631E-01  1.2805097851429847E-05
  5.4061206534621382E-02  2.5451116619853087E-01  1.2694733624508938E-05
  5.4599802170190212E-02  2.5400741334932836E-01  1.2585175005753874E-05
  5.5143763673027771E-02  2.5355835815964667E-01  1.2476418369855661E-05
  5.5693144501665251E-02  2.5312744350580174E-01  1.2368460643462609E-05
  5.6247998647225052E-02  2.5268953972309199E-01  1.2261299365343219E-05
  5.6808380638727146E-02  2.5222537244065374E-01  1.2154932444463851E-05
  5.7374345548447697E-02  2.5184628318597019E-01  1.2049357808442698E-05
  5.7945948997331520E-02  2.5141825433999276E-01  1.1944573128182316E-05
  5.8523247160458342E-02  2.5098447818659780E-01  1.1840575684341550E-05
  5.9106296772563335E-02  2.5051784883178763E-01  1.1737362346865367E-05
  5.9695155133612864E-02  2.5002462133822384E-01  1.1634929618622468E-05
  6.0289880114435812E-02  2.4957735207652881E-01  1.1533273701170943E-05
  6.0890530162410708E-02  2.4913079201151817E-01  1.1432390563178270E-05
  6.1497164307209980E-02  2.4862148192060898E-01  1.1332276021969239E-05
  6.2109842166600877E-02  2.4819076826369371E-01  1.1232925787373317E-05
  6.2728623952304774E-02  2.4774346646579518E-01  1.1134335519243606E-05
  6.3353570475914320E-02  2.4727624668012091E-01  1.1036501040697356E-05
  6.3984743154869905E-02  2.4684964802461679E-01  1.0939418656033657E-05
  6.4622204018495569E-02  2.4640454640958076E-01  1.0843085407627310E-05
  6.5266015714094905E-02  2.4594119651617879E-01  1.0747499172369428E-05
  6.5916241513107834E-02  2.4546031177735064E-01  1.0652658604834307E-05
  6.6572945317328783E-02  2.4501728060958947E-01  1.0558562992926065E-05
  6.7236191665186587E-02  2.4459914020573398E-01  1.0465212088797753E-05
  6.7906045738087228E-02  2.4419941403887713E-01  1.0372605953656555E-05
  6.8582573366819430E-02  2.4374484083098252E-01  1.0280744831860041E-05
  6.9265841038024509E-02  2.4332378195708534E-01  1.0189629066396200E-05
  6.9955915900730234E-02  2.4284402284674556E-01  1.0099259008080914E-05
  7.0652865772950019E-02  2.4234057218224403E-01  1.0009634738056227E-05
  7.1356759148347979E-02  2.4185859708335564E-01  9.9207555602858589E-06
  7.2067665202970047E-02  2.4138704087926993E-01  9.8326194660842719E-06
  7.2785653802042397E-02  2.4105553829177950E-01  9.7452228108603405E-06
  7.3510795506837645E-02  2.4061965694797335E-01  9.6585602918103566E-06
  7.4243161581609166E-02  2.4016535996552935E-01  9.5726251602832811E-06
  7.4982824000594930E-02  2.3963760460405703E-01  9.4874095435017023E-06
  7.5729855455090506E-02  2.3919930638639944E-01  9.4029047731881646E-06
  7.6484329360593309E-02  2.3866441199354541E-01  9.3191016666624850E-06
  7.7246319864017310E-02  2.3825853919877202E-01  9.2359907462665421E-06
  7.8015901850979952E-02  2.3781424521109204E-01  9.1535624051083870E-06
  7.8793150953161833E-02  2.3734032324158841E-01  9.0718070669555465E-06
  7.9578143555739278E-02  2.3692424864454087E-01  8.9907155063320652E-06
  8.0370956804891230E-02  2.3651538439644670E-01  8.9102793293232446E-06
  8.1171668615381137E-02  2.3614368010769085E-01  8.8304913913310647E-06
  8.1980357678213725E-02  2.3568733512710513E-01  8.7513459715862675E-06
  8.2797103468368827E-02  2.3524420895303508E-01  8.6728386845365576E-06
  8.3621986252611594E-02  2.3477698396360991E-01  8.5949662254584071E-06
  8.4455087097381129E-02  2.3432878044157854E-01  8.5177260665052061E-06
  8.5296487876757088E-02  2.3389329271520173E-01  8.4411161821262223E-06
  8.6146271280506087E-02  2.3342530159092162E-01  8.3651348363337610E-06
  8.7004520822208345E-02  2.3301985481741885E-01  8.2897804320441999E-06
  8.7871320847464698E-02  2.3257714282311318E-01  8.2150514025706105E-06
  8.8746756542186042E-02  2.3213749495496633E-01  8.1409461016927185E-06
  8.9630913940965146E-02  2.3166197933450192E-01  8.0674625625740891E-06
  9.0523879935531529E-02  2.3121330185756994E-01  7.9945981388556671E-06
  9.1425742283291214E-02  2.3075312539374759E-01  7.9223492796927146E-06
  9.2336589615950787E-02  2.3031798614288113E-01  7.8507115859184845E-06
  9.3256511448228288E-02  2.2989341251617362E-01  7.7796800868128723E-06
  9.4185598186649941E-02  2.2948796402190677E-01  7.7092495806106952E-06
  9.5123941138435142E-02  2.2910355724272494E-01  7.6394149124928478E-06
  9.6071632520470004E-02  2.2866982902625582E-01  7.5701711450872120E-06
  9.7028765468369721E-02  2.2822644568219119E-01  7.5015136319506209E-06
  9.7995434045631782E-02  2.2776100318800083E-01  7.4334380253088452E-06
  9.8971733252880320E-02  2.2725885448680067E-01  7.3659402538109632E-06
  9.9957759037202082E-02  2.2679255950037616E-01  7.2990165075457626E-06
  1.0095360830157617E-01  2.2630358484051999E-01  7.2326633167438158E-06
  1.0195937891439684E-01  2.2588525733628925E-01  7.1668777321796456E-06
  1.0297516971909217E-01  2.2547254174812029E-01  7.1016573824090694E-06
  1.0400108054383753E-01  2.2503239138330805E-01  7.0370002567989162E-06
  1.0503721221136658E-01  2.2468490876940225E-01  6.9729042943079036E-06
  1.0608366654887993E-01  2.2425015887368341E-01  6.9093669635155695E-06
  1.0714054639805190E-01  2.2382673546439724E-01  6.8463849846796787E-06
  1.0820795562513774E-01  2.2339946346927034E-01  6.7839542329036857E-06
  1.0928599913118124E-01  2.2295978930067745E-01  6.7220697809946187E-06
  1.1037478286232373E-01  2.2249772937992904E-01  6.6607260212568084E-06
  1.1147441382021650E-01  2.2203846092284757E-01  6.5999168127639590E-06
  1.1258500007253608E-01  2.2163789328607941E-01  6.5396356161977573E-06
  1.1370665076360512E-01  2.2120434417050025E-01  6.4798755624778118E-06
  1.1483947612511841E-01  2.2074997952779352E-01  6.4206294323979683E-06
  1.1598358748697611E-01  2.2028744011865709E-01  6.3618897123049369E-06
  1.1713909728822511E-01  2.1984630156466711E-01  6.3036488841057215E-06
  1.1830611908810866E-01  2.1944461583236860E-01  6.2458998978917984E-06
  1.1948476757722686E-01  2.1901710437129746E-01  6.1886366483378792E-06
  1.2067515858880810E-01  2.1863845610597224E-01  6.1318542868790306E-06
  1.2187740911009243E-01  2.1823919546066142E-01  6.0755493067858361E-06
  1.2309163729382880E-01  2.1781723474767764E-01  6.0197194475145192E-06
  1.2431796246988673E-01  2.1732572957558186E-01  5.9643634973037300E-06
  1.2555650515698363E-01  2.1680339495252907E-01  5.9094810633506991E-06
  1.2680738707452868E-01  2.1631252207752696E-01  5.8550723555371348E-06
  1.2807073115458517E-01  2.1586764097634245E-01  5.8011380232934823E-06
  1.2934666155395194E-01  2.1547810029872350E-01  5.7476790929735907E-06
  1.3063530366636469E-01  2.1512347560547904E-01  5.6946969331945784E-06
  1.3193678413481949E-01  2.1475494051790878E-01  5.6421930977335557E-06
  1.3325123086401877E-01  2.1434868365858353E-01  5.5901690083270653E-06
  1.3457877303294122E-01  2.1393347707765858E-01  5.5386255675716938E-06
  1.3591954110753696E-01  2.1345169381633688E-01  5.4875628353437367E-06
  1.3727366685354950E-01  2.1299093372155523E-01  5.4369798652107332E-06
  1.3864128334946516E-01  2.1258285787369113E-01  5.3868747007783777E-06
  1.4002252499959117E-01  2.1216265547992572E-01  5.3372444824179562E-06
  1.4141752754726472E-01  2.1173129340206626E-01  5.2880856075449092E-06
  1.4282642808819354E-01  2.1130977005812904E-01  5.2393938998093334E-06
  1.4424936508392860E-01  2.1086378943818213E-01  5.1911647554016390E-06
  1.4568647837547194E-01  2.1044189720294859E-01  5.1433932097130323E-06
  1.4713790919701994E-01  2.1005211717208946E-01  5.0960739045444774E-06
  1.4860380018984282E-01  2.0962679055830705E-01  5.0492010519738105E-06
  1.5008429541630303E-01  2.0920528158809173E-01  5.0027684931530992E-06
  1.5157954037401355E-01  2.0875412752984845E-01  4.9567698707462224E-06
  1.5308968201013651E-01  2.0829815394794010E-01  4.9111988612372214E-06
  1.5461486873582445E-01  2.0790075815964354E-01  4.8660493812733053E-06
  1.5615525044080597E-01  2.0746859993888872E-01  4.8213157191859414E-06
  1.5771097850811641E-01  2.0704005086551608E-01  4.7769925875456701E-06
  1.5928220582897473E-01  2.0662066451320690E-01  4.7330751144059937E-06
  1.6086908681780940E-01  2.0619022012293090E-01  4.6895587996809985E-06
  1.6247177742743404E-01  2.0580364839239251E-01  4.6464394590153146E-06
  1.6409043516437313E-01  2.0542262615709919E-01  4.6037131899933316E-06
  1.6572521910434160E-01  2.0500028344514673E-01  4.5613764070962896E-06
  1.6737628990787831E-01  2.0455394347900666E-01  4.5194259115405256E-06
  1.6904380983613509E-01  2.0410002573368380E-01  4.4778589146486686E-06
  1.7072794276682288E-01  2.0364332425960488E-01  4.4366729684080814E-06
  1.7242885421031726E-01  2.0321727200549214E-01  4.3958658173970023E-06
  1.7414671132592449E-01  2.0277630321331316E-01  4.3554352288731336E-06
  1.7588168293830869E-01  2.0236234679171355E-01  4.3153788550037382E-06
  1.7763393955408369E-01  2.0196989278689756E-01  4.2756941495694639E-06
  1.7940365337856998E-01  2.0156272363785252E-01  4.2363783389435970E-06
  1.8119099833271782E-01  2.0118505884661719E-01  4.1974284321414304E-06
  1.8299615007020004E-01  2.0077927968614870E-01  4.1588412516011060E-06
  1.8481928599467451E-01  2.0039686154124170E-01  4.1206134700631979E-06
  1.8666058527721885E-01  1.9999635428823889E-01  4.0827416289920820E-06
  1.8852022887393824E-01  1.9955897026549105E-01  4.0452221462472857E-06
  1.9039839954374951E-01  1.9912599507685699E-01  4.0080513564560137E-06
  1.9229528186634218E-01  1.9866109661191808E-01  3.9712256104920877E-06
  1.9421106226031770E-01  1.9822596878571960E-01  3.9347414198348850E-06
  1.9614592900151040E-01  1.9778393809774991E-01  3.8985956003822384E-06
  1.9810007224149068E-01  1.9738381259754595E-01  3.8627853696132360E-06
  2.0007368402625186E-01  1.9698974719400764E-01  3.8273083813294979E-06
  2.0206695831508409E-01  1.9655816618758681E-01  3.7921627046760840E-06
  2.0408009099963617E-01  1.9615586003315227E-01  3.7573467663714397E-06
  2.0611327992316691E-01  1.9570160903758477E-01  3.7228592783012569E-06
  2.0816672489998772E-01  1.9528835811590786E-01  3.6886991630880486E-06
  2.1024062773510077E-01  1.9484502907025025E-01  3.6548654888588263E-06
  2.1233519224403122E-01  1.9442751829080906E-01  3.6213574255376739E-06
  2.1445062427285699E-01  1.9406214673849012E-01  3.5881742239188363E-06
  2.1658713171843902E-01  1.9371376216492067E-01  3.5553152087757223E-06
  2.1874492454885278E-01  1.9331855435075601E-01  3.5227797712610953E-06
  2.2092421482402252E-01  1.9293825954637717E-01  3.4905673522357011E-06
  2.2312521671656230E-01  1.9250861041188846E-01  3.4586774226898584E-06
  2.2534814653282384E-01  1.9207903638117152E-01  3.4271094639308006E-06
  2.2759322273415467E-01  1.9163472903965376E-01  3.3958629492321524E-06
  2.2986066595836671E-01  1.9120326619558170E-01  3.3649373302907833E-06
  2.3215069904142099E-01  1.9077667934968107E-01  3.3343320285447228E-06
  2.3446354703932665E-01  1.9035833504007302E-01  3.3040464298877742E-06
  2.3679943725025818E-01  1.8994849594951826E-01  3.2740798805029389E-06
  2.3915859923689381E-01  1.8953253014541552E-01  3.2444317194647329E-06
  2.4154126484897656E-01  1.8912656841259756E-01  3.2151014634338776E-06
  2.4394766824609868E-01  1.8874375778939223E-01  3.1860892299586555E-06
  2.4637804592071444E-01  1.8834706740875568E-01  3.1573963569348440E-06
  2.4883263672138192E-01  1.8793244400246806E-01  3.1290260589410942E-06
  2.5131168187623615E-01  1.8754347587598358E-01  3.1009839247858265E-06
  2.5381542501669518E-01  1.8713567180357613E-01  3.0732781253012350E-06
  2.5634411220140468E-01  1.8672458531654376E-01  3.0459193129065151E-06
  2.5889799194041918E-01  1.8629828835737564E-01  3.0189202871156598E-06
  2.6147731521962386E-01  1.8589577613465658E-01  2.9922955383840907E-06
  2.6408233552540167E-01  1.8547609803216031E-01  2.9660607719387225E-06
  2.6671330886954486E-01  1.8506597392778656E-01  2.9402324790088350E-06
  2.6937049381441397E-01  1.8460688761864491E-01  2.9148275790007647E-06
  2.7205415149834938E-01  1.8422803250874323E-01  2.8898630706773910E-06
  2.7476454566133474E-01  1.8384158000569864E-01  2.8653556218620110E-06
  2.7750194267091655E-01  1.8343875341166269E-01  2.8413210803915126E-06
  2.8026661154838051E-01  1.8304459374491269E-01  2.8177739529249285E-06
  2.8305882399519200E-01  1.8266776565757353E-01  2.7947269533680819E-06
  2.8587885441969652E-01  1.8227117883311902E-01  2.7721907507840645E-06
  2.8872697996408775E-01  1.8186908578153493E-01  2.7501739427776216E-06
  2.9160348053164409E-01  1.8140380133152648E-01  2.7286832240007983E-06
  2.9450863881423706E-01  1.8100795235132597E-01  2.7077236821387292E-06
  2.9744274032011231E-01  1.8059735905341329E-01  2.6872991437208429E-06
  3.0040607340194875E-01  1.8016089428603110E-01  2.6674125049785354E-06
  3.0339892928519724E-01  1.7979501749411100E-01  2.6480660258372946E-06
  3.0642160209670061E-01  1.7937426205676257E-01  2.6292617405073999E-06
  3.0947438889359896E-01  1.7903281801919416E-01  2.6110022723638255E-06
  3.1255758969252434E-01  1.7865349843367845E-01  2.5932921971122282E-06
  3.1567150749908490E-01  1.7823807965139224E-01  2.5761398306969582E-06
  3.1881644833764272E-01  1.7787022249025608E-01  2.5595590891366126E-06
  3.2199272128138906E-01  1.7745435926821315E-01  2.5435709535515189E-06
  3.2520063848271946E-01  1.7706215485563329E-01  2.5282042180793289E-06
  3.2844051520390993E-01  1.7667668541261861E-01  2.5134954492559671E-06
  3.3171266984810027E-01  1.7627606003963545E-01  2.4994883086055632E-06
  3.3501742399058593E-01  1.7587903391866086E-01  2.4862325122046701E-06
  3.3835510241042094E-01  1.7546816901720833E-01  2.4737826991406227E-06
  3.4172603312233507E-01  1.7510956070324538E-01  2.4621974133076806E-06
  3.4513054740897164E-01  1.7474710249381117E-01  2.4515382323098988E-06
  3.4856897985344387E-01  1.7437310916666057E-01  2.4418688426193112E-06
  3.5204166837221590E-01  1.7400154184766406E-01  2.4332539011350582E-06
  3.5554895424831279E-01  1.7364876993646955E-01  2.4257576318528930E-06
  3.5909118216486080E-01  1.7328166703843204E-01  2.4194422516136281E-06
  3.6266870023896053E-01  1.7294444192117425E-01  2.4143665815762288E-06
  3.6628186005589913E-01  1.7259420035209083E-01  2.4105852123372669E-06
  3.6993101670370354E-01  1.7224775888406080E-01  2.4081483445595012E-06
  3.7361652880803586E-01  1.7188005895789099E-01  2.4071022930536544E-06
  3.7733875856743837E-01  1.7152527353588404E-01  2.4074904841304024E-06
  3.8109807178892968E-01  1.7114171845859158E-01  2.4093547153952077E-06
  3.8489483792395413E-01  1.7076813750477093E-01  2.4127364756706227E-06
  3.8872943010469013E-01  1.7039031192950069E-01  2.4176781411262964E-06
  3.9260222518072035E-01  1.7002051026301732E-01  2.4242238852324374E-06
  3.9651360375606770E-01  1.6964160668816822E-01  2.4324200995197089E-06
  4.0046395022659870E-01  1.6933800091023327E-01  2.4423152474968431E-06
  4.0445365281780071E-01  1.6902040436453480E-01  2.4539592599886440E-06
  4.0848310362293622E-01  1.6872749270241200E-01  2.4674026890567756E-06
  4.1255269864157573E-01  1.6841888757377196E-01  2.4826958124208407E-06
  4.1666283781851371E-01  1.6812585342602832E-01  2.4998880149449719E-06
  4.2081392508307647E-01  1.6777371787979645E-01  2.5190276203239327E-06
  4.2500636838881728E-01  1.6746929112563252E-01  2.5401621783766612E-06
  4.2924057975360752E-01  1.6710982106589112E-01  2.5633390961486425E-06
  4.3351697530013050E-01  1.6680698642471783E-01  2.5886064524859536E-06
  4.3783597529677565E-01  1.6647340512852585E-01  2.6160138293223131E-06
  4.4219800419893923E-01  1.6613291957687265E-01  2.6456129450915037E-06
  4.4660349069074107E-01  1.6581923354937220E-01  2.6774577296146936E-06
  4.5105286772715270E-01  1.6550366483688728E-01  2.7116034828961394E-06
  4.5554657257654468E-01  1.6520185284919733E-01  2.7481049599249760E-06
  4.6008504686366497E-01  1.6487314364692801E-01  2.7870135005181830E-06
  4.6466873661303404E-01  1.6456307077439300E-01  2.8283734649316852E-06
  4.6929809229278097E-01  1.6426660722663064E-01  2.8722185785789407E-06
  4.7397356885891739E-01  1.6394977029185195E-01  2.9185688191394097E-06
  4.7869562580004205E-01  1.6362066447625551E-01  2.9674282372803501E-06
  4.8346472718250316E-01  1.6332004183550938E-01  3.0187837957351437E-06
  4.8828134169600329E-01  1.6300687532640695E-01  3.0726050387192948E-06
  4.9314594269965878E-01  1.6266124554552988E-01  3.1288442247466260E-06
  4.9805900826852290E-01  1.6234129037491907E-01  3.1874366160386823E-06
  5.0302102124056758E-01  1.6200679049720612E-01  3.2483008709312588E-06
  5.0803246926413381E-01  1.6170522815370311E-01  3.3113394752895778E-06
  5.1309384484585840E-01  1.6138559048930204E-01  3.3764394055814128E-06
  5.1820564539907477E-01  1.6107568167837244E-01  3.4434733854614026E-06
  5.2336837329269503E-01  1.6076771730361514E-01  3.5123015505444039E-06
  5.2858253590058413E-01  1.6045496422127375E-01  3.5827731827755952E-06
  5.3384864565142098E-01  1.6009485153463207E-01  3.6547283266493248E-06
  5.3916722007905671E-01  1.5980078503920592E-01  3.7279988771429506E-06
  5.4453878187337912E-01  1.5943338394928686E-01  3.8024088611262838E-06
  5.4996385893167898E-01  1.5908085150342680E-01  3.8777738661722681E-06
  5.5544298441052775E-01  1.5874112717359296E-01  3.9538997924751893E-06
  5.6097669677818018E-01  1.5838975730955146E-01  4.0305812935863067E-06
  5.6656553986748615E-01  1.5804649840153029E-01  4.1076002829754807E-06
  5.7221006292933940E-01  1.5770699942001146E-01  4.1847251120273621E-06
  5.7791082068665944E-01  1.5737753105707053E-01  4.2617109384365522E-06
  5.8366837338890054E-01  1.5703858245604832E-01  4.3383015936630733E-06
  5.8948328686711682E-01  1.5665366075482121E-01  4.4142331405193874E-06
  5.9535613258956821E-01  1.5634343471274381E-01  4.4892391248333409E-06
  6.0128748771788021E-01  1.5606225639598545E-01  4.5630566948839155E-06
  6.0727793516376893E-01  1.5568957368826042E-01  4.6354325352843884E-06
  6.1332806364632519E-01  1.5542678588849848E-01  4.7061275609931958E-06
  6.1943846774987077E-01  1.5509607997205882E-01  4.7749196624058230E-06
  6.2560974798239477E-01  1.5477082371336959E-01  4.8416043586462542E-06
  6.3184251083456799E-01  1.5444605224863728E-01  4.9059938304578365E-06
  6.3813736883934435E-01  1.5410356487065310E-01  4.9679149018086887E-06
  6.4449494063216273E-01  1.5375347876581755E-01  5.0272068387281319E-06
  6.5091585101174132E-01  1.5340702529447553E-01  5.0837197833514022E-06
  6.5740073100147955E-01  1.5305462479058898E-01  5.1373140856009674E-06
  6.6395021791147646E-01  1.5269029150215924E-01  5.1878604274799988E-06
  6.7056495540116046E-01  1.5234399869706483E-01  5.2352414278431755E-06
  6.7724559354254421E-01  1.5197649289517556E-01  5.2793542379906759E-06
  6.8399278888411796E-01  1.5159275504488853E-01  5.3201134229315650E-06
  6.9080720451536426E-01  1.5126843125092293E-01  5.3574535202917723E-06
  6.9768951013192770E-01  1.5092766300399388E-01  5.3913306945054950E-06
  7.0464038210143476E-01  1.5059590564614553E-01  5.4217231442731057E-06
  7.1166050352995525E-01  1.5028606462601218E-01  5.4486303077718162E-06
  7.1875056432914330E-01  1.4999617869630733E-01  5.4720711500020653E-06
  7.2591126128403682E-01  1.4964027863400547E-01  5.4920818976111082E-06
  7.3314329812153212E-01  1.4933141148947768E-01  5.5087137613098240E-06
  7.4044738557954881E-01  1.4901811840886517E-01  5.5220308459100732E-06
  7.4782424147687554E-01  1.4867943728263028E-01  5.5321080455445170E-06
  7.5527459078371262E-01  1.4833665937749882E-01  5.5390292372317676E-06
  7.6279916569292427E-01  1.4798603920821721E-01  5.5428858254453577E-06
  7.7039870569199309E-01  1.4764214982557558E-01  5.5437753456264656E-06
  7.7807395763569198E-01  1.4730512505356125E-01  5.5418001568211241E-06
  7.8582567581948704E-01  1.4694268599031149E-01  5.5370663053185081E-06
  7.9365462205366477E-01  1.4660310128234552E-01  5.5296826429567416E-06
  8.0156156573819681E-01  1.4628497684031777E-01  5.5197602463195322E-06
  8.0954728393835973E-01  1.4594835625790537E-01  5.5074120763773949E-06
  8.1761256146109851E-01  1.4560052151922789E-01  5.4927527763298431E-06
  8.2575819093215230E-01  1.4526261647762601E-01  5.4758984278213347E-06
  8.3398497287395879E-01  1.4492177958370858E-01  5.4569661292699027E-06
  8.4229371578431655E-01  1.4457040170801802E-01  5.4360733380025817E-06
  8.5068523621584613E-01  1.4424527513998989E-01  5.4133369394654765E-06
  8.5916035885624265E-01  1.4388717457435188E-01  5.3888720527459286E-06
  8.6771991660931191E-01  1.4356863685916835E-01  5.3627907725609337E-06
  8.7636475067683506E-01  1.4322591863008755E-01  5.3352010449622525E-06
  8.8509571064123493E-01  1.4290563926277933E-01  5.3062058954706234E-06
  8.9391365454906735E-01  1.4257548211771173E-01  5.2759031347372595E-06
  9.0281944899535227E-01  1.4224002467839278E-01  5.2443855540681379E-06
  9.1181396920873614E-01  1.4193685487645585E-01  5.2117414941157373E-06
  9.2089809913750476E-01  1.4160419595707091E-01  5.1780556509802690E-06
  9.3007273153645842E-01  1.4127210514181371E-01  5.1434098891819795E-06
  9.3933876805464722E-01  1.4092642045002340E-01  5.1078838621122682E-06
  9.4869711932397760E-01  1.4057880604845008E-01  5.0715553734224633E-06
  9.5814870504871286E-01  1.4024628595991839E-01  5.0345004638822919E-06
  9.6769445409585442E-01  1.3990820493575001E-01  4.9967930689090688E-06
  9.7733530458642537E-01  1.3958367458059931E-01  4.9585043568941197E-06
  9.8707220398767082E-01  1.3923447447670187E-01  4.9197018692032841E-06
  9.9690610920616840E-01  1.3888769046256130E-01  4.8804486320293845E-06
  1.0068379866818675E+00  1.3857341813704574E-01  4.8408024317110227E-06
  1.0168688124830720E+00  1.3820797349497266E-01  4.8008154490920067E-06
  1.0269995724023633E+00  1.3790055346434824E-01  4.7605343198907043E-06
  1.0372312620534747E+00  1.3754834317560333E-01  4.7200005990836774E-06
  1.0475648869691490E+00  1.3722738271430332E-01  4.6792515314178209E-06
  1.0580014626999450E+00  1.3691130840882509E-01  4.6383209089371278E-06
  1.0685420149140470E+00  1.3658780902966716E-01  4.5972398963055626E-06
  1.0791875794980725E+00  1.3625952367045738E-01  4.5560378959351422E-06
  1.0899392026588597E+00  1.3591983842477751E-01  4.5147432135368631E-06
  1.1007979410262960E+00  1.3557552278468490E-01  4.4733835176244213E-06
  1.1117648617571581E+00  1.3527002895560059E-01  4.4319862603917737E-06
  1.1228410426399817E+00  1.3496145814561986E-01  4.3905790701039839E-06
  1.1340275722009920E+00  1.3464224737864985E-01  4.3491900948122458E-06
  1.1453255498110746E+00  1.3430497594726057E-01  4.3078482730176316E-06
  1.1567360857938154E+00  1.3398228032429316E-01  4.2665834622409329E-06
  1.1682603015346260E+00  1.3365797211136854E-01  4.2254263756222294E-06
  1.1798993295909450E+00  1.3331760597778555E-01  4.1844082943467727E-06
  1.1916543138035385E+00  1.3299047703653594E-01  4.1435606551921407E-06
  1.2035264094089204E+00  1.3263828425093685E-01  4.1029146081195729E-06
  1.2155167831528799E+00  1.3228737545755243E-01  4.0625005064568188E-06
  1.2276266134051426E+00  1.3196192959560074E-01  4.0223473787363056E-06
  1.2398570902751822E+00  1.3158394256910955E-01  3.9824825025454001E-06
  1.2522094157291777E+00  1.3127206320333099E-01  3.9429309644072976E-06
  1.2646848037081329E+00  1.3093549831409756E-01  3.9037152211812850E-06
  1.2772844802471914E+00  1.3062762738151854E-01  3.8648546988099276E-06
  1.2900096835961103E+00  1.3030263088048619E-01  3.8263655159168410E-06
  1.3028616643409598E+00  1.2997692114746567E-01  3.7882604249132991E-06
  1.3158416855270323E+00  1.2961417027407482E-01  3.7505490305645281E-06
  1.3289510227829535E+00  1.2932188605487874E-01  3.7132382427127773E-06
  1.3421909644460610E+00  1.2898699244025746E-01  3.6763328004861658E-06
  1.3555628116890124E+00  1.2865857355528895E-01  3.6398357727002760E-06
  1.3690678786476551E+00  1.2836007324441576E-01  3.6037490441516824E-06
  1.3827074925501832E+00  1.2801543092708720E-01  3.5680737952395982E-06
  1.3964829938475685E+00  1.2770024990027748E-01  3.5328107759140706E-06
  1.4103957363452906E+00  1.2732581031034390E-01  3.4979604475964912E-06
  1.4244470873363926E+00  1.2702053667408303E-01  3.4635230658439469E-06
  1.4386384277358493E+00  1.2669299536070866E-01  3.4294986912829848E-06
  1.4529711522162745E+00  1.2634153191975922E-01  3.3958871469695310E-06
  1.4674466693449923E+00  1.2598835832463967E-01  3.3626879327113153E-06
  1.4820664017224618E+00  1.2564757316811614E-01  3.3299001646559582E-06
  1.4968317861220808E+00  1.2531136514556426E-01  3.2975225919045377E-06
  1.5117442736313953E+00  1.2497058619847633E-01  3.2655536706827208E-06
  1.5268053297947024E+00  1.2459899937074513E-01  3.2339916049267399E-06
  1.5420164347570731E+00  1.2431365012458194E-01  3.2028343574731755E-06
  1.5573790834098318E+00  1.2398799418019534E-01  3.1720796871010817E-06
  1.5728947855374489E+00  1.2366427779470314E-01  3.1417252053274348E-06
  1.5885650659659254E+00  1.2335436747952158E-01  3.1117684428004695E-06
  1.6043914647126585E+00  1.2297713902845601E-01  3.0822069360633065E-06
  1.6203755371377655E+00  1.2266621589609915E-01  3.0530383132828156E-06
  1.6365188540969600E+00  1.2233813866246249E-01  3.0242603720470555E-06
  1.6528230020959194E+00  1.2198729792781629E-01  2.9958711105012449E-06
  1.6692895834461983E+00  1.2162979848088831E-01  2.9678686808957122E-06
  1.6859202164227083E+00  1.2125772520496314E-01  2.9402512989085442E-06
  1.7027165354227487E+00  1.2092403297911376E-01  2.9130172252503258E-06
  1.7196801911266262E+00  1.2053451087968443E-01  2.8861647883352122E-06
  1.7368128506598861E+00  1.2021492727623130E-01  2.8596923477725497E-06
  1.7541161977571482E+00  1.1986290310445200E-01  2.8335982114319278E-06
  1.7715919329275704E+00  1.1955820956013294E-01  2.8078805651167291E-06
  1.7892417736219810E+00  1.1920784172141248E-01  2.7825374297498971E-06
  1.8070674544016567E+00  1.1889140399282012E-01  2.7575666196712442E-06
  1.8250707271087847E+00  1.1853598847097581E-01  2.7329657097363621E-06
  1.8432533610386372E+00  1.1820715233032830E-01  2.7087320104222687E-06
  1.8616171431134465E+00  1.1783496751085738E-01  2.6848625705478404E-06
  1.8801638780580086E+00  1.1749174077429823E-01  2.6613541774423716E-06
  1.8988953885770674E+00  1.1714360659469922E-01  2.6382033082329782E-06
  1.9178135155344167E+00  1.1677465452531452E-01  2.6154060755653027E-06
  1.9369201181338258E+00  1.1637149702834160E-01  2.5929582828650807E-06
  1.9562170741017675E+00  1.1602883617515238E-01  2.5708555662525549E-06
  1.9757062798719280E+00  1.1567567070237411E-01  2.5490934671003831E-06
  1.9953896507716031E+00  1.1531263558337450E-01  2.5276674772753984E-06
  2.0152691212099221E+00  1.1495877244512748E-01  2.5065730654583891E-06
  2.0353466448679471E+00  1.1459420336100337E-01  2.4858056971996416E-06
  2.0556241948906875E+00  1.1424135672123001E-01  2.4653608709016762E-06
  2.0761037640810058E+00  1.1388697726403746E-01  2.4452341739177175E-06
  2.0967873650954578E+00  1.1352916042942422E-01  2.4254213321591880E-06
  2.1176770306421009E+00  1.1316175786242617E-01  2.4059182316458604E-06
  2.1387748136802545E+00  1.1279362789705275E-01  2.3867209245918088E-06
  2.1600827876222519E+00  1.1242187223700895E-01  2.3678255486852847E-06
  2.1816030465372203E+00  1.1205044958305763E-01  2.3492281865180808E-06
  2.2033377053568710E+00  1.1166987119885986E-01  2.3309248567280239E-06
  2.2252889000833411E+00  1.1128633545730635E-01  2.3129115573909640E-06
  2.2474587879991250E+00  1.1090242248787606E-01  2.2951842654607089E-06
  2.2698495478790770E+00  1.1051331134754920E-01  2.2777389501130644E-06
  2.2924633802045253E+00  1.1012994505885744E-01  2.2605715943467148E-06
  2.3153025073795521E+00  1.0973265485213202E-01  2.2436782087459141E-06
  2.3383691739493710E+00  1.0933868445168952E-01  2.2270548160689131E-06
  2.3616656468209318E+00  1.0896773788201906E-01  2.2106974474253346E-06
  2.3851942154857113E+00  1.0855341884623070E-01  2.1946021993059349E-06
  2.4089571922446900E+00  1.0817771985055333E-01  2.1787653192209692E-06
  2.4329569124356212E+00  1.0778208134562713E-01  2.1631832417178371E-06
  2.4571957346625304E+00  1.0737862920429402E-01  2.1478525245307639E-06
  2.4816760410275016E+00  1.0697475343272105E-01  2.1327697321172247E-06
  2.5064002373647978E+00  1.0658759727185677E-01  2.1179314387178270E-06
  2.5313707534772880E+00  1.0618107569750151E-01  2.1033342720775366E-06
  2.5565900433752344E+00  1.0577771385927684E-01  2.0889749014745105E-06
  2.5820605855174770E+00  1.0536512376248683E-01  2.0748500231814886E-06
  2.6077848830549999E+00  1.0494241701849109E-01  2.0609563591775885E-06
  2.6337654640769244E+00  1.0453136607635502E-01  2.0472906803938834E-06
  2.6600048818589754E+00  1.0411332210746138E-01  2.0338498414552537E-06
  2.6865057151144005E+00  1.0368336789038121E-01  2.0206307762135574E-06
  2.7132705682473883E+00  1.0326175346987718E-01  2.0076304715141534E-06
  2.7403020716090358E+00  1.0282414643177816E-01  1.9948459926941688E-06
  2.7676028817558409E+00  1.0238208384727530E-01  1.9822745327372795E-06
  2.7951756817107691E+00  1.0194848774048243E-01  1.9699133115899306E-06
  2.8230231812269611E+00  1.0150588471098987E-01  1.9577594444461322E-06
  2.8511481170540010E+00  1.0105108112592302E-01  1.9458099746061771E-06
  2.8795532532068893E+00  1.0060471037590837E-01  1.9340619064738869E-06
  2.9082413812377004E+00  1.0015550966735166E-01  1.9225122114120330E-06
  2.9372153205098863E+00  9.9713021722488041E-02  1.9111578294914869E-06
  2.9664779184753853E+00  9.9261117011232969E-02  1.8999956646745177E-06
  2.9960320509544491E+00  9.8790317442772682E-02  1.8890225781852895E-06
  3.0258806224182568E+00  9.8349749767018158E-02  1.8782354078756488E-06
  3.0560265662743746E+00  9.7871643430544553E-02  1.8676310269205133E-06
  3.0864728451550314E+00  9.7399450118305211E-02  1.8572064035031975E-06
  3.1172224512082654E+00  9.6942588284953640E-02  1.8469586528242806E-06
  3.1482784063920004E+00  9.6482546051669019E-02  1.8368850574560487E-06
  3.1796437627710241E+00  9.6002626973757277E-02  1.8269829773806994E-06
  3.2113216028169234E+00  9.5517990221469409E-02  1.8172497637569850E-06
  3.2433150397110362E+00  9.5024885721292723E-02  1.8076827745430665E-06
  3.2756272176503964E+00  9.4539868038927902E-02  1.7982793671422365E-06
  3.3082613121567235E+00  9.4065789591748425E-02  1.7890368826712760E-06
  3.3412205303885187E+00  9.3558494398767650E-02  1.7799526305868077E-06
  3.3745081114562452E+00  9.3062453537418849E-02  1.7710238734089784E-06
  3.4081273267406451E+00  9.2569905878802775E-02  1.7622478089043936E-06
  3.4420814802142590E+00  9.2079197603917751E-02  1.7536215436101826E-06
  3.4763739087661181E+00  9.1564482118495646E-02  1.7451420637703661E-06
  3.5110079825296667E+00  9.1073010993326070E-02  1.7368062410132594E-06
  3.5459871052140053E+00  9.0558717986590126E-02  1.7286109287592931E-06
  3.5813147144383501E+00  9.0031374657001367E-02  1.7205530441159933E-06
  3.6169942820698893E+00  8.9533871334460238E-02  1.7126294760618862E-06
  3.6530293145650070E+00  8.8999716724466382E-02  1.7048371046442188E-06
  3.6894233533138387E+00  8.8474843754090010E-02  1.6971728852197553E-06
  3.7261799749883457E+00  8.7951793723687610E-02  1.6896339138884128E-06
  3.7633027918938020E+00  8.7394177673400145E-02  1.6822175024166872E-06
  3.8007954523237877E+00  8.6914567183817792E-02  1.6749212655067123E-06
  3.8386616409187528E+00  8.6364401419276704E-02  1.6677432199196473E-06
  3.8769050790281190E+00  8.5822204015448655E-02  1.6606818933847589E-06
  3.9155295250759856E+00  8.5297113253537435E-02  1.6537364470270334E-06
  3.9545387749305214E+00  8.4745615395951254E-02  1.6469067920674360E-06
  3.9939366622769943E+00  8.4209173965123341E-02  1.6401936109961202E-06
  4.0337270589945184E+00  8.3648407052832205E-02  1.6335983409935671E-06
  4.0739138755365971E+00  8.3097964327013579E-02  1.6271230886962754E-06
  4.1145010613154049E+00  8.2565134717273864E-02  1.6207703784893715E-06
  4.1554926050899361E+00  8.2005223953866335E-02  1.6145428890473693E-06
  4.1968925353579838E+00  8.1460962164604120E-02  1.6084432862950595E-06
  4.2387049207520748E+00  8.0897650762873169E-02  1.6024740822134109E-06
  4.2809338704393021E+00  8.0340799794292470E-02  1.5966375056940580E-06
  4.3235835345251505E+00  7.9791644278665835E-02  1.5909353795870631E-06
  4.3666581044613775E+00  7.9236299438702029E-02  1.5853689928430335E-06
  4.4101618134579219E+00  7.8678853278921601E-02  1.5799389692651252E-06
  4.4540989368989150E+00  7.8125874084047003E-02  1.5746451521802683E-06
  4.4984737927628702E+00  7.7572598480705857E-02  1.5694865822615129E-06
  4.5432907420470334E+00  7.7023470054424281E-02  1.5644615930009867E-06
  4.5885541891959569E+00  7.6474827073626725E-02  1.5595679592089461E-06
  4.6342685825343528E+00  7.5930582633988358E-02  1.5548030171257822E-06
  4.6804384147042679E+00  7.5388372503015402E-02  1.5501638302928369E-06
  4.7270682231066043E+00  7.4839628817319870E-02  1.5456473678637786E-06
  4.7741625903470153E+00  7.4306451273012802E-02  1.5412506269424315E-06
  4.8217261446863002E+00  7.3764335247140503E-02  1.5369707239565262E-06
  4.8697635604952350E+00  7.3228058661158626E-02  1.5328049546411770E-06
  4.9182795587139401E+00  7.2700732856522052E-02  1.5287508446933376E-06
  4.9672789073158654E+00  7.2165052531694404E-02  1.5248062036965035E-06
  5.0167664217763495E+00  7.1607903153915645E-02  1.5209691729370869E-06
  5.0667469655458772E+00  7.1095532100956163E-02  1.5172382525023876E-06
  5.1172254505280215E+00  7.0539621198856026E-02  1.5136122924082573E-06
  5.1682068375621961E+00  7.0028081318689539E-02  1.5100904720221875E-06
  5.2196961369111756E+00  6.9496862350841224E-02  1.5066722859419261E-06
  5.2716984087534682E+00  6.8964963014374284E-02  1.5033573460666608E-06
  5.3242187636806433E+00  6.8441754837248819E-02  1.5001452071220996E-06
  5.3772623631995655E+00  6.7897190759475812E-02  1.4970352522839479E-06
  5.4308344202396350E+00  6.7383917214474620E-02  1.4940265750045511E-06
  5.4849401996651208E+00  6.6878334379796553E-02  1.4911178399781981E-06
  5.5395850187925602E+00  6.6363779097549216E-02  1.4883071102145403E-06
  5.5947742479133273E+00  6.5851405381823339E-02  1.4855916346729369E-06
  5.6505133108213856E+00  6.5344936085892161E-02  1.4829676217715109E-06
  5.7068076853463570E+00  6.4839116171698033E-02  1.4804300434232502E-06
  5.7636629038918405E+00  6.4343692580043146E-02  1.4779725380097773E-06
  5.8210845539790972E+00  6.3845484614765816E-02  1.4755874577440666E-06
  5.8790782787962126E+00  6.3351043700207707E-02  1.4732660483176103E-06
  5.9376497777526689E+00  6.2834179227559170E-02  1.4709987235526586E-06
  5.9968048070394397E+00  6.2364034215228917E-02  1.4687754822108917E-06
  6.0565491801947262E+00  6.1871394544433772E-02  1.4665862275781942E-06
  6.1168887686752687E+00  6.1377061012273075E-02  1.4644210422586127E-06
  6.1778295024333802E+00  6.0884517520706692E-02  1.4622704774123404E-06
  6.2393773704996986E+00  6.0390028067288652E-02  1.4601258878213736E-06
  6.3015384215717969E+00  5.9885223414634869E-02  1.4579798327846119E-06
  6.3643187646086190E+00  5.9388679429555405E-02  1.4558265188677825E-06
  6.4277245694308194E+00  5.8897218673736110E-02  1.4536622325184629E-06
  6.4917620673271479E+00  5.8402395795379300E-02  1.4514856576330036E-06
  6.5564375516668241E+00  5.7901263161664107E-02  1.4492980134292271E-06
  6.6217573785179997E+00  5.7400004489881883E-02  1.4471029815201930E-06
  6.6877279672724574E+00  5.6897880798791378E-02  1.4449063534800112E-06
  6.7543558012764580E+00  5.6398738585168390E-02  1.4427152681124698E-06
  6.8216474284678821E+00  5.5879772055893957E-02  1.4405376353113416E-06
  6.8896094620197790E+00  5.5381910341834172E-02  1.4383817357267989E-06
  6.9582485809902552E+00  5.4896448340619595E-02  1.4362558850554985E-06
  7.0275715309788849E+00  5.4391667205738438E-02  1.4341681423998150E-06
  7.0975851247896120E+00  5.3893251876698980E-02  1.4321260044200664E-06
  7.1682962431003290E+00  5.3397183472031540E-02  1.4301360635636334E-06
  7.2397118351390670E+00  5.2928578200349068E-02  1.4282036613428031E-06
  7.3118389193669158E+00  5.2445526178378991E-02  1.4263325991912516E-06
  7.3846845841678128E+00  5.1966769392550315E-02  1.4245249834397871E-06
  7.4582559885451509E+00  5.1494483571201753E-02  1.4227812393257877E-06
  7.5325603628253059E+00  5.1025696434080912E-02  1.4211003114179962E-06
  7.6076050093682603E+00  5.0561998627054301E-02  1.4194802016717069E-06
  7.6833973032852123E+00  5.0105315772940112E-02  1.4179185453417215E-06
  7.7599446931634013E+00  4.9649218357255102E-02  1.4164129823983412E-06
  7.8372547017980860E+00  4.9200030334045651E-02  1.4149614164907690E-06
  7.9153349269319131E+00  4.8754602248652273E-02  1.4135620698655496E-06
  7.9941930420015632E+00  4.8316405854208884E-02  1.4122134151569601E-06
  8.0738367968918485E+00  4.7880669789371430E-02  1.4109141801216116E-06
  8.1542740186973948E+00  4.7446719972545799E-02  1.4096634304580889E-06
  8.2355126124918261E+00  4.7020528933673908E-02  1.4084606157792948E-06
  8.3175605621046280E+00  4.6591984461101847E-02  1.4073055435232702E-06
  8.4004259309058202E+00  4.6153636867706016E-02  1.4061983068583427E-06
  8.4841168625983521E+00  4.5748261032985689E-02  1.4051391436618734E-06
  8.5686415820184632E+00  4.5320983415218390E-02  1.4041281869223549E-06
  8.6540083959439542E+00  4.4907212152445870E-02  1.4031651274408720E-06
  8.7402256939105865E+00  4.4495074836892641E-02  1.4022489397520844E-06
  8.8273019490365687E+00  4.4080779432989159E-02  1.4013777738668662E-06
  8.9152457188552159E+00  4.3669686399924725E-02  1.4005491088379623E-06
  9.0040656461560200E+00  4.3255945928223141E-02  1.3997602552514998E-06
  9.0937704598340030E+00  4.2846807775759346E-02  1.3990086602373282E-06
  9.1843689757475264E+00  4.2440865510702475E-02  1.3982918335906062E-06
  9.2758700975847397E+00  4.2017933115808162E-02  1.3976072759451526E-06
  9.3682828177385655E+00  4.1632854061572265E-02  1.3969525889365075E-06
  9.4616162181904677E+00  4.1228798674351162E-02  1.3963255621895897E-06
  9.5558794714029336E+00  4.0833239699948530E-02  1.3957242714261121E-06
  9.6510818412209840E+00  4.0433655873263190E-02  1.3951471944034520E-06
  9.7472326837825651E+00  4.0037076198547412E-02  1.3945933285858617E-06
  9.8443414484379907E+00  3.9639276246154029E-02  1.3940623732267242E-06
  9.9424176786786571E+00  3.9249480867557217E-02  1.3935547938907289E-06
  1.0041471013074913E+01  3.8861536471134758E-02  1.3930716462848211E-06
  1.0141511186223275E+01  3.8471591914038178E-02  1.3926139859264754E-06
  1.0242548029703157E+01  3.8070282202898459E-02  1.3921824041032746E-06
  1.0344591473043049E+01  3.7703265617352821E-02  1.3917772485751737E-06
  1.0447651544696386E+01  3.7324200854361271E-02  1.3913989519503384E-06
  1.0551738373027039E+01  3.6944478421917420E-02  1.3910479554119940E-06
  1.0656862187304780E+01  3.6557486598446931E-02  1.3907246638735013E-06
  1.0763033318710539E+01  3.6194035645890764E-02  1.3904294542602487E-06
  1.0870262201351675E+01  3.5824423372175077E-02  1.3901626097014752E-06
  1.0978559373287471E+01  3.5444269945257664E-02  1.3899242588247720E-06
  1.1087935477564750E+01  3.5090658653348719E-02  1.3897142682721198E-06
  1.1198401263263786E+01  3.4728066856926344E-02  1.3895321752302800E-06
  1.1309967586554768E+01  3.4355500683416980E-02  1.3893772621856102E-06
  1.1422645411764641E+01  3.3995459138529222E-02  1.3892489142423863E-06
  1.1536445812454685E+01  3.3653870485098145E-02  1.3891470438381959E-06
  1.1651379972508714E+01  3.3299000671929604E-02  1.3890720092256982E-06
  1.1767459187232271E+01  3.2953882619557159E-02  1.3890243245789395E-06
  1.1884694864462656E+01  3.2605463453607368E-02  1.3890047409586187E-06
  1.2003098525689996E+01  3.2260619097325673E-02  1.3890142411582209E-06
  1.2122681807189620E+01  3.1918756981655950E-02  1.3890538434103342E-06
  1.2243456461165589E+01  3.1577198058391528E-02  1.3891246285706814E-06
  1.2365434356905624E+01  3.1240588367155514E-02  1.3892277284690862E-06
  1.2488627481947640E+01  3.0906047337666987E-02  1.3893643197512539E-06
  1.2613047943257802E+01  3.0573498866680034E-02  1.3895356511892573E-06
  1.2738707968420373E+01  3.0245280964092305E-02  1.3897430335539423E-06
  1.2865619906839337E+01  2.9914164802612421E-02  1.3899877284725431E-06
  1.2993796230952137E+01  2.9593762453130692E-02  1.3902707443159461E-06
  1.3123249537455388E+01  2.9264659153180383E-02  1.3905927491561278E-06
  1.3253992548542781E+01  2.8952592540550121E-02  1.3909541202991938E-06
  1.3386038113155458E+01  2.8633775614368123E-02  1.3913549338536966E-06
  1.3519399208244721E+01  2.8307170175081546E-02  1.3917951097654089E-06
  1.3654088940047316E+01  2.8009991524725653E-02  1.3922747354469716E-06
  1.3790120545373552E+01  2.7684084875006731E-02  1.3927939981515537E-06
  1.3927507392908103E+01  2.7391610078024976E-02  1.3933530925382589E-06
  1.4066262984523865E+01  2.7082924613905154E-02  1.3939522134503406E-06
  1.4206400956608817E+01  2.6778028681569345E-02  1.3945915312544780E-06
  1.4347935081406233E+01  2.6480083601122650E-02  1.3952711686083651E-06
  1.4490879268368131E+01  2.6171847082574268E-02  1.3959911975865500E-06
  1.4635247565522196E+01  2.5873499482566439E-02  1.3967516989430196E-06
  1.4781054160852458E+01  2.5590859020722397E-02  1.3975528679050081E-06
  1.4928313383693585E+01  2.5289087929704492E-02  1.3983951296570640E-06
  1.5077039706139082E+01  2.5013994002305844E-02  1.3992791486371425E-06
  1.5227247744463636E+01  2.4722606677400824E-02  1.4002056587209093E-06
  1.5378952260559496E+01  2.4432327442017693E-02  1.4011752632306653E-06
  1.5532168163387238E+01  2.4154388990911078E-02  1.4021884673581720E-06
  1.5686910510440919E+01  2.3876098348467555E-02  1.4032457984236885E-06
  1.5843194509227944E+01  2.3610325072407252E-02  1.4043478130601891E-06
  1.6001035518763572E+01  2.3336453988645707E-02  1.4054950862665389E-06
  1.6160449051080285E+01  2.3066621972513423E-02  1.4066882092156964E-06
  1.6321450772752364E+01  2.2797368716953245E-02  1.4079277809107041E-06
  1.6484056506435476E+01  2.2527451691947416E-02  1.4092143795379302E-06
  1.6648282232421632E+01  2.2272391759535472E-02  1.4105484963361393E-06
  1.6814144090209755E+01  2.2011721316455124E-02  1.4119304554580030E-06
  1.6981658380091769E+01  2.1755726306440570E-02  1.4133604323748514E-06
  1.7150841564754536E+01  2.1501327995261218E-02  1.4148386138217913E-06
  1.7321710270897697E+01  2.1241473686394681E-02  1.4163652755853176E-06
  1.7494281290867775E+01  2.0992899645478569E-02  1.4179409267100752E-06
  1.7668571584308438E+01  2.0748563848248646E-02  1.4195663321790634E-06
  1.7844598279827139E+01  2.0502391782925948E-02  1.4212422909621051E-06
  1.8022378676678592E+01  2.0268538221041552E-02  1.4229695847349469E-06
  1.8201930246464812E+01  2.0029061606341006E-02  1.4247489704004275E-06
  1.8383270634852103E+01  1.9784575533802307E-02  1.4265811712544254E-06
  1.8566417663305320E+01  1.9552097351621913E-02  1.4284668742500359E-06
  1.8751389330839224E+01  1.9327457224113595E-02  1.4304067411711918E-06
  1.8938203815787404E+01  1.9091190808860251E-02  1.4324014238075797E-06
  1.9126879477588687E+01  1.8872379184861229E-02  1.4344515414665731E-06
  1.9317434858591557E+01  1.8648773978198981E-02  1.4365576089757120E-06
  1.9509888685876383E+01  1.8427331372107007E-02  1.4387200850407908E-06
  1.9704259873095754E+01  1.8208003912388294E-02  1.4409392737755037E-06
  1.9900567522333411E+01  1.7992508698925002E-02  1.4432150845583399E-06
  2.0098830925981424E+01  1.7778949479073863E-02  1.4455473224377338E-06
  2.0299069568636138E+01  1.7566981205926990E-02  1.4479358132392889E-06
  2.0501303129013177E+01  1.7357548932468613E-02  1.4503804053905208E-06
  2.0705551481881294E+01  1.7150513005588529E-02  1.4528809695206008E-06
  2.0911834700015646E+01  1.6945831546457693E-02  1.4554373942731046E-06
  2.1120173056170383E+01  1.6743508744677185E-02  1.4580495700294739E-06
  2.1330587025071104E+01  1.6543549572027857E-02  1.4607173650430727E-06
  2.1543097285426974E+01  1.6345663789029324E-02  1.4634406080795577E-06
  2.1757724721962902E+01  1.6149727666426087E-02  1.4662190977703068E-06
  2.1974490427472119E+01  1.5956214507869253E-02  1.4690525791578601E-06
  2.2193415704889055E+01  1.5764009662235564E-02  1.4719408124049394E-06
  2.2414522069382830E+01  1.5574841992253766E-02  1.4748839092719262E-06
  2.2637831250471841E+01  1.5387676443117731E-02  1.4778822274650980E-06
  2.2863365194159147E+01  1.5201767643090990E-02  1.4809361700774819E-06
  2.3091146065089305E+01  1.5018593930632802E-02  1.4840461615608711E-06
  2.3321196248726515E+01  1.4837587154590024E-02  1.4872126364055859E-06
  2.3553538353554746E+01  1.4658754364590807E-02  1.4904360306622959E-06
  2.3788195213299527E+01  1.4479824966736455E-02  1.4937167824073486E-06
  2.4025189889171898E+01  1.4305367933581429E-02  1.4970553369295882E-06
  2.4264545672134915E+01  1.4132141698971172E-02  1.5004521446569161E-06
  2.4506286085192542E+01  1.3960677846886854E-02  1.5039076363428578E-06
  2.4750434885701321E+01  1.3791247150899726E-02  1.5074221927564252E-06
  2.4997016067705307E+01  1.3623310533274126E-02  1.5109961259858365E-06
  2.5246053864294044E+01  1.3453408999723219E-02  1.5146295819325764E-06
  2.5497572749984016E+01  1.3294225005811464E-02  1.5183225685654291E-06
  2.5751597443124098E+01  1.3131646468303218E-02  1.5220750964702095E-06
  2.6008152908324615E+01  1.2971459100420897E-02  1.5258872055624868E-06
  2.6267264358910914E+01  1.2813004031077829E-02  1.5297589685340900E-06
  2.6528957259401050E+01  1.2652071258366114E-02  1.5336904927182141E-06
  2.6793257328008554E+01  1.2496887567594567E-02  1.5376819177314901E-06
  2.7060190539169817E+01  1.2343721228504285E-02  1.5417334056326882E-06
  2.7329783126096700E+01  1.2196845989659659E-02  1.5458451303723929E-06
  2.7602061583354786E+01  1.2047244943550335E-02  1.5500172652690484E-06
  2.7877052669467101E+01  1.1899234680453851E-02  1.5542499619915230E-06
  2.8154783409543743E+01  1.1752802160001914E-02  1.5585433094563103E-06
  2.8435281097937988E+01  1.1608139495909921E-02  1.5628973212385806E-06
  2.8718573300928565E+01  1.1465546078582150E-02  1.5673119892036752E-06
  2.9004687859428824E+01  1.1319762659948390E-02  1.5717873000969561E-06
  2.9293652891722719E+01  1.1183916822652462E-02  1.5763232242855740E-06
  2.9585496796228352E+01  1.1042954259326920E-02  1.5809197166432372E-06
  2.9880248254288770E+01  1.0906474128881136E-02  1.5855767186576433E-06
  3.0177936232990575E+01  1.0774377974874289E-02  1.5902941628994777E-06
  3.0478589988010881E+01  1.0640810897477142E-02  1.5950719784969119E-06
  3.0782239066492373E+01  1.0509093722171192E-02  1.5999100958446289E-06
  3.1088913309946982E+01  1.0378694472926737E-02  1.6048084435710888E-06
  3.1398642857188790E+01  1.0249842882761803E-02  1.6097669333748689E-06
  3.1711458147295854E+01  1.0122610949583749E-02  1.6147854335806271E-06
  3.2027389922601685E+01  9.9970747929444374E-03  1.6198637291589777E-06
  3.2346469231716377E+01  9.8722641444884546E-03  1.6250014799451188E-06
  3.2668727432578130E+01  9.7492111852717795E-03  1.6301982535959919E-06
  3.2994196195534933E+01  9.6242845233057549E-03  1.6354535937296144E-06
  3.3322907506456851E+01  9.5075449570904448E-03  1.6407670323046639E-06
  3.3654893669879719E+01  9.3888410515200593E-03  1.6461380841447459E-06
  3.3990187312179827E+01  9.2681025215231895E-03  1.6515662426374043E-06
  3.4328821384780149E+01  9.1554821784126036E-03  1.6570509697338205E-06
  3.4670829167388966E+01  9.0402178437572322E-03  1.6625916858216954E-06
  3.5016244271270317E+01  8.9245044358803160E-03  1.6681877542993563E-06
  3.5365100642547219E+01  8.8160093116621055E-03  1.6738384571409908E-06
  3.5717432565537678E+01  8.7042024950671516E-03  1.6795429523329161E-06
  3.6073274666124206E+01  8.5924930341118519E-03  1.6853002120858039E-06
  3.6432661915156629E+01  8.4874005191447055E-03  1.6911089503743683E-06
  3.6795629631888787E+01  8.3805703646440358E-03  1.6969675903985063E-06
  3.7162213487449790E+01  8.2746308552658337E-03  1.7028743242715294E-06
  3.7532449508349551E+01  8.1701282569325278E-03  1.7088271681627059E-06
  3.7906374080019219E+01  8.0668612898275906E-03  1.7148239932759862E-06
  3.8284023950387208E+01  7.9616893655757078E-03  1.7208625555959198E-06
  3.8665436233490524E+01  7.8618468884514795E-03  1.7269405209099658E-06
  3.9050648413122282E+01  7.7639187934628274E-03  1.7330554885313225E-06
  3.9439698346515279E+01  7.6648440200800527E-03  1.7392050216702511E-06
  3.9832624268062730E+01  7.5675070316122044E-03  1.7453866918279259E-06
  4.0229464793075721E+01  7.4711957813394167E-03  1.7515981402762614E-06
  4.0630258921577848E+01  7.3755383655929770E-03  1.7578371384176539E-06
  4.1035046042138610E+01  7.2811111544903240E-03  1.7641016266138341E-06
  4.1443865935744086E+01  7.1855671580657188E-03  1.7703897360282315E-06
  4.1856758779705920E+01  7.0928963381821754E-03  1.7766998167588795E-06
  4.2273765151610817E+01  7.0038333164211004E-03  1.7830303932658192E-06
  4.2694926033307731E+01  6.9132153156167891E-03  1.7893801053719751E-06
  4.3120282814935393E+01  6.8216653573417762E-03  1.7957476433251992E-06
  4.3549877298990076E+01  6.7326531793173473E-03  1.8021316885277691E-06
  4.3983751704434098E+01  6.6468352420188271E-03  1.8085308466034062E-06
  4.4421948670844408E+01  6.5596933005692215E-03  1.8149435668466309E-06
  4.4864511262603322E+01  6.4716745082109865E-03  1.8213680526229097E-06
  4.5311482973130971E+01  6.3879002794531735E-03  1.8278021651875613E-06
  4.5762907729159153E+01  6.3024262552752314E-03  1.8342433142555900E-06
  4.6218829895048586E+01  6.2191759038274595E-03  1.8406883382885198E-06
  4.6679294277149097E+01  6.1343265285535879E-03  1.8471333816339041E-06
  4.7144346128202514E+01  6.0517731010768265E-03  1.8535738615787519E-06
  4.7614031151790201E+01  5.9717469996263036E-03  1.8600046610076543E-06
  4.8088395506824909E+01  5.8892220118451953E-03  1.8664203012763848E-06
  4.8567485812086559E+01  5.8099166303560686E-03  1.8728150744735155E-06
  4.9051349150804036E+01  5.7311196502688941E-03  1.8791831611049842E-06
  4.9540033075282643E+01  5.6517714119326918E-03  1.8855187214868568E-06
  5.0033585611576790E+01  5.5739902937506887E-03  1.8918159928249618E-06
  5.0532055264210101E+01  5.4973757086746559E-03  1.8980693840934315E-06
  5.1035491020942580E+01  5.4193665132861706E-03  1.9042735457755018E-06
  5.1543942357584314E+01  5.3437915693632211E-03  1.9104234358110907E-06
  5.2057459242858108E+01  5.2689584771545223E-03  1.9165143809761121E-06
  5.2576092143310518E+01  5.1964193039977565E-03  1.9225421035519489E-06
  5.3099892028270880E+01  5.1225605359198718E-03  1.9285026866100052E-06
  5.3628910374860737E+01  5.0504052648056661E-03  1.9343923896504272E-06
  5.4163199173053130E+01  4.9784842709247315E-03  1.9402074318504067E-06
  5.4702810930781304E+01  4.9074328565743850E-03  1.9459438681695215E-06
  5.5247798679099375E+01  4.8365021910435719E-03  1.9515974962629282E-06
  5.5798215977394293E+01  4.7663787651845389E-03  1.9571637666083379E-06
  5.6354116918648849E+01  4.6965086366496864E-03  1.9626376567239098E-06
  5.6915556134758042E+01  4.6266164133097459E-03  1.9680135102911042E-06
  5.7482588801898338E+01  4.5578884491173539E-03  1.9732849887775305E-06
  5.8055270645950067E+01  4.4905855984848754E-03  1.9784451435456001E-06
  5.8633657947973127E+01  4.4230528921344811E-03  1.9834865368694463E-06
  5.9217807549739504E+01  4.3556765557566544E-03  1.9884014010562902E-06
  5.9807776859318778E+01  4.2882167950992070E-03  1.9931818250099305E-06
  6.0403623856719200E+01  4.2219278893672902E-03  1.9978199762494150E-06
  6.1005407099587281E+01  4.1555872098986849E-03  2.0023083351165459E-06
  6.1613185728961817E+01  4.0896308814648927E-03  2.0066398239603597E-06
  6.2227019475085363E+01  4.0236871181483372E-03  2.0108078806370637E-06
  6.2846968663275767E+01  3.9586409067484821E-03  2.0148065365742195E-06
  6.3473094219853863E+01  3.8937633026581982E-03  2.0186305587471577E-06
  6.4105457678130932E+01  3.8289552967080693E-03  2.0222756446823510E-06
  6.4744121184456247E+01  3.7659750184577288E-03  2.0257385176597360E-06
  6.5389147504324967E+01  3.7016027529298773E-03  2.0290168313921573E-06
  6.6040600028545697E+01  3.6396786326748239E-03  2.0321089931988998E-06
  6.6698542779470756E+01  3.5772498060278619E-03  2.0350139512540611E-06
  6.7363040417288360E+01  3.5145614241115499E-03  2.0377309486256834E-06
  6.8034158246376492E+01  3.4536688242108237E-03  2.0402592480026298E-06
  6.8711962221721095E+01  3.3931015271013369E-03  2.0425978835982320E-06
  6.9396518955398321E+01  3.3325953241066632E-03  2.0447455297482536E-06
  7.0087895723120155E+01  3.2730277998706441E-03  2.0467004909243206E-06
  7.0786160470846340E+01  3.2137794523572232E-03  2.0484607128161617E-06
  7.1491381821462312E+01  3.1543303999304502E-03  2.0500237703015440E-06
  7.2203629081522394E+01  3.0964133924009664E-03  2.0513868125872708E-06
  7.2922972248061384E+01  3.0392299711969818E-03  2.0525465234587849E-06
  7.3649482015474035E+01  2.9820491737652353E-03  2.0534991588367949E-06
  7.4383229782461768E+01  2.9254792349719537E-03  2.0542406162314633E-06
  7.5124287659049941E+01  2.8688755916268832E-03  2.0547665150939245E-06
  7.5872728473674968E+01  2.8134476542141405E-03  2.0550722957506088E-06
  7.6628625780340741E+01  2.7588803992346341E-03  2.0551533229417127E-06
  7.7392053865847700E+01  2.7043610078233502E-03  2.0550049810251696E-06
  7.8163087757093933E+01  2.6501637956177558E-03  2.0546227345881736E-06
  7.8941803228447625E+01  2.5967659674568148E-03  2.0540021332822464E-06
  7.9728276809194284E+01  2.5438931754118294E-03  2.0531387917493460E-06
  8.0522585791058347E+01  2.4917869067999916E-03  2.0520284127137872E-06
  8.1324808235798059E+01  2.4400388313187173E-03  2.0506668595451418E-06
  8.2135022982877672E+01  2.3888273922477274E-03  2.0490502627900486E-06
  8.2953309657215854E+01  2.3379946195444825E-03  2.0471750922010987E-06
  8.3779748677010147E+01  2.2881800668758138E-03  2.0450381779079039E-06
  8.4614421261640430E+01  2.2386959999734675E-03  2.0426366891114180E-06
  8.5457409439651556E+01  2.1898139425011055E-03  2.0399680880269897E-06
  8.6308796056813748E+01  2.1415261002968606E-03  2.0370300786573973E-06
  8.7168664784264791E+01  2.0936128298164390E-03  2.0338205213977825E-06
  8.8037100126733392E+01  2.0463335546029278E-03  2.0303373450990754E-06
  8.8914187430843810E+01  2.0001204215262698E-03  2.0265785054256765E-06
  8.9800012893502043E+01  1.9544445138974355E-03  2.0225419611443621E-06
  9.0694663570369258E+01  1.9090212704147372E-03  2.0182256436372694E-06
  9.1598227384416106E+01  1.8642382647380228E-03  2.0136274232682855E-06
  9.2510793134562405E+01  1.8205949032358811E-03  2.0087450918390896E-06
  9.3432450504406134E+01  1.7771655538923500E-03  2.0035764031456361E-06
  9.4363290071036246E+01  1.7344111883044217E-03  1.9981191670705610E-06
  9.5303403313932876E+01  1.6922764560057116E-03  1.9923713500320401E-06
  9.6252882623960105E+01  1.6506482397579140E-03  1.9863311518783850E-06
  9.7211821312444371E+01  1.6099367176420382E-03  1.9799970654328804E-06
  9.8180313620344535E+01  1.5693990946279771E-03  1.9733679335372667E-06
  9.9158454727513913E+01  1.5302188585034863E-03  1.9664429905355783E-06
  1.0014634076205496E+02  1.4911450582141383E-03  1.9592218515546181E-06
  1.0114406880976495E+02  1.4528334061937715E-03  1.9517044304152330E-06
  1.0215173692367799E+02  1.4150297532736270E-03  1.9438908710684256E-06
  1.0316944413370180E+02  1.3781797166307346E-03  1.9357815340709766E-06
  1.0419729045634892E+02  1.3417779107016380E-03  1.9273770256093533E-06
  1.0523537690456644E+02  1.3060343529472799E-03  1.9186782220586760E-06
  1.0628380549766388E+02  1.2709687489564688E-03  1.9096862471259143E-06
  1.0734267927133800E+02  1.2364191294268675E-03  1.9004024396124509E-06
  1.0841210228779943E+02  1.2028234763548657E-03  1.8908282921145831E-06
  1.0949217964600008E+02  1.1696758105085028E-03  1.8809653367708302E-06
  1.1058301749196066E+02  1.1370164231026996E-03  1.8708150142739633E-06
  1.1168472302920297E+02  1.1053126063243527E-03  1.8603785914562303E-06
  1.1279740452928608E+02  1.0741342661271089E-03  1.8496571806572026E-06
  1.1392117134244558E+02  1.0437724661998479E-03  1.8386518666406118E-06
  1.1505613390834070E+02  1.0136924601201480E-03  1.8273638327744312E-06
  1.1620240376690874E+02  9.8466277299313204E-04  1.8157943654265300E-06
  1.1736009356932533E+02  9.5603725091781091E-04  1.8039447666264861E-06
  1.1852931708907600E+02  9.2792573957366134E-04  1.7918162744176701E-06
  1.1971018923313831E+02  9.0076203062993299E-04  1.7794100777211870E-06
  1.2090282605327292E+02  8.7398957778162662E-04  1.7667274201574216E-06
  1.2210734475742943E+02  8.4787723115837600E-04  1.7537697678529717E-06
  1.2332386372126602E+02  8.2236553598260317E-04  1.7405389901745702E-06
  1.2455250249978135E+02  7.9739851906101178E-04  1.7270374959709258E-06
  1.2579338183906481E+02  7.7314160781331875E-04  1.7132683118488322E-06
  1.2704662368816373E+02  7.4938907608631839E-04  1.6992350885185034E-06
  1.2831235121106656E+02  7.2613897046653318E-04  1.6849420022083971E-06
  1.2959068879880769E+02  7.0361233125133067E-04  1.6703935984775277E-06
  1.3088176208169284E+02  6.8166614144805188E-04  1.6555947217495870E-06
  1.3218569794164506E+02  6.6009002147480013E-04  1.6405505236735703E-06
  1.3350262452467248E+02  6.3926348964097018E-04  1.6252664677689155E-06
  1.3483267125346524E+02  6.1887349163139654E-04  1.6097482702243739E-06
  1.3617596884011297E+02  5.9902917448415125E-04  1.5940018221158819E-06
  1.3753264929894920E+02  5.7971354466821367E-04  1.5780331531976319E-06
  1.3890284595952841E+02  5.6089960359995800E-04  1.5618484318747348E-06
  1.4028669347972760E+02  5.4262108286452196E-04  1.5454539487408916E-06
  1.4168432785897815E+02  5.2483657282219212E-04  1.5288560682618960E-06
  1.4309588645163493E+02  5.0752895577616300E-04  1.5120612237194831E-06
  1.4452150798047279E+02  4.9073636374675968E-04  1.4950759776162761E-06
  1.4596133255031964E+02  4.7436876305425750E-04  1.4779071164891715E-06
  1.4741550166182580E+02  4.5850077036024768E-04  1.4605617042925085E-06
  1.4888415822537115E+02  4.4307158285414663E-04  1.4430470360071781E-06
  1.5036744657510812E+02  4.2810961814860487E-04  1.4253705714929258E-06
  1.5186551248314709E+02  4.1357365815204673E-04  1.4075398941590444E-06
  1.5337850317388333E+02  3.9945420346684807E-04  1.3895626772394075E-06
  1.5490656733846376E+02  3.8572977365556661E-04  1.3714466459948256E-06
  1.5644985514940086E+02  3.7251586326023117E-04  1.3531995927971029E-06
  1.5800851827533174E+02  3.5961807203294729E-04  1.3348294482204401E-06
  1.5958270989592191E+02  3.4711672879612692E-04  1.3163443224030992E-06
  1.6117258471692008E+02  3.3502596743742398E-04  1.2977524904710199E-06
  1.6277829898536308E+02  3.2329186496445999E-04  1.2790623446762287E-06
  1.6440001050492921E+02  3.1192016054687027E-04  1.2602823279665021E-06
  1.6603787865144767E+02  3.0090784288246234E-04  1.2414208961138837E-06
  1.6769206438856233E+02  2.9024739238923177E-04  1.2224865681636278E-06
  1.6936273028354879E+02  2.7989086765809926E-04  1.2034880043292045E-06
  1.7105004052329178E+02  2.6993672768046870E-04  1.1844340124526196E-06
  1.7275416093042185E+02  2.6024754018973394E-04  1.1653334959604290E-06
  1.7447525897960981E+02  2.5084682882082771E-04  1.1461953911035850E-06
  1.7621350381402661E+02  2.4182934713994384E-04  1.1270286119044223E-06
  1.7796906626196699E+02  2.3303271648407358E-04  1.1078420364500462E-06
  1.7974211885363593E+02  2.2455806349638765E-04  1.0886445274393252E-06
  1.8153283583810520E+02  2.1636466433285140E-04  1.0694449365238376E-06
  1.8334139320043906E+02  2.0844587698341148E-04  1.0502521260626897E-06
  1.8516796867898728E+02  2.0080628093189915E-04  1.0310750095468562E-06
  1.8701274178285365E+02  1.9338291629813101E-04  1.0119225802827900E-06
  1.8887589380953852E+02  1.8623664815032521E-04  9.9280388368526305E-07
  1.9075760786275407E+02  1.7931477995577775E-04  9.7372793945142315E-07
  1.9265806887041984E+02  1.7263796153540241E-04  9.5470370579572195E-07
  1.9457746360283778E+02  1.6619755733212656E-04  9.3574008654388031E-07
  1.9651598069104696E+02  1.5995346109839862E-04  9.1684591611744606E-07
  1.9847381064535861E+02  1.5396427373289944E-04  8.9802990550716836E-07
  2.0045114587408364E+02  1.4815044332790588E-04  8.7930059404767348E-07
  2.0244818070243954E+02  1.4254004827366523E-04  8.6066634927617740E-07
  2.0446511139164525E+02  1.3713958390267455E-04  8.4213538788406151E-07
  2.0650213615821414E+02  1.3192320187414627E-04  8.2371576808714865E-07
  2.0855945519343129E+02  1.2688784015666096E-04  8.0541536906058044E-07
  2.1063727068302529E+02  1.2202698282616770E-04  7.8724187995245397E-07
  2.1273578682704326E+02  1.1734967971907336E-04  7.6920281237637222E-07
  2.1485520985991573E+02  1.1282302848556162E-04  7.5130554175372686E-07
  2.1699574807072449E+02  1.0846445758864110E-04  7.3355732714796464E-07
  2.1915761182367311E+02  1.0426556477374886E-04  7.1596528683328346E-07
  2.2134101357876216E+02  1.0022268436907900E-04  6.9853637330584939E-07
  2.2354616791266633E+02  9.6306777024521382E-05  6.8127735820789563E-07
  2.2577329153982353E+02  9.2543735809864344E-05  6.6419479833540166E-07
  2.2802260333373420E+02  8.8922709807446205E-05  6.4729500404789814E-07
  2.3029432434846865E+02  8.5420934026024959E-05  6.3058404399121551E-07
  2.3258867784039273E+02  8.2052739995358643E-05  6.1406775632648578E-07
  2.3490588929011022E+02  7.8810555367183257E-05  5.9775174935593013E-07
  2.3724618642461925E+02  7.5684225970321830E-05  5.8164139604950187E-07
  2.3960979923969390E+02  7.2673923169539308E-05  5.6574181698902903E-07
  2.4199696002248893E+02  6.9770868864530350E-05  5.5005785232862394E-07
  2.4440790337436499E+02  6.6978612294518115E-05  5.3459404711021713E-07
  2.4684286623394598E+02  6.4288878848569621E-05  5.1935468277815053E-07
  2.4930208790040601E+02  6.1701783960280683E-05  5.0434381436724521E-07
  2.5178581005698371E+02  5.9205641418537363E-05  4.8956527383219797E-07
  2.5429427679473559E+02  5.6808028529677145E-05  4.7502265127928345E-07
  2.5682773463652592E+02  5.4496843647200467E-05  4.6071926564635172E-07
  2.5938643256125101E+02  5.2274191122288027E-05  4.4665815159878905E-07
  2.6197062202830944E+02  5.0135507028695850E-05  4.3284206968234888E-07
  2.6458055700231608E+02  4.8074592034670976E-05  4.1927350830504927E-07
  2.6721649397805794E+02  4.6095230410891313E-05  4.0595468515802173E-07
  2.6987869200570265E+02  4.4188902269563694E-05  3.9288755602696651E-07
  2.7256741271625913E+02  4.2358203974365457E-05  3.8007383204856788E-07
  2.7528292034728571E+02  4.0594158473737975E-05  3.6751499774839195E-07
  2.7802548176886103E+02  3.8896738453978815E-05  3.5521230446706605E-07
  2.8079536650981180E+02  3.7265804134300586E-05  3.4316675278656765E-07
  2.8359284678419840E+02  3.5697771298188567E-05  3.3137909495662862E-07
  2.8641819751806833E+02  3.4189909760237367E-05  3.1984984658222326E-07
  2.8927169637647694E+02  3.2740494871414119E-05  3.0857928288939599E-07
  2.9215362379077158E+02  3.1346227425032007E-05  2.9756742432122111E-07
  2.9506426298615338E+02  3.0007828833883710E-05  2.8681403836038557E-07
  2.9800390000951279E+02  2.8719729015002205E-05  2.7631864967356478E-07
  3.0097282375754025E+02  2.7483044768983406E-05  2.6608054597071980E-07
  3.0397132600511407E+02  2.6294709523214832E-05  2.5609878236856368E-07
  3.0699970143398190E+02  2.5151216642227016E-05  2.4637218320933549E-07
  3.1005824766171787E+02  2.4052981274529266E-05  2.3689934420829039E-07
  3.1314726527096690E+02  2.2999968013108064E-05  2.2767864328133205E-07
  3.1626705783899291E+02  2.1986033342602126E-05  2.1870826124401793E-07
  3.1941793196750933E+02  2.1014524774241103E-05  2.0998619525172996E-07
  3.2260019731280681E+02  2.0080594901707880E-05  2.0151026478905655E-07
  3.2581416661619301E+02  1.9183948942347961E-05  1.9327811898954049E-07
  3.2906015573472303E+02  1.8321612428926541E-05  1.8528723738923138E-07
  3.3233848367224010E+02  1.7495023215472131E-05  1.7753492949980917E-07
  3.3564947261072734E+02  1.6700654093496833E-05  1.7001834188496083E-07
  3.3899344794197259E+02  1.5940086456795553E-05  1.6273446594615669E-07
  3.4237073829954272E+02  1.5208906961358718E-05  1.5568014598538418E-07
  3.4578167559108266E+02  1.4507856826924146E-05  1.4885208798725439E-07
  3.4922659503093598E+02  1.3834767033016668E-05  1.4224686896049001E-07
  3.5270583517308455E+02  1.3188669771727280E-05  1.3586094372453092E-07
  3.5621973794442198E+02  1.2570054151136208E-05  1.2969064797007392E-07
  3.5976864867835985E+02  1.1975598769485071E-05  1.2373220660128481E-07
  3.6335291614876076E+02  1.1406612105995868E-05  1.1798175076090093E-07
  3.6697289260421724E+02  1.0860442290902255E-05  1.1243533208454154E-07
  3.7062893380267127E+02  1.0337240125825656E-05  1.0708893104968313E-07
  3.7432139904637285E+02  9.8356465015072155E-06  1.0193846034802192E-07
  3.7805065121719241E+02  9.3547709009571622E-06  9.6979769214301951E-08
  3.8181705681228669E+02  8.8944378759236744E-06  9.2208650950290621E-08
  3.8562098598011141E+02  8.4531168338465103E-06  8.7620850716333076E-08
  3.8946281255680088E+02  8.0306619921473035E-06  8.3212072946875342E-08
  3.9334291410290916E+02  7.6261831633688303E-06  7.8977988422570328E-08
  3.9726167194051106E+02  7.2385805439718092E-06  7.4914241779052537E-08
  4.0121947119067914E+02  6.8679039853545861E-06  7.1016460814268634E-08
  4.0521670081133425E+02  6.5133227417419291E-06  6.7280265427590569E-08
  4.0925375363546664E+02  6.1737905324454581E-06  6.3701273166405161E-08
  4.1333102640974386E+02  5.8491718317016158E-06  6.0275104462045351E-08
  4.1744891983350453E+02  5.5389008077429678E-06  5.6997389920763406E-08
  4.2160783859813154E+02  5.2422143206674499E-06  5.3863776208127351E-08
  4.2580819142683049E+02  4.9587782621507320E-06  5.0869929312114765E-08
  4.3005039111479135E+02  4.6880239428012157E-06  4.8011539311099937E-08
  4.3433485456975927E+02  4.4294540969295077E-06  4.5284325978214917E-08
  4.3866200285300920E+02  4.1826572263870122E-06  4.2684044171617393E-08
  4.4303226122072101E+02  3.9471722902520636E-06  4.0206489017385904E-08
  4.4744605916577467E+02  3.7225070454930667E-06  3.7847500857665595E-08
  4.5190383045996202E+02  3.5083455571187107E-06  3.5602969643743026E-08
  4.5640601319661101E+02  3.3042479867233249E-06  3.3468838676241004E-08
  4.6095304983364207E+02  3.1097998678895471E-06  3.1441108325857835E-08
  4.6554538723705463E+02  2.9247608057988397E-06  2.9515840938678550E-08
  4.7018347672483759E+02  2.7485758552077823E-06  2.7689166590768248E-08
  4.7486777411132601E+02  2.5810867042302852E-06  2.5957287384111797E-08
  4.7959873975199974E+02  2.4218424074435230E-06  2.4316479608057369E-08
  4.8437683858871969E+02  2.2705717741133349E-06  2.2763095405924583E-08
  4.8920254019542352E+02  2.1269520299094839E-06  2.1293565081967053E-08
  4.9407631882427665E+02  1.9907319193282415E-06  1.9904399254863689E-08
  4.9899865345227408E+02  1.8615468292191709E-06  1.8592190751795825E-08
  5.0397002782831504E+02  1.7391589804666856E-06  1.7353616218571119E-08
  5.0899093052074784E+02  1.6232885253161692E-06  1.6185437463184922E-08
  5.1406185496537682E+02  1.5137062520089295E-06  1.5084502627993618E-08
  5.1918329951396413E+02  1.4101043218082924E-06  1.4047747398201718E-08
  5.2435576748319784E+02  1.3122658408125266E-06  1.3072195960987222E-08
  5.2957976720416013E+02  1.2199485210114331E-06  1.2154961273099952E-08
  5.3485581207228699E+02  1.1329173284807754E-06  1.1293245407845925E-08
  5.4018442059781603E+02  1.0509655483358690E-06  1.0484339693667539E-08
  5.4556611645674764E+02  9.7384963125347253E-07  9.7256241569363535E-09
  5.5100142854231262E+02  9.0136269450123529E-07  9.0145671748268369E-09
  5.5649089101694392E+02  8.3330490648101713E-07  8.3487250774257341E-09
  5.6203504336477476E+02  7.6948148082528670E-07  7.7257415737551932E-09
  5.6763443044466101E+02  7.0968683118588163E-07  7.1433470181093134E-09
  5.7328960254372100E+02  6.5373092342877743E-07  6.5993575209992387E-09
  5.7900111543141895E+02  6.0143755610953326E-07  6.0916739154978942E-09
  5.8476953041418767E+02  5.5262804944345416E-07  5.6182805507281501E-09
  5.9059541439058455E+02  5.0712225891189126E-07  5.1772439210527704E-09
  5.9647933990700778E+02  4.6475394645414142E-07  4.7667112709074197E-09
  6.0242188521396770E+02  4.2536299483796858E-07  4.3849092874543693E-09
  6.0842363432290813E+02  3.8879059941295925E-07  4.0301427301901637E-09
  6.1448517706360394E+02  3.5487958870741677E-07  3.7007927008373938E-09
  6.2060710914213178E+02  3.2348174629975079E-07  3.3953147829822633E-09
  6.2679003219940444E+02  2.9445433282379104E-07  3.1122371675180901E-09
  6.3303455387030851E+02  2.6765645438781134E-07  2.8501587239518236E-09
  6.3934128784341135E+02  2.4295181980332035E-07  2.6077470249800985E-09
  6.4571085392127600E+02  2.2021013218676080E-07  2.3837363315831917E-09
  6.5214387808137724E+02  1.9930547589438296E-07  2.1769255441108844E-09
  6.5864099253761196E+02  1.8011582749219881E-07  1.9861761242941513E-09
  6.6520283580243529E+02  1.6252408357462052E-07  1.8104099979414921E-09
  6.7183005274961477E+02  1.4641885199340874E-07  1.6486074599137770E-09
  6.7852329467759898E+02  1.3169443175559978E-07  1.4998050867084902E-09
  6.8528321937352757E+02  1.1825075317534579E-07  1.3630936434292077E-09
  6.9211049117788116E+02  1.0599353472393029E-07  1.2376159756999818E-09
  6.9900578104976194E+02  9.4834422211691251E-08  1.1225649068444353E-09
  7.0596976663283647E+02  8.4690895772706537E-08  1.0171811722795131E-09
  7.1300313232193753E+02  7.5485942387378891E-08  9.2075137927949849E-10
  7.2010656933031419E+02  6.7147623008493672E-08  8.3260599389057412E-10
  7.2728077575756629E+02  5.9608631937980661E-08  7.5211735928625367E-10
  7.3452645665825628E+02  5.2805890111225936E-08  6.7869774911653259E-10
  7.4184432411118939E+02  4.6680194653464360E-08  6.1179745979113974E-10
  7.4923509728939905E+02  4.1175936611492828E-08  5.5090294542435257E-10
  7.5669950253082936E+02  3.6240886337803572E-08  4.9553499703244870E-10
  7.6423827340970615E+02  3.1826033743677481E-08  4.4524696510889968E-10
  7.7185215080864180E+02  2.7885467474661006E-08  3.9962303781109575E-10
  7.7954188299143630E+02  2.4376277998207045E-08  3.5827659210948084E-10
  7.8730822567661744E+02  2.1258471525282316E-08  3.2084858722961058E-10
  7.9515194211171649E+02  1.8494884969284995E-08  2.8700599759652193E-10
  8.0307380314826594E+02  1.6051095444575297E-08  2.5644030068994518E-10