 #p(MeV) \t \delta f_\\nu \t \delta f_\\nubar
  4.3296309205662985E-02  2.6826319003742188E-01  1.6384412070225341E-05
  4.3727657388013944E-02  2.6776659894506372E-01  1.6247783822998612E-05
  4.4163302963325872E-02  2.6734029013277721E-01  1.6112123712031814E-05
  4.4603288745239902E-02  2.6702706268205750E-01  1.5977429529302276E-05
  4.5047657973936582E-02  2.6668535726566289E-01  1.5843699546410830E-05
  4.5496454320385522E-02  2.6614845322330544E-01  1.5710932396856084E-05
  4.5949721890637091E-02  2.6561117248877758E-01  1.5579126933568566E-05
  4.6407505230157055E-02  2.6506207381172814E-01  1.5448282237791544E-05
  4.6869849328204392E-02  2.6461053075413221E-01  1.5318397705325125E-05
  4.7336799622252526E-02  2.6416859410541144E-01  1.5189472717363346E-05
  4.7808402002454932E-02  2.6372882693827882E-01  1.5061505966863039E-05
  4.8284702816154906E-02  2.6324611293526917E-01  1.4934494866313041E-05
  4.8765748872440444E-02  2.6279301308867559E-01  1.4808435281470442E-05
  4.9251587446744585E-02  2.6230145458649956E-01  1.4683321574604083E-05
  4.9742266285491249E-02  2.6183306617554597E-01  1.4559146824803179E-05
  5.0237833610787826E-02  2.6142443458976217E-01  1.4435903105113765E-05
  5.0738338125164054E-02  2.6097615648535688E-01  1.4313581743772481E-05
  5.1243829016358405E-02  2.6057084961309684E-01  1.4192173527931838E-05
  5.1754355962152165E-02  2.6012462061433034E-01  1.4071668939058219E-05
  5.2269969135251407E-02  2.5968758234935135E-01  1.3952058311611380E-05
  5.2790719208217957E-02  2.5925022976694168E-01  1.3833331631953159E-05
  5.3316657358449156E-02  2.5876794409775811E-01  1.3715478439980532E-05
  5.3847835273207453E-02  2.5825041273138688E-01  1.3598488188958442E-05
  5.4384305154700129E-02  2.5773202743826507E-01  1.3482350827384225E-05
  5.4926119725209291E-02  2.5725220583179015E-01  1.3367057259835544E-05
  5.5473332232273548E-02  2.5683936805175689E-01  1.3252599540958598E-05
  5.6025996453920701E-02  2.5642316066077137E-01  1.3138970843891972E-05
  5.6584166703952950E-02  2.5601887241239579E-01  1.3026165306707347E-05
  5.7147897837284779E-02  2.5551521568499730E-01  1.2914177840288261E-05
  5.7717245255333650E-02  2.5498544615183155E-01  1.2803003953481434E-05
  5.8292264911464900E-02  2.5451116517001365E-01  1.2692639565710069E-05
  5.8873013316490426E-02  2.5400741231862484E-01  1.2583080785934650E-05
  5.9459547544222453E-02  2.5355835712698621E-01  1.2474323989562637E-05
  6.0051925237082616E-02  2.5312744247126062E-01  1.2366366103959028E-05
  6.0650204611766630E-02  2.5268953868664168E-01  1.2259204668586753E-05
  6.1254444464965883E-02  2.5222537140218482E-01  1.2152837592589191E-05
  6.1864704179145510E-02  2.5184628214584009E-01  1.2047262803160086E-05
  6.2481043728380398E-02  2.5141825329799666E-01  1.1942477970734593E-05
  6.3103523684249305E-02  2.5098447714271166E-01  1.1838480375504038E-05
  6.3732205221787422E-02  2.5051784778587372E-01  1.1735266886945720E-05
  6.4367150125498498E-02  2.5002462029017020E-01  1.1632834007460559E-05
  6.5008420795426958E-02  2.4957735102652759E-01  1.1531177938138725E-05
  6.5656080253290033E-02  2.4913079095957155E-01  1.1430294647179643E-05
  6.6310192148671662E-02  2.4862148086645272E-01  1.1330179951439934E-05
  6.6970820765277383E-02  2.4819076720765623E-01  1.1230829560280751E-05
  6.7638031027252229E-02  2.4774346540780537E-01  1.1132239133086748E-05
  6.8311888505560955E-02  2.4727624562009345E-01  1.1034404492507680E-05
  6.8992459424432245E-02  2.4684964696272016E-01  1.0937321942540405E-05
  6.9679810667867062E-02  2.4640454534573553E-01  1.0840988525697233E-05
  7.0374009786211597E-02  2.4594119545030657E-01  1.0745402119094024E-05
  7.1075125002795905E-02  2.4546031070937621E-01  1.0650561377529965E-05
  7.1783225220638791E-02  2.4501727953967012E-01  1.0556465589134131E-05
  7.2498380029219114E-02  2.4459913913397283E-01  1.0463114506284620E-05
  7.3220659711315028E-02  2.4419941296535019E-01  1.0370508190413727E-05
  7.3950135249910856E-02  2.4374483975545830E-01  1.0278646886104237E-05
  7.4686878335173276E-02  2.4332378087970349E-01  1.0187530936569425E-05
  7.5430961371496630E-02  2.4284402176725858E-01  1.0097160692850543E-05
  7.6182457484618507E-02  2.4234057110055152E-01  1.0007536236315101E-05
  7.6941440528806512E-02  2.4185859599954695E-01  9.9186568711523630E-06
  7.7707985094116111E-02  2.4138703979338819E-01  9.8305205888818484E-06
  7.8482166513721197E-02  2.4105553720441253E-01  9.7431237449699778E-06
  7.9264060871317640E-02  2.4061965585868192E-01  9.6564610365944455E-06
  8.0053745008600283E-02  2.4016535887423554E-01  9.5705257150843123E-06
  8.0851296532814976E-02  2.3963760351045132E-01  9.4853099076422696E-06
  8.1656793824385149E-02  2.3919930529085720E-01  9.4008049459709652E-06
  8.2470316044615133E-02  2.3866441089565990E-01  9.3170016473703174E-06
  8.3291943143469577E-02  2.3825853809908482E-01  9.2338905341623029E-06
  8.4121755867430675E-02  2.3781424410944094E-01  9.1514619994350932E-06
  8.4959835767433822E-02  2.3734032213784814E-01  9.0697064669363146E-06
  8.5806265206881865E-02  2.3692424753895394E-01  8.9886147111701320E-06
  8.6661127369739605E-02  2.3651538328904270E-01  8.9081783382019704E-06
  8.7524506268708960E-02  2.3614367899862532E-01  8.8283902034044110E-06
  8.8396486753485076E-02  2.3568733401602121E-01  8.7492445858132154E-06
  8.9277154519095431E-02  2.3524420783998734E-01  8.6707370995201772E-06
  9.0166596114321249E-02  2.3477698284849571E-01  8.5928644394370120E-06
  9.1064898950203588E-02  2.3432877932447641E-01  8.5156240773522474E-06
  9.1972151308633399E-02  2.3389329159616357E-01  8.4390139873501507E-06
  9.2888442351027722E-02  2.3342530046980878E-01  8.3630324330778834E-06
  9.3813862127092321E-02  2.3301985369449246E-01  8.2876778170865420E-06
  9.4748501583671027E-02  2.3257714169821417E-01  8.2129485723237675E-06
  9.5692452573683945E-02  2.3213749382810514E-01  8.1388430522037095E-06
  9.6645807865154490E-02  2.3166197820552489E-01  8.0653592895241761E-06
  9.7608661150325959E-02  2.3121330072658708E-01  7.9924946375602090E-06
  9.8581107054869652E-02  2.3075312426070746E-01  7.9202455451030648E-06
  9.9563241147183901E-02  2.3031798500788594E-01  7.8486076128397813E-06
  1.0055515994778666E-01  2.2989341137926494E-01  7.7775758704244785E-06
  1.0155696093880080E-01  2.2948796288316239E-01  7.7071451165588478E-06
  1.0256874257353438E-01  2.2910355610223107E-01  7.6373101968908820E-06
  1.0359060428615653E-01  2.2866982788380241E-01  7.5680661745157752E-06
  1.0462264650146913E-01  2.2822644453773552E-01  7.4994084034579075E-06
  1.0566497064477624E-01  2.2776100204144822E-01  7.4313325364108158E-06
  1.0671767915185219E-01  2.2725885333799478E-01  7.3638345024915897E-06
  1.0778087547900796E-01  2.2679255834946685E-01  7.2969104922572684E-06
  1.0885466411325913E-01  2.2630358368741049E-01  7.2305570364069217E-06
  1.0993915058259390E-01  2.2588525618127675E-01  7.1647711861838196E-06
  1.1103444146634452E-01  2.2547254059122798E-01  7.0995505706127824E-06
  1.1214064440566103E-01  2.2503239022441993E-01  7.0348931794322453E-06
  1.1325786811409015E-01  2.2468490760890886E-01  6.9707969513875327E-06
  1.1438622238825927E-01  2.2425015771121590E-01  6.9072593545864700E-06
  1.1552581811866657E-01  2.2382673430000249E-01  6.8442771088118695E-06
  1.1667676730057915E-01  2.2339946230293090E-01  6.7818460886920000E-06
  1.1783918304503960E-01  2.2295978813233955E-01  6.7199613665584775E-06
  1.1901317958998177E-01  2.2249772820949640E-01  6.6586173342399793E-06
  1.2019887231145819E-01  2.2203845975032996E-01  6.5978078503343223E-06
  1.2139637773497818E-01  2.2163789211172241E-01  6.5375263750470622E-06
  1.2260581354696014E-01  2.2120434299416203E-01  6.4777660388214253E-06
  1.2382729860629689E-01  2.2074997834938331E-01  6.4185196219746168E-06
  1.2506095295603686E-01  2.2028743893813724E-01  6.3597796103764401E-06
  1.2630689783518165E-01  2.1984630038212463E-01  6.3015384854799512E-06
  1.2756525569060059E-01  2.1944461464796680E-01  6.2437891972985367E-06
  1.2883615018906458E-01  2.1901710318492393E-01  6.1865256407847369E-06
  1.3011970622939975E-01  2.1863845491783043E-01  6.1297429676703813E-06
  1.3141604995476169E-01  2.1823919427066124E-01  6.0734376715229871E-06
  1.3272530876503258E-01  2.1781723355572030E-01  6.0176074920958853E-06
  1.3404761132934159E-01  2.1732572838137065E-01  5.9622512179250134E-06
  1.3538308759870996E-01  2.1680339375593097E-01  5.9073684565050734E-06
  1.3673186881882204E-01  2.1631252087867259E-01  5.8529594180154368E-06
  1.3809408754292363E-01  2.1586763977542414E-01  5.7990247521844023E-06
  1.3946987764484906E-01  2.1547809909597346E-01  5.7455654856638728E-06
  1.4085937433217749E-01  2.1512347440104332E-01  5.6925829873692188E-06
  1.4226271415952074E-01  2.1475493931172687E-01  5.6400788113718101E-06
  1.4368003504194357E-01  2.1434868245049413E-01  5.5880543794357067E-06
  1.4511147626851720E-01  2.1393347586762182E-01  5.5365105936681540E-06
  1.4655717851600805E-01  2.1345169260406846E-01  5.4854475133842191E-06
  1.4801728386270335E-01  2.1299093250714154E-01  5.4348641915898463E-06
  1.4949193580237380E-01  2.1258285665735244E-01  5.3847586713287574E-06
  1.5098127925837548E-01  2.1216265426160735E-01  5.3351280924098841E-06
  1.5248546059789256E-01  2.1173129218171732E-01  5.2859688516859168E-06
  1.5400462764632186E-01  2.1130976883578723E-01  5.2372767722437869E-06
  1.5553892970180028E-01  2.1086378821373955E-01  5.1890472497103256E-06
  1.5708851754987729E-01  2.1044189597650273E-01  5.1412753189127168E-06
  1.5865354347833413E-01  2.1005211594377146E-01  5.0939556210874423E-06
  1.6023416129214926E-01  2.0962678932796086E-01  5.0470823677475434E-06
  1.6183052632861417E-01  2.0920528035572800E-01  5.0006493996514295E-06
  1.6344279547259960E-01  2.0875412629533593E-01  4.9546503598259505E-06
  1.6507112717197331E-01  2.0829815271125326E-01  4.9090789253668727E-06
  1.6671568145317148E-01  2.0790075692102633E-01  4.8639290135349193E-06
  1.6837661993692604E-01  2.0746859869818920E-01  4.8191949132755348E-06
  1.7005410585414812E-01  2.0704004962274553E-01  4.7748713377737116E-06
  1.7174830406196928E-01  2.0662066326840051E-01  4.7309534156979122E-06
  1.7345938105994338E-01  2.0619021887603844E-01  4.6874366475776916E-06
  1.7518750500641000E-01  2.0580364714359745E-01  4.6443168496736836E-06
  1.7693284573501952E-01  2.0542262490642263E-01  4.6015901201868147E-06
  1.7869557477142423E-01  2.0500028219241070E-01  4.5592528742154162E-06
  1.8047586535013546E-01  2.0455394222410714E-01  4.5173019135934664E-06
  1.8227389243154810E-01  2.0410002447658696E-01  4.4757344502103568E-06
  1.8408983271913495E-01  2.0364332300029725E-01  4.4345480360530444E-06
  1.8592386467681279E-01  2.0321727074410229E-01  4.3937404152970491E-06
  1.8777616854648119E-01  2.0277630194977550E-01  4.3533093547843467E-06
  1.8964692636573563E-01  2.0236234552614077E-01  4.3132525062661184E-06
  1.9153632198575771E-01  2.0196989151937872E-01  4.2735673231065790E-06
  1.9344454108938372E-01  2.0156272236832215E-01  4.2342510312622179E-06
  1.9537177120935217E-01  2.0118505757519792E-01  4.1953006393311575E-06
  1.9731820174673417E-01  2.0077927841271748E-01  4.1567129693339964E-06
  1.9928402398954734E-01  2.0039686026589451E-01  4.1184846935933829E-06
  2.0126943113155457E-01  1.9999635301089480E-01  4.0806123531553744E-06
  2.0327461829125021E-01  1.9955896898598863E-01  4.0430923654607754E-06
  2.0529978253103587E-01  1.9912599379521062E-01  4.0059210647243337E-06
  2.0734512287658721E-01  1.9866109532798693E-01  3.9690948016625067E-06
  2.0941084033641294E-01  1.9822596749962640E-01  3.9326100879772212E-06
  2.1149713792160940E-01  1.9778393680946080E-01  3.8964637398257976E-06
  2.1360422066581208E-01  1.9738381130723584E-01  3.8606529749470549E-06
  2.1573229564534499E-01  1.9698974590169852E-01  3.8251754474026064E-06
  2.1788157199957156E-01  1.9655816489311456E-01  3.7900292265977626E-06
  2.2005226095144848E-01  1.9615585873663838E-01  3.7552127395114933E-06
  2.2224457582828366E-01  1.9570160773880360E-01  3.7207246982902928E-06
  2.2445873208270054E-01  1.9528835681503134E-01  3.6865640258177572E-06
  2.2669494731381323E-01  1.9484502776714652E-01  3.6527297904822667E-06
  2.2895344128861073E-01  1.9442751698558547E-01  3.6192211624695696E-06
  2.3123443596355456E-01  1.9406214543136699E-01  3.5860373928356448E-06
  2.3353815550639209E-01  1.9371376085596803E-01  3.5531778064965670E-06
  2.3586482631818734E-01  1.9331855303977047E-01  3.5206417943106231E-06
  2.3821467705556998E-01  1.9293825823341934E-01  3.4884287967239567E-06
  2.4058793865320743E-01  1.9250860909674339E-01  3.4565382843114903E-06
  2.4298484434650022E-01  1.9207903506383564E-01  3.4249697379646143E-06
  2.4540562969450372E-01  1.9163472772005977E-01  3.3937226305406623E-06
  2.4785053260307696E-01  1.9120326487378034E-01  3.3627964133197535E-06
  2.5031979334826454E-01  1.9077667802568857E-01  3.3321905073226946E-06
  2.5281365459990951E-01  1.9035833371391983E-01  3.3019042980255844E-06
  2.5533236144550159E-01  1.8994849462123578E-01  3.2719371311932299E-06
  2.5787616141426389E-01  1.8953252881497198E-01  3.2422883454814466E-06
  2.6044530450147962E-01  1.8912656708003028E-01  3.2129574571317459E-06
  2.6304004319305985E-01  1.8874375645479469E-01  3.1839445833036725E-06
  2.6566063249035726E-01  1.8834706607206225E-01  3.1552510618113906E-06
  2.6830732993522693E-01  1.8793244266359563E-01  3.1268801073567085E-06
  2.7098039563533666E-01  1.8754347453503667E-01  3.0988373088772692E-06
  2.7368009228972845E-01  1.8713567046046783E-01  3.0711308373346255E-06
  2.7640668521463690E-01  1.8672458397125422E-01  3.0437713452774627E-06
  2.7916044236956306E-01  1.8629828700983350E-01  3.0167716323494079E-06
  2.8194163438360775E-01  1.8589577478495870E-01  2.9901461891356571E-06
  2.8475053458206889E-01  1.8547609668022716E-01  2.9639107209930441E-06
  2.8758741901330293E-01  1.8506597257365373E-01  2.9380817192809165E-06
  2.9045256647585299E-01  1.8460688626209573E-01  2.9126761035358346E-06
  2.9334625854584906E-01  1.8422803115011829E-01  2.8877108726510532E-06
  2.9626877960467984E-01  1.8384157864495992E-01  2.8632026945763401E-06
  2.9922041686694112E-01  1.8343875204873419E-01  2.8391674171087833E-06
  3.0220146040866092E-01  1.8304459237982632E-01  2.8156195465977733E-06
  3.0521220319580883E-01  1.8266776429039827E-01  2.7925717966088862E-06
  3.0825294111308660E-01  1.8227117746376362E-01  2.7700348358644653E-06
  3.1132397299300668E-01  1.8186908440996929E-01  2.7480172616279962E-06
  3.1442560064526026E-01  1.8140379995747083E-01  2.7265257682097389E-06
  3.1755812888637880E-01  1.8100795097507369E-01  2.7055654429525108E-06
  3.2072186556968929E-01  1.8059735767489357E-01  2.6851401120428778E-06
  3.2391712161556935E-01  1.8016089290512477E-01  2.6652526713688135E-06
  3.2714421104200359E-01  1.7979501611111623E-01  2.6459053805118120E-06
  3.3040345099544416E-01  1.7937426067143397E-01  2.6271002733375768E-06
  3.3369516178197750E-01  1.7903281663186749E-01  2.6088399728760651E-06
  3.3701966689880464E-01  1.7865349704418157E-01  2.5911290546020179E-06
  3.4037729306603254E-01  1.7823807825956059E-01  2.5739758346955179E-06
  3.4376837025878249E-01  1.7787022109628831E-01  2.5573942295529283E-06
  3.4719323173961908E-01  1.7745435787189329E-01  2.5414052206733012E-06
  3.5065221409130304E-01  1.7706215345705673E-01  2.5260376025735881E-06
  3.5414565724986774E-01  1.7667668401180761E-01  2.5113279421696030E-06
  3.5767390453802750E-01  1.7627605863651724E-01  2.4973199013659660E-06
  3.6123730269891879E-01  1.7587903251324441E-01  2.4840631966203381E-06
  3.6483620193017630E-01  1.7546816760942699E-01  2.4716124674017877E-06
  3.6847095591834805E-01  1.7510955929332048E-01  2.4600262579869416E-06
  3.7214192187365636E-01  1.7474710108172015E-01  2.4493661463628672E-06
  3.7584946056510210E-01  1.7437310775234757E-01  2.4396958193852881E-06
  3.7959393635591943E-01  1.7400154043113417E-01  2.4310799342989007E-06
  3.8337571723938435E-01  1.7364876851779937E-01  2.4235827150000534E-06
  3.8719517487498051E-01  1.7328166561755323E-01  2.4172663779058869E-06
  3.9105268462492337E-01  1.7294444049821125E-01  2.4121897437409494E-06
  3.9494862559104965E-01  1.7259419892698058E-01  2.4084074026666196E-06
  3.9888338065207518E-01  1.7224775745681328E-01  2.4059695549096742E-06
  4.0285733650122119E-01  1.7188005752840643E-01  2.4049225148440503E-06
  4.0687088368421781E-01  1.7152527210421156E-01  2.4053097083428261E-06
  4.1092441663768614E-01  1.7114171702459774E-01  2.4071729325730403E-06
  4.1501833372790103E-01  1.7076813606849148E-01  2.4105536759179885E-06
  4.1915303728994135E-01  1.7039031049090889E-01  2.4154943141072127E-06
  4.2332893366722985E-01  1.7002050882213970E-01  2.4220390201699474E-06
  4.2754643325146796E-01  1.6964160524495603E-01  2.4302341851943600E-06
  4.3180595052296633E-01  1.6933799946500780E-01  2.4401282723379964E-06
  4.3610790409137895E-01  1.6902040291722573E-01  2.4517712122824035E-06
  4.4045271673684316E-01  1.6872749125311864E-01  2.4652135569731275E-06
  4.4484081545152854E-01  1.6841888612241634E-01  2.4805055840133231E-06
  4.4927263148159852E-01  1.6812585197266963E-01  2.4976966781503287E-06
  4.5374860036959469E-01  1.6777371642416541E-01  2.5168351629617623E-06
  4.5826916199723861E-01  1.6746928966792957E-01  2.5379685881490664E-06
  4.6283476062866052E-01  1.6710981960586424E-01  2.5611443606398723E-06
  4.6744584495406283E-01  1.6680698496260676E-01  2.5864105591620469E-06
  4.7210286813381414E-01  1.6647340366418537E-01  2.6138167655307373E-06
  4.7680628784298296E-01  1.6613291811026232E-01  2.6434146980607938E-06
  4.8155656631631910E-01  1.6581923208060018E-01  2.6752582864545362E-06
  4.8635417039367906E-01  1.6550366336593522E-01  2.7094028306078911E-06
  4.9119957156590294E-01  1.6520185137611579E-01  2.7459030853455347E-06
  4.9609324602115695E-01  1.6487314217158780E-01  2.7848103902866366E-06
  5.0103567469172450E-01  1.6456306929686598E-01  2.8261691054886353E-06
  5.0602734330127330E-01  1.6426660574696644E-01  2.8700129561658927E-06
  5.1106874241259403E-01  1.6394976880994960E-01  2.9163619197981305E-06
  5.1616036747580429E-01  1.6362066299204961E-01  2.9652200468522114E-06
  5.2130271887704471E-01  1.6332004034911507E-01  3.0165742998604445E-06
  5.2649630198765363E-01  1.6300687383775730E-01  3.0703942228365758E-06
  5.3174162721383156E-01  1.6266124405446925E-01  3.1266320740919687E-06
  5.3703921004680466E-01  1.6234128888154975E-01  3.1852231156450026E-06
  5.4238957111348418E-01  1.6200678900145160E-01  3.2460860056275655E-06
  5.4779323622762988E-01  1.6170522665569789E-01  3.3091232297315956E-06
  5.5325073644152845E-01  1.6138558898895386E-01  3.3742217645481684E-06
  5.5876260809818179E-01  1.6107568017571292E-01  3.4412543340425153E-06
  5.6432939288401507E-01  1.6076771579864149E-01  3.5100810741449551E-06
  5.6995163788211500E-01  1.6045496271395326E-01  3.5805512671167423E-06
  5.7562989562599365E-01  1.6009485002474211E-01  3.6525049577689436E-06
  5.8136472415388707E-01  1.5980078352703048E-01  3.7257740413963061E-06
  5.8715668706360158E-01  1.5943338243448729E-01  3.8001825451867222E-06
  5.9300635356789977E-01  1.5908084998605879E-01  3.8755460570319265E-06
  5.9891429855043854E-01  1.5874112565370327E-01  3.9516704774457250E-06
  6.0488110262227279E-01  1.5838975578707754E-01  4.0283504602996291E-06
  6.1090735217890813E-01  1.5804649687649830E-01  4.1053679193845071E-06
  6.1699363945793329E-01  1.5770699789242829E-01  4.1824912063906226E-06
  6.2314056259722683E-01  1.5737752952697120E-01  4.2594754788944395E-06
  6.2934872569373157E-01  1.5703858092337977E-01  4.3360645676938172E-06
  6.3561873886283005E-01  1.5665365921936561E-01  4.4119945348931515E-06
  6.4195121829830215E-01  1.5634343317482557E-01  4.4869989256101591E-06
  6.4834678633288012E-01  1.5606225485572350E-01  4.5608148874116342E-06
  6.5480607149941306E-01  1.5568957214523013E-01  4.6331891041965695E-06
  6.6132970859263451E-01  1.5542678434318227E-01  4.7038824902070146E-06
  6.6791833873154716E-01  1.5509607842413695E-01  4.7726729351199185E-06
  6.7457260942243147E-01  1.5477082216285259E-01  4.8393559573385464E-06
  6.8129317462248018E-01  1.5444605069551279E-01  4.9037437368832686E-06
  6.8808069480406331E-01  1.5410356331482580E-01  4.9656630969969295E-06
  6.9493583701964234E-01  1.5375347720723723E-01  5.0249533029814431E-06
  7.0185927496732248E-01  1.5340702373314236E-01  5.0814644963637968E-06
  7.0885168905705975E-01  1.5305462322645949E-01  5.1350570268767595E-06
  7.1591376647753335E-01  1.5269028993516268E-01  5.1856015764360404E-06
  7.2304620126367747E-01  1.5234399712726640E-01  5.2329807638083662E-06
  7.3024969436488651E-01  1.5197649132246205E-01  5.2770917402054164E-06
  7.3752495371390858E-01  1.5159275346916901E-01  5.3178490705472287E-06
  7.4487269429641023E-01  1.5126842967245085E-01  5.3551872923701662E-06
  7.5229363822124573E-01  1.5092766142267736E-01  5.3890625700183469E-06
  7.5978851479142917E-01  1.5059590406200857E-01  5.4194531021015286E-06
  7.6735806057579681E-01  1.5028606303913780E-01  5.4463583267057774E-06
  7.7500301948140282E-01  1.4999617710676966E-01  5.4697972087398314E-06
  7.8272414282662550E-01  1.4964027704148536E-01  5.4898059747587308E-06
  7.9052218941500074E-01  1.4933140989417293E-01  5.5064358354341755E-06
  7.9839792560979961E-01  1.4901811681073837E-01  5.5197508957373569E-06
  8.0635212540934131E-01  1.4867943568154779E-01  5.5298260499960649E-06
  8.1438557052305638E-01  1.4833665777342459E-01  5.5367451754236672E-06
  8.2249905044831539E-01  1.4798603760109796E-01  5.5405996766889580E-06
  8.3069336254801474E-01  1.4764214821542529E-01  5.5414870894288912E-06
  8.3896931212893655E-01  1.4730512344039443E-01  5.5395097728858139E-06
  8.4732771252089656E-01  1.4694268437399410E-01  5.5347737735457674E-06
  8.5576938515667167E-01  1.4660309966296620E-01  5.5273879434443135E-06
  8.6429515965272552E-01  1.4628497521795902E-01  5.5174633593631923E-06
  8.7290587389074548E-01  1.4594835463246528E-01  5.5051129824715601E-06
  8.8160237409998321E-01  1.4560051989063819E-01  5.4904514561682066E-06
  8.9038551494041585E-01  1.4526261484591621E-01  5.4735948622654176E-06
  8.9925615958674876E-01  1.4492177794884847E-01  5.4546602988796211E-06
  9.0821517981323341E-01  1.4457040006994151E-01  5.4337652226258149E-06
  9.1726345607934723E-01  1.4424527349880123E-01  5.4110265182165501E-06
  9.2640187761632786E-01  1.4388717292987940E-01  5.3865593040024852E-06
  9.3563134251455138E-01  1.4356863521157742E-01  5.3604756739607318E-06
  9.4495275781180332E-01  1.4322591697924617E-01  5.3328835733998942E-06
  9.5436703958241564E-01  1.4290563760877226E-01  5.3038860270942193E-06
  9.6387511302729190E-01  1.4257548046047239E-01  5.2735808449450077E-06
  9.7347791256483884E-01  1.4224002301787531E-01  5.2420608175048399E-06
  9.8317638192279377E-01  1.4193685321278984E-01  5.2094142846692469E-06
  9.9297147423096899E-01  1.4160419429009599E-01  5.1757259417778560E-06
  1.0028641521149269E+00  1.4127210347150973E-01  5.1410776525890280E-06
  1.0128553877905799E+00  1.4092641877630308E-01  5.1055490698990066E-06
  1.0229461631597347E+00  1.4057880437128065E-01  5.0692179971088476E-06
  1.0331374699065949E+00  1.4024628427934696E-01  5.0321604747877138E-06
  1.0434303095952171E+00  1.3990820325172640E-01  4.9944504381509711E-06
  1.0538256937679378E+00  1.3958367289316329E-01  4.9561590553865811E-06
  1.0643246440447909E+00  1.3923447278571247E-01  4.9173538676555808E-06
  1.0749281922239051E+00  1.3888768876800517E-01  4.8780979009445454E-06
  1.0856373803829020E+00  1.3857341643905208E-01  4.8384489413843426E-06
  1.0964532609813145E+00  1.3820797179327363E-01  4.7984591696095608E-06
  1.1073768969640148E+00  1.3790055175919419E-01  4.7581752211278345E-06
  1.1184093618656725E+00  1.3754834146675587E-01  4.7176386507034674E-06
  1.1295517399162702E+00  1.3722738100188556E-01  4.6768867028695559E-06
  1.1408051261476433E+00  1.3691130669283463E-01  4.6359531694453361E-06
  1.1521706265011007E+00  1.3658780731004258E-01  4.5948692148105777E-06
  1.1636493579361218E+00  1.3625952194714946E-01  4.5536642410654582E-06
  1.1752424485401110E+00  1.3591983669770502E-01  4.5123665536068113E-06
  1.1869510376392745E+00  1.3557552105379850E-01  4.4710038206320703E-06
  1.1987762759105851E+00  1.3527002722105932E-01  4.4296034940168035E-06
  1.2107193254948629E+00  1.3496145640738177E-01  4.3881932017055293E-06
  1.2227813601109925E+00  1.3464224563663618E-01  4.3468010914267177E-06
  1.2349635651712694E+00  1.3430497420135609E-01  4.3054561013564895E-06
  1.2472671378978930E+00  1.3398227857453979E-01  4.2641880886884453E-06
  1.2596932874406337E+00  1.3365797035772981E-01  4.2230277662331841E-06
  1.2722432349956596E+00  1.3331760422015468E-01  4.1820064148441646E-06
  1.2849182139255466E+00  1.3299047527494767E-01  4.1411554709550397E-06
  1.2977194698804977E+00  1.3263828248523959E-01  4.1005060841203706E-06
  1.3106482609207559E+00  1.3228737368772203E-01  4.0600886072505771E-06
  1.3237058576402387E+00  1.3196192782173061E-01  4.0199320684603176E-06
  1.3368935432914149E+00  1.3158394079091229E-01  3.9800637449162118E-06
  1.3502126139114132E+00  1.3127206142109793E-01  3.9405087227176562E-06
  1.3636643784493883E+00  1.3093549652767650E-01  3.9012894582970620E-06
  1.3772501588951724E+00  1.3062762559101812E-01  3.8624253771669685E-06
  1.3909712904091796E+00  1.3030262908579013E-01  3.8239325975177704E-06
  1.4048291214536281E+00  1.2997691934853781E-01  3.7858238713242769E-06
  1.4188250139250698E+00  1.2961416847069943E-01  3.7481088029119459E-06
  1.4329603432882150E+00  1.2932188424736965E-01  3.7107943016799067E-06
  1.4472364987111235E+00  1.2898699062837049E-01  3.6738851063074701E-06
  1.4616548832017207E+00  1.2865857173902159E-01  3.6373842850405764E-06
  1.4762169137456767E+00  1.2836007142388137E-01  3.6012937218627917E-06
  1.4909240214456703E+00  1.2801542910202107E-01  3.5656145963184520E-06
  1.5057776516620280E+00  1.2770024807078934E-01  3.5303476574965509E-06
  1.5207792641547651E+00  1.2732580847610120E-01  3.4954933659511216E-06
  1.5359303332270533E+00  1.2702053483539255E-01  3.4610519763654545E-06
  1.5512323478701064E+00  1.2669299351742050E-01  3.4270235484857330E-06
  1.5666868119095085E+00  1.2634153007171398E-01  3.3934079044808037E-06
  1.5822952441530118E+00  1.2598835647178805E-01  3.3602045432644700E-06
  1.5980591785397962E+00  1.2564757131047899E-01  3.3274125800834272E-06
  1.6139801642912146E+00  1.2531136328312262E-01  3.2950307631306833E-06
  1.6300597660630540E+00  1.2497058433116433E-01  3.2630575477155866E-06
  1.6462995640992986E+00  1.2459899749836310E-01  3.2314911365657442E-06
  1.6627011543874244E+00  1.2431364824752088E-01  3.2003294903382771E-06
  1.6792661488152654E+00  1.2398799229820411E-01  3.1695703653759120E-06
  1.6959961753294019E+00  1.2366427590774245E-01  3.1392113707396197E-06
  1.7128928780951591E+00  1.2335436558761076E-01  3.1092500346019722E-06
  1.7299579176581998E+00  1.2297713713119840E-01  3.0796838910101911E-06
  1.7471929711076950E+00  1.2266621399377790E-01  3.0505105656144059E-06
  1.7645997322411604E+00  1.2233813675493281E-01  3.0217278534644531E-06
  1.7821799117309101E+00  1.2198729601490196E-01  2.9933337501451899E-06
  1.7999352372921689E+00  1.2162979656249319E-01  2.9653264053237413E-06
  1.8178674538528783E+00  1.2125772328094794E-01  2.9377040320714257E-06
  1.8359783237251739E+00  1.2092403104961040E-01  2.9104648884675292E-06
  1.8542696267785757E+00  1.2053450894433532E-01  2.8836072997943146E-06
  1.8727431606149163E+00  1.2021492533532423E-01  2.8571296180174296E-06
  1.8914007407449986E+00  1.1986290115773608E-01  2.8310301404563705E-06
  1.9102442007670102E+00  1.1955820760776391E-01  2.8053070421944673E-06
  1.9292753925467359E+00  1.1920783976305313E-01  2.7799583333329555E-06
  1.9484961863995442E+00  1.1889140202854018E-01  2.7549818172831854E-06
  1.9679084712741923E+00  1.1853598650045463E-01  2.7303750578599199E-06
  1.9875141549384736E+00  1.1820715035358022E-01  2.7061353543808459E-06
  2.0073151641667017E+00  1.1783496552751964E-01  2.6822597443803498E-06
  2.0273134449290588E+00  1.1749173878438009E-01  2.6587450037708596E-06
  2.0475109625828614E+00  1.1714360459802212E-01  2.6355875981225008E-06
  2.0679097020656787E+00  1.1677465252160577E-01  2.6127836283754542E-06
  2.0885116680904208E+00  1.1637149501724647E-01  2.5903288858970058E-06
  2.1093188853423657E+00  1.1602883415680669E-01  2.5682189881004260E-06
  2.1303333986781103E+00  1.1567566867651320E-01  2.5464494481416676E-06
  2.1515572733265551E+00  1.1531263354971348E-01  2.5250157284090160E-06
  2.1729925950918583E+00  1.1495877040346029E-01  2.5039132676797416E-06
  2.1946414705584147E+00  1.1459420131099271E-01  2.4831375011403826E-06
  2.2165060272978963E+00  1.1424135466263546E-01  2.4626838963304807E-06
  2.2385884140783352E+00  1.1388697519652202E-01  2.4425480091981950E-06
  2.2608908010752913E+00  1.1352915835261483E-01  2.4227255336609401E-06
  2.2834153800851396E+00  1.1316175577588966E-01  2.4032123231045222E-06
  2.3061643647404684E+00  1.1279362580037749E-01  2.3840043964137513E-06
  2.3291399907276178E+00  1.1242187012973980E-01  2.3650978571924414E-06
  2.3523445160064105E+00  1.1205044746473303E-01  2.3464887531269745E-06
  2.3757802210320471E+00  1.1166986906893500E-01  2.3281730654677138E-06
  2.3994494089792138E+00  1.1128633331523427E-01  2.3101467472493271E-06
  2.4233544059684449E+00  1.1090242033308524E-01  2.2924057271152498E-06
  2.4474975612947194E+00  1.1051330917940050E-01  2.2749459245774073E-06
  2.4718812476583283E+00  1.1012994287673233E-01  2.2577632715027997E-06
  2.4965078613980842E+00  1.0973265265525665E-01  2.2408537257456789E-06
  2.5213798227267912E+00  1.0933868223934393E-01  2.2242132555949845E-06
  2.5464995759691105E+00  1.0896773565355231E-01  2.2078378357995711E-06
  2.5718695898017945E+00  1.0855341660055756E-01  2.1917235044339170E-06
  2.5974923574962641E+00  1.0817771758701765E-01  2.1758664483597074E-06
  2.6233703971636713E+00  1.0778207906317756E-01  2.1602630390530511E-06
  2.6495062520023533E+00  1.0737862690189519E-01  2.1449097685504908E-06
  2.6759024905477666E+00  1.0697475110932542E-01  2.1298031338706475E-06
  2.7025617069249255E+00  1.0658759492646756E-01  2.1149396445655860E-06
  2.7294865211033343E+00  1.0618107332884741E-01  2.1003158621215486E-06
  2.7566795791544654E+00  1.0577771146616531E-01  2.0859283863339254E-06
  2.7841435535118153E+00  1.0536512134358733E-01  2.0717738405870173E-06
  2.8118811432335375E+00  1.0494241457240171E-01  2.0578488703126399E-06
  2.8398950742676874E+00  1.0453136360174382E-01  2.0441501659637641E-06
  2.8681880997201321E+00  1.0411331960280712E-01  2.0306744974641660E-06
  2.8967630001251110E+00  1.0368336535405395E-01  2.0174187094275000E-06
  2.9256225837184853E+00  1.0326175090029945E-01  2.0043796945860185E-06
  2.9547696867137390E+00  1.0282414382712747E-01  1.9915544189253629E-06
  2.9842071735807036E+00  1.0238208120571507E-01  1.9789399704480323E-06
  3.0139379373270545E+00  1.0194848506017086E-01  1.9665334586954401E-06
  3.0439648997826589E+00  1.0150588198987831E-01  1.9543318968628972E-06
  3.0742910118866833E+00  1.0105107836185942E-01  1.9423322379090345E-06
  3.1049192539776183E+00  1.0060470756680394E-01  1.9305313918645644E-06
  3.1358526360861934E+00  1.0015550681095144E-01  1.9189262301854083E-06
  3.1670941982311547E+00  9.9713018816515744E-02  1.9075135871997255E-06
  3.1986470107180565E+00  9.9261114053195876E-02  1.8962902549679405E-06
  3.2305141744409904E+00  9.8790314429999054E-02  1.8852529763073574E-06
  3.2626988211873185E+00  9.8349746697105708E-02  1.8743984637878694E-06
  3.2952041139454735E+00  9.7871640300447316E-02  1.8637234580313411E-06
  3.3280332472157972E+00  9.7399446925193187E-02  1.8532247869731229E-06
  3.3611894473244717E+00  9.6942585025949074E-02  1.8428994174172769E-06
  3.3946759727406133E+00  9.6482542723608719E-02  1.8327444749566318E-06
  3.4284961143964909E+00  9.6002623573198081E-02  1.8227571657188818E-06
  3.4626531960109386E+00  9.5517986744981256E-02  1.8129347176689425E-06
  3.4971505744160152E+00  9.5024882165301222E-02  1.8032743693044967E-06
  3.5319916398868969E+00  9.4539864399894050E-02  1.7937733534818380E-06
  3.5671798164750448E+00  9.4065785866047955E-02  1.7844288816514501E-06
  3.6027185623447320E+00  9.3558490582234866E-02  1.7752381284655943E-06
  3.6386113701128888E+00  9.3062449626179253E-02  1.7661982164874467E-06
  3.6748617671923318E+00  9.2569901868779475E-02  1.7573061983646639E-06
  3.7114733161384490E+00  9.2079193490883088E-02  1.7485590303501940E-06
  3.7484496149993016E+00  9.1564477897807098E-02  1.7399535432424918E-06
  3.7857942976692134E+00  9.1073006660691999E-02  1.7314864480748714E-06
  3.8235110342459357E+00  9.0558713537071164E-02  1.7231544325423130E-06
  3.8616035313912858E+00  9.0031370085597917E-02  1.7149542466148105E-06
  3.9000755326954417E+00  8.9533866636536508E-02  1.7068826402627262E-06
  3.9389308190448764E+00  8.8999711894492184E-02  1.6989363733987317E-06
  3.9781732089938764E+00  8.8474838786956805E-02  1.6911122831487345E-06
  4.0178065591398573E+00  8.7951788614086743E-02  1.6834073496047408E-06
  4.0578347645023625E+00  8.7394172415433777E-02  1.6758187715116703E-06
  4.0982617589058394E+00  8.6914561772964236E-02  1.6683440543507353E-06
  4.1390915153662622E+00  8.6364395848928827E-02  1.6609811103295978E-06
  4.1803280464815771E+00  8.5822198279939546E-02  1.6537283682119263E-06
  4.2219754048260292E+00  8.5297107347246770E-02  1.6465848967201075E-06
  4.2640376833484641E+00  8.4745609312529391E-02  1.6395505222658079E-06
  4.3065190157745521E+00  8.4209167698748422E-02  1.6326258512088710E-06
  4.3494235770130221E+00  8.3648400596992634E-02  1.6258122536525464E-06
  4.3927555835659842E+00  8.3097957675656933E-02  1.6191117675668663E-06
  4.4365192939432943E+00  8.2565127864405813E-02  1.6125268480441912E-06
  4.4807190090810733E+00  8.2005216892663990E-02  1.6060601145638109E-06
  4.5253590727643678E+00  8.1460954888910822E-02  1.5997141855295686E-06
  4.5704438720540708E+00  8.0897643265860478E-02  1.5934915382636365E-06
  4.6159778377180505E+00  8.0340792069547418E-02  1.5873943810930733E-06
  4.6619654446665768E+00  7.9791636319781867E-02  1.5814245316711958E-06
  4.7084112123921260E+00  7.9236291238990619E-02  1.5755832904315493E-06
  4.7553197054135277E+00  7.8678844831769387E-02  1.5698713106860883E-06
  4.8026955337245338E+00  7.8125865382994764E-02  1.5642884846722766E-06
  4.8505433532468976E+00  7.7572589519232418E-02  1.5588339227756624E-06
  4.8988678662879268E+00  7.7023460826162474E-02  1.5535060501784912E-06
  4.9476738220026117E+00  7.6474817572182816E-02  1.5483027293391763E-06
  4.9969660168603438E+00  7.5930572853074751E-02  1.5432213368106686E-06
  5.0467492951163146E+00  7.5388362436308823E-02  1.5382589790413917E-06
  5.0970285492875869E+00  7.4839618458310650E-02  1.5334126830166408E-06
  5.1478087206338889E+00  7.4306440615793806E-02  1.5286795194034479E-06
  5.1990947996432579E+00  7.3764324285236244E-02  1.5240566947288612E-06
  5.2508918265224738E+00  7.3228047388550738E-02  1.5195416121657370E-06
  5.3032048916923706E+00  7.2700721267378879E-02  1.5151319229835550E-06
  5.3560391362881408E+00  7.2165040619804818E-02  1.5108255812595272E-06
  5.4093997526645632E+00  7.1607890912778499E-02  1.5066208924671292E-06
  5.4632919849063022E+00  7.1095519526184384E-02  1.5025165413274244E-06
  5.5177211293432489E+00  7.0539608283553490E-02  1.4985115836660630E-06
  5.5726925350710674E+00  7.0028068058853407E-02  1.4946054157666632E-06
  5.6282116044768582E+00  6.9496848740590672E-02  1.4907977029502889E-06
  5.6842837937700743E+00  6.8964949048539101E-02  1.4870882119723227E-06
  5.7409146135187674E+00  6.8441740511109198E-02  1.4834766645861342E-06
  5.7981096291911340E+00  6.7897176067404252E-02  1.4799626237473099E-06
  5.8558744617024452E+00  6.7383902152856764E-02  1.4765453756499651E-06
  5.9142147879674889E+00  6.6878318944382037E-02  1.4732237908811845E-06
  5.9731363414584528E+00  6.6363763283647251E-02  1.4699961516614536E-06
  6.0326449127683999E+00  6.5851389185343154E-02  1.4668599396223222E-06
  6.0927463501803194E+00  6.5344919503098411E-02  1.4638116094334724E-06
  6.1534465602419148E+00  6.4839099198870098E-02  1.4608463929299477E-06
  6.2147515083460618E+00  6.4343675214096396E-02  1.4579582021485358E-06
  6.2766672193170372E+00  6.3845466852318677E-02  1.4551396744067903E-06
  6.3391997780026621E+00  6.3351025538372144E-02  1.4523823130269536E-06
  6.4023553298722788E+00  6.2834160662477545E-02  1.4496767574930013E-06
  6.4661400816206802E+00  6.2364015246322207E-02  1.4470132361848936E-06
  6.5305603017781246E+00  6.1871375168235966E-02  1.4443818880848213E-06
  6.5956223213263572E+00  6.1377041226446050E-02  1.4417730373870998E-06
  6.6613325343208070E+00  6.0884497323286886E-02  1.4391774825401588E-06
  6.7276973985189459E+00  6.0390007456349717E-02  1.4365868311044285E-06
  6.7947234360149711E+00  5.9885202388045844E-02  1.4339939004280799E-06
  6.8624172338807554E+00  5.9388657986335663E-02  1.4313931601662049E-06
  6.9307854448131785E+00  5.8897196812995677E-02  1.4287811646539516E-06
  6.9998347877879707E+00  5.8402373516031295E-02  1.4261568702206574E-06
  7.0695720487200093E+00  5.7901240462694861E-02  1.4235217728068647E-06
  7.1400040811301873E+00  5.7399981370846863E-02  1.4208798338168288E-06
  7.2111378068190026E+00  5.6897857259450950E-02  1.4182371236953513E-06
  7.2829802165467807E+00  5.6398714625749385E-02  1.4156010618775363E-06
  7.3555383707206792E+00  5.5879747675560837E-02  1.4129798415095467E-06
  7.4288194000886039E+00  5.5381885542365360E-02  1.4103820288050353E-06
  7.5028305064399614E+00  5.4896423123591234E-02  1.4078162270183575E-06
  7.5775789633134414E+00  5.4391641571091318E-02  1.4052907844808343E-06
  7.6530721167118010E+00  5.3893225826171676E-02  1.4028134884244325E-06
  7.7293173858238502E+00  5.3397157007394246E-02  1.4003912228773058E-06
  7.8063222637535574E+00  5.2928551325247722E-02  1.3980296216035711E-06
  7.8840943182564240E+00  5.2445498894094215E-02  1.3957327786178105E-06
  7.9626411924832556E+00  5.1966741701822125E-02  1.3935030928144576E-06
  8.0419706057312901E+00  5.1494455477194626E-02  1.3913412782923767E-06
  8.1220903542027845E+00  5.1025667940026734E-02  1.3892465476350424E-06
  8.2030083117712618E+00  5.0561969736544268E-02  1.3872171596547153E-06
  8.2847324307552732E+00  5.0105286489951578E-02  1.3852510032818836E-06
  8.3672707426999562E+00  4.9649188685569903E-02  1.3833459687684931E-06
  8.4506313591663069E+00  4.9200000278130644E-02  1.3815002063554194E-06
  8.5348224725284005E+00  4.8754571812997458E-02  1.3797121809014337E-06
  8.6198523567784857E+00  4.8316375043794921E-02  1.3779806033910694E-06
  8.7057293683400960E+00  4.7880638609071227E-02  1.3763044353941523E-06
  8.7924619468893432E+00  4.7446688427409546E-02  1.3746829716182819E-06
  8.8800586161843054E+00  4.7020497029423215E-02  1.3731158856223612E-06
  8.9685279849026873E+00  4.6591952202921248E-02  1.3716032034773448E-06
  9.0578787474879032E+00  4.6153604260410479E-02  1.3701452313437860E-06
  9.1481196850034987E+00  4.5748228084892116E-02  1.3687424128884351E-06
  9.2392596659961335E+00  4.5320950130613519E-02  1.3673950794216704E-06
  9.3313076473671295E+00  4.4907178538561528E-02  1.3661031136609450E-06
  9.4242726752527570E+00  4.4495040900228384E-02  1.3648656755334130E-06
  9.5181638859132409E+00  4.4080745179922803E-02  1.3636810937350386E-06
  9.6129905066306005E+00  4.3669651837440454E-02  1.3625470191240379E-06
  9.7087618566155438E+00  4.3255911063000918E-02  1.3614609270517036E-06
  9.8054873479232860E+00  4.2846772615236506E-02  1.3604204222237053E-06
  9.9031764863785021E+00  4.2440830062365160E-02  1.3594231646844156E-06
  1.0001838872509586E+01  4.2017897385602805E-02  1.3584667978649161E-06
  1.0101484202492115E+01  4.1632818060200340E-02  1.3575490586327328E-06
  1.0202122269101778E+01  4.1228762407875597E-02  1.3566678640953437E-06
  1.0303762962676728E+01  4.0833203176882486E-02  1.3558214049329178E-06
  1.0406416272089627E+01  4.0433619101163089E-02  1.3550082567621190E-06
  1.0510092285729295E+01  4.0037039185676429E-02  1.3542275054310511E-06
  1.0614801192492113E+01  3.9639239000505470E-02  1.3534789303149735E-06
  1.0720553282783428E+01  3.9249443398022131E-02  1.3527630688336065E-06
  1.0827358949528818E+01  3.8861498786151590E-02  1.3520810402895749E-06
  1.0935228689195441E+01  3.8471554021777675E-02  1.3514339555563115E-06
  1.1044173102823644E+01  3.8070244110755616E-02  1.3508224530691946E-06
  1.1154202897068760E+01  3.7703227336870912E-02  1.3502469195710862E-06
  1.1265328885253346E+01  3.7324162392991522E-02  1.3497078185428164E-06
  1.1377561988429816E+01  3.6944439788171912E-02  1.3492056139956989E-06
  1.1490913236453801E+01  3.6557447800269705E-02  1.3487407257025890E-06
  1.1605393769068087E+01  3.6193996694064430E-02  1.3483135371609019E-06
  1.1721014836997353E+01  3.5824384274797859E-02  1.3479243281515863E-06
  1.1837787803053910E+01  3.5444230710027870E-02  1.3475732154375232E-06
  1.1955724143254383E+01  3.5090619291386863E-02  1.3472600461956728E-06
  1.2074835447947473E+01  3.4728027376077726E-02  1.3469843306843089E-06
  1.2195133422953102E+01  3.4355461091415559E-02  1.3467453171385842E-06
  1.2316629890712758E+01  3.3995419445181960E-02  1.3465423492376350E-06
  1.2439336791451396E+01  3.3653830700750773E-02  1.3463752909763197E-06
  1.2563266184350823E+01  3.3298960803934873E-02  1.3462444453104004E-06
  1.2688430248734905E+01  3.2953842677384146E-02  1.3461502644329206E-06
  1.2814841285266469E+01  3.2605423445458387E-02  1.3460934309157864E-06
  1.2942511717156133E+01  3.2260579031998630E-02  1.3460748527376670E-06
  1.3071454091383284E+01  3.1918716867836677E-02  1.3460954658950998E-06
  1.3201681079929111E+01  3.1577157904438713E-02  1.3461562506424203E-06
  1.3333205481021926E+01  3.1240548181778797E-02  1.3462582245177239E-06
  1.3466040220395001E+01  3.0906007129210575E-02  1.3464024441693963E-06
  1.3600198352556813E+01  3.0573458643381800E-02  1.3465900331219474E-06
  1.3735693062074013E+01  3.0245240734307188E-02  1.3468221718972373E-06
  1.3872537664867108E+01  2.9914124573901305E-02  1.3470999871221405E-06
  1.4010745609519180E+01  2.9593722234229826E-02  1.3474243476666057E-06
  1.4150330478597526E+01  2.9264618950867884E-02  1.3477957778521451E-06
  1.4291305989988457E+01  2.8952552363919318E-02  1.3482145072357353E-06
  1.4433685998245517E+01  2.8633735470131663E-02  1.3486804604283113E-06
  1.4577484495951037E+01  2.8307130069723976E-02  1.3491934023786213E-06
  1.4722715615091209E+01  2.8009951468117238E-02  1.3497532624047948E-06
  1.4869393628445028E+01  2.7684044871385097E-02  1.3503600714148976E-06
  1.5017532950986901E+01  2.7391570137369526E-02  1.3510138708886576E-06
  1.5167148141303329E+01  2.7082884741373828E-02  1.3517147002748250E-06
  1.5318253903023612E+01  2.6777988884071749E-02  1.3524625721151375E-06
  1.5470865086264954E+01  2.6480043885725387E-02  1.3532574490299110E-06
  1.5624996689091850E+01  2.6171807454583137E-02  1.3540992410591121E-06
  1.5780663858989961E+01  2.5873459949038308E-02  1.3549878651371273E-06
  1.5937881894354883E+01  2.5590819589107382E-02  1.3559233510954379E-06
  1.6096666245995539E+01  2.5289048604049912E-02  1.3569059573519703E-06
  1.6257032518652601E+01  2.5013954790781827E-02  1.3579361804086473E-06
  1.6418996472532154E+01  2.4722567584024482E-02  1.3590145852330885E-06
  1.6582574024854484E+01  2.4432288472276319E-02  1.3601416054640810E-06
  1.6747781251418406E+01  2.4154350151174637E-02  1.3613175748724876E-06
  1.6914634388181053E+01  2.3876059643769255E-02  1.3625428429543330E-06
  1.7083149832853604E+01  2.3610286508798733E-02  1.3638177862694548E-06
  1.7253344146512724E+01  2.3336415570120370E-02  1.3651427998411888E-06
  1.7425234055228085E+01  2.3066583704014924E-02  1.3665182951533925E-06
  1.7598836451706237E+01  2.2797330602944452E-02  1.3679446919810826E-06
  1.7774168396950724E+01  2.2527413736615463E-02  1.3694223899122447E-06
  1.7951247121938703E+01  2.2272353968305819E-02  1.3709517023792952E-06
  1.8130090029314463E+01  2.2011683692737215E-02  1.3725327766767557E-06
  1.8310714695099620E+01  2.1755688854408966E-02  1.3741656125158845E-06
  1.8493138870420449E+01  2.1501290718650472E-02  1.3758502221133723E-06
  1.8677380483252332E+01  2.1241436588151447E-02  1.3775867081105613E-06
  1.8863457640181775E+01  2.0992862729869055E-02  1.3793753992385180E-06
  1.9051388628185780E+01  2.0748527118681272E-02  1.3812168199708335E-06
  1.9241191916428978E+01  2.0502355242020182E-02  1.3831115020039370E-06
  1.9432886158078833E+01  2.0268501872407068E-02  1.3850599636254981E-06
  1.9626490192138725E+01  2.0029025451768611E-02  1.3870627028058547E-06
  1.9822023045299343E+01  1.9784539574901731E-02  1.3891201885014165E-06
  2.0019503933808650E+01  1.9552061591238606E-02  1.3912328580392001E-06
  2.0218952265360347E+01  1.9327421664488510E-02  1.3934011283941589E-06
  2.0420387641001181E+01  1.9091155450334660E-02  1.3956254114516310E-06
  2.0623829857057217E+01  1.8872344030037506E-02  1.3979060915911019E-06
  2.0829298907079451E+01  1.8648739027556992E-02  1.4002434537453190E-06
  2.1036814983808664E+01  1.8427296626502554E-02  1.4026377318003526E-06
  2.1246398481159790E+01  1.8207969372462315E-02  1.4050890128829269E-06
  2.1458069996226328E+01  1.7992474365305822E-02  1.4075970469552164E-06
  2.1671850331304448E+01  1.7778915352125571E-02  1.4101615327399897E-06
  2.1887760495937300E+01  1.7566947285884559E-02  1.4127821940711847E-06
  2.2105821708979921E+01  1.7357515219546465E-02  1.4154587797146107E-06
  2.2326055400684410E+01  1.7150479499892450E-02  1.4181910629778115E-06
  2.2548483214806101E+01  1.6945798247995095E-02  1.4209788375290191E-06
  2.2773127010730516E+01  1.6743475653362993E-02  1.4238219011230414E-06
  2.3000008865621759E+01  1.6543516687686700E-02  1.4267200317341141E-06
  2.3229151076592125E+01  1.6345631111373996E-02  1.4296729701915637E-06
  2.3460576162893311E+01  1.6149695195073373E-02  1.4326804295251828E-06
  2.3694306868129640E+01  1.5956182242389642E-02  1.4357420714993944E-06
  2.3930366162493172E+01  1.5763977602029029E-02  1.4388575750911908E-06
  2.4168777245021047E+01  1.5574810136749691E-02  1.4420269450269140E-06
  2.4409563545875553E+01  1.5387644791496785E-02  1.4452503709616612E-06
  2.4652748728646650E+01  1.5201736194304205E-02  1.4485280829703616E-06
  2.4898356692677595E+01  1.5018562683579321E-02  1.4518603374263759E-06
  2.5146411575413580E+01  1.4837556107961706E-02  1.4552474055977619E-06
  2.5396937754774026E+01  1.4658723516921565E-02  1.4586895650793243E-06
  2.5649959851548267E+01  1.4479794316232858E-02  1.4621871001601027E-06
  2.5905502731815130E+01  1.4305337478649365E-02  1.4657403069047336E-06
  2.6163591509386823E+01  1.4132111437623315E-02  1.4693494909673599E-06
  2.6424251548276963E+01  1.3960647777035078E-02  1.4730149426587800E-06
  2.6687508465193158E+01  1.3791217270338703E-02  1.4767369065105081E-06
  2.6953388132054705E+01  1.3623280839624448E-02  1.4805155624506594E-06
  2.7221916678535099E+01  1.3453379490225494E-02  1.4843509345827737E-06
  2.7493120494629864E+01  1.3294195678562701E-02  1.4882429502644150E-06
  2.7767026233250252E+01  1.3131617320287810E-02  1.4921915572126202E-06
  2.8043660812842468E+01  1.2971430128987362E-02  1.4961967346486824E-06
  2.8323051420033181E+01  1.2812975233463555E-02  1.5002584965320369E-06
  2.8605225512301200E+01  1.2652042631442173E-02  1.5043768933372122E-06
  2.8890210820676074E+01  1.2496859108771631E-02  1.5085520096069230E-06
  2.9178035352463308E+01  1.2343692934863411E-02  1.5127839540210559E-06
  2.9468727393996730E+01  1.2196817858532582E-02  1.5170728487559433E-06
  2.9762315513418535E+01  1.2047216971566169E-02  1.5214188168693934E-06
  3.0058828563486795E+01  1.1899206864499828E-02  1.5258219611916778E-06
  3.0358295684410866E+01  1.1752774496912805E-02  1.5302823231306334E-06
  3.0660746306715414E+01  1.1608111982483330E-02  1.5347998695574893E-06
  3.0966210154132575E+01  1.1465518711576708E-02  1.5393745362562552E-06
  3.1274717246523178E+01  1.1319735435681263E-02  1.5440062423062284E-06
  3.1586297902826850E+01  1.1183889738293285E-02  1.5486948908945445E-06
  3.1900982744041848E+01  1.1042927310918165E-02  1.5534403710883430E-06
  3.2218802696234278E+01  1.0906447313070078E-02  1.5582425598137167E-06
  3.2539788993577297E+01  1.0774351288232394E-02  1.5631013261948894E-06
  3.2863973181420874E+01  1.0640784336101855E-02  1.5680165368975791E-06
  3.3191387119391898E+01  1.0509067282325790E-02  1.5729880607055781E-06
  3.3522062984525078E+01  1.0378668150772720E-02  1.5780157653542420E-06
  3.3856033274425378E+01  1.0249816674412283E-02  1.5830995022317012E-06
  3.4193330810461688E+01  1.0122584851092865E-02  1.5882390797983119E-06
  3.4533988740992385E+01  9.9970488003080522E-03  1.5934342236109854E-06
  3.4878040544622948E+01  9.8722382535888047E-03  1.5986845508598588E-06
  3.5225520033496274E+01  9.7491853920560236E-03  1.6039896281720782E-06
  3.5576461356615553E+01  9.6242588234731648E-03  1.6093490050435843E-06
  3.5930899003200146E+01  9.5075193470288977E-03  1.6147622181267167E-06
  3.6288867806075345E+01  9.3888155269209669E-03  1.6202287857172087E-06
  3.6650402945095422E+01  9.2680770780710665E-03  1.6257482034186215E-06
  3.7015539950600925E+01  9.1554568124819508E-03  1.6313199341069130E-06
  3.7384314706910679E+01  9.0401925509821478E-03  1.6369433977675769E-06
  3.7756763455848201E+01  8.9244792120385819E-03  1.6426179560333467E-06
  3.8132922800303497E+01  8.8159841530476221E-03  1.6483428877123066E-06
  3.8512829707830115E+01  8.7041773972454557E-03  1.6541173461862636E-06
  3.8896521514278383E+01  8.5924679928707486E-03  1.6599402975850674E-06
  3.9284035927464558E+01  8.4873755307101305E-03  1.6658104522321313E-06
  3.9675411030876475E+01  8.3805454246843950E-03  1.6717262518964726E-06
  4.0070685287416488E+01  8.2746059596520011E-03  1.6776859160276135E-06
  4.0469897543181339E+01  8.1701034015938759E-03  1.6836874863578081E-06
  4.0873087031279709E+01  8.0668364706989841E-03  1.6897288577715332E-06
  4.1280293375688110E+01  7.9616645783928998E-03  1.6958078080710376E-06
  4.1691556595144874E+01  7.8618221294646760E-03  1.7019220230170299E-06
  4.2106917107083078E+01  7.7638940587014824E-03  1.7080691200686416E-06
  4.2526415731602462E+01  7.6648193053737192E-03  1.7142466787706720E-06
  4.2950093695481378E+01  7.5674823330006309E-03  1.7204522851621639E-06
  4.3377992636228242E+01  7.4711710948217871E-03  1.7266835932697838E-06
  4.3810154606173249E+01  7.3755136871494677E-03  1.7329383854799820E-06
  4.4246622076601710E+01  7.2810864801481894E-03  1.7392146128598450E-06
  4.4687437941927726E+01  7.1855424837181572E-03  1.7455104419948931E-06
  4.5132645523909041E+01  7.0928716600597783E-03  1.7518242837304365E-06
  4.5582288575905700E+01  7.0038086308647097E-03  1.7581547231821201E-06
  4.6036411287179270E+01  6.9131906186560323E-03  1.7645004592086783E-06
  4.6495058287235565E+01  6.8216406451023000E-03  1.7708602395680702E-06
  4.6958274650210790E+01  6.7326284482250968E-03  1.7772328017388605E-06
  4.7426105899301575E+01  6.6468104885997869E-03  1.7836168060770454E-06
  4.7898598011238299E+01  6.5596685210730131E-03  1.7900107553532582E-06
  4.8375797420803700E+01  6.4716496989662082E-03  1.7964129052389363E-06
  4.8857751025396716E+01  6.3878754372103984E-03  1.8028211682095215E-06
  4.9344506189640718E+01  6.3024013763965190E-03  1.8092330041969744E-06
  4.9836110750038671E+01  6.2191509850092188E-03  1.8156453010200223E-06
  5.0332613019674618E+01  6.1343015662594117E-03  1.8220542576145659E-06
  5.0834061792961094E+01  6.0517480921250272E-03  1.8284553597422809E-06
  5.1340506350434801E+01  5.9717219409218718E-03  1.8348435608119273E-06
  5.1851996463599974E+01  5.8891968999795876E-03  1.8412134522717389E-06
  5.2368582399819175E+01  5.8098914624208509E-03  1.8475593959745638E-06
  5.2890314927253641E+01  5.7310944232164540E-03  1.8538756419642409E-06
  5.3417245319852974E+01  5.6517461226989925E-03  1.8601564199681747E-06
  5.3949425362393434E+01  5.5739649395017505E-03  1.8663960365748551E-06
  5.4486907355567574E+01  5.4973502866127733E-03  1.8725889702084159E-06
  5.5029744121124402E+01  5.4193410204776407E-03  1.8787299409636261E-06
  5.5577989007059891E+01  5.3437660032440715E-03  1.8848139766458775E-06
  5.6131695892860165E+01  5.2689328350948089E-03  1.8908364742408277E-06
  5.6690919194796862E+01  5.1963935835626215E-03  1.8967932275354020E-06
  5.7255713871274352E+01  5.1225347344566342E-03  1.9026803974901159E-06
  5.7826135428231147E+01  5.0503793799863105E-03  1.9084943249774754E-06
  5.8402239924595165E+01  4.9784583003805996E-03  1.9142313113798676E-06
  5.8984083977792302E+01  4.9074067980699803E-03  1.9198874947529473E-06
  5.9571724769310983E+01  4.8364760423620897E-03  1.9254587568270370E-06
  6.0165220050322006E+01  4.7663525242495628E-03  1.9309406332199473E-06
  6.0764628147353491E+01  4.6964823014214417E-03  1.9363281877383161E-06
  6.1370007968023295E+01  4.6265899818089574E-03  1.9416158515814625E-06
  6.1981419006828517E+01  4.5578619195541775E-03  1.9467973750427028E-06
  6.2598921350992271E+01  4.4905589691820987E-03  1.9518658996939207E-06
  6.3222575686367932E+01  4.4230261613585099E-03  1.9568140794756645E-06
  6.3852443303404662E+01  4.3556497218977391E-03  1.9616342395845215E-06
  6.4488586103170050E+01  4.2881898566138063E-03  1.9663185599516451E-06
  6.5131066603432714E+01  4.2219008449140708E-03  1.9708592982619835E-06
  6.5779947944807901E+01  4.1555600581141680E-03  1.9752490265739859E-06
  6.6435293896961937E+01  4.0896036211166614E-03  1.9794807606344446E-06
  6.7097168864878455E+01  4.0236597480617564E-03  1.9835480334316732E-06
  6.7765637895189485E+01  3.9586134259276566E-03  1.9874449733099427E-06
  6.8440766682567087E+01  3.8937357101349770E-03  1.9911664459930320E-06
  6.9122621576179384E+01  3.8289275916027965E-03  1.9947082496314740E-06
  6.9811269586211466E+01  3.7659472001645459E-03  1.9980672100453627E-06
  7.0506778390451245E+01  3.7015748206284623E-03  2.0012410854406929E-06
  7.1209216340939804E+01  3.6396505860322131E-03  2.0042283896160972E-06
  7.1918652470689139E+01  3.5772216445232436E-03  2.0070281791408690E-06
  7.2635156500466934E+01  3.5145331473506606E-03  2.0096398024980325E-06
  7.3358798845647655E+01  3.4536404321088752E-03  2.0120626207854847E-06
  7.4089650623133025E+01  3.3930730195212218E-03  2.0142957673465736E-06
  7.4827783658341644E+01  3.3325667009828949E-03  2.0163380175097870E-06
  7.5573270492266886E+01  3.2729990613332115E-03  2.0181877786117856E-06
  7.6326184388606308E+01  3.2137505985745185E-03  2.0198431010855919E-06
  7.7086599340962223E+01  3.1543014311192813E-03  2.0213016664326724E-06
  7.7854590080112644E+01  3.0963843090771742E-03  2.0225607323621258E-06
  7.8630232081355970E+01  3.0392007739006568E-03  2.0236170930343820E-06
  7.9413601571928908E+01  2.9820198630664332E-03  2.0244671166076830E-06
  8.0204775538496847E+01  2.9254498116234244E-03  2.0251068146777350E-06
  8.1003831734720308E+01  2.8688460564229904E-03  2.0255319226070510E-06
  8.1810848688896769E+01  2.8134180082057003E-03  2.0257379958911911E-06
  8.2625905711677163E+01  2.7588506435441886E-03  2.0257205052007643E-06
  8.3449082903860699E+01  2.7043311435813971E-03  2.0254749387838196E-06
  8.4280461164267436E+01  2.6501338240927305E-03  2.0249968665856826E-06
  8.5120122197687678E+01  2.5967358900833124E-03  2.0242819450674572E-06
  8.5968148522912088E+01  2.5438629937008621E-03  2.0233258970935993E-06
  8.6824623480841922E+01  2.4917566224042643E-03  2.0221245349811567E-06
  8.7689631242678360E+01  2.4400084459522773E-03  2.0206738330157411E-06
  8.8563256818195143E+01  2.3887969077610511E-03  2.0189700339320599E-06
  8.9445586064093419E+01  2.3379640378827882E-03  2.0170097208870841E-06
  9.0336705692438528E+01  2.2881493901853608E-03  2.0147898385708404E-06
  9.1236703279182109E+01  2.2386652304284297E-03  2.0123076718356647E-06
  9.2145667272769415E+01  2.1897830824301307E-03  2.0095607987887512E-06
  9.3063687002830591E+01  2.1414951521384991E-03  2.0065470314146123E-06
  9.3990852688960075E+01  2.0935817960838158E-03  2.0032643322632965E-06
  9.4927255449583612E+01  2.0463024379504414E-03  1.9997107327450422E-06
  9.5872987310912762E+01  2.0000892247767723E-03  1.9958842916476682E-06
  9.6828141215987486E+01  1.9544132399069549E-03  1.9917830713482858E-06
  9.7792811033812711E+01  1.9089899221051570E-03  1.9874051072452917E-06
  9.8767091568582160E+01  1.8642068451951365E-03  1.9827483740399135E-06
  9.9751078568994203E+01  1.8205634157293764E-03  1.9778107681035752E-06
  1.0074486873766401E+02  1.7771340016634334E-03  1.9725901479418434E-06
  1.0174855974062611E+02  1.7343795747723760E-03  1.9670844281904698E-06
  1.0276225021693118E+02  1.6922447846911283E-03  1.9612916799640406E-06
  1.0378603978834256E+02  1.6506165142731297E-03  1.9552102075621116E-06
  1.0482002906912524E+02  1.6099049417704228E-03  1.9488386048016376E-06
  1.0586431967593360E+02  1.5693672721356095E-03  1.9421758100873189E-06
  1.0691901423779835E+02  1.5301869934473617E-03  1.9352211522484138E-06
  1.0798421640621322E+02  1.4911131545482152E-03  1.9279743402627307E-06
  1.0906003086532010E+02  1.4528014680778578E-03  1.9204353810576226E-06
  1.1014656334219772E+02  1.4149977849236873E-03  1.9126045108328724E-06
  1.1124392061725270E+02  1.3781477224362527E-03  1.9044821814202791E-06
  1.1235221053471227E+02  1.3417458950630470E-03  1.8960690891887765E-06
  1.1347154201322347E+02  1.3060023203966566E-03  1.8873661994819876E-06
  1.1460202505655792E+02  1.2709367041242702E-03  1.8783747236374706E-06
  1.1574377076442120E+02  1.2363870770080313E-03  1.8690960866229519E-06
  1.1689689134337212E+02  1.2027914212156968E-03  1.8595318656012651E-06
  1.1806150011785049E+02  1.1696437575116451E-03  1.8496836729498980E-06
  1.1923771154131296E+02  1.1369843771936216E-03  1.8395530183261079E-06
  1.2042564120748177E+02  1.1052805726083472E-03  1.8291412329663096E-06
  1.2162540586170557E+02  1.0741022496992721E-03  1.8184494915504233E-06
  1.2283712341243124E+02  1.0437404722794081E-03  1.8074789390129113E-06
  1.2406091294279227E+02  1.0136604938883551E-03  1.7962308166093170E-06
  1.2529689472231257E+02  9.8463083984597034E-04  1.7847064661979670E-06
  1.2654519021872460E+02  9.5600535618530131E-04  1.7729072427876136E-06
  1.2780592210990748E+02  9.2789388866566943E-04  1.7608344347753516E-06
  1.2907921429594418E+02  9.0073022910184164E-04  1.7484892786966068E-06
  1.3036519191129636E+02  8.7395783112825288E-04  1.7358730629331649E-06
  1.3166398133710283E+02  8.4784554498079027E-04  1.7229872954069221E-06
  1.3297571021360079E+02  8.2233391591675928E-04  1.7098338836133818E-06
  1.3430050745266811E+02  7.9736697076980209E-04  1.6964152664713352E-06
  1.3563850325049316E+02  7.7311013702881465E-04  1.6827344946000847E-06
  1.3698982910037080E+02  7.4935768852539976E-04  1.6687952393614065E-06
  1.3835461780562346E+02  7.2610767187144013E-04  1.6546016942474977E-06
  1.3973300349265338E+02  7.0358112743736535E-04  1.6401584186045280E-06
  1.4112512162412457E+02  6.8163503821816473E-04  1.6254702670804152E-06
  1.4253110901227541E+02  6.6005902459856185E-04  1.6105423979017477E-06
  1.4395110383236181E+02  6.3923260498883235E-04  1.5953802774380805E-06
  1.4538524563624037E+02  6.1884272500857670E-04  1.5799896209230422E-06
  1.4683367536608102E+02  5.9899853172609826E-04  1.5643763145977574E-06
  1.4829653536821664E+02  5.7968303160687044E-04  1.5485463794310405E-06
  1.4977396940713578E+02  5.6086922605685832E-04  1.5325059708025900E-06
  1.5126612267960971E+02  5.4259084665545204E-04  1.5162613560693282E-06
  1.5277314182895978E+02  5.2480648372600018E-04  1.4998188643797851E-06
  1.5429517495947286E+02  5.0749901953596932E-04  1.4831848891341378E-06
  1.5583237165095412E+02  4.9070658608040354E-04  1.4663659490797940E-06
  1.5738488297342707E+02  4.7433914961675833E-04  1.4493687831080221E-06
  1.5895286150198064E+02  4.5847132678311956E-04  1.4322004036249874E-06
  1.6053646133176471E+02  4.4304231470547462E-04  1.4148680501534821E-06
  1.6213583809313212E+02  4.2808053095296585E-04  1.3973791231827475E-06
  1.6375114896693432E+02  4.1354475736744839E-04  1.3797411428417141E-06
  1.6538255269996969E+02  3.9942549448920790E-04  1.3619617151817288E-06
  1.6703020962058235E+02  3.8570126181119204E-04  1.3440484943918456E-06
  1.6869428165441991E+02  3.7248755384142955E-04  1.3260091978949050E-06
  1.7037493234034770E+02  3.5958997020294896E-04  1.3078516759948018E-06
  1.7207232684651885E+02  3.4708883965962623E-04  1.2895839502536147E-06
  1.7378663198660746E+02  3.3499829601699730E-04  1.2712142025817747E-06
  1.7551801623620344E+02  3.2326441617636407E-04  1.2527507285190267E-06
  1.7726664974936750E+02  3.1189293921516520E-04  1.2342018708631858E-06
  1.7903270437535446E+02  3.0088085373286625E-04  1.2155759818615817E-06
  1.8081635367550282E+02  2.9022064004421603E-04  1.1968814737281114E-06
  1.8261777294028991E+02  2.7986435662039863E-04  1.1781268966115069E-06
  1.8443713920655955E+02  2.6991046237674165E-04  1.1593209451339963E-06
  1.8627463127492177E+02  2.6022152489109152E-04  1.1404724064307040E-06
  1.8813042972732256E+02  2.5082106769123790E-04  1.1215900974778824E-06
  1.9000471694479188E+02  2.4180384425769871E-04  1.1026828101334472E-06
  1.9189767712536838E+02  2.3300747575160144E-04  1.0837592968869630E-06
  1.9380949630219968E+02  2.2453308872037394E-04  1.0648282866674561E-06
  1.9574036236182587E+02  2.1633995917021224E-04  1.0458984917891373E-06
  1.9769046506264573E+02  2.0842144495043856E-04  1.0269786331722856E-06
  1.9965999605356305E+02  2.0078212540611303E-04  1.0080774809705233E-06
  2.0164914889282230E+02  1.9335904049172512E-04  9.8920388338591985E-07
  2.0365811906703206E+02  1.8621305515302414E-04  9.7036673909625026E-07
  2.0568710401037438E+02  1.7929147269170283E-04  9.5157491956620351E-07
  2.0773630312400897E+02  1.7261494278838374E-04  9.3283723342202702E-07
  2.0980591779567052E+02  1.6617482973342384E-04  9.1416243368757641E-07
  2.1189615141945995E+02  1.5993102711299757E-04  8.9555920291309111E-07
  2.1400720941583020E+02  1.5394213569656944E-04  8.7703609929469092E-07
  2.1613929925177931E+02  1.4812860339239798E-04  8.5860150883807122E-07
  2.1829263046123711E+02  1.4251850845214392E-04  8.4026364915938628E-07
  2.2046741466565453E+02  1.3711834606448817E-04  8.2203059006717578E-07
  2.2266386559480654E+02  1.3190226773069711E-04  8.0391024227872692E-07
  2.2488219910779384E+02  1.2686721126957881E-04  7.8591033680701877E-07
  2.2712263321425411E+02  1.2200666060503915E-04  7.6803841412381219E-07
  2.2938538809579271E+02  1.1732966542745538E-04  7.5030183680313327E-07
  2.3167068612761784E+02  1.1280332322236930E-04  7.3270783101571153E-07
  2.3397875190039466E+02  1.0844506230948114E-04  7.1526350651635565E-07
  2.3630981224231783E+02  1.0424648027957874E-04  6.9797583236643241E-07
  2.3866409624140505E+02  1.0020391130821066E-04  6.8085161209929432E-07
  2.4104183526800793E+02  9.6288315880998750E-05  6.6389746879875263E-07
  2.4344326299755164E+02  9.2525586928865643E-05  6.4711981128728381E-07
  2.4586861543350133E+02  8.8904873381867060E-05  6.3052480536447089E-07
  2.4831813093055254E+02  8.5403410097618633E-05  6.1411838205946812E-07
  2.5079205021805743E+02  8.2035528473527604E-05  5.9790624335113159E-07
  2.5329061642368413E+02  7.8793656018736339E-05  5.8189386179053475E-07
  2.5581407509730766E+02  7.5667638418352179E-05  5.6608647518192905E-07
  2.5836267423514283E+02  7.2657646898922551E-05  5.5048906968147338E-07
  2.6093666430411827E+02  6.9754903218005823E-05  5.3510635191185461E-07
  2.6353629826648819E+02  6.6962956479720107E-05  5.1994273443137090E-07
  2.6616183160469387E+02  6.4273531932871000E-05  5.0500236740114066E-07
  2.6881352234647369E+02  6.1686744876211918E-05  4.9028917592453138E-07
  2.7149163109021737E+02  5.9190908958683184E-05  4.7580686352635408E-07
  2.7419642103057856E+02  5.6793601358413739E-05  4.6155889353277972E-07
  2.7692815798434214E+02  5.4482720292808591E-05  4.4754846107533848E-07
  2.7968711041654456E+02  5.2260369993682567E-05  4.3377848572994162E-07
  2.8247354946685903E+02  5.0121986415994910E-05  4.2025161727005746E-07
  2.8528774897624402E+02  4.8061370109177463E-05  4.0697023460547980E-07
  2.8812998551385198E+02  4.6082305231990152E-05  3.9393644731935590E-07
  2.9100053840421083E+02  4.4176271778831562E-05  3.8115210463187282E-07
  2.9389968975467741E+02  4.2345866003558139E-05  3.6861881280694717E-07
  2.9682772448315751E+02  4.0582110739418793E-05  3.5633795333811259E-07
  2.9978493034610932E+02  3.8884978564628616E-05  3.4431067652006696E-07
  3.0277159796682412E+02  3.7254329592221421E-05  3.3253788401739672E-07
  3.0578802086398434E+02  3.5686579499411284E-05  3.2102023143018415E-07
  3.0883449548051135E+02  3.4178997997221793E-05  3.0975814011715309E-07
  3.1191132121270050E+02  3.2729860336251830E-05  2.9875179379898187E-07
  3.1501880043964104E+02  3.1335867215091443E-05  2.8800112796530632E-07
  3.1815723855293459E+02  2.9997739961061762E-05  2.7750583157717430E-07
  3.2132694398670952E+02  2.8709908403578256E-05  2.6726535305935871E-07
  3.2452822824793151E+02  2.7473489262101227E-05  2.5727890602119291E-07
  3.2776140594701332E+02  2.6285415882127083E-05  2.4754547375932042E-07
  3.3102679482874100E+02  2.5142181548173190E-05  2.3806381121145636E-07
  3.3432471580349699E+02  2.4044201333917832E-05  2.2883244723423389E-07
  3.3765549297879386E+02  2.2991439759799482E-05  2.1984969555624212E-07
  3.4101945369113434E+02  2.1977753236050667E-05  2.1111367559716874E-07
  3.4441692853817716E+02  2.1006489209332466E-05  2.0262232602252003E-07
  3.4784825141122212E+02  2.0072800205551049E-05  1.9437341084166553E-07
  3.5131375952803268E+02  1.9176391380738342E-05  1.8636452683002174E-07
  3.5481379346597134E+02  1.8314288207687036E-05  1.7859310462990044E-07
  3.5834869719546947E+02  1.7487928488027325E-05  1.7105640892078378E-07
  3.6191881811383308E+02  1.6693784960329823E-05  1.6375154485355048E-07
  3.6552450707938578E+02  1.5933438972878719E-05  1.5667546572718833E-07
  3.6916611844594559E+02  1.5202477134615197E-05  1.4982498112686787E-07
  3.7284401009765168E+02  1.4501640625949431E-05  1.4319676577396463E-07
  3.7655854348413806E+02  1.3828760388190278E-05  1.3678736892781237E-07
  3.8031008365605118E+02  1.3182868579832506E-05  1.3059322122474899E-07
  3.8409899930092780E+02  1.2564454280342436E-05  1.2461063778312125E-07
  3.8792566277943087E+02  1.1970196059704219E-05  1.1883582658186526E-07
  3.9179045016193868E+02  1.1401402376792052E-05  1.1326490551377838E-07
  3.9569374126550662E+02  1.0855421341731089E-05  1.0789391665948375E-07
  3.9963591969119585E+02  1.0332403742216328E-05  1.0271883445362883E-07
  4.0361737286176805E+02  9.8309904567326933E-06  9.7735568539735896E-08
  4.0763849205976180E+02  9.3502909602699904E-06  9.2939968755190158E-08
  4.1169967246594928E+02  8.8901298013112412E-06  8.8327832861309828E-08
  4.1580131319816792E+02  8.4489763867452260E-06  8.3894914302154443E-08
  4.1994381735054691E+02  8.0266849388135565E-06  7.9636929578787374E-08
  4.2412759203312419E+02  7.6223652781194661E-06  7.5549565272069837E-08
  4.2835304841185075E+02  7.2349176128838474E-06  7.1628485494227840E-08
  4.3262060174900103E+02  6.8643918113341908E-06  6.7869341131262846E-08
  4.3693067144398577E+02  6.5099571474364388E-06  6.4267778709634865E-08
  4.4128368107456430E+02  6.1705673637439602E-06  6.0819445863138018E-08
  4.4568005843847425E+02  5.8460869623842173E-06  5.7519996482078684E-08
  4.5012023559547708E+02  5.5359501425302068E-06  5.4365097837635770E-08
  4.5460464890981262E+02  5.2393937974958146E-06  5.1350435555194266E-08
  4.5913373909309098E+02  4.9560838554660370E-06  4.8471717139760209E-08
  4.6370795124759746E+02  4.6854516668776465E-06  4.5724677411691279E-08
  4.6832773491003826E+02  4.4270000094286991E-06  4.3105084000917107E-08
  4.7299354409572220E+02  4.1803174317951164E-06  4.0608742590088600E-08
  4.7770583734317421E+02  3.9449429430095229E-06  3.8231501946445390E-08
  4.8246507775920105E+02  3.7203843529887661E-06  3.5969258715485123E-08
  4.8727173306440744E+02  3.5063257827826088E-06  3.3817961656579908E-08
  4.9212627563915544E+02  3.3023274525921711E-06  3.1773615223202774E-08
  4.9702918256999146E+02  3.1079749571891740E-06  2.9832283121665814E-08
  5.0198093569653548E+02  2.9230279655549878E-06  2.7990093052876602E-08
  5.0698202165882861E+02  2.7469315980517435E-06  2.6243242296162201E-08
  5.1203293194516107E+02  2.5795276105977948E-06  2.4588001525730525E-08
  5.1713416294037722E+02  2.4203651264976434E-06  2.3020716625923804E-08
  5.2228621597465190E+02  2.2691730258158669E-06  2.1537810808448852E-08
  5.2748959737276243E+02  2.1256286066935885E-06  2.0135786823989810E-08
  5.3274481850385200E+02  1.9894806877457317E-06  1.8811228931985937E-08
  5.3805239583167850E+02  1.8603647311385080E-06  1.7560804613802949E-08
  5.4341285096537342E+02  1.7380430344183070E-06  1.6381266005204930E-08
  5.4882671071070740E+02  1.6222358274157980E-06  1.5269451065942217E-08
  5.5429450712185553E+02  1.5127139768315594E-06  1.4222284582032932E-08
  5.5981677755369356E+02  1.4091697228936761E-06  1.3236779208820327E-08
  5.6539406471459972E+02  1.3113862512465624E-06  1.2310036269486071E-08
  5.7102691671979380E+02  1.2191213536668391E-06  1.1439245867108799E-08
  5.7671588714520715E+02  1.1321400760599535E-06  1.0621687011669720E-08
  5.8246153508187876E+02  1.0502357830545551E-06  9.8547274126641504E-09
  5.8826442519090494E+02  9.7316500457996807E-07  9.1358230531182001E-09
  5.9412512775893470E+02  9.0072093698090178E-07  8.4625178122493698E-09
  6.0004421875420928E+02  8.3270382735968852E-07  7.8324429287368790E-09
  6.0602227988316884E+02  7.6891896752087067E-07  7.2433162949545364E-09
  6.1205989864762489E+02  7.0916084859235236E-07  6.6929415992625101E-09
  6.1815766840249000E+02  6.5323951313041705E-07  6.1792073207368523E-09
  6.2431618841409420E+02  6.0097883546827595E-07  5.7000855871799956E-09
  6.3053606391908272E+02  5.5220021054172786E-07  5.2536308681769383E-09
  6.3681790618388857E+02  5.0672356738765437E-07  4.8379785117463541E-09
  6.4316233256480962E+02  4.6438274026207302E-07  4.4513432644899369E-09
  6.4956996656868353E+02  4.2501768289995481E-07  4.0920178831261370E-09
  6.5604143791415652E+02  3.8846966012254933E-07  3.7583716500610706E-09
  6.6257738259357336E+02  3.5458156838954639E-07  3.4488486085649624E-09
  6.6917844293548410E+02  3.2320525766817394E-07  3.1619656933720216E-09
  6.7584526766776094E+02  2.9419805336920367E-07  2.8963108070838546E-09
  6.8257851198136336E+02  2.6741912470174900E-07  2.6505408480168751E-09
  6.8937883759471811E+02  2.4273224185763180E-07  2.4233796985818070E-09
  6.9624691281875494E+02  2.2000716757397993E-07  2.2136161811985458E-09
  7.0318341262258969E+02  1.9911804403060314E-07  2.0201019869586187E-09
  7.1018901869984950E+02  1.7994290379163551E-07  1.8417495816928100E-09
  7.1726441953567132E+02  1.6236469760575857E-07  1.6775300989137660E-09
  7.2441031047436752E+02  1.4627208562297319E-07  1.5264712409275037E-09
  7.3162739378775450E+02  1.3155941728482700E-07  1.3876551929503777E-09
  7.3891637874417177E+02  1.1812667146539218E-07  1.2602165293783132E-09
  7.4627798167819219E+02  1.0587961332313096E-07  1.1433401154054950E-09
  7.5371292606101144E+02  9.4729933510808497E-08  1.0362590359134668E-09
  7.6122194257155184E+02  8.4595155175421639E-08  9.3825255141449532E-10
  7.6880576916827647E+02  7.5398306497907284E-08  8.4864408144151799E-10
  7.7646515116170303E+02  6.7067487840540447E-08  7.6679921888087170E-10
  7.8420084128765495E+02  5.9535431149104002E-08  6.9212377920158353E-10
  7.9201359978124253E+02  5.2739093266421164E-08  6.2406188780207860E-10
  7.9990419445156647E+02  4.6619305521493268E-08  5.6209410908867038E-10
  8.0787340075717941E+02  4.1120491497180422E-08  5.0573562069454177E-10
  8.1592200188230095E+02  3.6190452453202285E-08  4.5453443411992888E-10
  8.2405078881377460E+02  3.1780207620662340E-08  4.0806966062357409E-10
  8.3226056041881520E+02  2.7843873422859947E-08  3.6594983565353219E-10
  8.4055212352350850E+02  2.4338566610550521E-08  3.2781131786237899E-10
  8.4892629299210660E+02  2.1224318225423999E-08  2.9331672559194954E-10
  8.5738389180711613E+02  1.8463988606675684E-08  2.6215341729434847E-10
  8.6592575115016689E+02  1.6023176939274664E-08  2.3403202830536704E-10