 #p(MeV) \t \delta f_\\nu \t \delta f_\\nubar
  7.0465994282222866E+00  4.5645815783262637E-12  4.3866745490969120E-12
  7.1168025912836175E+00  4.4935659152898018E-12  4.3170249544042280E-12
  7.1877051674666950E+00  4.4238005292194977E-12  4.2486068025553049E-12
  7.2593141248153241E+00  4.3552629649666464E-12  4.1813978793010907E-12
  7.3316365007938291E+00  4.2879271816250651E-12  4.1153725217471893E-12
  7.4046794029787044E+00  4.2217672911549619E-12  4.0505052287950367E-12
  7.4784500097570916E+00  4.1567580629637436E-12  3.9867711479794258E-12
  7.5529555710322578E+00  4.0928749041210115E-12  3.9241460559710809E-12
  7.6282034089360984E+00  4.0300938405788236E-12  3.8626063400608479E-12
  7.7042009185487066E+00  3.9683914993375098E-12  3.8021289805668887E-12
  7.7809555686251590E+00  3.9077450915006681E-12  3.7426915341093670E-12
  7.8584749023294984E+00  3.8481323961660973E-12  3.6842721177004878E-12
  7.9367665379760517E+00  3.7895317451025052E-12  3.6268493936005060E-12
  8.0158381697781476E+00  3.7319220081644512E-12  3.5704025548930270E-12
  8.0956975686042441E+00  3.6752825794010116E-12  3.5149113117359646E-12
  8.1763525827416554E+00  3.6195938307526200E-12  3.4603563262673743E-12
  8.2578111386678241E+00  3.5648389317048968E-12  3.4067209566997845E-12
  8.3400812418293153E+00  3.5110020890761946E-12  3.3539895654439286E-12
  8.4231709774285761E+00  3.4580677724173183E-12  3.3021467753025851E-12
  8.5070885112184946E+00  3.4060207090576480E-12  3.2511774645887636E-12
  8.5918420903049277E+00  3.3548458797009608E-12  3.2010667627729599E-12
  8.6774400439571693E+00  3.3045285142624099E-12  3.1518000463630157E-12
  8.7638907844265326E+00  3.2550540879281878E-12  3.1033629349985104E-12
  8.8512028077730935E+00  3.2064083174207247E-12  3.0557412877428773E-12
  8.9393846947006068E+00  3.1585771574532928E-12  3.0089211995574886E-12
  9.0284451113998365E+00  3.1115467973589571E-12  2.9628889979429633E-12
  9.1183928104002021E+00  3.0653036578798004E-12  2.9176312397339126E-12
  9.2092366314299525E+00  3.0198344773919743E-12  2.8731347937959017E-12
  9.3009855022849202E+00  2.9751276239483096E-12  2.8293881014491138E-12
  9.3936484397058830E+00  2.9311727140985514E-12  2.7863808082891019E-12
  9.4872345502647271E+00  2.8879594535252231E-12  2.7441026489620987E-12
  9.5817530312593746E+00  2.8454776063529866E-12  2.7025434177087493E-12
  9.6772131716176837E+00  2.8037169981533015E-12  2.6616929713090202E-12
  9.7736243528103319E+00  2.7626675189873447E-12  2.6215412320574679E-12
  9.8709960497727618E+00  2.7223191264715938E-12  2.5820781907536503E-12
  9.9693378318363965E+00  2.6826618488516730E-12  2.5432939096936827E-12
  1.0068659363669017E+01  2.6436857880713423E-12  2.5051785256501522E-12
  1.0168970406224609E+01  2.6053811228246517E-12  2.4677222528288357E-12
  1.0270280817702638E+01  2.5677381115804921E-12  2.4309153857916164E-12
  1.0372600554516845E+01  2.5307470730493755E-12  2.3947482809345551E-12
  1.0475939672273745E+01  2.4943965463116505E-12  2.3592096048505489E-12
  1.0580308326760870E+01  2.4586720454032431E-12  2.3242851512956783E-12
  1.0685716774944803E+01  2.4235591485183613E-12  2.2899607874753350E-12
  1.0792175375979248E+01  2.3890438277447879E-12  2.2562227681603123E-12
  1.0899694592223026E+01  2.3551124366557716E-12  2.2230577234851660E-12
  1.1008284990268340E+01  2.3217516985023609E-12  2.1904526473316940E-12
  1.1117957241979175E+01  2.2889486949731361E-12  2.1583948862652040E-12
  1.1228722125540100E+01  2.2566908554902048E-12  2.1268721289929052E-12
  1.1340590526515539E+01  2.2249659470119426E-12  2.0958723963154635E-12
  1.1453573438919518E+01  2.1937620643145153E-12  2.0653840315443195E-12
  1.1567681966296137E+01  2.1630676207257500E-12  2.0353956913588116E-12
  1.1682927322810801E+01  2.1328713393038349E-12  2.0058963370945891E-12
  1.1799320834352274E+01  2.1031628570650438E-12  1.9768758044815203E-12
  1.1916873939645784E+01  2.0739345869720993E-12  1.9483265595711159E-12
  1.2035598191377133E+01  2.0451797005687434E-12  1.9202417897727782E-12
  1.2155505257328102E+01  2.0168914397862601E-12  1.8926147529934215E-12
  1.2276606921523076E+01  1.9890631169442478E-12  1.8654387776283970E-12
  1.2398915085387152E+01  1.9616881148131892E-12  1.8387072626093086E-12
  1.2522441768915780E+01  1.9347598867283864E-12  1.8124136774986722E-12
  1.2647199111856020E+01  1.9082719567482935E-12  1.7865515626246052E-12
  1.2773199374899596E+01  1.8822179198507559E-12  1.7611145292492231E-12
  1.2900454940887855E+01  1.8565914421611198E-12  1.7360962597648999E-12
  1.3028978316028667E+01  1.8313862612066928E-12  1.7114905079130205E-12
  1.3158782131125545E+01  1.8065961861923797E-12  1.6872910990201486E-12
  1.3289879142818878E+01  1.7822150633325191E-12  1.6634918981906453E-12
  1.3422282234839686E+01  1.7582364930158505E-12  1.6400865512981874E-12
  1.3556004419275730E+01  1.7346539952455100E-12  1.6170686376700124E-12
  1.3691058837850306E+01  1.7114611859974853E-12  1.5944318318718970E-12
  1.3827458763213791E+01  1.6886517776576155E-12  1.5721699040056248E-12
  1.3965217600247986E+01  1.6662195778548898E-12  1.5502767185457858E-12
  1.4104348887383525E+01  1.6441584883227360E-12  1.5287462332029338E-12
  1.4244866297930402E+01  1.6224625037865464E-12  1.5075724978113702E-12
  1.4386783641421674E+01  1.6011257108757451E-12  1.4867496532399313E-12
  1.4530114864970679E+01  1.5801422870588426E-12  1.4662719303242474E-12
  1.4674874054641645E+01  1.5595064996000280E-12  1.4461336488190746E-12
  1.4821075436834079E+01  1.5392127045359675E-12  1.4263292163693835E-12
  1.4968733379680826E+01  1.5192553302274889E-12  1.4068531130984254E-12
  1.5117862394460140E+01  1.4996281260562233E-12  1.3876991916428068E-12
  1.5268477137021831E+01  1.4803238726490884E-12  1.3688604095216638E-12
  1.5420592409227529E+01  1.4613354481355570E-12  1.3503298243571951E-12
  1.5574223160405390E+01  1.4426559122866212E-12  1.3321006721134595E-12
  1.5729384488819276E+01  1.4242785013564530E-12  1.3141663620330377E-12
  1.5886091643152509E+01  1.4061966230953410E-12  1.2965204717413768E-12
  1.6044360024006515E+01  1.3884038519276392E-12  1.2791567425126520E-12
  1.6204205185414267E+01  1.3708939242886714E-12  1.2620690746912124E-12
  1.6365642836368963E+01  1.3536607341148336E-12  1.2452515232629268E-12
  1.6528688842367771E+01  1.3366983284813223E-12  1.2286982935709336E-12
  1.6693359226971062E+01  1.3200009033821300E-12  1.2124037371705724E-12
  1.6859670173377175E+01  1.3035627996946814E-12  1.1963623478626365E-12
  1.7027638026012792E+01  1.2873788999521440E-12  1.1805691273682573E-12
  1.7197279292139225E+01  1.2714455650879435E-12  1.1650204471965761E-12
  1.7368610643474728E+01  1.2557594904702842E-12  1.1497129902478771E-12
  1.7541648917832859E+01  1.2403174017449717E-12  1.1346434697973162E-12
  1.7716411120777313E+01  1.2251160551837845E-12  1.1198086298174618E-12
  1.7892914427293093E+01  1.2101522380142348E-12  1.1052052452815130E-12
  1.8071176183474488E+01  1.1954227687309142E-12  1.0908301224474038E-12
  1.8251213908229698E+01  1.1809244973886857E-12  1.0766800991230471E-12
  1.8433045295002575E+01  1.1666543058779434E-12  1.0627520449129805E-12
  1.8616688213511488E+01  1.1526091081822890E-12  1.0490428614466931E-12
  1.8802160711505437E+01  1.1387858506188483E-12  1.0355494825889563E-12
  1.8989481016537749E+01  1.1251815120615994E-12  1.0222688746324406E-12
  1.9178667537757441E+01  1.1117930144298041E-12  1.0091979542151979E-12
  1.9369738867718343E+01  1.0986164982112787E-12  9.9633292519637293E-13
  1.9562713784206380E+01  1.0856477443276787E-12  9.8366966774074272E-13
  1.9757611252084899E+01  1.0728826263649349E-12  9.7120415323134321E-13
  1.9954450425158544E+01  1.0603171124804555E-12  9.5893244585722326E-13
  2.0153250648055572E+01  1.0479472629641505E-12  9.4685070022003726E-13
  2.0354031458128976E+01  1.0357692278726364E-12  9.3495515901230555E-13
  2.0556812587376591E+01  1.0237792447342125E-12  9.2324215076494137E-13
  2.0761613964380206E+01  1.0119736363222364E-12  9.1170808766174518E-13
  2.0968455716264128E+01  1.0003488084946329E-12  9.0034946341861647E-13
  2.1177358170673198E+01  9.8890124809737803E-13  8.8916285122534565E-13
  2.1388341857770484E+01  9.7762752092981936E-13  8.7814490174792728E-13
  2.1601427512254936E+01  9.6652427070076012E-13  8.6729234221520421E-13
  2.1816636075399110E+01  9.5558829352124215E-13  8.5660204809515146E-13
  2.2033988697107215E+01  9.4481657016481130E-13  8.4607107202270582E-13
  2.2253506737993614E+01  9.3420615114185227E-13  8.3569653472464989E-13
  2.2475211771482062E+01  9.2375414607385684E-13  8.2547561504973418E-13
  2.2699125585925945E+01  9.1345772239847045E-13  8.1540554869672071E-13
  2.2925270186749440E+01  9.0331410410941254E-13  8.0548362697635954E-13
  2.3153667798610201E+01  8.9332057053013186E-13  7.9570719560618607E-13
  2.3384340867583525E+01  8.8347445512017833E-13  7.8607365353712688E-13
  2.3617312063368225E+01  8.7377314431325499E-13  7.7658045181089331E-13
  2.3852604281514530E+01  8.6421407638596852E-13  7.6722509244720422E-13
  2.4090240645674218E+01  8.5479474035632276E-13  7.5800512735988584E-13
  2.4330244509873101E+01  8.4551267504663738E-13  7.4891815741464804E-13
  2.4572639460806133E+01  8.3636547421262615E-13  7.3996183447963437E-13
  2.4817449320155465E+01  8.2735077049444590E-13  7.3113384349595128E-13
  2.5064698146931580E+01  8.1846623851816785E-13  7.2243191026649337E-13
  2.5314410239837652E+01  8.0970960000905997E-13  7.1385380682581324E-13
  2.5566610139657556E+01  8.0107862271787318E-13  7.0539735038580987E-13
  2.5821322631667716E+01  7.9257111937639470E-13  6.9706040231000151E-13
  2.6078572748072808E+01  7.8418494668136363E-13  6.8884086711552707E-13
  2.6338385770465866E+01  7.7591800430585490E-13  6.8073669150197967E-13
  2.6600787232312925E+01  7.6776823393729035E-13  6.7274586340624065E-13
  2.6865802921462294E+01  7.5973361834126120E-13  6.6486641108252477E-13
  2.7133458882678866E+01  7.5181218045037035E-13  6.5709640220684501E-13
  2.7403781420203760E+01  7.4400198247732044E-13  6.4943394300514198E-13
  2.7676797100339421E+01  7.3630113500224984E-13  6.4187718640566881E-13
  2.7952532754060368E+01  7.2870786416020290E-13  6.3442439206683614E-13
  2.8231015479650100E+01  7.2122046545750854E-13  6.2707388442428570E-13
  2.8512272645364263E+01  7.1383726530846978E-13  6.1982401824203091E-13
  2.8796331892120204E+01  7.0655662024180704E-13  6.1267317784980490E-13
  2.9083221136213453E+01  6.9937691631222627E-13  6.0561977656205392E-13
  2.9372968572061293E+01  6.9229656852502851E-13  5.9866225610972199E-13
  2.9665602674973542E+01  6.8531402027347083E-13  5.9179908608453841E-13
  2.9961152203950984E+01  6.7842774278853479E-13  5.8502876339546610E-13
  3.0259646204511743E+01  6.7163623460080647E-13  5.7834981173703175E-13
  3.0561114011545790E+01  6.6493802101418404E-13  5.7176078106924067E-13
  3.0865585252197789E+01  6.5833165359111671E-13  5.6526024710878424E-13
  3.1173089848778780E+01  6.5181569988917778E-13  5.5884680231257723E-13
  3.1483658021706905E+01  6.4538851016540852E-13  5.5251885279550676E-13
  3.1797320292477227E+01  6.3904821750009018E-13  5.4627461985987433E-13
  3.2114107486661361E+01  6.3279298752681600E-13  5.4011235809526764E-13
  3.2434050736936882E+01  6.2662102953524136E-13  5.3403036494286479E-13
  3.2757181486146955E+01  6.2053059533231919E-13  5.2802697958688996E-13
  3.3083531490390307E+01  6.1451997813980754E-13  5.2210058188104369E-13
  3.3413132822142238E+01  6.0858751152678668E-13  5.1624959130867680E-13
  3.3746017873406537E+01  6.0273156837600510E-13  5.1047246597553531E-13
  3.4082219358898811E+01  5.9695055988287791E-13  5.0476770163392835E-13
  3.4421770319261597E+01  5.9124293458603172E-13  4.9913383073722234E-13
  3.4764704124311514E+01  5.8560717742831738E-13  4.9356942152360178E-13
  3.5111054476318643E+01  5.8004180917459445E-13  4.8807307742290028E-13
  3.5460855413318683E+01  5.7454552628764461E-13  4.8264355816351482E-13
  3.5814141312458183E+01  5.6911740361291046E-13  4.7727995341466956E-13
  3.6170946893372900E+01  5.6375658277210670E-13  4.7198141196495014E-13
  3.6531307221599867E+01  5.5846221668164810E-13  4.6674709372640864E-13
  3.6895257712023643E+01  5.5323346941958154E-13  4.6157616960096200E-13
  3.7262834132356723E+01  5.4806951609733056E-13  4.5646782135083096E-13
  3.7634072606654549E+01  5.4296954273605428E-13  4.5142124147280204E-13
  3.8009009618865747E+01  5.3793274614741153E-13  4.4643563307611350E-13
  3.8387682016417671E+01  5.3295833381852922E-13  4.4151020976376890E-13
  3.8770127013837509E+01  5.2804552380100372E-13  4.3664419551708770E-13
  3.9156382196409666E+01  5.2319354460375686E-13  4.3183682458332179E-13
  3.9546485523869514E+01  5.1840163508955887E-13  4.2708734136615967E-13
  3.9940475334133971E+01  5.1366903144536479E-13  4.2239498802746671E-13
  4.0338390347069016E+01  5.0899487731151242E-13  4.1775892352812173E-13
  4.0740269668295198E+01  5.0437828507611598E-13  4.1317828053119906E-13
  4.1146152793030659E+01  4.9981838342027480E-13  4.0865220765461836E-13
  4.1556079609972535E+01  4.9531431711523706E-13  4.0417986925452269E-13
  4.1970090405217121E+01  4.9086524667757393E-13  3.9976044508849244E-13
  4.2388225866219145E+01  4.8647034803623208E-13  3.9539312998971838E-13
  4.2810527085790163E+01  4.8212881221103104E-13  3.9107713355171017E-13
  4.3237035566137166E+01  4.7783984500219809E-13  3.8681167982312708E-13
  4.3667793222941235E+01  4.7360266669054257E-13  3.8259600701234611E-13
  4.4102842389476898E+01  4.6941651174790959E-13  3.7842936720139018E-13
  4.4542225820772295E+01  4.6528062855752375E-13  3.7431102606884078E-13
  4.4985986697811256E+01  4.6119427116482467E-13  3.7024025649916109E-13
  4.5434168631776828E+01  4.5715658417490609E-13  3.6621624990519718E-13
  4.5886815668337171E+01  4.5316663255428142E-13  3.6223813994913964E-13
  4.6343972291974289E+01  4.4922349885426224E-13  3.5830507821687067E-13
  4.6805683430355849E+01  4.4532628553988862E-13  3.5441623595560827E-13
  4.7271994458750328E+01  4.4147411452653200E-13  3.5057080362339833E-13
  4.7742951204486488E+01  4.3766612673218015E-13  3.4676799045306422E-13
  4.8218599951457065E+01  4.3390148164484798E-13  3.4300702403008299E-13
  4.8698987444667452E+01  4.3017935690458782E-13  3.3928714988383518E-13
  4.9184160894829361E+01  4.2649894789957204E-13  3.3560763109173700E-13
  4.9674167983000885E+01  4.2285946737574985E-13  3.3196774789573993E-13
  5.0169056865272189E+01  4.1926014505960569E-13  3.2836679733072756E-13
  5.0668876177498156E+01  4.1570022855167809E-13  3.2480409382806197E-13
  5.1173675040078102E+01  4.1217912924685787E-13  3.2127908275728014E-13
  5.1683503062783302E+01  4.0869655573718876E-13  3.1779144365931369E-13
  5.2198410349632269E+01  4.0525225076321331E-13  3.1434088283105740E-13
  5.2718447503814851E+01  4.0184595691739141E-13  3.1092710623071546E-13
  5.3243665632665419E+01  3.9847741672340382E-13  3.0754981955184440E-13
  5.3774116352685439E+01  3.9514637271720952E-13  3.0420872829823855E-13
  5.4309851794616016E+01  3.9185256752969091E-13  3.0090353785948599E-13
  5.4850924608561371E+01  3.8859574397072409E-13  2.9763395358702801E-13
  5.5397387969162963E+01  3.8537564511451851E-13  2.9439968087056669E-13
  5.5949295580825257E+01  3.8219201438609823E-13  2.9120042521467372E-13
  5.6506701682993594E+01  3.7904459564876689E-13  2.8803589231545536E-13
  5.7069661055484843E+01  3.7593313329245543E-13  2.8490578813714196E-13
  5.7638229023870686E+01  3.7285731911810038E-13  2.8180977811066036E-13
  5.8212461464914909E+01  3.6981658312352524E-13  2.7874732650597371E-13
  5.8792414812064891E+01  3.6681028419273349E-13  2.7571784515618248E-13
  5.9378146060997587E+01  3.6383779490971785E-13  2.7272075937362570E-13
  5.9969712775220643E+01  3.6089850128101943E-13  2.6975550767284162E-13
  6.0567173091729927E+01  3.5799180243101031E-13  2.6682154147327190E-13
  6.1170585726722756E+01  3.5511711030820882E-13  2.6391832481191768E-13
  6.1780009981368330E+01  3.5227384940220471E-13  2.6104533406553960E-13
  6.2395505747635639E+01  3.4946145647082672E-13  2.5820205768201895E-13
  6.3017133514179562E+01  3.4667938027717293E-13  2.5538799592051247E-13
  6.3644954372285262E+01  3.4392708133614943E-13  2.5260266060004128E-13
  6.4279030021872103E+01  3.4120403167017262E-13  2.4984557485616651E-13
  6.4919422777557401E+01  3.3850972286831586E-13  2.4711627910122866E-13
  6.5566195574780266E+01  3.3584377451635336E-13  2.4441441168377174E-13
  6.6219411975986773E+01  3.3320589963899918E-13  2.4173968191713945E-13
  6.6879136176876713E+01  3.3059581721907971E-13  2.3909180428056039E-13
  6.7545433012712422E+01  3.2801325002291457E-13  2.3647049677217912E-13
  6.8218367964690529E+01  3.2545792454912530E-13  2.3387548085465848E-13
  6.8898007166377212E+01  3.2292957098039000E-13  2.3130648140316760E-13
  6.9584417410207720E+01  3.2042792313802966E-13  2.2876322665563291E-13
  7.0277666154050237E+01  3.1795271843930682E-13  2.2624544816513581E-13
  7.0977821527835545E+01  3.1550369785733457E-13  2.2375288075433893E-13
  7.1684952340252622E+01  3.1308060588348736E-13  2.2128526247183426E-13
  7.2399128085510839E+01  3.1068319049221431E-13  2.1884233455031045E-13
  7.3120418950169409E+01  3.0831120302889717E-13  2.1642384130495372E-13
  7.3848895820035466E+01  3.0596439336015226E-13  2.1402952692460581E-13
  7.4584630287130253E+01  3.0364250808012099E-13  2.1165913473348239E-13
  7.5327694656724660E+01  3.0134529704455570E-13  2.0931241123007914E-13
  7.6078161954445605E+01  2.9907251375082128E-13  2.0698910622963237E-13
  7.6836105933452501E+01  2.9682391529426248E-13  2.0468897281415274E-13
  7.7601601081685232E+01  2.9459926232614864E-13  2.0241176728367007E-13
  7.8374722629184916E+01  2.9239831901314237E-13  2.0015724910863711E-13
  7.9155546555487149E+01  2.9022085299827631E-13  1.9792518088345912E-13
  7.9944149597088540E+01  2.8806663536338590E-13  1.9571532828110162E-13
  8.0740609254989096E+01  2.8593544059297112E-13  1.9352746000873226E-13
  8.1545003802307590E+01  2.8382704653946671E-13  1.9136134776436754E-13
  8.2357412291974441E+01  2.8174123438958746E-13  1.8921676619431647E-13
  8.3177914564501336E+01  2.7967779015571062E-13  1.8709349388864687E-13
  8.4006591255826478E+01  2.7763650883770194E-13  1.8499131590500953E-13
  8.4843523805240167E+01  2.7561718971201357E-13  1.8291002062503431E-13
  8.5688794463387978E+01  2.7361963503074273E-13  1.8084939897464411E-13
  8.6542486300353858E+01  2.7164364999712822E-13  1.7880924438931263E-13
  8.7404683213824399E+01  2.6968904274161139E-13  1.7678935277962642E-13
  8.8275469937333739E+01  2.6775562429885519E-13  1.7478952249743537E-13
  8.9154932048590624E+01  2.6584320858572252E-13  1.7280955430257588E-13
  9.0043155977889214E+01  2.6395161238020156E-13  1.7084925133014603E-13
  9.0940229016602828E+01  2.6208065530128453E-13  1.6890841905832544E-13
  9.1846239325762369E+01  2.6023015978979567E-13  1.6698686527672224E-13
  9.2761275944720978E+01  2.5839995109016413E-13  1.6508440005523102E-13
  9.3685428799904301E+01  2.5658985772519058E-13  1.6320083599975506E-13
  9.4618788713647731E+01  2.5479971602109801E-13  1.6133599099953205E-13
  9.5561447413122764E+01  2.5302936797011411E-13  1.5948968691228293E-13
  9.6513497539351263E+01  2.5127865812724005E-13  1.5766174754999574E-13
  9.7475032656309466E+01  2.4954743355123783E-13  1.5585199861943445E-13
  9.8446147260124292E+01  2.4783554379778971E-13  1.5406026769920727E-13
  9.9426936788358660E+01  2.4614284091354580E-13  1.5228638421715823E-13
  1.0041749762939142E+02  2.4446917943105457E-13  1.5053017942806894E-13
  1.0141792713189058E+02  2.4281441636460471E-13  1.4879148639166670E-13
  1.0242832361437920E+02  2.4117841120698249E-13  1.4707013995093500E-13
  1.0344878637489867E+02  2.3956102592716973E-13  1.4536597671071153E-13
  1.0447941570076718E+02  2.3796212496899127E-13  1.4367883501657412E-13
  1.0552031287843515E+02  2.3638157506346011E-13  1.4200855482024514E-13
  1.0657158020343988E+02  2.3481923646533485E-13  1.4035497226704943E-13
  1.0763332099045856E+02  2.3327495940556964E-13  1.3871791757951840E-13
  1.0870563958346133E+02  2.3174859619597342E-13  1.3709722264539990E-13
  1.0978864136596636E+02  2.3024000222636802E-13  1.3549272161996687E-13
  1.1088243277139635E+02  2.2874903595157177E-13  1.3390425089031253E-13
  1.1198712129353800E+02  2.2727555887978902E-13  1.3233164904022565E-13
  1.1310281549710682E+02  2.2581943556241294E-13  1.3077475681562698E-13
  1.1422962502841611E+02  2.2438053358527749E-13  1.2923341709056063E-13
  1.1536766062615226E+02  2.2295872356137081E-13  1.2770747483372513E-13
  1.1651703413225844E+02  2.2155387912504310E-13  1.2619677707553284E-13
  1.1767785850292564E+02  2.2016587692773253E-13  1.2470117287568761E-13
  1.1885024781969318E+02  2.1879459663646638E-13  1.2322051329196025E-13
  1.2003431730066137E+02  2.1743992756974713E-13  1.2175465511272967E-13
  1.2123018331181341E+02  2.1610178411030779E-13  1.2030346943675288E-13
  1.2243796337845188E+02  2.1478008758716004E-13  1.1886683111227634E-13
  1.2365777619674965E+02  2.1347476153425123E-13  1.1744461598301115E-13
  1.2488974164541312E+02  2.1218573172004858E-13  1.1603670088035054E-13
  1.2613398079746491E+02  2.1091292617862396E-13  1.1464296361565122E-13
  1.2739061593214203E+02  2.0965627524230155E-13  1.1326328297258326E-13
  1.2865977054691248E+02  2.0841571157593337E-13  1.1189753869954102E-13
  1.2994156936961306E+02  2.0719117021287110E-13  1.1054561150211553E-13
  1.3123613837070670E+02  2.0598258859270314E-13  1.0920738303562672E-13
  1.3254360477566198E+02  2.0478990660083590E-13  1.0788273589771095E-13
  1.3386409707745719E+02  2.0361306661000005E-13  1.0657155362096540E-13
  1.3519774504920770E+02  2.0245201211169415E-13  1.0527371998727140E-13
  1.3654467975691929E+02  2.0130667767015598E-13  1.0398911424931803E-13
  1.3790503357236955E+02  2.0017699512227758E-13  1.0271761424043417E-13
  1.3927894018611650E+02  1.9906289931217049E-13  1.0145909911767049E-13
  1.4066653462063675E+02  1.9796432816728463E-13  1.0021344936113555E-13
  1.4206795324359595E+02  1.9688122273872296E-13  9.8980546755544167E-14
  1.4348333378125005E+02  1.9581352724421821E-13  9.7760274372007194E-14
  1.4491281533197986E+02  1.9476118911388849E-13  9.6552516550061568E-14
  1.4635653837996284E+02  1.9372415903888619E-13  9.5357158879931972E-14
  1.4781464480897736E+02  1.9270239102307486E-13  9.4174088185027515E-14
  1.4928727791634753E+02  1.9169584243786762E-13  9.3003192504663062E-14
  1.5077458242702670E+02  1.9070447408036834E-13  9.1844361077005794E-14
  1.5227670450781858E+02  1.8972825061564633E-13  9.0697484491869497E-14
  1.5379379178174369E+02  1.8876715156364405E-13  8.9562459608884112E-14
  1.5532599334254655E+02  1.8782117284108379E-13  8.8439190063707568E-14
  1.5687345976934762E+02  1.8689031433046414E-13  8.7327580396369623E-14
  1.5843634314144253E+02  1.8597457923761728E-13  8.6227535700239120E-14
  1.6001479705324752E+02  1.8507397419375276E-13  8.5138961621130632E-14
  1.6160897662939357E+02  1.8418850936214807E-13  8.4061764356362419E-14
  1.6321903853997244E+02  1.8331819854974053E-13  8.2995850653766054E-14
  1.6484514101593322E+02  1.8246305932389429E-13  8.1941127810651195E-14
  1.6648744386463207E+02  1.8162311313462170E-13  8.0897503672723505E-14
  1.6814610848553860E+02  1.8079838544256660E-13  7.9864886632956372E-14
  1.6982129788609703E+02  1.7998890585307167E-13  7.8843185630419653E-14
  1.7151317669774556E+02  1.7919470824718413E-13  7.7832310145468294E-14
  1.7322191119209668E+02  1.7841582535080516E-13  7.6832167855121454E-14
  1.7494766929727717E+02  1.7765227927428760E-13  7.5842660621400499E-14
  1.7669062061443108E+02  1.7690409460153016E-13  7.4863690181994301E-14
  1.7845093643438844E+02  1.7617130120158348E-13  7.3895159313163151E-14
  1.8022878975449859E+02  1.7545393438644974E-13  7.2936971814754853E-14
  1.8202435529563104E+02  1.7475203507774226E-13  7.1989032495421235E-14
  1.8383780951934830E+02  1.7406564998271814E-13  7.1051247158032512E-14
  1.8566933064524571E+02  1.7339483178023175E-13  7.0123522585291088E-14
  1.8751909866846691E+02  1.7273963931719579E-13  6.9205766525537741E-14
  1.8938729537739462E+02  1.7210013781618211E-13  6.8297887678748777E-14
  1.9127410437151357E+02  1.7147639909483183E-13  6.7399795682725023E-14
  1.9317971107945584E+02  1.7086850179779858E-13  6.6511401099465621E-14
  1.9510430277722375E+02  1.7027653318266363E-13  6.5632615970658504E-14
  1.9704806860659366E+02  1.6970059857242588E-13  6.4763357212939548E-14
  1.9901119959370561E+02  1.6914081535511182E-13  6.3903544114564089E-14
  2.0099388866783588E+02  1.6859730863560824E-13  6.3053096513660724E-14
  2.0299633068035681E+02  1.6807021154017025E-13  6.2211934786467690E-14
  2.0501872242388743E+02  1.6755966555883585E-13  6.1379979843690358E-14
  2.0706126265163272E+02  1.6706582090749176E-13  6.0557153126874517E-14
  2.0912415209691571E+02  1.6658883691092079E-13  5.9743376604794252E-14
  2.1120759349290626E+02  1.6612888240824388E-13  5.8938572769854612E-14
  2.1331179159254413E+02  1.6568613618231380E-13  5.8142664634510757E-14
  2.1543695318866074E+02  1.6526078741470636E-13  5.7355575727703614E-14
  2.1758328713430336E+02  1.6485303616812141E-13  5.6577230091311764E-14
  2.1975100436325960E+02  1.6446309381459461E-13  5.5807552257076633E-14
  2.2194031791078658E+02  1.6409118211336097E-13  5.5046466919820110E-14
  2.2415144293454946E+02  1.6373753397181221E-13  5.4293899012163213E-14
  2.2638459673576352E+02  1.6340239536197285E-13  5.3549773996123581E-14
  2.2863999878055120E+02  1.6308602601216447E-13  5.2814017867296601E-14
  2.3091787072151152E+02  1.6278870009535265E-13  5.2086557150208548E-14
  2.3321843641950051E+02  1.6251070696217164E-13  5.1367318893714400E-14
  2.3554192196563386E+02  1.6225235192204347E-13  5.0656230666437625E-14
  2.3788855570350552E+02  1.6201395707612013E-13  4.9953220552254375E-14
  2.4025856825162762E+02  1.6179586220610997E-13  4.9258217145821963E-14
  2.4265219252609631E+02  1.6159842572342209E-13  4.8571149548150599E-14
  2.4506966376348120E+02  1.6142202568346888E-13  4.7891947362219420E-14
  2.4751121954394264E+02  1.6126706086866622E-13  4.7220540687471841E-14
  2.4997709981458195E+02  1.6113395073184666E-13  4.6556859655320723E-14
  2.5246754691302158E+02  1.6102313474699744E-13  4.5900833767726470E-14
  2.5498280559122060E+02  1.6093507643894354E-13  4.5252392923956233E-14
  2.5752312303952931E+02  1.6087026531090025E-13  4.4611467597873685E-14
  2.6008874891098168E+02  1.6082921837906350E-13  4.3977988831169644E-14
  2.6267993534582928E+02  1.6081248182254383E-13  4.3351888226694018E-14
  2.6529693699632247E+02  1.6082063275892696E-13  4.2733097941886487E-14
  2.6794001105173595E+02  1.6085428115679694E-13  4.2121550682305714E-14
  2.7060941726364297E+02  1.6091407189777972E-13  4.1517179695255698E-14
  2.7330541797144605E+02  1.6100068700198256E-13  4.0919918763505937E-14
  2.7602827812815519E+02  1.6111484803223613E-13  4.0329702199108000E-14
  2.7877826532642780E+02  1.6125731869422481E-13  3.9746464837303781E-14
  2.8155564982486874E+02  1.6142890997480798E-13  3.9170142443184194E-14
  2.8436070457458646E+02  1.6163049332544341E-13  3.8600673563789208E-14
  2.8719370524602101E+02  1.6186299598706884E-13  3.8037997896958435E-14
  2.9005493025603437E+02  1.6212740053573914E-13  3.7482055436661330E-14
  2.9294466079527166E+02  1.6242474885007803E-13  3.6932786472191726E-14
  2.9586318085579745E+02  1.6275614643726379E-13  3.6390131588872005E-14
  2.9881077725900388E+02  1.6312276715045226E-13  3.5854031668771878E-14
  3.0178773968379835E+02  1.6352585833993994E-13  3.5324427891434077E-14
  3.0479436069507329E+02  1.6396674648574955E-13  3.4801261734604839E-14
  3.0783093577245779E+02  1.6444684336543045E-13  3.4284474974963741E-14
  3.1089776333935509E+02  1.6496765281792473E-13  3.3774009688849727E-14
  3.1399514479227264E+02  1.6553077817242977E-13  3.3269808252979384E-14
  3.1712338453044100E+02  1.6613792972098946E-13  3.2771813343434032E-14
  3.2028278998572841E+02  1.6679092667235866E-13  3.2279968150113290E-14
  3.2347367165285584E+02  1.6749170919096509E-13  3.1794216415714678E-14
  3.2669634311991030E+02  1.6824235311090579E-13  3.1314502171562907E-14
  3.2995112109916181E+02  1.6904508188318296E-13  3.0840769726566533E-14
  3.3323832545819238E+02  1.6990227979436154E-13  3.0372963667777298E-14
  3.3655827925132712E+02  1.7081650665772626E-13  2.9911028861118425E-14
  3.3991130875138475E+02  1.7179051417383045E-13  2.9454910452259696E-14
  3.4329774348174448E+02  1.7282726418827158E-13  2.9004553867621968E-14
  3.4671791624872623E+02  1.7392994911108850E-13  2.8559904815493378E-14
  3.5017216317430086E+02  1.7510201480552575E-13  2.8120909287239334E-14
  3.5366082372912223E+02  1.7634718630541962E-13  2.7687513558591343E-14
  3.5718424076588758E+02  1.7766949678344953E-13  2.7259664175337749E-14
  3.6074276055303409E+02  1.7907331283754665E-13  2.6837306073173833E-14
  3.6433673280876786E+02  1.8056336264748891E-13  2.6420381004147818E-14
  3.6796651073543205E+02  1.8214479400260885E-13  2.6008830955307821E-14
  3.7163245105421987E+02  1.8382322490717406E-13  2.5602598560451527E-14
  3.7533491404023141E+02  1.8560479878286697E-13  2.5201627087738261E-14
  3.7907426355787851E+02  1.8749624777032228E-13  2.4805860427831787E-14
  3.8285086709664671E+02  1.8950496556174953E-13  2.4415243082540422E-14
  3.8666509580720941E+02  1.9163909149483833E-13  2.4029720153924556E-14
  3.9051732453790163E+02  1.9390760800812000E-13  2.3649237333842386E-14
  3.9440793187156186E+02  1.9632045401942584E-13  2.3273740893905324E-14
  3.9833730016273608E+02  1.9888865736788639E-13  2.2903177675817372E-14
  4.0230581557525267E+02  2.0162449019001172E-13  2.2537495082073462E-14
  4.0631386812017763E+02  2.0454166034632984E-13  2.2176642210926416E-14
  4.1036185169413801E+02  2.0765556222829660E-13  2.1820574178803796E-14
  4.1445016411803533E+02  2.1098350557293096E-13  2.1469247895548719E-14
  4.1857920717614428E+02  2.1454501043604675E-13  2.1122620269818432E-14
  4.2274938665559301E+02  2.1836217791807781E-13  2.0780648216336663E-14
  4.2696111238624752E+02  2.2246013877583557E-13  2.0443288664017612E-14
  4.3121479828098592E+02  2.2686759972560295E-13  2.0110498564122357E-14
  4.3551086237637531E+02  2.3161751319940434E-13  1.9782234898428552E-14
  4.3984972687375773E+02  2.3674790434134918E-13  1.9458454687396423E-14
  4.4423181818074033E+02  2.4230289995276311E-13  1.9139114998316318E-14
  4.4865756695310108E+02  2.4833401910483833E-13  1.8824172953421328E-14
  4.5312740813711366E+02  2.5490180597805876E-13  1.8513585737951858E-14
  4.5764178101229140E+02  2.6207791224515858E-13  1.8207310316691458E-14
  4.6220112923455690E+02  2.6994775083115520E-13  1.7905299490951933E-14
  4.6680590087984535E+02  2.7861400659264200E-13  1.7607503218816767E-14
  4.7145654848813837E+02  2.8820127761310859E-13  1.7313871963404895E-14
  4.7615352910793689E+02  2.9886222547859989E-13  1.7024356769931151E-14
  4.8089730434118076E+02  3.1078587147409692E-13  1.6738909255375061E-14
  4.8568834038861183E+02  3.2420893040993920E-13  1.6457481598466002E-14
  4.9052710809558874E+02  3.3943149219229335E-13  1.6180026529971112E-14
  4.9541408299836496E+02  3.5683898708058151E-13  1.5906497323272559E-14
  5.0034974537081661E+02  3.7693328858098311E-13  1.5636847785222795E-14
  5.0533458027164477E+02  4.0037708945699153E-13  1.5371032247264830E-14
  5.1036907759204814E+02  4.2805725078873481E-13  1.5109005556806638E-14
  5.1545373210386185E+02  4.6117396179913246E-13  1.4850723082008245E-14
  5.2058904350818648E+02  5.0136043018213653E-13  1.4596141723542193E-14
  5.2577551648449548E+02  5.5082308075237486E-13  1.4345220541002569E-14
  5.3101366074023144E+02  6.1243834346821880E-13  1.4097919057218983E-14
  5.3630399106090124E+02  6.8958872206514397E-13  1.3854197078141948E-14
  5.4164702736066602E+02  7.8520630053733068E-13  1.3614014691915987E-14
  5.4704329473343444E+02  8.9930287354368780E-13  1.3377332268020602E-14
  5.5249332350447048E+02  1.0256413445151847E-12  1.3144110456473465E-14
  5.5799764928251000E+02  1.1518317988662777E-12  1.2914310187091220E-14
  5.6355681301239736E+02  1.2658242522126649E-12  1.2687892668802418E-14
  5.6917136102824963E+02  1.3621118692714316E-12  1.2464819389007936E-14
  5.7484184510714795E+02  1.4413400033875595E-12  1.2245052112984561E-14
  5.8056882252336140E+02  1.5067651615049547E-12  1.2028552883326002E-14
  5.8635285610311792E+02  1.5618362079225095E-12  1.1815284148858792E-14
  5.9219451427991476E+02  1.6093582795128690E-12  1.1605209297895234E-14
  5.9809437115038031E+02  1.6514158633057719E-12  1.1398292156087637E-14
  6.0405300653069810E+02  1.6894946838327305E-12  1.1194496763020356E-14
  6.1007100601358661E+02  1.7246355626155640E-12  1.0993787373437151E-14
  6.1614896102584726E+02  1.7575796621980545E-12  1.0796128458497076E-14
  6.2228746888649368E+02  1.7888702078609419E-12  1.0601484707020224E-14
  6.2848713286544717E+02  1.8189158318478738E-12  1.0409821026721761E-14
  6.3474856224282644E+02  1.8480274324996010E-12  1.0221102545432069E-14
  6.4107237236882963E+02  1.8764228821065997E-12  1.0035294612301422E-14
  6.4745918472420078E+02  1.9042442091821184E-12  9.8523627989880769E-15
  6.5390962698131295E+02  1.9316151737225115E-12  9.6722729008273155E-15
  6.6042433306585156E+02  1.9586655936112209E-12  9.4949909086719005E-15
  6.6700394321911210E+02  1.9855107348067921E-12  9.3204826171388455E-15
  6.7364910406092429E+02  2.0122369011148344E-12  9.1487137665629729E-15
  6.8036046865319872E+02  2.0388938681134369E-12  8.9796503676635847E-15
  6.8713869656410338E+02  2.0655056624730840E-12  8.8132587083435792E-15
  6.9398445393288966E+02  2.0920944869625152E-12  8.6495053530193261E-15
  7.0089841353535473E+02  2.1186917681118162E-12  8.4883571419543945E-15
  7.0788125484995771E+02  2.1453269993533027E-12  8.3297811905962897E-15
  7.1493366412460080E+02  2.1719968414296780E-12  8.1737448889152083E-15
  7.2205633444406772E+02  2.1986692856353382E-12  8.0202159007444172E-15
  7.2924996579813990E+02  2.2253602468478161E-12  7.8691621631212700E-15
  7.3651526515038495E+02  2.2521257627136893E-12  7.7205518856282126E-15
  7.4385294650763990E+02  2.2789739647530520E-12  7.5743535480367554E-15
  7.5126373099017781E+02  2.3058969798308426E-12  7.4305358589797782E-15
  7.5874834690257558E+02  2.3328908546122285E-12  7.2890677645266246E-15
  7.6630752980529280E+02  2.3599378214751917E-12  7.1499184880718160E-15
  7.7394202258695793E+02  2.3870240119974663E-12  7.0130575297263387E-15
  7.8165257553737501E+02  2.4141484680241186E-12  6.8784546652291155E-15
  7.8943994642126256E+02  2.4413018000216302E-12  6.7460799448677950E-15
  7.9730490055272219E+02  2.4684379499463944E-12  6.6159036924083263E-15
  8.0524821087045154E+02  2.4954906196418530E-12  6.4878965040322533E-15
  8.1327065801370327E+02  2.5224201843783821E-12  6.3620292472810993E-15
  8.2137303039900746E+02  2.5492152792355941E-12  6.2382730600068210E-15
  8.2955612429765301E+02  2.5758615488564769E-12  6.1165993493278157E-15
  8.3782074391393837E+02  2.6023504411384658E-12  5.9969797905981206E-15
  8.4616770146421186E+02  2.6286548164231109E-12  5.8793863492744303E-15
  8.5459781725669052E+02  2.6546759491334328E-12  5.7637913230410110E-15
  8.6311191977207386E+02  2.6803226399843501E-12  5.6501672794092423E-15
  8.7171084574496979E+02  2.7055244527905593E-12  5.5384870416901388E-15
  8.8039544024612201E+02  2.7301564836845419E-12  5.4287236883588314E-15
  8.8916655676546236E+02  2.7540566558255804E-12  5.3208505524073845E-15
  8.9802505729598465E+02  2.7770873993114197E-12  5.2148412206855674E-15
  9.0697181241846408E+02  2.7991383113750642E-12  5.1106695332290908E-15
  9.1600770138701171E+02  2.8200653025615447E-12  5.0083095825750814E-15
  9.2513361221548178E+02  2.8396456456010861E-12  4.9077357130643124E-15
  9.3435044176474753E+02  2.8575907221383228E-12  4.8089225201297514E-15
  9.4365909583083931E+02  2.8735596794302626E-12  4.7118448495713247E-15
  9.5306048923395917E+02  2.8871406035415177E-12  4.6164778032933026E-15
  9.6255554590839256E+02  2.8978472692446524E-12  4.5227967914047016E-15
  9.7214519899330480E+02  2.9050541176937451E-12  4.4307774995011285E-15
  9.8183039092444858E+02  2.9078935833823289E-12  4.3403958532481467E-15
  9.9161207352677934E+02  2.9053353302228094E-12  4.2516280175224312E-15
  1.0014912081080030E+03  2.8961195555671131E-12  4.1644503959209848E-15
  1.0114687655530468E+03  2.8785322296406782E-12  4.0788396302453404E-15
  1.0215457264194705E+03  2.8502468737286631E-12  3.9947725999605202E-15
  1.0317230810338394E+03  2.8081436362980915E-12  3.9122264216287311E-15
  1.0420018295890466E+03  2.7480019679933423E-12  3.8311784483178933E-15
  1.0523829822426032E+03  2.6641059615275072E-12  3.7516062689849775E-15
  1.0628675592159225E+03  2.5489767309755520E-12  3.6734877078340704E-15
  1.0734565908945765E+03  2.3937467005257166E-12  3.5968008220080930E-15
  1.0841511179295619E+03  2.1903542628095650E-12  3.5215238485329271E-15
  1.0949521913395674E+03  1.9373748723583610E-12  3.4476351970371317E-15
  1.1058608726142686E+03  1.6487380503578053E-12  3.3751135154805728E-15
  1.1168782338186468E+03  1.3555868589844338E-12  3.3039376932431514E-15
  1.1280053576983419E+03  1.0914251543729696E-12  3.2340868598735024E-15
  1.1392433377860684E+03  8.7423219214096958E-13  3.1655403838273836E-15
  1.1505932785090808E+03  7.0464401309790568E-13  3.0982778711958129E-15
  1.1620562952977077E+03  5.7473159272131763E-13  3.0322791644227437E-15
  1.1736335146949807E+03  4.7516724135315553E-13  2.9675243410120957E-15
  1.1853260744673423E+03  3.9809192836034488E-13  2.9039937122242160E-15
  1.1971351237164590E+03  3.3759582958406487E-13  2.8416678217616225E-15
  1.2090618229921567E+03  2.8941106103236539E-13  2.7805274444399785E-15
  1.2211073444064707E+03  2.5048427878481200E-13  2.7205535828814846E-15
  1.2332728717488399E+03  2.1862078664253463E-13  2.6617274637529119E-15
  1.2455596006024393E+03  1.9222561627617012E-13  2.6040305408178264E-15
  1.2579687384616855E+03  1.7012380195594919E-13  2.5474444941940695E-15
  1.2705015048509006E+03  1.5143732087218866E-13  2.4919512289389020E-15
  1.2831591314441598E+03  1.3550073415625927E-13  2.4375328736247120E-15
  1.2959428621863415E+03  1.2180288189750278E-13  2.3841717789052527E-15
  1.3088539534153761E+03  1.0994611998552663E-13  2.3318505160725729E-15
  1.3218936739857083E+03  9.9617452018567767E-14  2.2805518756046288E-15
  1.3350633053930055E+03  9.0567812714434355E-14  2.2302588657035853E-15
  1.3483641419000899E+03  8.2597005458372084E-14  2.1809547108249836E-15
  1.3617974906641405E+03  7.5542611717659951E-14  2.1326228501978083E-15
  1.3753646718651471E+03  6.9271726555956838E-14  2.0852469527558918E-15
  1.3890670188356628E+03  6.3674731414761047E-14  2.0388110148312042E-15
  1.4029058781918336E+03  5.8660545416501174E-14  1.9932992820913125E-15
  1.4168826099657358E+03  5.4152971386999096E-14  1.9486961932999868E-15
  1.4309985877390432E+03  5.0087858470388265E-14  1.9049863793444819E-15
  1.4452551987780118E+03  4.6410878182501324E-14  1.8621546624880717E-15
  1.4596538441698133E+03  4.3075766713052833E-14  1.8201860555869244E-15
  1.4741959389602362E+03  4.0042924837234597E-14  1.7790657612721032E-15
  1.4888829122927450E+03  3.7278294467098998E-14  1.7387791710976380E-15
  1.5037162075489350E+03  3.4752450939878352E-14  1.6993118646554045E-15
  1.5186972824903769E+03  3.2439864834433966E-14  1.6606496086577377E-15
  1.5338276094018875E+03  3.0318297966153387E-14  1.6227783559885429E-15
  1.5491086752362180E+03  2.8368306249063872E-14  1.5856842408824310E-15
  1.5645419817601792E+03  2.6572827070104497E-14  1.5493534919125437E-15
  1.5801290457022417E+03  2.4916837489599302E-14  1.5137724386957259E-15
  1.5958713989015880E+03  2.3387069846520351E-14  1.4789276054306017E-15
  1.6117705884586512E+03  2.1971771592808857E-14  1.4448057134098330E-15
  1.6278281768871680E+03  2.0660502662119283E-14  1.4113936790393642E-15
  1.6440457422677309E+03  1.9443963847623059E-14  1.3786786118638969E-15
  1.6604248784028798E+03  1.8313850863745575E-14  1.3466478125985515E-15
  1.6769671949737269E+03  1.7262729776828127E-14  1.3152887711668191E-15
  1.6936743176981611E+03  1.6283930290854565E-14  1.2845891647447747E-15
  1.7105478884906129E+03  1.5371454013232822E-14  1.2545368558116776E-15
  1.7275895656234102E+03  1.4519895337664972E-14  1.2251198902069938E-15
  1.7448010238897564E+03  1.3724372994395219E-14  1.1963264952822819E-15
  1.7621839547683203E+03  1.2980470905226299E-14  1.1681451027863221E-15
  1.7797400665894611E+03  1.2284186775907485E-14  1.1405643781318276E-15
  1.7974710847031272E+03  1.1631886351051031E-14  1.1135731630431249E-15
  1.8153787516484115E+03  1.1020263858680086E-14  1.0871604648257014E-15
  1.8334648273248047E+03  1.0446307403298983E-14  1.0613154549100268E-15
  1.8517310891651437E+03  9.9072685318699901E-15  1.0360274673854362E-15
  1.8701793323103036E+03  9.4006354064985719E-15  1.0112859975246028E-15
  1.8888113697856113E+03  8.9241091028290871E-15  9.8708070029922000E-16
  1.9076290326790167E+03  8.4755826243020915E-15  9.6340138888744953E-16
  1.9266341703210569E+03  8.0531222820431203E-15  9.4023803317366259E-16
  1.9458286504665973E+03  7.6549511402657602E-15  9.1758075824109565E-16
  1.9652143594783797E+03  7.2794342693219528E-15  8.9541984285794001E-16
  1.9847932025124203E+03  6.9250655676251819E-15  8.7374571592196958E-16
  2.0045671037052323E+03  6.5904559134231690E-15  8.5254894460250119E-16
  2.0245380063629289E+03  6.2743227063259624E-15  8.3182024180140039E-16
  2.0447078731521933E+03  5.9754804519337455E-15  8.1155046976621738E-16
  2.0650786862931777E+03  5.6928322598823842E-15  7.9173063846425144E-16
  2.0856524477543003E+03  5.4253621911723071E-15  7.7235190394571182E-16
  2.1064311794489854E+03  5.1721283594218503E-15  7.5340556670780434E-16
  2.1274169234343835E+03  4.9322567024981639E-15  7.3488307006013000E-16
  2.1486117421120480E+03  4.7049353512596100E-15  7.1677599849183858E-16
  2.1700177184306181E+03  4.4894095310341846E-15  6.9907607604091807E-16
  2.1916369560905327E+03  4.2849769391650974E-15  6.8177516466599470E-16
  2.2134715797507670E+03  4.0909835486488582E-15  6.6486526262107078E-16
  2.2355237352376407E+03  3.9068197966664173E-15  6.4833850329265352E-16
  2.2577955897556931E+03  3.7319171651828160E-15  6.3218716183098821E-16
  2.2802893321006800E+03  3.5657450007800494E-15  6.1640365170039900E-16
  2.3030071728746761E+03  3.4078075744121942E-15  6.0098051484556249E-16
  2.3259513447033164E+03  3.2576414459545063E-15  5.8591041987341397E-16
  2.3491241024552232E+03  3.1148130563664878E-15  5.7118616054366037E-16
  2.3725277234636023E+03  2.9789165236993768E-15  5.5680065426109546E-16
  2.3961645077500416E+03  2.8495716235731652E-15  5.4274694057016722E-16
  2.4200367782505632E+03  2.7264219367924043E-15  5.2901817965220345E-16
  2.4441468810439037E+03  2.6091331485778164E-15  5.1560765082576169E-16
  2.4684971855820841E+03  2.4973914854903605E-15  5.0250875105049795E-16
  2.4930900849232585E+03  2.3909022775438617E-15  4.8971499343497373E-16
  2.5179279959669120E+03  2.2893886339652608E-15  4.7722000568603919E-16
  2.5430133596913774E+03  2.1925901783173652E-15  4.6501751954173607E-16
  2.5683486413937158E+03  2.1002618852861325E-15  4.5310136091462452E-16
  2.5939363309320142E+03  2.0121731357700832E-15  4.4146546647345223E-16
  2.6197789429700711E+03  1.9281067671587398E-15  4.3010388448369489E-16
  2.6458790172245203E+03  1.8478581831499231E-15  4.1901077317778109E-16
  2.6722391187144412E+03  1.7712345300204823E-15  4.0818039913904198E-16
  2.6988618380134290E+03  1.6980539337990332E-15  3.9760713569949553E-16
  2.7257497915041909E+03  1.6281447933031241E-15  3.8728546135155890E-16
  2.7529056216356653E+03  1.5613451244652153E-15  3.7720995817378309E-16
  2.7803319971827268E+03  1.4975019517870074E-15  3.6737531027069646E-16
  2.8080316135084572E+03  1.4364707431357707E-15  3.5777630222684911E-16
  2.8360071928290245E+03  1.3781148844331963E-15  3.4840781757513360E-16
  2.8642614844812324E+03  1.3223052080936096E-15  3.3926484148104092E-16
  2.8927972651927048E+03  1.2689196041006282E-15  3.3034247579721342E-16
  2.9216173393547633E+03  1.2178425243325835E-15  3.2163592087336377E-16
  2.9507245392980512E+03  1.1689645585362597E-15  3.1314046684926061E-16
  2.9801217255708721E+03  1.1221820684806559E-15  3.0485149238537569E-16
  3.0098117872203193E+03  1.0773968465836946E-15  2.9676446340401246E-16
  3.0397976420761902E+03  1.0345157971689376E-15  2.8887493183691014E-16
  3.0700822370377559E+03  9.9345063867939388E-16  2.8117853437963089E-16
  3.1006685483633655E+03  9.5411762531248185E-16  2.7367099125304430E-16
  3.1315595819629298E+03  9.1643728666466203E-16  2.6634810497220303E-16
  3.1627583736933502E+03  8.8033418408774703E-16  2.5920575912287877E-16
  3.1942679896568634E+03  8.4573668256246439E-16  2.5223991714604713E-16
  3.2260915265023564E+03  8.1257673224632864E-16  2.4544661969546754E-16
  3.2582321117297115E+03  7.8078960585085471E-16  2.3882196457633510E-16
  3.2906929039971556E+03  7.5031373902182646E-16  2.3236211304491002E-16
  3.3234770934316857E+03  7.2109060964998157E-16  2.2606330490726251E-16
  3.3565879019425702E+03  6.9306457202338496E-16  2.1992185752030517E-16
  3.3900285835380046E+03  6.6618269975599834E-16  2.1393416439570930E-16
  3.4238024246448981E+03  6.4039463826078346E-16  2.0809669382413254E-16
  3.4579127444318356E+03  6.1565246612397395E-16  2.0240598751955968E-16
  3.4923628951352985E+03  5.9191056478501843E-16  1.9685865928354822E-16
  3.5271562623890964E+03  5.6912549597066087E-16  1.9145139368920176E-16
  3.5622962655570855E+03  5.4725588637194182E-16  1.8618094478466218E-16
  3.5977863580692347E+03  5.2626231909002969E-16  1.8104413481592710E-16
  3.6336300277609957E+03  5.0610723193323180E-16  1.7603785315877960E-16
  3.6698307972160892E+03  4.8675486157215244E-16  1.7115906947300564E-16
  3.7063922241126711E+03  4.6817117403766627E-16  1.6640484066259424E-16
  3.7433179015729925E+03  4.5032370737026838E-16  1.6177228500636061E-16
  3.7806114585165064E+03  4.3318148488181744E-16  1.5725857863372991E-16
  3.8182765600164962E+03  4.1671494056470008E-16  1.5286095463796684E-16
  3.8563169076602826E+03  4.0089584864039761E-16  1.4857670219417035E-16
  3.8947362399129970E+03  3.8569725699342290E-16  1.4440316568233676E-16
  3.9335383324849672E+03  3.7109342425372763E-16  1.4033774381577174E-16
  3.9727269987028071E+03  3.5705976030661532E-16  1.3637788877511745E-16
  4.0123060898841591E+03  3.4357277002394752E-16  1.3252110534825872E-16
  4.0522794957161955E+03  3.3061000002407506E-16  1.2876495007634938E-16
  4.0926511446378668E+03  3.1814998828051126E-16  1.2510703040614079E-16
  4.1334250042259982E+03  3.0617220197229510E-16  1.2154499800367552E-16
  4.1746050815851968E+03  2.9465694993029999E-16  1.1807653058764738E-16
  4.2161954237416412E+03  2.8358539230904959E-16  1.1469935151954967E-16
  4.2582001180408361E+03  2.7293951637341871E-16  1.1141123557774414E-16
  4.3006232925492859E+03  2.6270209686413016E-16  1.0821000788704563E-16
  4.3434691164601745E+03  2.5285665844681072E-16  1.0509354286829447E-16
  4.3867418005031250E+03  2.4338744012482823E-16  1.0205976320776560E-16
  4.4304455973579979E+03  2.3427936150323155E-16  9.9106638846083195E-17
  4.4745848020728217E+03  2.2551799079816382E-16  9.6232185986314517E-17
  4.5191637524859161E+03  2.1708951449271748E-16  9.3434466120915627E-17
  4.5641868296521807E+03  2.0898070854637433E-16  9.0711585077217869E-17
  4.6096584582736632E+03  2.0117891107085952E-16  8.8061692081138080E-17
  4.6555831071343764E+03  1.9367199807058379E-16  8.5482979599043601E-17
  4.7019652895395111E+03  1.8644837553380435E-16  8.2973690004621538E-17
  4.7488095637589631E+03  1.7949694619369968E-16  8.0532110511673168E-17
  4.7961205334752976E+03  1.7280707448651000E-16  7.8156566627973519E-17
  4.8439028482362046E+03  1.6636856563359389E-16  7.5845421323300069E-17
  4.8921612039114307E+03  1.6017164595227913E-16  7.3597074302396163E-17
  4.9409003431542487E+03  1.5420694412381121E-16  7.1409961288708140E-17
  4.9901250558675893E+03  1.4846547336754313E-16  6.9282553318837975E-17
  5.0398401796747430E+03  1.4293861447347355E-16  6.7213356047652332E-17
  5.0900506003948030E+03  1.3761809964798995E-16  6.5200909063981839E-17
  5.1407612525227996E+03  1.3249599713028051E-16  6.3243785216844380E-17
  5.1919771197146802E+03  1.2756469653929303E-16  6.1340589952119971E-17
  5.2437032352770639E+03  1.2281689487314563E-16  5.9489960638961446E-17
  5.2959446826618832E+03  1.1824558135579786E-16  5.7690564984557866E-17
  5.3487065959659967E+03  1.1384402430782436E-16  5.5941100145991988E-17
  5.4019941604357382E+03  1.0960576184848934E-16  5.4240293501823617E-17
  5.4558126129764814E+03  1.0552459053479440E-16  5.2586902133018614E-17
  5.5101672426673395E+03  1.0159455430962987E-16  5.0979712201448023E-17
  5.5650633912809344E+03  9.7809933960635296E-17  4.9417538339295757E-17
  5.6205064538083761E+03  9.4165237064118190E-17  4.7899223049241703E-17
  5.6765018789894411E+03  9.0655188389793729E-17  4.6423636115292703E-17
  5.7330551698480876E+03  8.7274720743416267E-17  4.4989674024128784E-17
  5.7901718842332584E+03  8.4018966225625291E-17  4.3596259396836518E-17
  5.8478576353650615E+03  8.0883247886485368E-17  4.2242340430899179E-17
  5.9061180923864613E+03  7.7863071756192123E-17  4.0926890352242935E-17
  5.9649589809203953E+03  7.4954118349501802E-17  3.9648906417757916E-17
  6.0243860836324520E+03  7.2152233350046045E-17  3.8407408313889252E-17
  6.0844052407992067E+03  6.9453423507794261E-17  3.7201439078181605E-17
  6.1450223508821600E+03  6.6853850712489544E-17  3.6030064961699605E-17
  6.2062433711074236E+03  6.4349825589673226E-17  3.4892374909542567E-17
  6.2680743180511554E+03  6.1937801380710311E-17  3.3787480051779536E-17
  6.3305212682308784E+03  5.9614368093202791E-17  3.2714513204627836E-17
  6.3935903587026469E+03  5.7376246908889026E-17  3.1672628381705662E-17
  6.4572877876641469E+03  5.5220284836791007E-17  3.0661000315186762E-17
  6.5216198150638756E+03  5.3143449599997657E-17  2.9678823986688561E-17
  6.5865927632163239E+03  5.1142824745076653E-17  2.8725314167729391E-17
  6.6522130174232943E+03  4.9215604963659259E-17  2.7799704969589370E-17
  6.7184870266014586E+03  4.7359091668513123E-17  2.6901249430225480E-17
  6.7854213039161132E+03  4.5570689150746923E-17  2.6029219318533835E-17
  6.8530224274212787E+03  4.3847900180696641E-17  2.5182904558268432E-17
  6.9212970407061384E+03  4.2188321775630620E-17  2.4361612650640425E-17
  6.9902518535479921E+03  4.0589641450498256E-17  2.3564668270890502E-17
  7.0598936425716493E+03  3.9049633631223308E-17  2.2791412875068975E-17
  7.1302292519153571E+03  3.7566156219567036E-17  2.2041204314919631E-17
  7.2012655939035221E+03  3.6137147302677004E-17  2.1313416460726691E-17
  7.2730096497259829E+03  3.4760622000785587E-17  2.0607438831989694E-17
  7.3454684701239912E+03  3.3434669446832034E-17  1.9922676235789950E-17
  7.4186491760833196E+03  3.2157449892079876E-17  1.9258548412710243E-17
  7.4925589595339734E+03  3.0927191932106650E-17  1.8614489690181469E-17
  7.5672050840569809E+03  2.9742189838269879E-17  1.7989948637445188E-17
  7.6425948855982515E+03  2.8600800680961832E-17  1.7384387538879765E-17
  7.7187357731895772E+03  2.7501441861194484E-17  1.6797282050166822E-17
  7.7956352296766754E+03  2.6442589215219635E-17  1.6228121142372631E-17
  7.8733008124546132E+03  2.5422774786364355E-17  1.5676406803503397E-17
  7.9517401542105754E+03  2.4440584658973106E-17  1.5141653729248129E-17
  8.0309609636738769E+03  2.3494656880887476E-17  1.4623389020513163E-17
  8.1109710263735997E+03  2.2583679470594108E-17  1.4121151887615326E-17
  8.1917782054037725E+03  2.1706388505357682E-17  1.3634493361006232E-17
  8.2733904421960269E+03  2.0861566286828017E-17  1.3162976008401787E-17
  8.3558157573001099E+03  2.0048039580768869E-17  1.2706173658190354E-17
  8.4390622511721467E+03  1.9264677927716355E-17  1.2263671128997770E-17
  8.5231381049706451E+03  1.8510392021135498E-17  1.1835063965024009E-17
  8.6080515813605398E+03  1.7784131822397188E-17  1.1419957962710687E-17
  8.6938110253252871E+03  1.7084884531471353E-17  1.1017968565704753E-17
  8.7804248649868532E+03  1.6411674047851727E-17  1.0628721194066688E-17
  8.8679016124340778E+03  1.5763559759496022E-17  1.0251851112452040E-17
  8.9562498645592368E+03  1.5139635200855538E-17  9.8870031844668673E-18
  9.0454783039028262E+03  1.4539026764602895E-17  9.5338316329390371E-18
  9.1355956995068973E+03  1.3960892464770710E-17  9.1919998059698813E-18
  9.2266109077768979E+03  1.3404420749121655E-17  8.8611799486361363E-18
  9.3185328733519382E+03  1.2868829358668464E-17  8.5410529802138892E-18
  9.4113706299838977E+03  1.2353364232353810E-17  8.2313082767979960E-18
  9.5051333014252778E+03  1.1857298454992513E-17  7.9316434591941788E-18
  9.5998301023257409E+03  1.1379931246663480E-17  7.6417641859642651E-18
  9.6954703391377498E+03  1.0920587117404292E-17  7.3613840377257044E-18
  9.7920634110312294E+03  1.0478615688116777E-17  7.0902248372549472E-18
  9.8896188108171627E+03  1.0053390143219640E-17  6.8280160194586294E-18
  9.9881461258805721E+03  9.6443059304326622E-18  6.5744941454111280E-18
  1.0087655039122770E+04  9.2507799511316098E-18  6.3294027292817094E-18
  1.0188155329912939E+04  8.8722497836988464E-18  6.0924920706181039E-18
  1.0289656875049071E+04  8.5081729362921279E-18  5.8635190903560106E-18
  1.0392169649728863E+04  8.1580261278541325E-18  5.6422471704826208E-18
  1.0495703728529930E+04  7.8213045962401401E-18  5.4284459972861369E-18
  1.0600269286399762E+04  7.4975214323844437E-18  5.2218914081214523E-18
  1.0705876599655932E+04  7.1862069394718591E-18  5.0223652416230983E-18
  1.0812536046995901E+04  6.8869080161278913E-18  4.8296551912999784E-18
  1.0920258110516854E+04  6.5991875318450415E-18  4.6435546403777676E-18
  1.1029053376746102E+04  6.3226230559750477E-18  4.4638620236229936E-18
  1.1138932537681352E+04  6.0568064260299064E-18  4.2903807691121265E-18
  1.1249906391841434E+04  5.8013440361805663E-18  4.1229197421938275E-18
  1.1361985845327594E+04  5.5558563429845071E-18  3.9612931287569527E-18
  1.1475181912895372E+04  5.3199773515369258E-18  3.8053202942081016E-18
  1.1589505719036953E+04  5.0933541214598924E-18  3.6548256462399119E-18
  1.1704968499074519E+04  4.8756462919189136E-18  3.5096385012874848E-18
  1.1821581600264468E+04  4.6665256248923596E-18  3.3695929545737634E-18
  1.1939356482912453E+04  4.4656755659524661E-18  3.2345277536471766E-18
  1.2058304721499730E+04  4.2727908218471813E-18  3.1042861753164780E-18
  1.2178438005820712E+04  4.0875769542034615E-18  2.9787159058909556E-18
  1.2299768142131677E+04  3.9097499892251688E-18  2.8576689250324616E-18
  1.2422307054311103E+04  3.7390361904198006E-18  2.7410015025021469E-18
  1.2546066785031568E+04  3.5751718682261443E-18  2.6285742156222390E-18
  1.2671059496943129E+04  3.4179026764667470E-18  2.5202515812745158E-18
  1.2797297473868692E+04  3.2669832275559536E-18  2.4159019140088255E-18
  1.2924793122011282E+04  3.1221767790276146E-18  2.3153972299617726E-18
  1.3053558971173150E+04  2.9832549314974361E-18  2.2186131531258436E-18
  1.3183607675987216E+04  2.8499973376189884E-18  2.1254288239120853E-18
  1.3314952017160798E+04  2.7221914216112027E-18  2.0357268099512894E-18
  1.3447604902731506E+04  2.5996321089518012E-18  1.9493930190794767E-18
  1.3581579369335866E+04  2.4821215658468172E-18  1.8663166144542898E-18
  1.3716888583490598E+04  2.3694689481024894E-18  1.7863899317502962E-18
  1.3853545842886411E+04  2.2614901590406884E-18  1.7095083983823120E-18
  1.3991564577694926E+04  2.1580076027769632E-18  1.6355704444672333E-18
  1.4130958351888632E+04  2.0588498970301860E-18  1.5644773782303836E-18
  1.4271740864573736E+04  1.9638517198946678E-18  1.4961333593499314E-18
  1.4413925951336552E+04  1.8728536323956133E-18  1.4304453500835318E-18
  1.4557527585603275E+04  1.7857018746140892E-18  1.3673230424826792E-18
  1.4702559880013096E+04  1.7022481690782955E-18  1.3066787873988414E-18
  1.4849037087805193E+04  1.6223495312105080E-18  1.2484275252849040E-18
  1.4996973604219604E+04  1.5458680865596185E-18  1.1924867187437974E-18
  1.5146383967911752E+04  1.4726708945598204E-18  1.1387762867774559E-18
  1.5297282862381328E+04  1.4026297785659596E-18  1.0872185406899800E-18
  1.5449685117415400E+04  1.3356211619262748E-18  1.0377381216003742E-18
  1.5603605710545817E+04  1.2715259098626933E-18  9.9026193952123867E-19
  1.5759059768520892E+04  1.2102291757575934E-18  9.4471911303999023E-19
  1.5916062568792408E+04  1.1516202335987411E-18  9.0104089548397956E-19
  1.6074629541016833E+04  1.0955923431525172E-18  8.5916062387107214E-19
  1.6234776268571493E+04  1.0420426343581259E-18  8.1901368046325499E-19
  1.6396518490086430E+04  9.9087197502396314E-19  7.8053743906165660E-19
  1.6559872100990971E+04  9.4198484240035558E-19  7.4367121205335956E-19
  1.6724853155075634E+04  8.9528919925206491E-19  7.0835619879081980E-19
  1.6891477866070254E+04  8.5069637425940739E-19  6.7453543526607042E-19
  1.7059762609237190E+04  8.0812094658425886E-19  6.4215374504335841E-19
  1.7229723922980564E+04  7.6748063444304693E-19  6.1115769141445523E-19
  1.7401378510471663E+04  7.2869618753547934E-19  5.8149553074212357E-19
  1.7574743241290606E+04  6.9169128318369646E-19  5.5311716695824514E-19
  1.7749835153083961E+04  6.5639242620584940E-19  5.2597410731647299E-19
  1.7926671453239294E+04  6.2272887493560617E-19  5.0001943750026624E-19
  1.8105269520576327E+04  5.9063256510754771E-19  4.7520779355531279E-19
  1.8285646907054659E+04  5.6003797076648506E-19  4.5149528173089624E-19
  1.8467821339498812E+04  5.3088201213802405E-19  4.2883943431565962E-19
  1.8651810721340476E+04  5.0310397289882623E-19  4.0719917160745567E-19
  1.8837633134377760E+04  4.7664542015126812E-19  3.8653476473531919E-19
  1.9025306840552326E+04  4.5145012700692854E-19  3.6680779931309853E-19
  1.9214850283744214E+04  4.2746399768720965E-19  3.4798113990504664E-19
  1.9406282091584202E+04  4.0463499505293896E-19  3.3001889528425404E-19
  1.9599621077284595E+04  3.8291307047810517E-19  3.1288638446531917E-19
  1.9794886241488221E+04  3.6225009598633457E-19  2.9655010349334067E-19
  1.9992096774135505E+04  3.4259979857187124E-19  2.8097769297190151E-19
  2.0191272056350521E+04  3.2391769297053092E-19  2.6613790329692920E-19
  2.0392431662345800E+04  3.0616100676887346E-19  2.5200055258552195E-19
  2.0595595361345782E+04  2.8928863705452681E-19  2.3853650959290820E-19
  2.0800783119529773E+04  2.7326109880329914E-19  2.2571766902441683E-19
  2.1008015101994286E+04  2.5804046837313463E-19  2.1351692199540479E-19
  2.1217311674734534E+04  2.4359032883200852E-19  2.0190812717948682E-19
  2.1428693406646038E+04  2.2987571705994277E-19  1.9086608263157578E-19
  2.1642181071546220E+04  2.1686307256417433E-19  1.8036649826985726E-19
  2.1857795650215692E+04  2.0452018794898113E-19  1.7038596900140395E-19
  2.2075558332460314E+04  1.9281616098394814E-19  1.6090194847665041E-19
  2.2295490519193783E+04  1.8172134821681037E-19  1.5189272345855588E-19
  2.2517613824540553E+04  1.7120732007916988E-19  1.4333738879281808E-19
  2.2741950077960151E+04  1.6124681823845498E-19  1.3521582364302941E-19
  2.2968521326392562E+04  1.5181372363178230E-19  1.2750867612552642E-19
  2.3197349836424899E+04  1.4288301004952536E-19  1.2019733524864407E-19
  2.3428458096479335E+04  1.3443069546411576E-19  1.1326390037185080E-19
  2.3661868819023755E+04  1.2643380424769375E-19  1.0669115926512428E-19
  2.3897604942803569E+04  1.1887033079748269E-19  1.0046256685615797E-19
  2.4135689635095765E+04  1.1171920429163232E-19  9.4562224455160008E-20
  2.4376146293986265E+04  1.0496025454224608E-19  8.8974859449973011E-20
  2.4618998550669141E+04  9.8574178913594087E-20  8.3685805464516058E-20
  2.4864270271768670E+04  9.2542510274583865E-20  7.8680982973663680E-20
  2.5111985561685480E+04  8.6847585955674621E-20  7.3946880367859613E-20
  2.5362168764965088E+04  8.1472517681540849E-20  6.9470535460984577E-20
  2.5614844468690331E+04  7.6401162440831845E-20  6.5239517425647241E-20
  2.5870037504897795E+04  7.1618093523494107E-20  6.1241908508096276E-20
  2.6127772953018390E+04  6.7108572953497874E-20  5.7466286596396489E-20
  2.6388076142341728E+04  6.2858526466189416E-20  5.3901709652510071E-20
  2.6650972654505567E+04  5.8854517992989634E-20  5.0537699406762962E-20
  2.6916488326010036E+04  5.5083724830077000E-20  4.7364225339398371E-20
  2.7184649250756414E+04  5.1533913614432538E-20  4.4371689068966325E-20
  2.7455481782611729E+04  4.8193417084689016E-20  4.1550909141406767E-20
  2.7729012537998871E+04  4.5051111604963839E-20  3.8893106213789528E-20
  2.8005268398512009E+04  4.2096395430525285E-20  3.6389888626740257E-20
  2.8284276513558609E+04  3.9319167694772075E-20  3.4033238359631933E-20
  2.8566064303027750E+04  3.6709808097633852E-20  3.1815497362689632E-20
  2.8850659459984465E+04  3.4259157276084992E-20  2.9729354260203843E-20
  2.9138089953391540E+04  3.1958498349322933E-20  2.7767831865570833E-20
  2.9428384030858328E+04  2.9799539964150024E-20  2.5924275804234349E-20
  2.9721570221416503E+04  2.7774396558061547E-20  2.4192340518959175E-20
  3.0017677338323956E+04  2.5875570744312713E-20  2.2565976934652598E-20
  3.0316734481896616E+04  2.4095936935651582E-20  2.1039421027056777E-20
  3.0618771042367986E+04  2.2428725531769025E-20  1.9607182717434421E-20
  3.0923816702777676E+04  2.0867507655654281E-20  1.8264035088463845E-20
  3.1231901441888724E+04  1.9406180424388727E-20  1.7005003916527956E-20
  3.1543055537133445E+04  1.8038952740205815E-20  1.5825357515520742E-20
  3.1857309567589142E+04  1.6760331587924717E-20  1.4720596887229588E-20
  3.2174694416983526E+04  1.5565108825148561E-20  1.3686446173301765E-20
  3.2495241276729455E+04  1.4448348451883569E-20  1.2718843403745996E-20
  3.2818981648990506E+04  1.3405374339521332E-20  1.1813931530550945E-20
  3.3145947349777089E+04  1.2431758363604749E-20  1.0968049702207105E-20
  3.3476170512072822E+04  1.1523309083570970E-20  1.0177724915659996E-20
  3.3809683588992601E+04  1.0676060843040087E-20  9.4396639373277960E-21
  3.4146519356972181E+04  9.8862632406729841E-21  8.7507454528119482E-21
  3.4486710918989185E+04  9.1503710056125613E-21  8.1080124818636823E-21
  3.4830291707815886E+04  8.4650342662373976E-21  7.5086650536384163E-21
  3.5177295489305710E+04  7.8270892006855208E-21  6.9500531367858025E-21
  3.5527756365711168E+04  7.2335490578292767E-21  6.4296698189079655E-21
  3.5881708779034896E+04  6.6815955375846606E-21  5.9451447298921300E-21
  3.6239187514415338E+04  6.1685705196475019E-21  5.4942377036107682E-21
  3.6600227703544850E+04  5.6919681299607212E-21  5.0748326724786249E-21
  3.6964864828121921E+04  5.2494271366904053E-21  4.6849317913947514E-21
  3.7333134723339026E+04  4.8387237618000695E-21  4.3226498721947377E-21
  3.7705073581403871E+04  4.4577647003626866E-21  3.9862089456661596E-21
  3.8080717955096152E+04  4.1045802688248007E-21  3.6739328832568417E-21
  3.8460104761359973E+04  3.7773180067946591E-21  3.3842423730841965E-21
  3.8843271284932176E+04  3.4742365685183501E-21  3.1156501065715730E-21
  3.9230255182006018E+04  3.1936998810875333E-21  2.8667561580363067E-21
  3.9621094483932167E+04  2.9341715604461721E-21  2.6362435519762651E-21
  4.0015827600956494E+04  2.6942095764430542E-21  2.4228740128263885E-21
  4.0414493325994445E+04  2.4724611583551255E-21  2.2254838919853782E-21
  4.0817130838443649E+04  2.2676579324837695E-21  2.0429802669458375E-21
  4.1223779708034635E+04  2.0786112836070331E-21  1.8743372074021346E-21
  4.1634479898719073E+04  1.9042079322519591E-21  1.7185922032567864E-21
  4.2049271772597509E+04  1.7434057267739829E-21  1.5748427556807000E-21
  4.2468196093886312E+04  1.5952296419215706E-21  1.4422431256554354E-21
  4.2891294032923266E+04  1.4587679323115352E-21  1.3200011953547590E-21
  4.3318607170213938E+04  1.3331684919566364E-21  1.2073754901539048E-21
  4.3750177500518308E+04  1.2176353982951483E-21  1.1036723435205213E-21
  4.4186047436977300E+04  1.1114256272951475E-21  1.0082431942613012E-21
  4.4626259815281301E+04  1.0138459328895351E-21  9.2048201151308814E-22
  4.5070857897880145E+04  9.2424988417406345E-22  8.3982284294340300E-22
  4.5519885378234219E+04  8.4203505397538418E-22  7.6573748170386930E-22
  4.5973386385108824E+04  7.6664035257012178E-22  6.9773324776138214E-22
  4.6431405486911201E+04  6.9754350051010542E-22  6.3535087931688274E-22
  4.6893987696070064E+04  6.3425863468146699E-22  5.7816253010851446E-22
  4.7361178473459440E+04  5.7633403991106010E-22  5.2576986666115367E-22
  4.7833023732866808E+04  5.2334999105459813E-22  4.7780225271716539E-22
  4.8309569845504608E+04  4.7491673943569172E-22  4.3391505287355138E-22
  4.8790863644567886E+04  4.3067260582172576E-22  3.9378802172144942E-22
  4.9276952429837045E+04  3.9028216878088060E-22  3.5712376913622008E-22
  4.9767883972325799E+04  3.5343455479112167E-22  3.2364630834452097E-22
  5.0263706518976149E+04  3.1984182546153906E-22  2.9309968328263761E-22
  5.0764468797400281E+04  2.8923745728614920E-22  2.6524667176752054E-22
  5.1270220020668698E+04  2.6137490951117602E-22  2.3986756110371496E-22
  5.1781009892147005E+04  2.3602627585483034E-22  2.1675899285084031E-22
  5.2296888610380796E+04  2.1298101597411502E-22  1.9573287357776316E-22
  5.2817906874028857E+04  1.9204476272546237E-22  1.7661534853035443E-22
  5.3344115886844920E+04  1.7303820157914753E-22  1.5924583539170326E-22
  5.3875567362711045E+04  1.5579602287545400E-22  1.4347611928021637E-22
  5.4412313530719250E+04  1.4016593275427034E-22  1.2916949636361269E-22
  5.4954407140303709E+04  1.2600772021335200E-22  1.1619996417258577E-22
  5.5501901466426090E+04  1.1319238964588546E-22  1.0445146765735755E-22
  5.6054850314810610E+04  1.0160134876290454E-22  9.3817192054303652E-23
  5.6613308027231098E+04  9.1125648496120911E-23  8.4198899772687130E-23
  5.7177329486852948E+04  8.1665272054021717E-23  7.5506309018619836E-23
  5.7746970123626008E+04  7.3128470424780845E-23  6.7656511961342046E-23
  5.8322285919731890E+04  6.5431141736787362E-23  6.0573430333132414E-23
  5.8903333415085945E+04  5.8496252001900867E-23  5.4187306438992191E-23
  5.9490169712894167E+04  5.2253294877569450E-23  4.8434227635340736E-23
  6.0082852485264324E+04  4.6637788190591654E-23  4.3255682417206927E-23
  6.0681439978874187E+04  4.1590804151388799E-23  3.8598145478399728E-23
  6.1285991020696114E+04  3.7058531976740330E-23  3.4412690756099478E-23
  6.1896565023777606E+04  3.2991875156828994E-23  3.0654634726708324E-23
  6.2513221993080617E+04  2.9346074721069134E-23  2.7283202094920222E-23
  6.3136022531378971E+04  2.6080358952019222E-23  2.4261214448959681E-23
  6.3765027845213393E+04  2.3157618476735540E-23  2.1554801032986213E-23
  6.4400299750907136E+04  2.0544105133250615E-23  1.9133130282907435E-23
  6.5041900680641316E+04  1.8209153093673048E-23  1.6968160838725590E-23
  6.5689893688589858E+04  1.6124920805946307E-23  1.5034410811155459E-23
  6.6344342457116538E+04  1.4266152393666258E-23  1.3308744142637035E-23
  6.7005311303033901E+04  1.2609957227620353E-23  1.1770172963056390E-23
  6.7672865183923233E+04  1.1135606453905988E-23  1.0399674898469603E-23
  6.8347069704518828E+04  9.8243454151109697E-24  9.1800244248671100E-24
  6.9027991123155676E+04  8.6592211615769025E-24  8.0956375950384774E-24
  6.9715696358280387E+04  7.6249226315336245E-24  7.1324279492415492E-24
  7.0410252995028030E+04  6.7076339138414461E-24  6.2776740590759234E-24
  7.1111729291864554E+04  5.8948997157858038E-24  5.5198979447554973E-24
  7.1820194187294226E+04  5.1755018090269327E-24  4.8487532745414726E-24
  7.2535717306634979E+04  4.5393456589652488E-24  4.2549226529568838E-24
  7.3258368968861396E+04  3.9773564935053273E-24  3.7300233472652019E-24
  7.3988220193514426E+04  3.4813841135201117E-24  3.2665208408142403E-24
  7.4725342707682037E+04  3.0441157913651822E-24  2.8576496391818076E-24
  7.5469808953047293E+04  2.6589966456503636E-24  2.4973407906629474E-24
  7.6221692093008052E+04  2.3201569201903754E-24  2.1801556165324439E-24
  7.6981066019867721E+04  2.0223456266589131E-24  1.9012251730811482E-24
  7.7748005362096184E+04  1.7608699299916041E-24  1.6561948891406829E-24
  7.8522585491664373E+04  1.5315401543603778E-24  1.4411742877538188E-24
  7.9304882531452211E+04  1.3306198608586956E-24  1.2526912988520821E-24
  8.0094973362728560E+04  1.1547802847115404E-24  1.0876505141087558E-24
  8.0892935632707391E+04  1.0010589672703236E-24  9.4329524614940357E-25
  8.1698847762179139E+04  8.6682224366666837E-25  8.1717308936712824E-25
  8.2512788953216645E+04  7.4973126182654121E-25  7.0710469189706143E-25
  8.3334839196959292E+04  6.4771123250552767E-25  6.1115546930755851E-25
  8.4165079281474813E+04  5.5892363248247673E-25  5.2761001031696632E-25
  8.5003590799697748E+04  4.8174110410929340E-25  4.5494894339621343E-25
  8.5850456157448672E+04  4.1472481412846770E-25  3.9182805052280783E-25
  8.6705758581533228E+04  3.5660405314689357E-25  3.3705943070461028E-25
  8.7569582127920308E+04  3.0625789071375465E-25  2.8959454655185217E-25
  8.8442011690003288E+04  2.6269867866017982E-25  2.4850896536258349E-25
  8.9323133006943550E+04  2.2505717722791178E-25  2.1298858827302037E-25
  9.0213032672095433E+04  1.9256925945102785E-25  1.8231733072054226E-25
  9.1111798141517676E+04  1.6456400547393539E-25  1.5586608158205924E-25
  9.2019517742567012E+04  1.4045304661525649E-25  1.3308281304461013E-25
  9.2936280682579236E+04  1.1972103939141655E-25  1.1348373197839391E-25
  9.3862177057636713E+04  1.0191715996646616E-25  9.6645372799864159E-26
  9.4797297861421568E+04  8.6647518992073854E-26  8.2197540366431801E-26
  9.5741734994158789E+04  7.3568405588451735E-26  6.9817019372285675E-26
  9.6695581271648363E+04  6.2380277336204089E-26  5.9221974053097503E-26
  9.7658930434385809E+04  5.2822420641305245E-26  5.0166968790338570E-26
  9.8631877156775125E+04  4.4668211730310312E-26  4.2438545511912761E-26
  9.9614517056433731E+04  3.7720913837561757E-26  3.5851298561395333E-26
  1.0060694670358812E+05  3.1809968280477198E-26  3.0244408438939307E-26
  1.0160926363056510E+05  2.6787711720772674E-26  2.5478571614123471E-26
  1.0262156634137755E+05  2.2526475453404381E-26  2.1433285695373493E-26
  1.0364395432140365E+05  1.8916028684112131E-26  1.8004454892537464E-26
  1.0467652804716476E+05  1.5861328040296203E-26  1.5102280853738902E-26
  1.0571938899620033E+05  1.3280539328538175E-26  1.2649407410776183E-26
  1.0677263965703965E+05  1.1103300994346026E-26  1.0579290925940317E-26
  1.0783638353927445E+05  9.2692018709948967E-27  8.8347708101016022E-27
  1.0891072518373234E+05  7.7264486488004884E-27  7.3668173986723403E-27
  1.0999577017274901E+05  6.4307010763766228E-27  6.1334367486489968E-27
  1.1109162514054624E+05  5.3440552639265418E-27  5.0987140955540874E-27
  1.1219839778371010E+05  4.4341578433595832E-27  4.2319799184640896E-27
  1.1331619687177545E+05  3.6734343821882298E-27  3.5070831213518728E-27
  1.1444513225791624E+05  3.0384187591952727E-27  2.9017589424275735E-27
  1.1558531488974004E+05  2.5091717110433009E-27  2.3970805939925612E-27
  1.1673685682019225E+05  2.0687770383596037E-27  1.9769838682377046E-27
  1.1789987121856895E+05  1.7029057559320740E-27  1.6278556236283048E-27
  1.1907447238163745E+05  1.3994396104409650E-27  1.3381781252297910E-27
  1.2026077574486945E+05  1.1481463905123407E-27  1.0982221438470161E-27
  1.2145889789378655E+05  9.4040034894632824E-28  8.9978255231248325E-28
  1.2266895657541629E+05  7.6894185572354862E-28  7.3595090175275906E-28
  1.2389107070986461E+05  6.2767111202411099E-28  6.0092012458223513E-28
  1.2512536040200370E+05  5.1147138845964207E-28  4.8981710204884651E-28
  1.2637194695327392E+05  4.1605781276972420E-28  3.9855935948490788E-28
  1.2763095287360552E+05  3.3784823047249920E-28  3.2373261851394761E-28
  1.2890250189345946E+05  2.7385310287772206E-28  2.6248634829731750E-28
  1.3018671897598541E+05  2.2158179638839029E-28  2.1244482291996698E-28
  1.3148373032930354E+05  1.7896296052774329E-28  1.7163151418440306E-28
  1.3279366341890863E+05  1.4427699453413578E-28  1.3840493293066395E-28
  1.3411664698019496E+05  1.1609886811125235E-28  1.1140428163626502E-28
  1.3545281103111015E+05  9.3249795031234140E-29  8.9503500200129428E-29
  1.3680228688493092E+05  7.4756462401295806E-29  7.1772478850336908E-29
  1.3816520716316890E+05  5.9816696798951993E-29  5.7444380079991394E-29
  1.3954170580860507E+05  4.7770604110537275E-29  4.5888158153173649E-29
  1.4093191809845131E+05  3.8076355423118860E-29  3.6585492500127238E-29